180
773640
1542495.86698
(-76690.312915 18443.3698656 28299.6405243)
9143464.6726
(-8.94929874385 2.15223045123 3.30239801834)
(33303116.3866 -456004.195886 121675.388152 -456004.195886 33575472.7186 594439.697883 121675.388152 594439.697883 33372342.4704)
(38379542.4009 147554.596847 -54871.2058113 313910.631528 35702677.2122 26396.9334225 -184307.281459 58428.4214973 34364571.273)
(1160334.21959 -942.972498232 -2569.26003509 -942.972498232 1181826.86096 2470.25194731 -2569.26003509 2470.25194731 1139713.24422)
4641840
9145740.99409
-47881995.9284
45092335.1353
