8.001e-12 2.83752892926e-17 3.84387267956e-06
1.0001e-11 2.26093554012e-17 2.40247404441e-06
1.2001e-11 1.8765393115e-17 1.64739906299e-06
1.4001e-11 1.60197591492e-17 1.20119674772e-06
1.6001e-11 1.39606061241e-17 9.15159844447e-07
1.8001e-11 1.23591197714e-17 7.20649792523e-07
2.0001e-11 1.10780069541e-17 5.82305682151e-07
2.2001e-11 1.00298970428e-17 4.80366303949e-07
2.4001e-11 9.15654173826e-18 4.03070609412e-07
2.6001e-11 8.41761460519e-18 3.43057775658e-07
2.8001e-11 7.78431063563e-18 2.95527176047e-07
3.0001e-11 7.235505901e-18 2.57238336442e-07
3.2001e-11 6.75535728986e-18 2.25939132241e-07
3.4001e-11 6.33174937204e-18 2.00024582362e-07
3.6001e-11 5.95525896041e-18 1.78325681884e-07
3.8001e-11 5.6184466445e-18 1.59974525414e-07
4.0001e-11 5.31536085875e-18 1.44315750593e-07
4.2001e-11 5.04118364213e-18 1.30846963032e-07
4.4001e-11 4.79197300663e-18 1.19177782422e-07
4.6001e-11 4.56447251245e-18 1.09001139542e-07
4.8001e-11 4.35596844846e-18 1.00072805952e-07
5.0001e-11 4.16418128864e-18 9.21965629871e-08
5.2001e-11 3.98718219651e-18 8.52133011893e-08
5.4001e-11 3.82332808388e-18 7.89929028206e-08
5.6001e-11 3.67121058523e-18 7.34281237165e-08
5.8001e-11 3.52961558901e-18 6.8429930676e-08
6.0001e-11 3.39749086253e-18 6.39239115455e-08
6.2001e-11 3.27391994283e-18 5.98474848628e-08
6.4001e-11 3.15810092308e-18 5.6147711769e-08
6.6001e-11 3.04932909576e-18 5.27795660382e-08
6.8001e-11 2.94698265892e-18 4.97045557678e-08
7.0001e-11 2.85051087268e-18 4.68896173237e-08
7.2001e-11 2.75942418963e-18 4.43062217557e-08
7.4001e-11 2.67328598566e-18 4.1929648275e-08
7.6001e-11 2.59170559653e-18 3.97383900211e-08
7.8001e-11 2.51433242558e-18 3.77136652837e-08
8.0001e-11 2.44085093539e-18 3.58390133153e-08
8.2001e-11 2.37097637232e-18 3.40999584069e-08
8.4001e-11 2.30445110176e-18 3.24837293581e-08
8.6001e-11 2.24104145488e-18 3.0979024141e-08
8.8001e-11 2.1805350052e-18 2.95758116244e-08
9.0001e-11 2.12273820839e-18 2.82651638328e-08
9.2001e-11 2.06747434987e-18 2.7039113482e-08
9.4001e-11 2.01458175446e-18 2.58905325295e-08
9.6001e-11 1.96391221975e-18 2.48130282692e-08
9.8001e-11 1.91532964138e-18 2.38008541331e-08
1.00001e-10 1.86870880322e-18 2.28488328668e-08
1.02001e-10 1.82393430991e-18 2.19522901563e-08
1.04001e-10 1.78089964259e-18 2.11069971104e-08
1.06001e-10 1.73950632147e-18 2.03091202751e-08
1.08001e-10 1.69966316149e-18 1.95551780727e-08
1.10001e-10 1.66128560918e-18 1.88420027379e-08
1.12001e-10 1.62429515054e-18 1.81667069745e-08
1.14001e-10 1.58861878128e-18 1.7526654672e-08
1.16001e-10 1.55418853185e-18 1.69194351303e-08
1.18001e-10 1.52094104076e-18 1.63428403167e-08
1.20001e-10 1.48881717059e-18 1.57948447571e-08
1.22001e-10 1.45776166173e-18 1.52735877169e-08
1.24001e-10 1.42772281972e-18 1.47773573788e-08
1.26001e-10 1.39865223222e-18 1.43045767653e-08
1.28001e-10 1.37050451266e-18 1.385379119e-08
1.30001e-10 1.34323706746e-18 1.3423657051e-08
1.32001e-10 1.31680988445e-18 1.30129318039e-08
1.34001e-10 1.29118534024e-18 1.26204649752e-08
1.36001e-10 1.26632802455e-18 1.22451900953e-08
1.38001e-10 1.24220457986e-18 1.18861174428e-08
1.40001e-10 1.21878355478e-18 1.15423275109e-08
1.42001e-10 1.19603526982e-18 1.12129651131e-08
1.44001e-10 1.17393169433e-18 1.08972340583e-08
1.46001e-10 1.15244633359e-18 1.05943923333e-08
1.48001e-10 1.131554125e-18 1.03037477379e-08
1.50001e-10 1.11123134263e-18 1.00246539253e-08
1.52001e-10 1.09145550929e-18 9.75650680447e-09
1.54001e-10 1.07220531542e-18 9.49874126778e-09
1.56001e-10 1.05346054422e-18 9.25082821055e-09
1.58001e-10 1.03520200257e-18 9.01227181305e-09
1.60001e-10 1.01741145697e-18 8.78260705902e-09
1.62001e-10 1.00007157434e-18 8.56139746723e-09
1.64001e-10 9.83165867103e-19 8.34823301575e-09
1.66001e-10 9.66678642275e-19 8.14272824012e-09
1.68001e-10 9.50594954142e-19 7.94452048929e-09
1.70001e-10 9.34900560318e-19 7.75326832416e-09
1.72001e-10 9.19581880846e-19 7.568650046e-09
1.74001e-10 9.04625960134e-19 7.39036234249e-09
1.76001e-10 8.90020431476e-19 7.21811904083e-09
1.78001e-10 8.7575348397e-19 7.05164995854e-09
1.80001e-10 8.61813831642e-19 6.89069984307e-09
1.82001e-10 8.48190684598e-19 6.73502739262e-09
1.84001e-10 8.34873722071e-19 6.58440435096e-09
1.86001e-10 8.21853067194e-19 6.4386146702e-09
1.88001e-10 8.0911926339e-19 6.29745373546e-09
1.90001e-10 7.96663252252e-19 6.16072764645e-09
1.92001e-10 7.84476352804e-19 6.0282525511e-09
1.94001e-10 7.72550242048e-19 5.89985402716e-09
1.96001e-10 7.60876936696e-19 5.77536650763e-09
1.98001e-10 7.49448776017e-19 5.65463274675e-09
2.00001e-10 7.38258405709e-19 5.53750332305e-09
2.02001e-10 7.27298762725e-19 5.42383617684e-09
2.04001e-10 7.16563061002e-19 5.31349617907e-09
2.06001e-10 7.06044778009e-19 5.20635472963e-09
2.08001e-10 6.95737642083e-19 5.10228938235e-09
2.10001e-10 6.85635620479e-19 5.00118349494e-09
2.12001e-10 6.75732908103e-19 4.90292590207e-09
2.14001e-10 6.66023916871e-19 4.80741060945e-09
2.16001e-10 6.56503265665e-19 4.71453650797e-09
2.18001e-10 6.47165770839e-19 4.624207106e-09
2.20001e-10 6.38006437241e-19 4.53633027851e-09
2.22001e-10 6.29020449725e-19 4.45081803213e-09
2.24001e-10 6.20203165113e-19 4.36758628483e-09
2.26001e-10 6.11550104586e-19 4.286554659e-09
2.28001e-10 6.03056946477e-19 4.20764628735e-09
2.30001e-10 5.94719519437e-19 4.13078763059e-09
2.32001e-10 5.86533795955e-19 4.05590830595e-09
2.34001e-10 5.78495886213e-19 3.98294092599e-09
2.36001e-10 5.70602032251e-19 3.91182094694e-09
2.38001e-10 5.62848602425e-19 3.84248652584e-09
2.40001e-10 5.55232086147e-19 3.77487838612e-09
2.42001e-10 5.47749088881e-19 3.70893969082e-09
2.44001e-10 5.40396327384e-19 3.64461592306e-09
2.46001e-10 5.33170625188e-19 3.58185477338e-09
2.48001e-10 5.26068908291e-19 3.52060603323e-09
2.50001e-10 5.19088201055e-19 3.46082149464e-09
2.52001e-10 5.12225622312e-19 3.4024548553e-09
2.54001e-10 5.05478381634e-19 3.3454616287e-09
2.56001e-10 4.98843775797e-19 3.28979905965e-09
2.58001e-10 4.92319185396e-19 3.23542604378e-09
2.60001e-10 4.85902071622e-19 3.18230305176e-09
2.62001e-10 4.79589973189e-19 3.1303920574e-09
2.64001e-10 4.73380503392e-19 3.07965646961e-09
2.66001e-10 4.6727134731e-19 3.03006106781e-09
2.68001e-10 4.61260259121e-19 2.98157194089e-09
2.70001e-10 4.55345059547e-19 2.93415642912e-09
2.72001e-10 4.49523633405e-19 2.88778306927e-09
2.74001e-10 4.4379392727e-19 2.84242154223e-09
2.76001e-10 4.38153947236e-19 2.7980426236e-09
2.78001e-10 4.32601756775e-19 2.75461813644e-09
2.80001e-10 4.2713547469e-19 2.71212090673e-09
2.82001e-10 4.21753273148e-19 2.67052472066e-09
2.84001e-10 4.16453375807e-19 2.62980428428e-09
2.86001e-10 4.11234056011e-19 2.58993518503e-09
2.88001e-10 4.06093635067e-19 2.55089385514e-09
2.90001e-10 4.01030480591e-19 2.51265753679e-09
2.92001e-10 3.9604300492e-19 2.4752042489e-09
2.94001e-10 3.91129663595e-19 2.43851275557e-09
2.96001e-10 3.86288953898e-19 2.40256253604e-09
2.98001e-10 3.81519413451e-19 2.36733375574e-09
3.00001e-10 3.76819618875e-19 2.33280723928e-09
3.02001e-10 3.72188184494e-19 2.29896444404e-09
3.04001e-10 3.67623761098e-19 2.26578743542e-09
3.06001e-10 3.63125034752e-19 2.23325886309e-09
3.08001e-10 3.58690725646e-19 2.20136193819e-09
3.10001e-10 3.54319586999e-19 2.17008041178e-09
3.12001e-10 3.50010403999e-19 2.13939855403e-09
3.14001e-10 3.45761992783e-19 2.10930113456e-09
3.16001e-10 3.41573199461e-19 2.07977340342e-09
3.18001e-10 3.37442899169e-19 2.05080107311e-09
3.20001e-10 3.33369995168e-19 2.02237030124e-09
3.22001e-10 3.29353417965e-19 1.99446767393e-09
3.24001e-10 3.25392124473e-19 1.96708019017e-09
3.26001e-10 3.21485097204e-19 1.94019524647e-09
3.28001e-10 3.17631343487e-19 1.91380062252e-09
3.30001e-10 3.13829894714e-19 1.88788446712e-09
3.32001e-10 3.10079805618e-19 1.86243528508e-09
3.34001e-10 3.06380153573e-19 1.83744192433e-09
3.36001e-10 3.02730037921e-19 1.81289356372e-09
3.38001e-10 2.99128579319e-19 1.78877970134e-09
3.40001e-10 2.95574919116e-19 1.76509014326e-09
3.42001e-10 2.92068218746e-19 1.74181499281e-09
3.44001e-10 2.88607659144e-19 1.71894464014e-09
3.46001e-10 2.85192440185e-19 1.69646975235e-09
3.48001e-10 2.81821780135e-19 1.67438126401e-09
3.50001e-10 2.78494915129e-19 1.65267036796e-09
3.52001e-10 2.75211098663e-19 1.63132850655e-09
3.54001e-10 2.71969601103e-19 1.61034736317e-09
3.56001e-10 2.6876970921e-19 1.58971885423e-09
3.58001e-10 2.65610725686e-19 1.56943512129e-09
3.60001e-10 2.62491968725e-19 1.54948852359e-09
3.62001e-10 2.59412771591e-19 1.52987163092e-09
3.64001e-10 2.56372482201e-19 1.51057721659e-09
3.66001e-10 2.53370462725e-19 1.49159825086e-09
3.68001e-10 2.50406089198e-19 1.47292789453e-09
3.70001e-10 2.47478751147e-19 1.45455949267e-09
3.72001e-10 2.44587851227e-19 1.43648656886e-09
3.74001e-10 2.41732804872e-19 1.41870281934e-09
3.76001e-10 2.3891303995e-19 1.40120210761e-09
3.78001e-10 2.36127996441e-19 1.38397845905e-09
3.80001e-10 2.33377126114e-19 1.36702605586e-09
3.82001e-10 2.30659892218e-19 1.35033923216e-09
3.84001e-10 2.27975769185e-19 1.33391246928e-09
3.86001e-10 2.25324242341e-19 1.31774039108e-09
3.88001e-10 2.22704807621e-19 1.30181775967e-09
3.90001e-10 2.20116971302e-19 1.28613947116e-09
3.92001e-10 2.17560249736e-19 1.27070055145e-09
3.94001e-10 2.15034169096e-19 1.25549615242e-09
3.96001e-10 2.12538265126e-19 1.24052154812e-09
3.98001e-10 2.10072082904e-19 1.22577213098e-09
4.00001e-10 2.07635176603e-19 1.21124340836e-09
4.02001e-10 2.0522710927e-19 1.19693099907e-09
4.04001e-10 2.02847452606e-19 1.18283063018e-09
4.06001e-10 2.0049578675e-19 1.16893813367e-09
4.08001e-10 1.98171700072e-19 1.15524944347e-09
4.10001e-10 1.95874788976e-19 1.14176059247e-09
4.12001e-10 1.93604657702e-19 1.12846770954e-09
4.14001e-10 1.91360918137e-19 1.11536701691e-09
4.16001e-10 1.89143189634e-19 1.10245482736e-09
4.18001e-10 1.86951098828e-19 1.08972754172e-09
4.20001e-10 1.84784279467e-19 1.07718164626e-09
4.22001e-10 1.82642372243e-19 1.06481371035e-09
4.24001e-10 1.80525024626e-19 1.05262038406e-09
4.26001e-10 1.78431890707e-19 1.04059839595e-09
4.28001e-10 1.76362631042e-19 1.02874455084e-09
4.30001e-10 1.74316912503e-19 1.01705572765e-09
4.32001e-10 1.72294408131e-19 1.0055288774e-09
4.34001e-10 1.70294796994e-19 9.94161021193e-10
4.36001e-10 1.68317764047e-19 9.82949248348e-10
4.38001e-10 1.66363e-19 9.7189071442e-10
4.40001e-10 1.64430201189e-19 9.609826395e-10
4.42001e-10 1.62519069442e-19 9.50222306457e-10
4.44001e-10 1.60629311963e-19 9.3960705919e-10
4.46001e-10 1.58760641206e-19 9.2913430101e-10
4.48001e-10 1.56912774759e-19 9.18801493079e-10
4.50001e-10 1.55085435233e-19 9.08606152846e-10
4.52001e-10 1.53278350148e-19 8.98545852591e-10
4.54001e-10 1.51491251823e-19 8.88618217927e-10
4.56001e-10 1.49723877276e-19 8.78820926428e-10
4.58001e-10 1.47975968117e-19 8.69151706279e-10
4.60001e-10 1.46247270451e-19 8.59608334927e-10
4.62001e-10 1.44537534778e-19 8.50188637801e-10
4.64001e-10 1.428465159e-19 8.40890487172e-10
4.66001e-10 1.41173972829e-19 8.31711800812e-10
4.68001e-10 1.39519668696e-19 8.22650540927e-10
4.70001e-10 1.37883370665e-19 8.13704712931e-10
4.72001e-10 1.36264849845e-19 8.04872364475e-10
4.74001e-10 1.34663881207e-19 7.96151584276e-10
4.76001e-10 1.33080243507e-19 7.87540501147e-10
4.78001e-10 1.31513719203e-19 7.79037282932e-10
4.80001e-10 1.29964094376e-19 7.70640135601e-10
4.82001e-10 1.2843115866e-19 7.62347302232e-10
4.84001e-10 1.26914705167e-19 7.54157062161e-10
4.86001e-10 1.25414530412e-19 7.46067730055e-10
4.88001e-10 1.23930434247e-19 7.38077655024e-10
4.90001e-10 1.22462219791e-19 7.3018521982e-10
4.92001e-10 1.21009693367e-19 7.22388839975e-10
4.94001e-10 1.19572664432e-19 7.1468696306e-10
4.96001e-10 1.18150945515e-19 7.07078067896e-10
4.98001e-10 1.1674435216e-19 6.99560663732e-10
5.00001e-10 1.1535270286e-19 6.92133289646e-10
5.02001e-10 1.13975819001e-19 6.8479451367e-10
5.04001e-10 1.12613524805e-19 6.77542932301e-10
5.06001e-10 1.11265647272e-19 6.70377169635e-10
5.08001e-10 1.09932016127e-19 6.63295876823e-10
5.10001e-10 1.08612463765e-19 6.5629773142e-10
5.12001e-10 1.07306825201e-19 6.49381436772e-10
5.14001e-10 1.06014938018e-19 6.42545721375e-10
5.16001e-10 1.04736642316e-19 6.35789338341e-10
5.18001e-10 1.03471780664e-19 6.29111064797e-10
5.20001e-10 1.02220198056e-19 6.22509701344e-10
5.22001e-10 1.00981741859e-19 6.15984071526e-10
5.24001e-10 9.97562617704e-20 6.09533021265e-10
5.26001e-10 9.8543609774e-20 6.03155418438e-10
5.28001e-10 9.73436400966e-20 5.96850152275e-10
5.30001e-10 9.6156209165e-20 5.90616132917e-10
5.32001e-10 9.49811755649e-20 5.84452291022e-10
5.34001e-10 9.38184000009e-20 5.78357577157e-10
5.36001e-10 9.26677452563e-20 5.72330961479e-10
5.38001e-10 9.15290761549e-20 5.66371433249e-10
5.40001e-10 9.04022595233e-20 5.60478000365e-10
5.42001e-10 8.92871641535e-20 5.54649689073e-10
5.44001e-10 8.8183660767e-20 5.48885543414e-10
5.46001e-10 8.70916219798e-20 5.43184624967e-10
5.48001e-10 8.60109222672e-20 5.37546012335e-10
5.50001e-10 8.49414379304e-20 5.31968800922e-10
5.52001e-10 8.38830470635e-20 5.26452102435e-10
5.54001e-10 8.28356295207e-20 5.20995044598e-10
5.56001e-10 8.17990668851e-20 5.15596770798e-10
5.58001e-10 8.07732424375e-20 5.10256439767e-10
5.60001e-10 7.97580411261e-20 5.04973225192e-10
5.62001e-10 7.87533495367e-20 4.9974631549e-10
5.64001e-10 7.77590558641e-20 4.94574913377e-10
5.66001e-10 7.67750498832e-20 4.89458235701e-10
5.68001e-10 7.58012229213e-20 4.84395513011e-10
5.70001e-10 7.48374678311e-20 4.79385989375e-10
5.72001e-10 7.38836789638e-20 4.74428922027e-10
5.74001e-10 7.2939752143e-20 4.69523581155e-10
5.76001e-10 7.20055846392e-20 4.64669249539e-10
5.78001e-10 7.10810751449e-20 4.59865222399e-10
5.80001e-10 7.01661237496e-20 4.55110807055e-10
5.82001e-10 6.92606319166e-20 4.50405322735e-10
5.84001e-10 6.83645024587e-20 4.45748100262e-10
5.86001e-10 6.74776395156e-20 4.41138481912e-10
5.88001e-10 6.6599948531e-20 4.36575821082e-10
5.90001e-10 6.57313362312e-20 4.32059482152e-10
5.92001e-10 6.48717106024e-20 4.27588840166e-10
5.94001e-10 6.40209808705e-20 4.23163280727e-10
5.96001e-10 6.31790574795e-20 4.18782199712e-10
5.98001e-10 6.23458520717e-20 4.1444500304e-10
6.00001e-10 6.15212774674e-20 4.10151106599e-10
6.02001e-10 6.07052476453e-20 4.05899935887e-10
6.04001e-10 5.98976777238e-20 4.01690925935e-10
6.06001e-10 5.90984839416e-20 3.97523521088e-10
6.08001e-10 5.83075836395e-20 3.93397174795e-10
6.10001e-10 5.75248952424e-20 3.89311349454e-10
6.12001e-10 5.67503382417e-20 3.85265516236e-10
6.14001e-10 5.59838331775e-20 3.81259154916e-10
6.16001e-10 5.5225301622e-20 3.77291753712e-10
6.18001e-10 5.44746661626e-20 3.73362809077e-10
6.20001e-10 5.37318503857e-20 3.69471825586e-10
6.22001e-10 5.29967788603e-20 3.65618315789e-10
6.24001e-10 5.22693771225e-20 3.61801799994e-10
6.26001e-10 5.15495716603e-20 3.58021806204e-10
6.28001e-10 5.08372898977e-20 3.54277869894e-10
6.30001e-10 5.01324601807e-20 3.50569533924e-10
6.32001e-10 4.9435011762e-20 3.46896348346e-10
6.34001e-10 4.87448747873e-20 3.43257870324e-10
6.36001e-10 4.80619802807e-20 3.39653663984e-10
6.38001e-10 4.73862601314e-20 3.3608330022e-10
6.40001e-10 4.67176470798e-20 3.32546356683e-10
6.42001e-10 4.60560747047e-20 3.29042417544e-10
6.44001e-10 4.54014774097e-20 3.25571073459e-10
6.46001e-10 4.47537904109e-20 3.22131921377e-10
6.48001e-10 4.41129497242e-20 3.18724564479e-10
6.50001e-10 4.34788921529e-20 3.15348612058e-10
6.52001e-10 4.28515552759e-20 3.12003679351e-10
6.54001e-10 4.22308774355e-20 3.08689387485e-10
6.56001e-10 4.1616797726e-20 3.05405363368e-10
6.58001e-10 4.10092559821e-20 3.02151239528e-10
6.60001e-10 4.04081927679e-20 2.9892665412e-10
6.62001e-10 3.98135493656e-20 2.95731250704e-10
6.64001e-10 3.92252677651e-20 2.92564678212e-10
6.66001e-10 3.86432906528e-20 2.89426590843e-10
6.68001e-10 3.80675614017e-20 2.86316647978e-10
6.70001e-10 3.74980240609e-20 2.83234514029e-10
6.72001e-10 3.69346233455e-20 2.8017985846e-10
6.74001e-10 3.6377304627e-20 2.77152355573e-10
6.76001e-10 3.58260139232e-20 2.74151684531e-10
6.78001e-10 3.52806978889e-20 2.71177529167e-10
6.80001e-10 3.47413038065e-20 2.68229578016e-10
6.82001e-10 3.42077795768e-20 2.65307524133e-10
6.84001e-10 3.368007371e-20 2.62411065054e-10
6.86001e-10 3.31581353166e-20 2.59539902749e-10
6.88001e-10 3.2641914099e-20 2.56693743484e-10
6.90001e-10 3.21313603427e-20 2.5387229778e-10
6.92001e-10 3.16264249079e-20 2.51075280344e-10
6.94001e-10 3.11270592213e-20 2.48302409996e-10
6.96001e-10 3.06332152679e-20 2.45553409566e-10
6.98001e-10 3.0144845583e-20 2.42828005865e-10
7.00001e-10 2.96619032444e-20 2.40125929601e-10
7.02001e-10 2.91843418646e-20 2.37446915312e-10
7.04001e-10 2.87121155832e-20 2.34790701297e-10
7.06001e-10 2.82451790594e-20 2.32157029551e-10
7.08001e-10 2.7783487465e-20 2.29545645733e-10
7.10001e-10 2.73269964765e-20 2.26956299051e-10
7.12001e-10 2.68756622688e-20 2.24388742237e-10
7.14001e-10 2.64294415075e-20 2.218427315e-10
7.16001e-10 2.59882913428e-20 2.19318026427e-10
7.18001e-10 2.55521694018e-20 2.16814389959e-10
7.20001e-10 2.51210337829e-20 2.1433158832e-10
7.22001e-10 2.46948430485e-20 2.11869390982e-10
7.24001e-10 2.4273556219e-20 2.0942757057e-10
7.26001e-10 2.38571327662e-20 2.07005902863e-10
7.28001e-10 2.34455326075e-20 2.046041667e-10
7.30001e-10 2.30387160994e-20 2.02222143953e-10
7.32001e-10 2.26366440317e-20 1.99859619463e-10
7.34001e-10 2.22392776216e-20 1.97516381004e-10
7.36001e-10 2.18465785077e-20 1.95192219226e-10
7.38001e-10 2.14585087447e-20 1.9288692762e-10
7.40001e-10 2.10750307972e-20 1.9060030245e-10
7.42001e-10 2.06961075349e-20 1.88332142741e-10
7.44001e-10 2.03217022263e-20 1.86082250189e-10
7.46001e-10 1.99517785341e-20 1.83850429173e-10
7.48001e-10 1.95863005096e-20 1.81636486672e-10
7.50001e-10 1.92252325874e-20 1.79440232222e-10
7.52001e-10 1.88685395807e-20 1.77261477918e-10
7.54001e-10 1.85161866758e-20 1.75100038303e-10
7.56001e-10 1.81681394275e-20 1.72955730421e-10
7.58001e-10 1.78243637541e-20 1.70828373675e-10
7.60001e-10 1.74848259328e-20 1.68717789875e-10
7.62001e-10 1.71494925946e-20 1.6662380316e-10
7.64001e-10 1.68183307201e-20 1.64546239965e-10
7.66001e-10 1.64913076347e-20 1.62484928984e-10
7.68001e-10 1.61683910042e-20 1.60439701135e-10
7.70001e-10 1.58495488302e-20 1.58410389553e-10
7.72001e-10 1.5534749446e-20 1.563968295e-10
7.74001e-10 1.52239615122e-20 1.54398858375e-10
7.76001e-10 1.49171540125e-20 1.52416315691e-10
7.78001e-10 1.46142962494e-20 1.50449042991e-10
7.80001e-10 1.43153578405e-20 1.48496883862e-10
7.82001e-10 1.4020308714e-20 1.46559683885e-10
7.84001e-10 1.3729119105e-20 1.44637290611e-10
7.86001e-10 1.34417595515e-20 1.42729553521e-10
7.88001e-10 1.31582008909e-20 1.40836324014e-10
7.90001e-10 1.28784142555e-20 1.38957455364e-10
7.92001e-10 1.26023710694e-20 1.37092802688e-10
7.94001e-10 1.23300430447e-20 1.35242222933e-10
7.96001e-10 1.20614021777e-20 1.33405574844e-10
7.98001e-10 1.17964207454e-20 1.31582718919e-10
8.00001e-10 1.1535071302e-20 1.29773517423e-10
8.02001e-10 1.12773266757e-20 1.27977834305e-10
8.04001e-10 1.10231599648e-20 1.26195535233e-10
8.06001e-10 1.07725445347e-20 1.24426487513e-10
8.08001e-10 1.05254540147e-20 1.22670560119e-10
8.10001e-10 1.02818622943e-20 1.2092762362e-10
8.12001e-10 1.00417435203e-20 1.19197550172e-10
8.14001e-10 9.80507209357e-21 1.17480213531e-10
8.16001e-10 9.57182266612e-21 1.15775488969e-10
8.18001e-10 9.34197013768e-21 1.14083253297e-10
8.20001e-10 9.11548965294e-21 1.12403384805e-10
8.22001e-10 8.89235659846e-21 1.10735763291e-10
8.24001e-10 8.67254659978e-21 1.09080269985e-10
8.26001e-10 8.45603551851e-21 1.07436787578e-10
8.28001e-10 8.24279944948e-21 1.05805200147e-10
8.30001e-10 8.03281471793e-21 1.04185393185e-10
8.32001e-10 7.82605787674e-21 1.02577253552e-10
8.34001e-10 7.62250570372e-21 1.00980669466e-10
8.36001e-10 7.42213519887e-21 9.93955304843e-11
8.38001e-10 7.22492358179e-21 9.78217274667e-11
8.40001e-10 7.03084828901e-21 9.6259152581e-11
8.42001e-10 6.83988697146e-21 9.47076992768e-11
8.44001e-10 6.65201749189e-21 9.31672622588e-11
8.46001e-10 6.46721792242e-21 9.16377374767e-11
8.48001e-10 6.285466542e-21 9.01190221003e-11
8.50001e-10 6.10674183402e-21 8.86110145208e-11
8.52001e-10 5.93102248392e-21 8.7113614306e-11
8.54001e-10 5.75828737679e-21 8.5626722209e-11
8.56001e-10 5.58851559508e-21 8.41502401386e-11
8.58001e-10 5.42168641624e-21 8.26840711375e-11
8.60001e-10 5.25777931052e-21 8.12281193915e-11
8.62001e-10 5.09677393868e-21 7.97822901796e-11
8.64001e-10 4.93865014981e-21 7.83464898768e-11
8.66001e-10 4.78338797916e-21 7.69206259559e-11
8.68001e-10 4.63096764599e-21 7.55046069325e-11
8.70001e-10 4.48136955143e-21 7.40983423878e-11
8.72001e-10 4.33457427644e-21 7.27017429327e-11
8.74001e-10 4.19056257971e-21 7.13147201936e-11
8.76001e-10 4.04931539565e-21 6.99371868224e-11
8.78001e-10 3.91081383242e-21 6.85690564426e-11
8.80001e-10 3.77503916988e-21 6.72102436792e-11
8.82001e-10 3.6419728577e-21 6.58606641059e-11
8.84001e-10 3.51159651345e-21 6.45202342576e-11
8.86001e-10 3.38389192066e-21 6.31888716198e-11
8.88001e-10 3.25884102697e-21 6.18664945919e-11
8.90001e-10 3.13642594229e-21 6.05530224943e-11
8.92001e-10 3.016628937e-21 5.92483755503e-11
8.94001e-10 2.8994324401e-21 5.79524748748e-11
8.96001e-10 2.78481903749e-21 5.66652424693e-11
8.98001e-10 2.67277147022e-21 5.53866011888e-11
9.00001e-10 2.56327263273e-21 5.41164747569e-11
9.02001e-10 2.45630557119e-21 5.28547877366e-11
9.04001e-10 2.35185348179e-21 5.16014655225e-11
9.06001e-10 2.2498997091e-21 5.03564343332e-11
9.08001e-10 2.15042774445e-21 4.91196212062e-11
9.10001e-10 2.05342122428e-21 4.78909539694e-11
9.12001e-10 1.95886392858e-21 4.66703612419e-11
9.14001e-10 1.8667397793e-21 4.5457772436e-11
9.16001e-10 1.77703283884e-21 4.4253117717e-11
9.18001e-10 1.68972730844e-21 4.30563280206e-11
9.20001e-10 1.60480752676e-21 4.18673350275e-11
9.22001e-10 1.52225796833e-21 4.06860711585e-11
9.24001e-10 1.44206324212e-21 3.95124695727e-11
9.26001e-10 1.36420809004e-21 3.83464641378e-11
9.28001e-10 1.28867738556e-21 3.7187989447e-11
9.30001e-10 1.21545613226e-21 3.60369807821e-11
9.32001e-10 1.14452946244e-21 3.48933741294e-11
9.34001e-10 1.07588263574e-21 3.37571061537e-11
9.36001e-10 1.00950103782e-21 3.26281142003e-11
9.38001e-10 9.45370178937e-22 3.15063362807e-11
9.40001e-10 8.83475692701e-22 3.03917110554e-11
9.42001e-10 8.23803334711e-22 2.92841778553e-11
9.44001e-10 7.66338981285e-22 2.81836766328e-11
9.46001e-10 7.11068628181e-22 2.70901479879e-11
9.48001e-10 6.57978389336e-22 2.60035331414e-11
9.50001e-10 6.07054495622e-22 2.492377393e-11
9.52001e-10 5.58283293616e-22 2.38508128073e-11
9.54001e-10 5.11651244393e-22 2.27845928232e-11
9.56001e-10 4.6714492232e-22 2.17250576295e-11
9.58001e-10 4.2475101388e-22 2.06721514534e-11
9.60001e-10 3.84456316503e-22 1.96258191171e-11
9.62001e-10 3.46247737409e-22 1.85860060083e-11
9.64001e-10 3.10112292472e-22 1.75526580775e-11
9.66001e-10 2.76037105097e-22 1.65257218412e-11
9.68001e-10 2.44009405106e-22 1.55051443655e-11
9.70001e-10 2.1401652764e-22 1.44908732562e-11
9.72001e-10 1.8604591208e-22 1.34828566672e-11
9.74001e-10 1.60085100973e-22 1.24810432759e-11
9.76001e-10 1.36121738977e-22 1.14853822901e-11
9.78001e-10 1.14143571815e-22 1.04958234333e-11
9.80001e-10 9.41384452454e-23 9.51231694303e-12
9.82001e-10 7.60943040426e-23 8.53481356316e-12
9.84001e-10 5.9999190991e-23 7.56326453803e-12
9.86001e-10 4.58412458906e-23 6.59762160384e-12
9.88001e-10 3.36087045756e-23 5.63783698676e-12
9.90001e-10 2.32898979439e-23 4.68386339404e-12
9.92001e-10 1.48732509991e-23 3.73565401018e-12
9.94001e-10 8.34728190334e-24 2.7931624891e-12
9.96001e-10 3.70060104261e-24 1.85634295034e-12
9.98001e-10 9.21910102104e-25 9.25149972275e-13
