0.0253677869372 26314.6666883 1124315.65698
0.0317089410273 20967.4567643 702712.969132
0.0380500951173 17402.6442516 481856.896475
0.0443912492074 14856.3991045 351344.704458
0.0507324032974 12946.7824322 267680.182859
0.0570735573874 11461.5965318 210786.858067
0.0634147114775 10273.5185379 170321.821291
0.0697558655675 9301.52270442 140505.006705
0.0760970196576 8491.59074202 117896.35995
0.0824381737476 7806.32473423 100342.87308
0.0887793278377 7219.01150195 86440.3841626
0.0951204819277 6710.06114307 75241.0689292
0.101461636018 6264.78107799 66086.1909537
0.107802790108 5871.93570295 58506.3004108
0.114143944198 5522.7861457 52159.4685615
0.120485098288 5210.43324814 46791.8369404
0.126826252378 4929.35764931 42211.7149726
0.133167406468 4675.09127005 38272.154535
0.139508560558 4443.97839078 34858.9711241
0.145849714648 4232.99905541 31882.3483585
0.152190868738 4039.63662339 29270.8505067
0.158532022828 3861.77710859 26967.0844816
0.164873176918 3697.63174728 24924.511475
0.171214331008 3545.67677283 23105.0726274
0.177555485098 3404.60609569 21477.3994977
0.183896639188 3273.29377349 20015.4502708
0.190237793278 3150.763987 18697.4597229
0.196578947368 3036.1668271 17505.1230547
0.202920101458 2928.75862169 16422.9558854
0.209261255549 2827.88583933 15437.7882444
0.215602409639 2732.97183355 14538.3614214
0.221943563729 2643.50585936 13715.0044504
0.228284717819 2559.03392042 12959.3727406
0.234625871909 2479.15110044 12264.2355711
0.240967025999 2403.49510531 11623.302281
0.247308180089 2331.74079884 11031.0793035
0.253649334179 2263.59555803 10482.7519432
0.259990488269 2198.79530812 9974.08611977
0.266331642359 2137.10112404 9501.34631375
0.272672796449 2078.29630605 9061.22673234
0.279013950539 2022.18385413 8650.79331427
0.285355104629 1968.58427923 8267.43466644
0.291696258719 1917.33369984 7908.82039366
0.298037412809 1868.28218166 7572.86557521
0.304378566899 1821.2922848 7257.700373
0.310719720989 1776.23778885 6961.64394145
0.317060875079 1733.0025709 6683.18195671
0.323402029169 1691.47961565 6420.94720269
0.329743183259 1651.57013967 6173.70274756
0.336084337349 1613.18281479 5940.32732309
0.342425491439 1576.23307786 5719.80258323
0.348766645529 1540.6425157 5511.20197081
0.35510779962 1506.33831603 5313.68096446
0.36144895371 1473.25277614 5126.46851367
0.3677901078 1441.32286246 4948.85949929
0.37413126189 1410.48981483 4780.20808162
0.38047241598 1380.69879041 4619.92181853
0.38681357007 1351.89854256 4467.45645342
0.39315472416 1324.04113088 4322.31128731
0.39949587825 1297.08165877 4184.0250613
0.40583703234 1270.97803562 4052.17228612
0.41217818643 1245.69076103 3926.35996417
0.41851934052 1221.18272853 3806.22465674
0.42486049461 1197.41904694 3691.4298555
0.4312016487 1174.36687748 3581.66362276
0.43754280279 1151.99528507 3476.63646945
0.44388395688 1130.27510234 3376.07944393
0.45022511097 1109.17880513 3279.74240795
0.45656626506 1088.68039837 3187.39247913
0.46290741915 1068.75531141 3098.81262194
0.46924857324 1049.38030171 3013.80037089
0.47558972733 1030.53336632 2932.16667243
0.48193088142 1012.19366033 2853.73483259
0.48827203551 994.341421706 2778.33955994
0.494613189601 976.957901807 2705.82609369
0.500954343691 960.025301304 2636.04940878
0.507295497781 943.526710826 2568.87349002
0.513636651871 927.446056028 2504.17066861
0.519977805961 911.768046672 2441.82101495
0.526318960051 896.478129396 2381.71178239
0.532660114141 881.562443851 2323.73689712
0.539001268231 867.007781937 2267.79648972
0.545342422321 852.801549879 2213.79646475
0.551683576411 838.931732923 2161.64810469
0.558024730501 825.386862438 2111.26770528
0.564365884591 812.155985234 2062.57623935
0.570707038681 799.228634926 2015.49904665
0.577048192771 786.594805188 1969.9655475
0.583389346861 774.244924748 1925.90897796
0.589730500951 762.169834002 1883.26614497
0.596071655041 750.360763113 1841.9771996
0.602412809131 738.809311496 1801.98542687
0.608753963221 727.507428593 1763.23705087
0.615095117311 716.447395823 1725.68105388
0.621436271401 705.621809647 1689.26900828
0.627777425491 695.023565661 1653.95492037
0.634118579581 684.645843631 1619.69508507
0.640459733672 674.482093434 1586.44795051
0.646800887762 664.526021811 1554.17399208
0.653142041852 654.771579901 1522.8355948
0.659483195942 645.21295149 1492.39694372
0.665824350032 635.844541934 1462.82392149
0.672165504122 626.660967705 1434.08401273
0.678506658212 617.657046528 1406.14621459
0.684847812302 608.827788065 1378.98095312
0.691188966392 600.168385106 1352.56000492
0.697530120482 591.67420525 1326.85642386
0.703871274572 583.340783028 1301.84447225
0.710212428662 575.163812451 1277.49955647
0.716553582752 567.139139953 1253.79816643
0.722894736842 559.262757709 1230.7178188
0.729235890932 551.530797293 1208.23700364
0.735577045022 543.939523674 1186.33513433
0.741918199112 536.485329514 1164.99250034
0.748259353202 529.164729757 1144.19022288
0.754600507292 521.974356491 1123.91021318
0.760941661382 514.910954067 1104.13513311
0.767282815472 507.97137446 1084.84835811
0.773623969562 501.152572861 1066.03394222
0.779965123653 494.451603475 1047.67658517
0.786306277743 487.865615534 1029.76160118
0.792647431833 481.391849496 1012.27488963
0.798988585923 475.027633421 995.202907298
0.805329740013 468.770379524 978.532642083
0.811670894103 462.61758089 962.25158829
0.818012048193 456.566808335 946.34772306
0.824353202283 450.615707421 930.809484245
0.830694356373 444.761995599 915.625749353
0.837035510463 439.00345949 900.78581565
0.843376664553 433.337952281 886.279381278
0.849717818643 427.763391243 872.096527384
0.856058972733 422.277755357 858.227701151
0.862400126823 416.879083048 844.663699713
0.868741280913 411.565470009 831.395654869
0.875082435003 406.335067133 818.415018615
0.881423589093 401.186078524 805.713549327
0.887764743183 396.116759596 793.28329871
0.894105897273 391.125415256 781.116599351
0.900447051363 386.210398158 769.206052876
0.906788205453 381.370107039 757.544518733
0.913129359543 376.602985112 746.125103442
0.919470513633 371.907518536 734.941150438
0.925811667724 367.282234948 723.986230356
0.932152821814 362.725702045 713.25413181
0.938493975904 358.236526237 702.738852536
0.944835129994 353.813351347 692.434591046
0.951176284084 349.454857359 682.335738591
0.957517438174 345.159759228 672.436871554
0.963858592264 340.926805722 662.732744142
0.970199746354 336.754778325 653.218281449
0.976540900444 332.642490168 643.888572831
0.982882054534 328.588785011 634.738865534
0.989223208624 324.592536262 625.764558647
0.995564362714 320.65264603 616.961197362
1.0019055168 316.768044222 608.324467374
1.00824667089 312.937687661 599.850189658
1.01458782498 309.160559254 591.534315373
1.02092897907 305.435667175 583.372921033
1.02727013316 301.762044086 575.36220388
1.03361128725 298.13874639 567.498477466
1.03995244134 294.564853503 559.778167387
1.04629359543 291.039467159 552.19780724
1.05263474952 287.561710735 544.75403472
1.05897590361 284.130728608 537.443587897
1.0653170577 280.745685524 530.263301632
1.07165821179 277.405766 523.210104174
1.07799936588 274.11017374 516.281013836
1.08434051997 270.858131075 509.473135882
1.09068167406 267.648878421 502.783659477
1.09702282815 264.481673758 496.209854795
1.10336398224 261.355792121 489.749070227
1.10970513633 258.270525118 483.398729726
1.11604629042 255.225180457 477.156330212
1.12238744451 252.219081488 471.019439123
1.1287285986 249.251566771 464.985692037
1.13506975269 246.321989643 459.052790399
1.14141090679 243.429717812 453.218499318
1.14775206088 240.574132961 447.480645488
1.15409321497 237.754630361 441.837115143
1.16043436906 234.970618502 436.285852102
1.16677552315 232.22151873 430.824855939
1.17311667724 229.506764907 425.452180119
1.17945783133 226.825803066 420.165930309
1.18579898542 224.178091092 414.964262701
1.19214013951 221.563098403 409.845382383
1.1984812936 218.980305647 404.807541805
1.20482244769 216.429204404 399.849039295
1.21116360178 213.909296905 394.968217608
1.21750475587 211.420095747 390.163462549
1.22384590996 208.961123632 385.433201626
1.23018706405 206.531913101 380.775902785
1.23652821814 204.132006285 376.190073142
1.24286937223 201.760954659 371.674257819
1.24921052632 199.418318805 367.227038757
1.25555168041 197.103668182 362.84703362
1.2618928345 194.816580903 358.532894724
1.26823398859 192.556643518 354.283307994
1.27457514268 190.323450808 350.096991957
1.28091629677 188.116605573 345.972696789
1.28725745086 185.935718445 341.909203369
1.29359860495 183.780407687 337.905322393
1.29993975904 181.650299011 333.959893485
1.30628091313 179.545025398 330.07178437
1.31262206722 177.46422692 326.239890063
1.31896322131 175.407550571 322.463132067
1.3253043754 173.374650102 318.740457641
1.33164552949 171.365185858 315.070839035
1.33798668358 169.378824623 311.453272803
1.34432783767 167.415239469 307.886779121
1.35066899176 165.474109606 304.370401086
1.35701014585 163.555120241 300.903204132
1.36335129994 161.657962438 297.484275353
1.36969245403 159.782332982 294.112722937
1.37603360812 157.927934246 290.787675576
1.38237476221 156.094474066 287.508281898
1.3887159163 154.281665611 284.273709925
1.39505707039 152.489227269 281.083146546
1.40139822448 150.716882522 277.935797001
1.40773937857 148.964359837 274.830884403
1.41408053266 147.231392549 271.767649228
1.42042168675 145.517718756 268.745348878
1.42676284084 143.823081213 265.763257222
1.43310399493 142.147227225 262.820664162
1.43944514902 140.489908554 259.916875193
1.44578630311 138.850881313 257.051211019
1.4521274572 137.229905877 254.22300714
1.45846861129 135.62674679 251.431613479
1.46480976538 134.041172669 248.676393979
1.47115091947 132.472956124 245.95672629
1.47749207356 130.921873667 243.272001368
1.48383322765 129.387705631 240.621623165
1.49017438174 127.870236088 238.00500827
1.49651553583 126.369252768 235.421585649
1.50285668992 124.884546986 232.870796244
1.50919784401 123.415913564 230.352092734
1.5155389981 121.963150756 227.864939244
1.52188015219 120.526060181 225.408811003
1.52822130628 119.104446748 222.983194144
1.53456246037 117.698118594 220.587585362
1.54090361446 116.30688701 218.221491712
1.54724476855 114.930566384 215.884430311
1.55358592264 113.568974134 213.575928122
1.55992707673 112.221930644 211.295521704
1.56626823082 110.88925921 209.042756977
1.57260938491 109.570785977 206.817189
1.578950539 108.266339883 204.618381722
1.58529169309 106.975752601 202.445907849
1.59163284718 105.698858489 200.299348528
1.59797400127 104.435494535 198.17829324
1.60431515536 103.1855003 196.082339541
1.61065630945 101.948717876 194.011092899
1.61699746354 100.724991829 191.964166504
1.62333861763 99.5141691567 189.941181092
1.62967977172 98.3160992348 187.941764751
1.63602092581 97.1306337763 185.965552773
1.6423620799 95.9576267837 184.012187472
1.64870323399 94.7969345058 182.081318035
1.65504438808 93.6484153945 180.172600345
1.66138554217 92.5119300627 178.285696847
1.66772669626 91.387341243 176.420276391
1.67406785035 90.2745137483 174.57601409
1.68040900444 89.1733144315 172.752591167
1.68675015853 88.0836121482 170.949694836
1.69309131262 87.0052777183 169.167018145
1.69943246671 85.9381838901 167.404259874
1.7057736208 84.8822053039 165.661124378
1.71211477489 83.8372184573 163.937321481
1.71845592898 82.8031016707 162.232566357
1.72479708307 81.7797350539 160.5465794
1.73113823716 80.7670004735 158.879086117
1.73747939125 79.7647815204 157.229817012
1.74382054534 78.772963479 155.598507484
1.75016169943 77.7914332961 153.984897721
1.75650285352 76.8200795511 152.388732585
1.76284400761 75.8587924263 150.809761514
1.7691851617 74.907463679 149.247738449
1.77552631579 73.9659866122 147.702421691
1.78186746988 73.0342560481 146.173573858
1.78820862397 72.1121683007 144.66096175
1.79454977806 71.1996211496 143.164356292
1.80089093215 70.2965138138 141.683532428
1.80723208624 69.4027469273 140.218269052
1.81357324033 68.5182225132 138.768348911
1.81991439442 67.6428439607 137.333558529
1.82625554851 66.7765160005 135.913688127
1.8325967026 65.919144682 134.508531563
1.83893785669 65.0706373504 133.117886229
1.84527901078 64.2309026246 131.741553
1.85162016487 63.3998503752 130.379336151
1.85796131896 62.5773917032 129.03104329
1.86430247305 61.7634389194 127.696485298
1.87064362714 60.9579055232 126.375476253
1.87698478123 60.1607061831 125.067833359
1.88332593532 59.371756717 123.773376916
1.88966708941 58.5909740726 122.491930207
1.8960082435 57.8182763086 121.223319483
1.90234939759 57.0535825763 119.967373874
1.90869055168 56.2968131016 118.723925355
1.91503170577 55.5478891666 117.492808672
1.92137285986 54.806733093 116.273861294
1.92771401395 54.0732682244 115.066923363
1.93405516804 53.3474189096 113.871837626
1.94039632213 52.6291104866 112.688449414
1.94673747622 51.9182692658 111.516606554
1.95307863031 51.2148225151 110.356159354
1.9594197844 50.5186984434 109.20696052
1.96576093849 49.8298261863 108.068865167
1.97210209258 49.1481357907 106.941730695
1.97844324667 48.4735582003 105.825416804
1.98478440076 47.8060252415 104.719785438
1.99112555485 47.1454696088 103.624700727
1.99746670894 46.4918248518 102.540028952
2.00380786303 45.8450253609 101.465638516
2.01014901712 45.2050063545 100.401399881
2.01649017121 44.5717038659 99.3471855606
2.0228313253 43.9450547304 98.3028700452
2.02917247939 43.324996573 97.2683297968
2.03551363348 42.7114677958 96.2434431882
2.04185478757 42.1044075662 95.2280904834
2.04819594166 41.5037558049 94.222153801
2.05453709575 40.9094531743 93.2255170727
2.06087824984 40.3214410671 92.2380660087
2.06721940393 39.7396615952 91.259688074
2.07356055802 39.1640575785 90.2902724475
2.07990171211 38.5945725344 89.329710002
2.0862428662 38.0311506667 88.3778932602
2.09258402029 37.4737368557 87.4347163754
2.09892517438 36.922276648 86.5000750949
2.10526632847 36.3767162458 85.5738667239
2.11160748256 35.837002498 84.6559901323
2.11794863665 35.3030828896 83.7463456818
2.12428979074 34.7749055331 82.8448352134
2.13063094483 34.2524191583 81.95136205
2.13697209892 33.7355731038 81.0658309248
2.14331325301 33.2243173076 80.1881479947
2.1496544071 32.7186022986 79.3182207816
2.15599556119 32.2183791873 78.4559581891
2.16233671528 31.7235996582 77.601270426
2.16867786937 31.2342159606 76.7540690339
2.17501902346 30.7501809006 75.9142668347
2.18136017755 30.2714478333 75.0817779133
2.18770133164 29.7979706545 74.256517593
2.19404248573 29.3297037928 73.4384024436
2.20038363982 28.8666022024 72.6273501998
2.20672479391 28.4086213553 71.8232798048
2.213065948 27.9557172334 71.0261113476
2.21940710209 27.5078463223 70.235766064
2.22574825618 27.064965603 69.4521663018
2.23208941027 26.6270325455 68.6752355202
2.23843056436 26.1940051018 67.9048982541
2.24477171845 25.7658416989 67.1410801038
2.25111287254 25.3425012323 66.383707721
2.25745402663 24.9239430595 65.6327087751
2.26379518072 24.5101269929 64.8880119632
2.27013633481 24.1010132946 64.1495469611
2.2764774889 23.6965626688 63.4172444344
2.28281864299 23.2967362567 62.6910360004
2.28915979708 22.9014956301 61.9708542333
2.29550095117 22.5108027851 61.2566326257
2.30184210526 22.124620137 60.548305596
2.30818325935 21.7429105138 59.845808456
2.31452441344 21.3656371509 59.1490774005
2.32086556753 20.9927636856 58.4580494977
2.32720672162 20.6242541516 57.7726626717
2.33354787571 20.2600729733 57.0928556956
2.3398890298 19.9001849608 56.418568156
2.34623018389 19.5445553048 55.7497404665
2.35257133798 19.1931495712 55.0863138424
2.35891249207 18.8459336962 54.4282302827
2.36525364616 18.5028739811 53.7754325637
2.37159480025 18.1639370879 53.1278642318
2.37793595434 17.829090034 52.4854695782
2.38427710843 17.4983001877 51.8481936357
2.39061826252 17.1715352637 51.2159821658
2.39695941661 16.8487633182 50.5887816498
2.4033005707 16.5299527444 49.9665392659
2.40964172479 16.2150722685 49.3492028976
2.41598287888 15.9040909448 48.7367211
2.42232403297 15.5969781518 48.1290431062
2.42866518706 15.2937035877 47.5261188144
2.43500634115 14.9942372664 46.9278987709
2.44134749524 14.6985495133 46.3343341588
2.44768864933 14.4066109613 45.7453768027
2.45402980342 14.1183925469 45.160979139
2.46037095751 13.8338655061 44.5810942242
2.4667121116 13.5530013709 44.005675712
2.47305326569 13.2757719651 43.4346778494
2.47939441978 13.0021494007 42.8680554763
2.48573557387 12.7321060745 42.305763995
2.49207672796 12.4656146639 41.7477593859
2.49841788205 12.2026481241 41.1939981786
2.50475903614 11.9431796839 40.6444374577
2.51110019023 11.6871828425 40.0990348471
2.51744134432 11.4346313662 39.5577484997
2.52378249841 11.1854992851 39.0205371056
2.5301236525 10.9397608893 38.4873598595
2.53646480659 10.6973907263 37.9581764703
2.54280596068 10.4583635973 37.4329471486
2.54914711477 10.2226545545 36.9116325984
2.55548826886 9.99023889731 36.3941940117
2.56182942295 9.76109217005 35.8805930588
2.56817057705 9.53519015843 35.3707918891
2.57451173114 9.31250888675 34.8647531047
2.58085288523 9.09302461495 34.3624397775
2.58719403932 8.87671383568 33.8638154266
2.59353519341 8.66355327154 33.3688440199
2.5998763475 8.4535198722 32.8774899614
2.60621750159 8.24659081167 32.3897180873
2.61255865568 8.04274348555 31.905493661
2.61889980977 7.84195550841 31.4247823679
2.62524096386 7.64420471107 30.9475503046
2.63158211795 7.44946913804 30.4737639735
2.63792327204 7.25772704494 30.0033902881
2.64426442613 7.06895689597 29.5363965451
2.65060558022 6.88313736142 29.0727504456
2.65694673431 6.70024731518 28.6124200643
2.6632878884 6.52026583238 28.1553738636
2.66962904249 6.34317218693 27.7015806735
2.67597019658 6.16894584919 27.2510097006
2.68231135067 5.99756648369 26.8036305049
2.68865250476 5.82901394678 26.3594130157
2.69499365885 5.66326828439 25.9183275069
2.70133481294 5.50030972982 25.4803446071
2.70767596703 5.34011870155 25.0454352837
2.71401712112 5.18267580104 24.6135708478
2.72035827521 5.02796181065 24.1847229387
2.7266994293 4.87595769149 23.7588635298
2.73304058339 4.72664458137 23.3359649166
2.73938173748 4.58000379274 22.915999717
2.74572289157 4.43601681069 22.498940864
2.75206404566 4.29466529098 22.0847616008
2.75840519975 4.155931058 21.6734354777
2.76474635384 4.01979610293 21.2649363492
2.77108750793 3.88624258178 20.8592383705
2.77742866202 3.75525281352 20.4563159873
2.78376981611 3.6268092782 20.0561439394
2.7901109702 3.50089461518 19.6586972504
2.79645212429 3.37749162125 19.2639512299
2.80279327838 3.25658324892 18.8718814639
2.80913443247 3.13815260459 18.4824638157
2.81547558656 3.02218294688 18.095674417
2.82181674065 2.9086576849 17.7114896725
2.82815789474 2.79756037653 17.3298862466
2.83449904883 2.6888747268 16.9508410637
2.84084020292 2.58258458624 16.5743313133
2.84718135701 2.47867394922 16.2003344275
2.8535225111 2.37712695241 15.8288280969
2.85986366519 2.27792787317 15.4597902559
2.86620481928 2.18106112798 15.0931990842
2.87254597337 2.08651127095 14.7290330011
2.87888712746 1.99426299226 14.3672706651
2.88522828155 1.90430111668 14.007890963
2.89156943564 1.81661060211 13.6508730222
2.89791058973 1.73117653809 13.2961961909
2.90425174382 1.64798414439 12.9438400453
2.91059289791 1.5670187696 12.5937843835
2.916934052 1.48826588969 12.2460092229
2.92327520609 1.41171110666 11.9004947974
2.92961636018 1.33734014717 11.5572215547
2.93595751427 1.2651388612 11.2161701535
2.94229866836 1.19509322069 10.8773214597
2.94863982245 1.12718931827 10.5406565462
2.95498097654 1.06141336595 10.2061566885
2.96132213063 0.997751693817 9.87380336081
2.96766328472 0.936190748813 9.54357823786
2.97400443881 0.876717093464 9.21546318663
2.9803455929 0.81931740466 8.88944026791
2.98668674699 0.763978472437 8.56549173392
2.99302790108 0.710687198779 8.24360002238
2.99936905517 0.659430596436 7.92374775912
3.00571020926 0.610195787755 7.60591775102
3.01205136335 0.562970003527 7.29009298566
3.01839251744 0.517740581847 6.97625663137
3.02473367153 0.474494966987 6.66439203006
3.03107482562 0.433220708291 6.35448269888
3.03741597971 0.393905459073 6.04651232782
3.0437571338 0.356536975537 5.74046477436
3.05009828789 0.321103115706 5.43632406601
3.05643944198 0.287591838365 5.13407439404
3.06278059607 0.255991202022 4.83370011387
3.06912175016 0.226289363871 4.53518574265
3.07546290425 0.198474578782 4.23851595589
3.08180405834 0.172535198292 3.94367558806
3.08814521243 0.148459669611 3.65064962849
3.09448636652 0.126236534645 3.35942321995
3.10082752061 0.105854429029 3.06998165695
3.1071686747 0.0873020811644 2.78231038424
3.11350982879 0.070568311281 2.4963949949
3.11985098288 0.0556420304997 2.21222122741
3.12619213697 0.042512239912 1.92977496544
3.13253329106 0.0311680296695 1.6490422351
3.13887444515 0.0215985780843 1.37000920364
3.14521559924 0.0137931507396 1.09266217747
3.15155675333 0.00774109961262 0.816987600816
3.15789790742 0.00343186220655 0.542972053726
3.16423906151 0.000854960693943 0.270602250632
