/*--------------------------------*- C++ -*----------------------------------*\
| =========                 |                                                 |
| \\      /  F ield         | OpenFOAM: The Open Source CFD Toolbox           |
|  \\    /   O peration     | Version:  2.4.0-MNF                             |
|   \\  /    A nd           | Web:      www.OpenFOAM.org                      |
|    \\/     M anipulation  |                                                 |
\*---------------------------------------------------------------------------*/
FoamFile
{
    version     2.0;
    format      ascii;
    class       labelList;
    note        "nPoints: 216 nCells: 125 nFaces: 450 nInternalFaces: 300";
    location    "constant/polyMesh";
    object      neighbour;
}
// * * * * * * * * * * * * * * * * * * * * * * * * * * * * * * * * * * * * * //


300
(
1
5
25
2
6
26
3
7
27
4
8
28
9
29
6
10
30
7
11
31
8
12
32
9
13
33
14
34
11
15
35
12
16
36
13
17
37
14
18
38
19
39
16
20
40
17
21
41
18
22
42
19
23
43
24
44
21
45
22
46
23
47
24
48
49
26
30
50
27
31
51
28
32
52
29
33
53
34
54
31
35
55
32
36
56
33
37
57
34
38
58
39
59
36
40
60
37
41
61
38
42
62
39
43
63
44
64
41
45
65
42
46
66
43
47
67
44
48
68
49
69
46
70
47
71
48
72
49
73
74
51
55
75
52
56
76
53
57
77
54
58
78
59
79
56
60
80
57
61
81
58
62
82
59
63
83
64
84
61
65
85
62
66
86
63
67
87
64
68
88
69
89
66
70
90
67
71
91
68
72
92
69
73
93
74
94
71
95
72
96
73
97
74
98
99
76
80
100
77
81
101
78
82
102
79
83
103
84
104
81
85
105
82
86
106
83
87
107
84
88
108
89
109
86
90
110
87
91
111
88
92
112
89
93
113
94
114
91
95
115
92
96
116
93
97
117
94
98
118
99
119
96
120
97
121
98
122
99
123
124
101
105
102
106
103
107
104
108
109
106
110
107
111
108
112
109
113
114
111
115
112
116
113
117
114
118
119
116
120
117
121
118
122
119
123
124
121
122
123
124
)


// ************************************************************************* //
