/*--------------------------------*- C++ -*----------------------------------*\
| =========                 |                                                 |
| \\      /  F ield         | OpenFOAM: The Open Source CFD Toolbox           |
|  \\    /   O peration     | Version:  2.4.0-MNF                             |
|   \\  /    A nd           | Web:      www.OpenFOAM.org                      |
|    \\/     M anipulation  |                                                 |
\*---------------------------------------------------------------------------*/
FoamFile
{
    version     2.0;
    format      ascii;
    class       volScalarField;
    location    "0.0007";
    object      dsmcRhoNMean_O2;
}
// * * * * * * * * * * * * * * * * * * * * * * * * * * * * * * * * * * * * * //

dimensions      [0 -3 0 0 0 0 0];

internalField   nonuniform List<scalar> 
5120
(
2.67
2.69
2.54
2.68
2.97
2.91
3.12
3.11
3.24
3.22
3.05
2.68
2.76
2.68
2.59
2.72
2.87
2.57
2.53
2.65
3.2
3.17
3.13
3.12
3
3.15
3.21
3.04
2.85
2.93
3.09
3.09
3.12
2.98
3.18
3.05
3
2.94
2.81
2.9
2.32
2.61
2.59
2.72
2.77
2.46
2.52
2.52
2.48
2.76
2.72
2.77
2.72
2.57
2.69
2.55
2.56
2.38
2.41
2.29
2.48
2.59
2.55
2.44
2.57
2.5
2.66
2.88
3.03
3.02
3.02
2.74
2.97
2.71
2.62
2.49
2.32
2.45
2.41
2.45
2.3
2.38
2.43
2.66
2.77
2.87
3.06
2.97
2.87
3.01
3.02
2.88
2.61
2.63
2.48
2.74
2.6
2.65
2.73
2.46
2.82
2.74
2.84
2.81
2.89
3.1
2.97
3.03
3.06
2.84
2.71
3.03
3.04
3.19
3.32
3
2.99
2.77
2.8
2.84
3.12
3.24
3.13
3
2.77
2.42
2.49
2.6
2.84
2.92
3
2.78
2.86
2.38
2.2
2.43
2.71
2.91
2.97
3.05
2.75
3.06
3.09
3.15
3.21
3.42
3.41
3.27
3.2
2.88
2.99
2.81
2.75
2.81
2.88
2.6
2.35
2.34
2.29
2.65
2.68
2.55
2.45
2.45
2.31
2.33
2.57
2.82
3.11
2.96
2.97
3.09
3.02
2.77
2.63
2.99
3.02
2.91
2.82
2.83
2.58
2.38
2.26
2.53
2.79
2.96
2.97
2.93
2.72
2.71
2.74
2.63
2.73
2.92
2.85
2.75
2.57
2.81
2.72
2.75
2.91
2.88
2.72
2.42
2.51
2.66
2.75
2.67
2.55
2.4
2.52
3
3.04
2.6
2.68
2.62
2.65
2.63
2.58
2.62
2.61
2.61
2.5
2.61
2.47
2.27
2.38
2.56
2.55
2.68
2.72
2.51
2.25
2.32
2.1
2.35
2.54
2.5
2.35
2.48
2.47
2.35
2.27
2.5
2.51
2.63
2.49
2.48
2.55
2.14
2.04
2.04
2.3
2.25
2.31
2.21
2.31
2.29
2.34
2.43
2.43
2.66
2.58
2.35
2.44
2.37
2.73
2.86
2.67
2.67
2.68
2.83
2.81
2.92
2.86
2.76
2.65
2.69
2.57
2.58
2.93
2.83
2.88
2.97
2.98
3.21
2.98
2.83
3
2.91
2.99
3.1
3.09
2.63
2.39
2.42
2.5
2.51
2.68
2.85
2.77
2.98
2.98
2.88
2.86
2.79
2.83
2.96
2.98
2.95
2.81
2.81
2.7
2.72
2.85
2.83
2.77
2.9
2.84
2.68
2.27
2.59
2.8
2.71
2.95
2.79
2.8
2.89
2.68
2.84
2.95
2.85
2.73
2.75
2.84
2.81
2.69
2.67
2.54
2.41
3.29
3.51
3.3
3.16
2.89
2.88
3.04
3.04
2.81
2.63
2.72
2.6
2.58
2.78
2.9
2.82
3.04
3.18
3.42
3.22
2.99
2.63
2.56
2.38
2.58
2.76
2.64
2.66
2.45
2.27
2.22
2.36
2.32
2.33
2.29
2.55
2.74
2.93
2.95
2.89
2.87
2.53
2.4
2.34
2.1
2.24
2.27
2.09
2.07
2.27
2.33
2.41
2.72
2.72
2.86
3.13
3.21
3.28
2.99
2.93
2.89
3
3.27
3.09
3.23
3.1
3.06
2.83
2.8
2.49
2.78
2.66
2.74
2.79
2.87
2.92
2.88
2.83
2.99
2.94
2.92
2.77
2.94
2.79
3.09
2.99
3.08
3.15
3.01
3.37
3.42
3.52
3.17
3.13
2.75
2.79
2.5
2.62
2.59
2.69
2.92
2.77
2.76
2.51
2.53
2.66
2.78
2.85
2.88
2.71
2.69
2.47
2.36
3
3.5
3.43
3.37
2.82
2.87
2.79
2.71
2.69
2.81
2.74
2.69
2.4
2.19
2.21
2.28
2.51
2.78
3.37
3.53
3.21
2.91
2.79
2.91
2.89
2.89
2.92
2.4
2.44
2.49
2.79
2.92
3.04
2.74
2.76
2.77
2.78
2.72
2.25
2.42
2.2
2.32
2.42
2.76
2.59
2.8
2.37
2.68
2.79
2.89
3
2.83
2.96
3.28
3.16
3.08
3.05
2.82
2.71
2.69
2.54
2.56
2.48
2.86
2.69
2.81
2.79
2.47
2.47
2.75
2.68
2.7
2.47
2.41
2.59
2.83
2.9
2.83
2.45
2.73
2.93
2.94
2.87
2.77
2.51
2.58
2.67
1.94
2
2.05
2.22
2.3
2.58
2.71
2.48
2.2
2.4
2.86
3.21
2.75
2.77
2.46
2.54
2.61
2.59
2.63
2.22
2.68
2.67
2.77
2.82
2.76
2.74
2.69
2.63
2.94
3.05
3.24
3.02
3.04
2.68
2.95
2.81
2.61
2.54
2.53
2.71
2.64
2.4
2.72
2.84
2.79
2.78
2.98
3.26
2.8
3.03
3
2.86
2.71
2.78
2.68
2.74
2.66
2.65
2.62
2.49
2.73
3.1
3.09
3.18
2.93
3.02
2.93
2.73
2.78
2.68
2.49
2.55
2.89
2.74
2.63
2.46
2.5
2.75
2.6
2.69
3.07
2.88
2.71
2.93
2.88
3.14
3.09
3.26
3.25
2.94
2.93
2.94
2.85
3.06
3.1
3.12
3.06
2.99
3
3.04
2.81
2.89
2.82
2.78
2.99
3
2.88
2.79
2.96
2.96
3.15
2.93
2.83
2.85
2.62
2.85
2.72
2.61
2.67
2.83
2.68
2.69
2.86
2.87
3.08
3.06
2.92
2.81
2.63
2.81
2.81
3.01
3.13
3.38
3.49
3.48
3.2
2.8
2.85
2.92
3.15
3.15
3.42
3.43
3.21
3.25
3.15
3.02
3.36
2.94
2.81
2.61
2.64
2.64
2.86
2.62
2.64
3.06
3.19
3.14
2.94
3.21
3
2.83
3.06
2.93
2.79
3.2
2.93
2.81
2.84
2.9
2.99
2.64
2.37
2.27
2.51
2.6
2.7
2.86
2.63
2.64
2.69
2.67
2.78
2.94
3.03
2.83
2.85
2.94
2.86
3.06
2.9
2.78
2.84
2.63
2.89
2.83
2.72
2.86
3.16
3.24
3.13
2.99
2.98
2.8
2.73
2.89
2.73
2.67
2.88
2.67
2.75
2.65
2.87
2.94
2.7
2.63
2.96
2.92
2.49
2.57
2.58
2.8
2.71
2.69
2.49
2.59
2.55
2.51
2.4
2.83
2.83
2.88
2.69
2.76
2.74
3.04
2.72
2.64
2.59
2.47
2.23
2.29
2.4
2.23
2.43
2.37
2.53
2.62
2.67
2.55
2.91
2.97
2.68
2.69
3.08
3.06
2.9
2.72
2.85
2.73
2.76
3
2.82
2.91
2.63
2.67
2.35
2.34
2.57
2.87
2.63
2.97
3.11
2.85
2.23
2.22
2.43
2.6
3.07
3.13
3.05
2.88
2.79
2.71
2.78
2.55
2.65
2.51
2.25
2.5
2.68
2.75
2.69
2.85
2.77
2.91
2.79
2.85
2.63
2.57
2.67
2.68
2.47
2.59
2.51
2.44
2.62
2.48
2.62
2.52
2.59
2.59
2.58
2.47
2.27
2.4
2.5
2.61
2.88
2.97
2.73
2.6
2.86
2.8
2.71
2.61
2.52
2.55
2.48
2.29
2.32
2.5
2.58
2.28
2.29
2.11
2.21
2.63
2.64
2.6
2.53
2.25
2.84
2.89
2.85
2.93
2.8
2.86
2.64
2.46
2.56
2.43
2.15
2.42
2.71
2.89
2.76
2.6
2.72
2.65
2.59
2.46
2.45
2.24
2.17
2.18
2.31
2.53
2.68
2.68
2.86
2.84
2.99
2.91
2.84
2.93
2.95
2.84
3.18
2.98
3.03
2.92
2.68
2.53
2.64
2.46
2.63
2.75
2.88
2.58
2.4
2.48
2.84
2.8
2.9
2.96
2.91
3.26
2.75
2.84
3.19
3.36
3.1
3.32
3.15
3.05
2.84
3.06
2.91
2.86
2.77
2.54
2.71
2.78
2.75
2.87
3.08
2.77
3.1
2.72
2.81
2.84
2.96
3.1
2.96
3.03
3.26
3.22
3.43
3.47
3.4
3.12
2.74
2.86
2.45
2.62
2.54
3.18
2.44
2.68
2.8
2.96
2.66
2.73
2.76
2.63
2.78
3.04
3.01
3.16
3.03
3.1
3.09
3.19
2.93
3.07
3.09
2.52
2.85
2.84
2.75
2.69
2.64
2.51
2.71
2.68
2.79
2.93
3.04
2.87
2.74
2.79
2.75
2.88
3
2.87
2.71
2.62
2.49
2.6
2.58
2.42
2.57
2.57
2.97
2.99
2.86
2.89
2.74
2.91
2.95
2.78
3.1
2.95
2.76
2.67
2.66
2.74
2.47
2.64
2.83
3.2
3.31
3.08
2.83
2.71
2.66
2.71
2.5
2.07
2.11
2.41
2.46
2.41
2.35
2.51
2.44
2.37
2.87
2.84
2.77
2.88
2.86
2.89
3.11
2.92
3.04
3.03
2.91
2.99
3.1
2.84
2.66
2.71
2.75
2.93
2.8
2.85
3.32
3.3
3.54
3.33
3.23
3.62
3.35
3.38
3.33
3.33
3.67
3.38
3.32
3.28
3.31
3.16
3.07
3.01
2.83
3.25
2.51
2.65
2.59
2.37
2.65
2.69
2.94
3
2.9
2.76
2.72
2.79
2.66
2.3
2.57
2.78
2.73
2.7
2.95
2.57
2.83
2.63
2.81
2.87
3.07
2.79
2.55
2.75
2.9
2.84
2.92
2.98
2.86
2.8
2.63
2.8
3.15
3.09
3.14
2.97
3.24
3.2
3.09
2.81
2.75
2.72
2.72
2.75
2.8
2.98
3.06
3.07
2.98
3.07
3.13
3.14
3.02
2.94
2.92
3.23
2.26
2.1
2.18
2.3
2.2
2.24
2.35
2.47
2.57
2.52
2.51
2.64
2.79
2.81
3.04
3.12
3.03
2.76
2.7
2.46
2.76
2.57
2.43
2.54
2.54
2.29
2.3
2.2
2
1.87
2.33
2.17
2.65
2.76
2.57
2.51
2.76
2.88
2.98
2.89
3.18
3.24
3.1
3.2
2.95
2.91
2.93
2.8
2.79
2.69
2.63
2.74
2.73
2.37
2.59
2.34
2.65
2.71
2.89
2.94
2.89
2.54
2.47
2.15
2.46
2.58
2.54
2.5
2.48
2.55
2.86
2.81
3.1
3.12
3.16
2.93
3.1
3.16
3
3.2
2.71
2.85
2.82
2.65
2.73
2.77
2.85
3.03
2.9
2.82
2.77
2.89
2.74
2.44
2.68
2.79
2.74
2.63
2.66
2.43
2.76
2.68
2.69
2.22
2.36
2.48
2.56
2.71
2.85
2.88
2.61
2.56
2.45
2.58
2.48
2.61
2.79
3.01
2.76
2.77
2.55
2.75
2.76
2.85
3
2.95
2.91
2.62
2.53
2.48
2.58
2.7
2.79
2.83
2.56
2.45
2.5
2.64
2.73
2.5
2.61
2.43
2.4
2.6
2.56
2.44
2.36
2.63
2.53
2.54
2.86
2.81
2.89
3.11
3.16
2.94
2.82
2.65
2.7
2.75
2.56
2.79
2.69
2.39
2.18
2.27
2.26
2.57
2.84
3.07
3.01
2.85
2.77
2.68
2.64
2.78
2.79
2.85
2.6
2.58
3.06
2.67
3.02
3.11
3.21
3.08
2.79
2.59
2.79
2.57
2.6
2.64
2.94
3.18
3.35
3.19
3.25
3.38
3.29
2.98
3.12
2.87
2.64
2.58
2.73
3.2
3.1
3.27
3.03
2.94
3.06
2.96
2.88
2.57
2.77
2.7
2.93
3.15
3.17
3.23
2.6
2.43
2.51
2.5
2.38
2.2
2.57
2.7
2.8
2.7
3.13
3.01
2.93
2.77
2.88
2.62
2.48
2.53
2.5
2.68
2.7
2.93
2.88
3.13
3.2
3.09
3.15
3.25
3.03
2.98
2.76
2.83
2.94
2.77
2.71
2.89
2.73
2.47
2.75
2.77
2.85
2.7
2.74
2.9
3.17
3.05
3.06
2.94
2.99
2.79
2.86
2.57
2.64
2.86
2.96
2.75
2.61
2.7
2.65
2.65
2.76
2.92
2.92
2.9
2.67
3.03
3.26
3.15
2.88
2.89
2.84
2.88
2.68
2.58
2.5
2.58
2.78
2.79
2.83
2.72
2.81
2.55
2.66
2.92
2.68
2.61
2.66
2.59
2.58
2.46
2.43
2.56
3.09
3.01
2.84
2.76
2.86
2.8
2.78
2.94
2.32
2.4
2.56
2.62
2.65
2.89
2.77
2.74
2.96
2.82
2.63
2.72
2.36
2.49
2.33
2.44
2.65
2.63
2.9
2.5
2.43
2.67
2.52
2.49
2.3
2.38
2.56
2.78
2.72
2.96
2.76
2.6
2.49
2.42
2.73
2.72
2.72
2.58
2.47
2.42
2.95
3.03
3.22
3.05
2.97
2.77
3.02
3.07
3.21
2.85
3.08
2.96
2.91
3.07
2.78
2.86
2.52
2.53
2.53
2.51
3.26
3.31
3.13
3.07
3.21
3.18
2.8
2.9
2.62
2.64
2.58
2.65
2.8
3.16
2.94
3.08
3.32
3.01
3.12
3.35
2.8
2.91
3.18
3.34
3.04
3.1
3.31
3.2
3.01
2.96
2.88
2.86
2.71
2.82
2.8
2.73
2.77
3.02
2.99
2.9
3.02
3.05
2.82
2.5
2.3
2.25
2.33
2.23
2.36
2.47
2.17
2.04
2.13
2.28
2.36
2.57
2.67
2.49
2.32
2.48
2.83
3.14
3.12
2.84
2.92
2.96
3.05
3.14
2.84
2.65
2.76
2.72
2.9
2.95
3.51
3.32
3.25
3.01
2.85
2.68
3.04
2.62
2.33
2.65
3.01
3.37
3
2.85
2.87
2.81
2.96
2.87
2.8
2.77
2.55
2.45
2.62
2.92
3.29
3.25
2.44
2.55
2.56
2.63
2.61
2.56
2.55
2.62
2.9
2.96
2.81
2.74
2.88
2.68
2.68
2.9
2.74
2.88
2.76
2.63
3.12
3.2
3.12
2.65
2.66
2.8
2.82
2.79
2.8
2.75
3.08
2.98
2.86
3.07
2.86
2.64
2.68
2.77
2.82
3.21
3.04
3.35
3.69
3.81
3.68
3.22
2.95
2.91
2.68
2.9
2.93
2.57
2.7
2.69
2.61
2.71
2.86
2.69
2.52
2.81
3.13
2.74
2.86
2.99
2.85
2.74
2.41
2.34
2.39
2.51
2.54
2.48
2.43
2.55
2.61
2.59
2.91
3.1
3.07
3.06
2.9
2.82
2.63
2.69
2.45
2.7
2.92
3.11
3.09
2.88
2.64
2.65
2.77
2.85
2.87
2.58
2.79
2.73
2.7
2.65
2.58
2.24
2.45
2.52
2.36
2.59
2.9
2.83
3.05
3.15
3.07
2.81
2.99
3
2.98
3.16
2.95
2.96
2.8
2.7
2.53
2.28
2.43
2.47
2.61
2.81
2.54
2.44
2.4
2.78
3.01
3.09
2.94
3.01
3.12
3.03
3.01
2.99
2.9
2.65
3.11
3.36
3.18
3.43
3.14
3.04
3.03
3.46
3.71
3.52
3.24
2.97
2.81
2.77
2.75
3.07
3.07
3
2.61
2.93
2.96
3.08
3.23
3.3
3.4
3.42
3.12
2.86
2.42
2.46
2.84
2.93
2.72
2.62
2.61
2.55
2.51
2.61
2.63
2.99
2.81
2.69
2.8
2.78
2.67
2.8
2.77
2.9
3.16
2.98
2.97
2.67
2.72
2.78
2.93
2.58
2.64
2.89
2.93
2.74
2.86
2.8
3.03
3.08
3.1
2.91
2.98
2.75
2.97
2.8
2.69
2.61
2.72
2.48
2.63
2.88
2.94
2.62
2.45
2.77
3.26
3.12
3.15
2.86
2.8
2.53
2.58
2.55
2.5
2.81
2.89
2.84
2.81
2.71
2.82
2.97
2.85
3.38
3.46
3.35
2.38
2.26
2.42
2.7
2.71
2.59
2.78
2.88
2.75
3.03
2.91
3.02
3.04
3.13
3.28
2.76
2.51
2.76
2.85
2.8
3.01
3.09
3.24
3.3
3.28
2.97
2.76
2.7
2.84
2.75
2.84
2.73
2.65
2.27
2.41
2.62
2.69
2.65
2.88
2.99
2.6
2.74
2.71
3.06
2.98
2.93
3
2.97
3.26
3.37
3.1
3.01
2.93
2.7
2.62
2.47
2.59
2.61
2.55
2.6
2.76
3.03
2.72
2.67
2.53
2.54
2.47
2.6
2.49
2.46
2.37
2.59
2.65
2.51
2.68
2.83
2.94
2.68
2.83
2.51
2.57
2.52
2.61
2.57
2.64
2.84
2.69
2.57
2.38
2.31
2.39
2.42
2.58
2.62
2.82
2.65
2.63
2.46
2.45
2.61
2.64
2.75
2.66
2.88
3.07
3.09
3.19
3.03
3.1
3.19
3.01
3.04
3
2.9
3.07
2.79
2.77
2.59
2.69
2.65
3.11
2.89
2.42
2.18
2.32
2.67
2.71
3.04
3.21
3.03
3.14
3.38
3.42
3.13
2.93
3.1
2.99
2.98
2.96
3.11
2.45
2.48
2.44
2.59
2.91
2.96
2.72
2.58
2.48
2.63
2.62
2.69
2.88
3.12
3.48
3.12
2.96
3.03
2.46
2.48
2.95
3.06
3.05
2.89
2.75
2.5
2.62
2.54
2.84
3.07
3.12
3.08
2.85
2.51
2.43
2.73
2.75
2.79
2.76
2.79
2.95
3.02
2.95
3.07
3.24
2.9
2.92
2.8
2.59
2.65
2.87
2.95
3.12
3.08
2.8
2.82
2.78
2.76
3.02
2.83
2.67
2.62
2.5
2.4
2.56
2.54
2.47
2.45
2.48
2.39
2.29
2.47
2.29
2.52
2.66
2.52
2.39
2.36
2.4
2.45
3.08
2.95
2.81
3.03
3
3.09
3.1
2.98
2.51
2.84
2.88
2.98
2.78
2.75
2.57
2.67
2.73
2.48
2.75
3
3.06
3.11
2.97
2.83
2.96
2.82
2.64
2.65
3.01
2.88
2.49
2.75
2.77
2.67
2.57
2.85
2.8
2.98
3.13
3.05
2.88
3.07
3.28
2.99
2.76
2.78
2.79
2.7
2.76
2.71
2.96
2.75
2.63
2.72
2.81
3.05
3.16
3.13
2.96
2.9
2.96
3.12
2.93
2.54
2.48
2.63
2.79
2.73
2.75
2.96
2.94
3.13
3.05
3.14
3.13
3.03
2.91
2.84
2.94
3.09
2.46
2.46
2.51
2.79
2.74
2.74
2.86
2.85
2.9
2.73
2.7
2.81
2.73
2.95
3.19
3.29
3.34
3.26
3.06
2.57
2.89
2.73
2.82
2.67
2.95
3.16
3.12
3.22
3.11
3.28
3.36
3.38
3.3
3.2
3.1
2.95
2.83
2.71
2.73
2.86
3.21
3.14
3.02
2.92
2.93
2.95
2.87
2.7
2.81
2.87
2.85
2.65
2.94
2.91
2.71
2.86
2.84
3.01
3.04
3.19
2.46
2.52
2.58
2.52
2.61
2.72
2.74
2.84
2.77
2.69
2.65
3
2.97
2.78
2.88
2.8
2.49
2.45
2.51
2.6
2.73
2.74
2.62
2.57
2.45
2.39
2.48
2.38
2.6
2.89
2.85
2.68
2.59
2.73
2.71
2.66
2.88
2.99
2.84
2.99
2.98
2.89
2.65
2.8
2.91
2.75
2.84
2.96
2.86
2.84
2.3
2.29
2.15
2.08
2.21
2.36
2.27
2.67
2.77
2.85
2.63
2.65
2.92
3.02
3.04
2.8
2.46
2.53
2.39
2.58
3
3.01
2.78
2.83
2.72
2.81
2.7
2.46
2.29
2.46
3.27
3.22
2.95
2.83
2.74
2.6
2.63
2.76
3.03
3.05
2.88
3.05
2.97
2.96
2.78
2.46
2.31
2.78
3
3.35
2.45
2.5
2.66
2.8
2.5
2.76
2.83
3.1
3.21
3.21
3.01
3.09
2.95
2.73
2.44
2.76
2.89
2.8
2.67
2.55
2.5
2.53
2.53
2.72
2.65
2.64
2.66
2.85
2.81
2.72
2.86
2.82
2.8
2.97
2.98
2.81
2.72
2.96
3.09
2.86
2.96
2.85
2.8
2.69
2.72
2.87
3.15
2.76
2.94
3.03
3
2.72
2.52
2.6
2.73
2.71
2.54
2.52
2.86
3.1
2.74
2.74
2.55
2.57
2.85
2.84
3.04
3.16
3.25
3
2.86
2.72
2.95
2.89
2.93
3.04
3.16
3.14
2.95
2.78
2.66
2.65
2.97
2.96
2.72
2.52
2.62
2.63
2.67
2.69
2.72
2.73
2.51
2.71
2.7
2.76
3.15
3.06
2.88
2.71
3.1
3.13
3.27
3.18
2.98
3.35
3.41
3.07
3
3.13
3.28
3.14
3.27
3.37
3.13
2.85
2.59
2.74
2.92
3.1
2.43
2.3
2.27
2.25
2.6
2.37
2.42
2.54
2.57
2.53
2.76
2.75
3.14
2.98
3.08
3.11
3.15
3.09
2.8
2.63
2.68
2.84
2.59
2.73
2.59
2.65
2.55
2.79
2.59
2.66
2.73
2.79
2.71
2.86
2.83
2.87
2.56
2.69
2.65
2.41
2.92
2.97
2.82
2.8
2.65
2.63
2.43
2.4
2.73
2.82
2.72
2.56
2.52
2.29
2.44
2.6
3.08
3.12
3.02
2.79
2.96
3.03
2.82
2.66
2.65
2.71
2.7
2.71
2.59
2.63
2.9
2.75
2.73
2.76
2.6
2.57
2.67
2.49
2.75
3.05
3.02
2.75
2.78
2.96
3.1
2.96
2.73
3.01
3
3.03
2.83
2.8
2.84
2.78
2.54
2.64
2.71
2.93
2.95
3.05
2.83
2.91
2.78
2.78
2.86
2.89
2.87
2.88
3.01
2.77
2.65
2.83
2.85
2.87
2.78
2.83
2.85
3.07
3.08
3
2.95
2.86
3.16
3.21
3.04
2.98
2.9
2.83
2.41
2.56
2.76
2.87
3.1
3.04
3.26
2.96
2.94
3.01
2.93
2.88
2.94
2.87
2.94
2.88
2.75
2.62
2.78
2.88
3
3.04
3
3.29
3.22
3.24
3.14
3.19
3.31
2.97
3.05
2.95
3.01
3.13
3.14
3.02
3.36
3.05
3.24
3.17
2.99
2.76
2.44
2.54
2.46
2.73
2.74
2.68
2.81
2.91
2.87
2.93
2.74
2.92
3.12
3.01
3.1
3.06
3.14
3.24
3.2
2.98
3.1
3.11
3.04
2.89
3.09
3.08
3.17
3.36
2.89
2.81
2.56
2.89
2.99
2.85
2.85
2.52
2.45
2.84
2.63
2.49
2.34
2.62
2.51
2.78
2.74
2.6
2.51
2.4
2.67
2.65
3.27
3.2
2.98
3.11
3.09
3.14
3.1
2.68
2.8
2.62
2.63
2.42
2.45
2.61
2.73
3
3.32
3.3
3.06
2.97
2.78
2.76
2.71
3.01
2.75
2.71
2.55
2.73
2.97
2.9
2.72
2.98
3.04
3.02
3.38
3.27
2.95
2.98
2.76
2.77
3.25
3.15
3.19
3.09
2.75
2.93
3.02
2.86
2.97
3.14
3.37
3.33
3.33
3.38
3.22
3.07
3.14
3.2
3.22
3.2
2.84
2.74
2.78
2.68
2.9
2.67
2.66
2.81
2.7
2.78
3.03
3.01
2.97
3.04
2.78
2.76
2.55
2.57
2.71
2.82
2.69
3.18
3.23
3.51
3.24
3.04
2.95
2.85
2.95
2.58
2.99
3.04
3.28
2.59
2.63
2.61
2.48
2.39
2.36
2.58
2.78
2.63
2.28
2.26
2.37
2.52
2.8
2.82
2.88
2.89
2.71
2.63
2.59
2.51
2.62
2.91
2.92
2.99
3.13
3.08
2.53
2.64
2.99
2.81
3.14
3.26
2.85
2.75
2.88
2.88
2.92
3.04
2.94
3.1
3.01
2.7
2.8
2.74
2.61
2.52
3.35
3.08
2.7
2.72
2.55
2.47
2.58
2.49
2.61
2.48
2.66
2.5
2.41
2.44
2.52
2.59
2.52
2.96
3.1
3.36
2.56
2.93
3.02
2.95
3.13
2.85
2.71
2.82
2.85
2.95
3.12
2.98
2.98
2.92
2.8
2.85
2.73
2.63
2.44
2.52
2.68
2.63
2.65
2.69
2.4
2.54
2.66
2.5
2.73
2.52
2.74
2.45
2.79
3.15
3.23
3.32
3.28
3.01
2.97
2.72
2.78
2.91
2.84
2.81
2.54
2.49
2.37
2.66
2.96
2.89
3.12
2.99
2.7
2.67
2.75
2.98
3.12
2.89
2.63
2.73
2.63
2.6
2.49
2.67
2.57
2.73
3.03
2.89
2.92
2.89
2.53
2.2
2.26
2.15
2.07
2.23
2.14
2.17
2.32
2.5
3.05
3.13
2.87
2.71
2.68
3.06
3.01
2.75
2.82
2.92
3
3.03
3.08
2.77
2.75
2.5
2.59
2.67
2.54
2.9
2.69
2.69
2.8
2.79
2.86
3.17
3.22
3.19
3.26
3.1
3.01
3
3.01
2.96
3.02
3.04
2.67
2.71
2.69
2.68
2.72
2.59
2.53
2.61
2.74
3.23
3.15
3.01
3.12
3.47
3.44
3
3.02
3.15
3.07
3.06
2.95
3.11
3.14
2.9
2.92
2.64
2.58
2.76
2.75
2.93
2.85
3.08
2.78
2.85
2.71
2.61
2.93
2.76
2.91
2.83
2.88
2.93
2.93
2.93
2.93
3.04
2.99
2.88
2.97
2.94
2.8
2.98
3.15
3.07
2.9
2.97
2.99
2.71
2.67
2.61
2.53
2.39
2.56
3.03
3.06
3.13
3.01
3.09
2.95
2.68
2.9
3.17
3.23
3.56
3.48
3.11
3.13
3.26
3.18
3.29
3.31
3.01
2.9
3.11
3.14
3.22
3.04
3.17
3.16
3.25
3.3
3.46
3.42
3.09
2.83
2.92
3.11
3.19
2.95
3.01
2.77
3
2.92
2.89
2.76
2.67
2.63
2.76
2.95
2.79
2.83
2.67
2.56
2.8
2.65
2.75
2.63
2.52
2.76
3.1
3.11
2.91
2.87
2.86
3.03
2.98
2.88
3.22
3.29
3.4
3.32
3.23
3.11
3.12
2.88
2.62
2.75
2.74
2.78
3.06
2.94
2.95
2.91
2.92
2.77
2.8
2.99
3.01
2.77
2.66
2.58
2.74
2.67
2.69
2.6
2.68
2.74
2.63
2.73
2.87
2.73
3
2.74
2.68
2.9
2.77
2.94
2.8
2.85
2.96
3.11
2.84
2.91
3.12
3.08
3.08
2.93
3.07
2.86
3.19
3.16
3.1
3.13
3.24
2.83
3.01
2.74
2.84
2.84
2.96
2.93
2.93
2.82
2.91
2.76
3.03
3.02
3.01
3.09
2.79
2.57
2.23
2.2
2.41
2.61
2.61
2.68
2.79
2.91
3.12
2.85
2.88
2.99
3.24
3.09
3.08
2.74
2.93
2.88
2.96
2.8
2.86
2.78
2.51
2.53
2.61
2.7
2.91
2.72
2.86
2.97
2.94
2.67
2.73
2.53
2.68
2.73
2.84
2.79
2.68
2.46
2.51
2.34
2.47
2.78
2.81
2.72
2.69
3.04
2.92
2.95
2.92
2.54
2.8
2.56
2.48
2.25
2.38
2.36
2.49
2.37
2.35
2.8
2.89
3.1
3.01
3.29
3.28
3.48
3.04
2.97
2.68
2.54
2.68
2.76
2.86
2.87
2.86
2.65
2.84
2.97
2.91
2.95
2.96
3.08
2.85
2.97
2.84
2.62
2.35
2.31
2.53
2.79
2.78
2.58
2.46
3.04
3.15
3.07
3.22
2.96
2.95
3.06
2.89
2.68
2.61
2.96
3.19
3.34
3.29
3.27
3.42
3.28
3.18
2.85
2.97
2.83
2.86
3.1
2.77
2.85
3.02
2.7
2.73
2.87
2.91
2.78
2.73
2.87
2.9
3.13
3.01
2.96
2.85
3.23
3.13
2.91
2.72
2.61
2.74
2.5
2.37
2.69
2.66
2.71
2.73
2.88
2.76
2.69
2.66
2.65
2.62
2.78
2.81
2.72
2.86
3.15
3.04
2.95
2.79
2.64
2.8
2.7
2.58
2.85
2.84
2.95
2.87
2.83
2.71
2.75
2.7
2.77
3
2.83
2.85
2.72
2.92
2.72
2.66
2.91
3
2.65
2.83
2.81
2.73
2.88
2.85
3.01
2.92
2.69
2.37
2.41
2.15
2.46
2.78
2.72
3.03
3.15
3
3.02
3.13
2.93
2.85
2.24
2.45
2.53
2.65
2.57
2.36
2.3
2.39
2.66
2.81
3.1
2.95
2.83
2.9
2.87
2.77
2.53
2.34
2.36
2.18
2.66
2.45
2.44
2.37
2.49
2.76
2.7
2.68
2.65
2.65
2.77
2.91
3.19
2.9
2.64
2.4
2.71
2.66
2.75
2.99
2.87
2.86
2.92
3.16
2.78
2.76
2.64
2.63
2.68
2.43
2.65
2.78
2.94
3.21
3.08
3.03
2.9
2.64
2.83
2.57
2.87
2.99
2.99
3
3.08
3.14
3.03
2.81
2.85
2.64
2.36
2.43
2.74
2.8
2.65
2.6
2.58
2.73
2.67
2.7
2.66
2.8
3
3.13
3.25
2.95
3.12
3.14
3.1
3.06
3.04
3
3.04
2.96
2.81
2.74
2.77
2.87
2.88
2.77
2.65
2.84
3.13
2.97
2.78
2.87
2.79
2.7
2.64
3.14
3.16
3.08
2.93
3.27
3.32
3.07
2.91
2.73
2.78
2.78
3.17
3.16
2.77
2.68
2.92
2.81
2.81
3.18
3.13
2.81
2.85
2.96
3.02
2.8
2.73
2.91
2.97
3.01
3.02
2.88
2.7
2.97
3.02
2.92
3.2
3.27
3.16
3.48
3.35
3.44
3.42
3.46
3.28
3.27
3.08
2.97
2.98
2.94
2.94
2.78
2.87
2.99
2.92
2.8
2.59
2.94
2.66
2.83
2.83
2.87
2.67
2.48
2.63
2.56
2.61
2.54
2.88
3
2.73
2.69
2.8
2.51
2.36
2.35
2.62
2.51
2.55
2.41
2.34
2.15
2.18
2.48
2.5
2.51
2.64
2.95
3.08
3.09
3.07
2.94
2.48
2.82
3.01
3.18
3.36
3.19
3.07
3.01
2.74
2.65
3.07
3.19
2.71
2.58
2.5
2.45
2.56
2.59
2.7
2.44
2.78
2.9
2.92
2.89
2.8
2.79
2.74
2.77
2.98
2.98
2.88
2.97
2.75
2.85
2.95
3.07
3.18
3.13
3.12
3.19
2.38
2.57
2.53
2.6
2.74
3
2.77
2.89
2.57
2.87
3.03
3.14
3.02
3.08
2.95
2.71
2.5
2.9
2.6
2.48
2.44
2.62
2.66
3
3.13
2.93
2.99
3.2
3.17
3.12
3.09
2.96
3.23
3.55
3.41
3.23
3.09
2.96
2.76
2.57
3.09
3.13
3.05
3.01
2.96
2.78
3.05
3.09
3.13
3.36
3.28
3.3
3.07
3.15
3.35
3.46
3.34
3.06
3.24
3.06
3.27
3.23
3.34
3.41
3.43
3.37
3.22
3.34
3.29
3.21
3.17
3.15
2.86
2.89
2.99
3.02
3.09
3
3.16
3.26
2.49
2.55
2.64
2.37
2.55
2.29
2.41
2.46
2.62
2.72
2.64
2.75
2.68
2.72
2.43
2.59
2.67
2.71
2.68
2.62
2.77
2.63
2.76
2.58
2.4
2.52
2.58
2.76
2.87
2.61
2.72
2.62
2.57
2.4
2.6
2.7
2.8
2.8
2.98
2.88
2.4
2.44
2.4
2.29
2.5
2.3
2.49
2.47
2.8
2.79
2.73
2.67
2.64
2.71
2.46
2.65
2.5
2.72
2.71
2.58
2.73
2.78
2.49
2.53
2.52
2.42
2.63
2.67
2.55
2.3
2.33
2.3
2.28
2.19
2.3
2.39
2.63
2.57
2.69
2.6
2.82
2.67
2.71
2.7
2.73
2.73
2.56
2.56
2.66
2.81
2.76
2.53
2.56
2.45
2.8
2.68
2.57
2.36
2.68
2.74
2.84
2.92
2.6
2.57
2.36
2.44
2.34
2.56
2.55
2.64
2.88
2.86
2.76
3.03
2.94
2.86
2.7
2.77
2.77
2.79
2.43
2.25
2.32
2.61
2.73
2.71
2.56
2.35
2.23
2.71
2.7
2.9
2.93
2.9
3.06
3.13
3.32
3.14
3.15
2.87
3.29
3.07
3.03
2.82
2.92
2.8
3.08
2.92
2.89
2.75
2.98
3.03
3.24
3.36
3.48
3
2.96
2.8
2.82
3.12
2.69
2.61
2.85
2.91
2.76
2.72
2.63
2.64
2.44
2.75
2.95
3.14
3.03
2.84
2.9
2.92
2.96
2.89
2.95
2.72
2.94
3.15
3.07
2.88
2.93
2.86
2.78
2.94
3.05
3.28
3.02
2.77
2.89
2.93
2.94
2.83
2.75
2.93
3.08
2.95
2.72
2.9
3.05
3.1
2.67
2.9
3.02
2.9
2.92
2.86
2.97
2.94
2.82
2.74
2.53
2.44
2.35
2.33
2.4
2.45
2.66
2.46
2.44
2.55
2.8
2.97
2.9
2.75
2.83
2.62
2.55
2.78
2.74
2.67
2.77
2.81
2.48
2.77
2.97
2.88
3.17
3.12
3.08
3.01
2.99
2.89
2.96
3.09
3.08
3.24
3.14
2.89
2.98
3.02
2.98
3.22
2.98
2.52
2.4
2.77
3.47
3.28
3.35
3.38
3.11
3.34
3.17
3.2
2.96
3.21
3.34
3.21
3.22
3.05
2.7
2.62
2.64
2.73
3.13
3.4
2.74
2.97
2.66
2.71
2.95
2.93
2.78
2.68
2.74
3.03
2.85
2.82
3.05
2.93
3.05
2.9
2.95
2.93
2.99
2.8
2.63
2.65
2.94
2.71
2.85
2.98
3.2
2.78
2.86
2.98
2.84
2.79
2.85
2.92
2.95
2.91
2.83
2.69
2.4
2.49
3.09
3.08
2.78
2.71
2.45
2.72
2.58
2.84
2.63
2.77
2.76
2.56
2.73
2.7
2.58
2.62
2.78
2.99
2.94
2.98
3.24
3.39
3.3
3.37
3.08
3.15
3.01
3.03
2.73
2.44
2.41
2.71
2.92
2.79
2.74
2.65
2.66
2.76
2.74
2.97
3.11
2.96
3.12
3.11
3.13
3.1
3.21
3.03
3.26
2.95
2.97
2.83
2.49
2.51
2.56
2.62
2.94
2.92
3.08
2.93
2.78
2.53
2.76
2.75
2.95
3.15
3
3.03
2.83
2.87
2.67
2.39
2.18
2.42
2.65
2.48
2.34
2.68
2.67
2.62
2.73
2.58
2.61
2.73
2.76
2.6
2.78
2.76
2.52
2.65
2.75
2.9
2.89
2.74
2.63
2.38
2.3
2.51
2.77
2.8
2.77
3.1
2.99
2.73
2.76
2.6
2.96
3.01
2.74
2.61
2.56
2.32
2.48
2.62
2.64
2.84
3.06
3.11
2.96
3.2
3.09
2.96
2.79
2.58
2.68
2.54
2.49
2.33
2.61
2.62
2.62
2.74
2.98
2.82
2.86
3.02
2.98
2.91
2.8
2.93
2.43
2.31
2.45
2.66
2.62
2.72
2.93
3.01
3.25
3.28
3.15
2.89
2.98
3.13
2.98
3.18
2.97
2.67
2.68
2.52
2.76
2.59
2.4
2.49
2.75
2.77
2.8
2.73
2.77
2.98
3.15
3.08
3.04
2.96
3.14
3.08
3.13
2.92
2.86
2.79
2.63
2.5
2.56
2.95
2.85
2.58
2.93
2.84
3.05
3.06
3.23
3.23
3.09
3.02
3
2.75
2.88
2.72
2.55
2.97
3.33
3.3
3.27
3.11
3.01
2.99
2.98
2.71
2.68
2.49
2.69
2.43
2.8
2.82
2.84
3.17
3.2
3.02
3.1
3.11
2.67
2.86
2.84
2.8
2.77
3.16
2.81
2.96
3.12
3.13
3.15
2.96
3.18
3.13
3.23
3.07
3.32
3.14
3.15
2.65
2.72
2.89
2.97
2.95
2.99
2.75
2.64
2.5
2.73
2.91
3.09
3.16
3.1
3.12
2.96
2.92
3.05
2.88
2.99
3.05
2.82
3
3.01
2.99
3.24
3.13
3.26
3.33
3.35
2.78
2.75
2.74
2.86
2.9
2.96
3.18
3.23
3
2.76
2.71
2.72
2.55
2.71
2.78
2.75
3.04
2.96
2.96
2.58
2.37
2.34
2.4
2.32
2.54
2.51
2.62
2.46
2.53
2.67
3.02
2.63
2.44
2.34
2.56
2.51
2.43
2.25
2.31
2.55
2.71
2.89
2.98
2.91
2.78
2.39
2.29
2.27
2.49
2.53
2.6
2.51
2.31
2.55
2.83
2.84
2.87
2.94
2.86
2.85
2.65
2.68
2.44
2.78
2.93
3.01
3.1
2.87
2.63
2.77
2.68
2.85
3.1
3.23
3.2
3.19
3.13
3.1
3
2.74
2.86
2.95
2.98
2.77
2.86
2.77
2.74
2.94
2.69
2.64
2.83
2.8
3.03
3.24
2.98
2.95
2.88
2.77
2.71
2.57
2.98
3.13
3.12
3.35
3.16
2.97
2.85
2.5
2.58
2.68
2.71
2.75
2.72
2.78
3.02
2.69
2.87
2.83
2.82
2.79
2.85
2.71
2.73
2.61
2.85
2.77
2.91
2.82
2.7
2.7
2.9
3.01
3.15
2.84
2.56
2.73
2.76
2.53
2.77
2.74
2.78
2.77
2.76
2.76
2.61
2.86
2.67
2.87
2.73
2.66
2.61
2.56
2.24
2.51
2.89
2.98
3.18
2.98
2.85
3.19
3.1
3.13
3.01
2.85
2.77
3.03
3.19
3.14
2.84
2.82
2.71
2.53
2.61
2.73
3.09
3.03
3.27
3.19
2.94
2.78
2.66
2.84
2.82
2.86
2.94
3.1
2.7
2.76
2.98
3.16
2.82
3.03
2.89
2.92
2.89
2.89
2.75
2.6
2.82
2.85
2.59
2.69
3
2.93
2.98
2.87
2.68
2.79
2.96
2.88
2.82
2.77
2.63
2.75
2.86
2.58
2.56
2.45
2.5
2.52
2.6
2.77
2.74
2.93
2.86
2.85
2.66
2.6
2.68
2.64
2.77
2.77
2.88
2.57
2.55
2.56
2.69
2.68
2.67
2.91
2.93
2.85
2.95
3.11
3.52
3.35
3.45
3.39
3.19
2.94
2.75
2.79
2.97
3.08
2.81
2.74
2.8
2.8
3.3
3.18
2.98
2.68
2.87
3.09
2.95
2.98
2.83
2.78
2.81
2.83
2.92
3.2
3.16
3.27
3.51
3.59
3.25
3.24
2.95
2.79
2.54
2.72
2.79
2.63
2.71
2.81
2.98
2.76
2.91
2.86
2.79
2.59
2.89
3
2.56
2.53
2.68
2.43
2.4
2.52
2.5
2.39
2.86
2.93
2.95
2.92
2.66
2.84
2.76
2.62
2.65
3.03
2.85
2.78
2.62
2.97
2.73
2.8
2.47
2.33
2.55
2.54
2.59
2.5
2.68
2.52
2.56
2.52
2.81
2.81
3.02
2.88
2.94
3.02
2.76
2.63
2.5
2.58
2.68
2.71
2.79
2.85
3.06
2.83
2.74
2.68
2.84
2.79
2.73
2.89
2.9
2.64
2.65
2.75
2.75
2.56
2.61
2.58
2.63
2.88
2.98
2.82
2.7
2.85
2.91
2.92
3.01
2.75
3.09
2.86
2.88
2.87
2.79
2.7
2.79
2.75
2.66
2.65
2.66
2.79
2.77
2.52
3.09
2.98
3
2.72
2.77
2.81
3.05
2.93
2.79
2.91
2.59
2.57
2.47
2.58
3
2.99
3.04
3.2
2.74
2.96
3.03
2.75
2.68
2.75
3.14
3.19
3.28
2.97
2.88
2.9
2.76
2.97
2.83
2.96
2.94
2.86
2.8
2.79
3.11
3.24
2.77
2.71
3.05
3.15
3.51
3.35
3.17
3.1
2.94
3.31
3.38
3.35
3.24
3.31
3.4
3.35
3.25
3.24
2.96
2.99
3.14
3.31
3
3.15
3.1
2.97
3.26
3.09
3.22
2.84
2.95
3.17
3.14
2.92
2.85
2.8
2.7
2.55
2.7
2.79
2.57
2.82
3.05
3.04
3.04
3.24
3.03
3.01
2.73
3.57
3.17
3.11
2.87
2.75
2.85
3.05
2.9
2.83
2.79
3.14
3.23
3.28
3.14
3.17
2.99
3.01
3.14
3.21
3.22
3
3.02
3
2.95
2.6
2.46
2.79
2.94
2.84
2.93
2.97
2.61
2.75
2.48
2.58
2.71
2.88
2.78
2.98
3.08
2.45
2.61
2.69
2.66
2.66
2.88
2.8
2.97
3.02
3.17
2.96
2.72
2.45
2.35
2.27
2.21
2.21
2.13
2.32
2.23
2.59
2.69
2.72
2.88
2.89
2.7
2.58
2.61
2.63
2.46
2.62
2.72
2.52
2.54
2.82
2.83
2.57
2.38
2.44
2.51
3.53
3.42
3.38
3.28
3.19
3.24
3.23
3.39
3.16
3.2
3.29
3.39
3.21
3.11
3
3.1
2.94
3.45
3.48
3.55
2.58
2.51
2.35
2.71
2.69
3.04
2.84
2.8
3.05
3.03
3.02
2.57
2.49
2.45
2.26
2.06
2.02
2.52
2.77
2.59
2.58
2.48
2.47
2.48
2.62
2.65
2.58
2.47
2.24
2.39
2.67
2.41
2.39
2.31
2.59
2.71
2.92
2.71
2.49
2.55
2.79
2.69
2.75
2.74
2.71
2.8
2.52
2.62
2.7
2.87
2.93
2.91
2.7
2.74
2.66
2.72
2.52
2.52
2.56
2.5
3
2.85
2.87
2.85
2.84
2.89
3.09
3.03
2.86
2.78
2.64
2.63
2.81
2.79
2.9
2.91
3.05
3.45
3.17
2.97
2.9
2.97
2.72
3.09
3.16
2.97
2.83
2.84
3.08
3.01
2.96
3.04
2.89
2.92
2.98
2.93
3.01
2.97
2.99
2.97
2.79
2.58
2.56
2.69
2.65
2.5
2.8
2.9
2.61
2.71
3.03
2.92
3.18
3.27
3.27
3.06
2.8
2.87
2.95
2.89
3.07
2.91
2.99
2.88
2.62
2.64
2.73
2.81
2.59
2.45
2.31
2.37
2.51
2.51
2.75
2.73
2.79
2.69
2.8
2.77
2.86
2.98
3.22
3.21
3.09
2.92
2.82
2.56
2.6
2.52
2.62
2.61
2.93
2.99
3.11
3.09
3.14
3.1
3.14
2.86
2.67
2.71
2.63
2.4
2.66
2.53
2.56
2.36
2.49
2.55
2.56
2.55
2.69
2.61
2.82
2.74
2.54
2.29
2.63
2.77
3.05
3.06
3.35
3.35
3.03
2.91
2.76
2.64
2.94
2.93
2.84
3
3
3.09
3.02
2.61
3
3.12
3.22
3.03
3.64
3.42
2.97
2.63
2.54
2.26
2.32
2.59
2.71
2.96
3.06
3.06
2.78
2.77
2.84
3.05
3.14
3.18
3.46
3.61
2.64
2.59
2.93
2.87
2.93
2.76
2.97
2.7
2.89
2.6
2.67
2.79
2.85
2.77
2.92
2.89
2.74
2.71
2.46
2.58
2.31
2.39
2.27
2.59
2.79
3.03
2.85
2.67
2.79
2.63
2.51
2.68
2.61
2.68
3.02
2.83
2.75
2.7
2.5
2.25
3.19
2.96
2.94
2.96
2.91
2.75
2.76
2.74
2.69
2.67
2.67
2.62
2.79
3.04
2.64
2.57
2.8
2.97
3.08
3.15
)
;

boundaryField
{
    xPeriodic_half0
    {
        type            cyclic;
    }
    xPeriodic_half1
    {
        type            cyclic;
    }
    yPeriodic_half0
    {
        type            cyclic;
    }
    yPeriodic_half1
    {
        type            cyclic;
    }
    zPeriodic_half0
    {
        type            cyclic;
    }
    zPeriodic_half1
    {
        type            cyclic;
    }
}


// ************************************************************************* //
