/*--------------------------------*- C++ -*----------------------------------*\
| =========                 |                                                 |
| \\      /  F ield         | OpenFOAM: The Open Source CFD Toolbox           |
|  \\    /   O peration     | Version:  2.4.0-MNF                             |
|   \\  /    A nd           | Web:      www.OpenFOAM.org                      |
|    \\/     M anipulation  |                                                 |
\*---------------------------------------------------------------------------*/
FoamFile
{
    version     2.0;
    format      ascii;
    class       volScalarField;
    location    "0.0007";
    object      dsmcRhoNMean_N2;
}
// * * * * * * * * * * * * * * * * * * * * * * * * * * * * * * * * * * * * * //

dimensions      [0 -3 0 0 0 0 0];

internalField   nonuniform List<scalar> 
5120
(
9.4
9.57
9.49
9.13
9.28
9.78
10.63
10.36
10.58
10.54
10.75
10.4
9.9
10.59
10.57
10.09
9.73
9.81
9.74
9.09
9.66
9.19
9.79
10.03
10.2
9.86
9.58
10.1
10.43
10.25
9.37
9.44
9.63
9.43
9.52
9.65
9.57
9.51
9.39
9.24
10.11
10.61
10.17
10.16
10.15
10.19
10.27
9.78
10.15
9.36
9.73
9.45
9.89
9.99
9.73
9.54
9.51
9.49
9.7
9.81
10.76
10.5
10.85
10.6
10.62
10.63
10.41
9.99
9.42
10.06
10.18
10.4
10.55
10.46
10.19
10.37
9.89
9.55
9.59
10.5
9.71
9.32
8.63
8.73
8.85
8.83
8.85
9.01
9.52
9.67
9.2
9.71
9.87
9.57
9.86
9.74
9.91
10.4
10.48
10.25
9.7
9.41
9.63
9.73
10.12
10.22
10.01
10.16
9.88
9.42
9.45
9.09
9
9.12
9.61
9.95
10.48
10.05
10.28
10.3
10.25
10.29
10.14
9.93
9.75
9.2
9.01
9.37
9.76
10.01
10.89
10.79
10.02
10.59
10.55
9.87
9.9
10.09
10.36
10.23
9.58
9.15
9.15
9.69
9.51
9.52
9.6
9.93
10.09
9.89
9.69
10.28
10.44
10.03
10.16
10.42
10.15
9.95
9.66
9.58
9.24
9.03
8.93
9.39
9.69
9.32
9.82
9.54
9.48
9.73
9.92
9.91
9.93
9.29
9.19
9.23
9.13
9.42
8.84
9.23
9.91
9.99
10.19
9.59
9.92
10.12
10.26
10.36
10.49
10.75
9.65
9.57
9.3
9.01
9.33
9.64
9.75
10.07
9.94
9.69
10.1
10.28
9.96
9.7
10.16
10.19
10.03
9.97
10.02
10.14
10.4
10.35
10.25
10.04
9.22
9.23
9.27
8.94
9.21
9.76
9.44
9.5
9.64
10.12
10.07
9.93
9.79
9.85
10.13
9.89
9.95
9.56
9.46
9.2
8.84
9.07
8.77
9.07
9.51
9.38
9.57
9.29
9.11
9.36
9.39
9.52
9.67
9.33
9.68
9.45
8.87
9.24
9.69
10
9.63
9.71
10.12
9.59
9.85
10.11
8.98
9.1
9.18
9.02
9.02
9.76
9.86
10.06
10.11
9.98
10.01
9.34
8.91
8.16
8.2
8.01
8.41
8.9
9.42
9.36
9
8.73
8.77
9.03
9.25
9.02
8.77
9.2
9.04
8.52
8.27
8.58
8.92
9.09
9.18
9.8
9.39
9.23
9.06
9.22
9.5
9.14
9.41
9.39
9.03
8.8
8.55
8.59
8.82
9.15
9.32
9.37
8.93
9.38
9.3
10.18
10.1
9.97
9.45
9.13
10.58
10.36
9.54
9.93
10.09
10.35
9.72
9.64
9.69
9.76
10.15
10.28
10.39
10.66
10.17
9.87
9.58
9.66
9.92
10.21
10.09
10.3
9.99
9.68
9.93
10
10.43
10.09
9.8
9.32
8.77
9.15
8.72
8.77
8.87
9.38
9.67
9.54
9.49
10.03
10.03
9.67
9.49
10.18
9.85
9.68
9.4
9.59
9.29
9.45
9.25
9.5
9.07
9.08
8.54
9.12
9.38
9.57
9.84
10.07
9.76
9.32
9.38
9.3
9.86
9.85
9.72
9.84
9.76
10.01
9.96
10.05
10.12
9.96
10.75
10.54
10.85
10.73
10.27
9.44
9.82
9.52
9.53
9.61
9.28
9.87
9.54
9.6
10.02
10.46
10.46
9.91
9.92
9.79
9.97
9.75
9.29
8.98
9.16
9.6
9.35
8.9
9.15
9.42
9.94
9.85
10.03
9.48
8.91
9.12
9.07
9.31
9.77
9.55
9.22
8.99
8.95
8.94
8.83
9.35
10.38
10.62
10.23
10.01
9.52
9.38
9.59
9.64
9.76
9.18
9.16
9.5
9.34
9.76
9.84
10.3
10.25
10.02
10.27
10.08
9.6
9.98
9.7
9.49
9.63
9.75
9.92
9.36
9.3
9.52
9.27
9.14
9.28
9.49
9.19
9.16
9.29
9.67
9.81
9.8
8.94
9.3
9.67
9.21
9.65
9.81
9.16
9.51
9.83
9.67
9.7
10.22
10.41
10.2
10
9.78
9.52
8.9
9.07
9.14
9.81
9.73
9.58
9.77
9.13
9.05
9.05
9.83
9.76
9.52
10.14
9.92
9.7
10.21
9.71
9.88
10.25
10.46
9.91
10.18
9.85
10.01
9.73
10.44
10.2
9.91
10.18
9.51
9.75
9.79
10.31
10.68
10.83
10.34
10.72
10.28
9.83
9.21
9.28
9.6
9.24
9.18
9.47
9.46
9.39
9.5
9.78
10.11
9.86
10.23
9.89
10.23
10.34
10.51
10.53
10.71
10.01
9.8
9.52
9.3
8.53
8.89
9.2
9.37
9.65
10.02
10.06
9.96
9.11
8.67
8.92
9.41
9.2
9.1
9.57
9.63
10.08
9.38
9.06
9
10.3
10.01
9.64
9.42
9.66
9.59
9.34
9.05
9.03
9.02
10.02
9.76
9.98
9.91
10.1
9.86
9.65
9.55
9.6
9.89
9.24
9.2
8.9
9
9.03
9.03
9.48
9.5
9.48
9.68
9.25
8.99
9.37
9.47
9.35
9.47
9.27
9.2
9.31
9.55
10.18
9.87
9.59
9.86
9.54
9.32
9.51
9.71
9.86
9.62
9.73
9.76
9.61
9.69
9.83
9.7
9.65
10.07
9.87
10.22
9.08
9.36
10.28
10.03
9.63
9.49
9.13
9.39
9.31
9.41
9.51
9.89
10.11
10.18
9.66
9.54
9.65
9.69
9.5
9.18
9.63
9.54
9.16
9.23
8.73
8.95
8.62
9.12
9.27
9.97
10.31
10.28
10.6
10.55
10.34
10.49
10.28
9.44
9.32
9.77
8.92
8.68
9.04
9.34
9.75
9.82
10.02
9.63
9.67
9.25
9.34
9.38
9.38
9.32
9.37
9.81
9.75
9.79
9.53
8.59
10.99
10.5
10.52
10.6
10.07
10.01
9.89
9.85
10.07
10.11
10.36
9.98
10.3
10.13
9.56
9.04
9.22
9.73
10.59
11.04
10.85
10.25
9.74
9.19
8.94
9.19
9.26
9.56
9.91
10.18
9.92
9.72
9.43
8.96
9.5
10.14
10.34
10.65
10.68
10.74
8.74
8.78
9.45
10.21
9.97
10.2
9.53
9.94
9.73
9.48
9.42
9.66
9.54
9.53
9.71
9.74
9.87
9.77
9.39
8.66
9.53
9.47
10.6
10.69
10.72
10.57
10.08
9.9
10.05
10.33
10.05
10.15
10.25
10.34
9.92
9.28
9.19
9.48
8.88
9.16
10.96
11.1
10.82
10.28
9.84
10.27
10.14
10.31
10.01
10.18
10.08
10.28
9.54
10.03
10.15
9.83
9.63
9.38
9.79
10.28
9.32
8.85
8.94
9.02
8.7
8.96
9.57
8.87
9.07
9.31
9.41
9.25
9.66
9.93
9.59
9.82
10.67
10.52
10.34
9.79
10.12
10.1
10.09
9.96
10.31
10.17
10.3
9.85
9.93
9.82
10.01
9.72
9.61
9.51
10.01
10.04
9.55
9.89
9.6
9.94
9.62
9.39
9.5
9.34
9.47
9.23
9.66
10.19
10.25
10.89
10.04
9.8
9.81
9.52
9.16
9.2
9.69
9.89
9.92
9.59
9.73
9.89
9.81
9.6
9.98
10.1
10.17
9.53
9.83
8.96
8.62
8.98
9.07
8.83
8.79
9.66
9.08
8.73
9.12
9.31
10.71
10.89
10.26
10.2
9.81
9.63
9.29
8.92
8.83
9.27
9.5
9.44
9.17
9.29
9.25
9.17
9.29
9.72
10.21
10.65
9.54
9.08
9.35
9.52
9.56
9.49
9.58
10.46
10.54
10.14
9.68
9.44
9.3
9.64
9.44
9.59
9.89
10.25
9.82
9.89
10.98
10.88
10.52
9.76
9.87
9.35
9.44
9.52
9
9.11
9.65
9.88
9.81
10.1
10.08
10.45
10.52
10.47
10.71
10.42
9.34
9.52
9.9
10.49
10.55
10.54
10.32
10.19
10.25
10.16
9.85
9.32
9.24
8.78
8.93
8.7
9.01
9.02
9.34
9.68
9.62
9.51
9.3
9.88
10.17
9.81
10.28
10.5
10.29
10.32
9.9
10.3
9.9
10.11
10.27
9.41
9.11
8.96
9.15
9.42
9.23
9.13
9.3
9.11
9.17
9.26
9.42
9.68
9.59
9.59
9.36
9.14
9.24
9.56
9.71
9.85
10.25
10.37
9.99
9.68
9.72
9.63
9.82
10.14
10.17
10.17
10.05
9.99
10.11
9.55
9.7
9.71
9.88
9.92
10.16
9.59
8.88
9.54
9.7
10.14
9.9
10.24
10.03
9.62
9.51
10.27
10.2
9.95
10.02
10.44
10.39
10.23
10.04
9.95
10
10.47
10.38
10.21
9.87
9.79
9.48
9.75
9.7
10.05
10.13
9.54
9.65
9.92
9.56
9.73
9.61
9.86
9.77
9.9
10.37
10.11
9.77
9.33
9.83
10.02
9.74
9.43
9.22
9.66
9.9
10.05
10.04
10.34
9.95
9.7
9.28
9.83
9.48
9.1
9.18
9.07
8.85
8.9
9.42
9.76
9.15
8.91
8.88
9.1
8.93
9.27
9.11
9.57
9.43
9.42
9.45
9.37
9.78
9.4
8.99
9.38
9.48
9.74
9.64
9.3
10.24
10.08
10.36
9.92
9.93
10.05
10.34
9.93
9.74
9.87
9.58
9.54
9.45
9.59
9.87
9.74
10.16
9.79
10.18
10.06
9.64
10.03
9.97
9.4
9.93
9.65
9.98
9.96
9.92
9.83
9.71
9.14
8.88
9.12
9.49
9.84
9.75
9.73
9.2
9.31
10.59
10.19
10.18
9.76
9.51
9.41
9.18
9.76
9.87
10.1
10.18
9.87
10.02
10.33
10.5
9.8
9.69
10.1
10.45
10.72
8.92
9.34
9.42
10.06
9.87
10.05
10.32
9.75
9.79
10.32
10.05
10.36
10.04
9.87
10.43
10.55
10.18
9.42
9.47
9.38
9.57
9.84
10
10.03
9.42
10.02
9.78
9.86
9.8
9.68
9.91
9.87
9.91
9.92
9.98
9.45
9.51
9.51
9.63
9.72
10.1
10.12
10.24
10.56
10.3
9.87
9.16
9.21
9.93
10
9.91
9.96
10.57
10.25
10.23
9.86
9.89
9.48
9.68
9.92
9.63
9.5
9.24
9.61
9.63
9.57
9.38
9.56
9.33
9.2
9.11
9.53
9.24
9.39
9.45
9.53
9.99
9.66
9.31
9.68
8.71
9.49
8.98
8.97
9.16
9.48
9.6
9.35
9.82
9.36
9.91
10.05
10.08
10.2
9.94
9.96
9.53
9.63
9.34
8.86
8.66
8.81
8.97
9.31
9.29
9.43
10.26
10.03
9.77
9.92
9.69
9.28
9.09
9.01
9.09
9.25
8.98
9.25
8.75
8.83
9.66
9.49
9.47
9.23
9.17
9.48
9.81
9.65
10.01
9.82
10.22
10.46
10.56
10.67
10.34
10.14
10.19
10.07
9.93
10.08
9.9
10.13
10.35
10.33
10.14
9.74
9.71
9.87
10.48
10.17
9.82
9.8
9.3
9.25
9.57
9.63
9.96
9.87
10.03
10.25
9.89
10.16
10
10.23
10.05
10
9.99
10.09
10.31
10.62
11.13
11.1
10.94
10.26
10.14
10.52
10.65
10.31
9.79
9.86
9.85
10.11
10.24
10.02
10.5
10.33
10.2
9.73
9.77
9.2
9.45
9.57
9.31
9.84
10
10.19
10.46
10.55
10.24
10.21
9.86
10.24
9.5
9.55
9.38
9.14
8.67
8.82
9.45
10.05
10.72
10.24
10.33
9.73
9.73
9.21
9.59
9
9.29
9.06
9.41
9.58
9.6
10
10.02
10.21
9.97
9.97
9.47
9.37
9.29
9.26
9.16
9.58
9.88
9.89
10.47
10.37
9.69
9.65
9.25
9.19
9.21
9.75
9.2
8.76
8.73
8.29
8.08
8.86
8.49
8.76
8.52
9.11
9.38
8.94
8.48
8.18
8.49
8.49
10.01
9.69
9.18
9.19
9.07
9.51
9.86
9.92
10.11
9.59
9.79
9.49
9.54
9.22
9.55
9.49
9.17
9.2
9.59
9.59
9.75
10.27
10.1
10.57
10.5
10.85
10.66
10.32
10.05
9.59
9.56
10.1
9.92
9.52
9.37
9.36
9.59
9.84
10.42
10.04
10.18
10.36
10.3
9.78
9.34
8.8
9.03
9.03
9.17
9.48
9.49
9.83
10.23
9.7
9.98
10.14
10.78
10.21
10.3
10.04
10.42
10.58
10.57
10.08
9.7
9.99
9.62
10.28
10.37
10.04
9.91
9.82
9.6
9.63
9.99
9.82
10.63
11.58
11.46
11.11
9.1
9.05
9.09
9.52
9.78
9.78
10.01
10.26
10.25
9.88
10.12
9.53
9
9.7
10.26
10.36
9.36
9.45
9.56
9.39
9.1
9.02
9.27
9.58
9.86
9.66
9.61
9.49
9.77
9.75
9.75
9.75
9.18
9.39
9.21
9.59
9.42
9.06
9.1
8.93
8.83
9.37
9.63
9.17
9.5
9.55
9.2
9.81
9.1
9.51
9.81
9.63
9.48
9.31
9.55
9.52
8.99
8.67
8.69
8.71
8.5
7.95
8.3
8.61
8.45
8.77
8.85
9.02
9.12
9.14
9.16
8.59
9.4
9.34
9.33
9.51
9.74
9.56
9.95
9.31
9.8
9.99
9.89
9.58
9.1
9.45
8.82
8.69
9
9.35
8.89
9.1
9.25
9.34
9.88
9.87
9.77
9.93
9.79
9.73
10.31
10.13
10.24
10.07
9.69
9.81
9.44
10.09
9.95
10.61
9.96
10.02
9.7
10.18
10.23
10.46
10.71
10.76
10.57
10.22
10.89
10.19
10.31
10.02
9.88
10.19
10.35
9.81
9.24
9
9.18
8.96
9.15
9.6
9.88
9.39
9.78
9.92
10.34
10.58
10.13
10.24
10.01
9.85
10.32
10.15
9.37
8.76
8.39
8.55
9.04
9.56
9.76
9.88
9.48
9.41
9.25
9.39
9.7
9.77
9.89
9.51
9.88
9.9
9.9
9.5
9.9
10.33
10.19
10.06
9.5
9.42
9.1
9.14
10.1
10.05
10.26
9.8
10.56
9.95
10.73
10.32
9.91
9.44
8.92
8.79
8.94
9.46
10.03
10.23
10.13
10.59
10.39
10.27
9.44
9.51
9.03
9.69
10
10.78
9.04
9.31
9.28
9.52
9.13
8.96
9.26
9.52
9.67
9.13
9.39
8.91
8.72
8.9
9.05
9.27
9.49
9.38
9.22
9.08
10.28
10.09
9.95
10.42
10.35
10.75
10.5
9.65
9.36
9.07
9.1
9.1
9.21
9.23
9.58
9.95
9.96
10.17
10.17
10
9.25
9.65
9.48
9.17
9.55
9.12
9.52
9.51
9.4
9.7
9.48
9.39
9.67
9.53
9.04
9.1
9.59
9.52
9.52
9.88
9.03
9.02
10.01
10.09
9.99
9.65
9.83
10.08
9.92
9.95
10.07
10.9
10.79
11.11
10.76
10.2
10.4
10.12
9.55
9.68
10.03
10.26
9.79
9.62
9.32
9.3
9.42
9.76
9.92
9.68
9.48
9.87
9.88
9.93
10.3
9.64
8.81
9.48
9.68
9.68
9.89
9.37
9.02
9.86
9.73
9.86
9.55
9.82
9.46
9.49
9.56
9.32
9.76
9.86
9.1
9.03
9.1
9.2
9.24
9.52
8.85
9.15
9.51
9.31
9.48
9.7
9.86
9.67
9.4
9.68
9.58
9.5
9.26
9.27
9.73
9.59
9.9
9.64
9.42
9.14
9.95
10.13
8.8
9.17
9.93
9.88
10.36
10.7
10.27
10.34
10.09
10.6
9.92
9.92
9.67
9.97
9.58
9.77
9.89
10.14
8.98
8.88
8.97
9.37
9.39
9.61
10
9.85
9.9
10.05
9.96
9.72
10.32
9.93
9.89
9.88
9.43
9.08
9.41
9.48
8.85
9
8.86
9.39
9.24
9.5
9.38
9.82
9.83
9.78
9.56
9.9
9.71
9.67
9.3
9.33
9.28
9.16
9.06
9.01
9.77
9.88
10.07
9.55
9.69
9.58
9.9
10.26
10.03
10.32
10.03
9.44
9.4
9.38
9.56
9.61
9.48
9.86
9.33
9.83
9.7
9.51
9.21
9.49
10.31
10.27
10.33
10.17
9.41
9.55
10.18
10.63
10.46
9.83
9.57
9.35
9.21
9.42
9.43
9.5
9.58
9.76
10.1
9.62
9.75
9.58
9.44
9.64
10.12
9.9
9.3
9.01
9.01
9.14
9.37
9.77
9.57
9.54
9.58
9.42
9.18
9.23
9.27
9.32
9.73
9.47
8.95
9.26
9.27
9.12
8.86
9.4
9.59
9.33
9.5
9.02
8.5
8.66
8.66
8.93
9.49
9.36
9.69
9.93
9.85
10.07
10.08
9.52
9.91
10.01
10.59
10.53
10.42
10.35
9.99
10.01
10.2
9.85
10.27
9.72
8.93
8.65
8.74
8.89
9.42
9.55
9.49
9.16
8.84
9.22
9.43
9.01
9.56
9.57
9.71
9.91
9.9
10.59
10.07
9.22
9.46
9.47
9.45
9.56
9.62
9.57
9.26
9.51
9.13
9.74
9.61
9.89
9.95
9.98
9.38
9.51
9.78
9.39
9.11
9.29
10.11
9.61
9.41
9.47
9.75
9.46
9.36
9.82
10.18
10.26
10.15
9.98
10.31
10.53
10.37
9.71
9.97
9.86
9.86
10.09
8.68
8.3
8.19
7.96
8.15
9.18
9.6
9.62
9.22
9.08
9.59
9.7
9.42
9.95
10.01
10.05
9.42
9.06
9
9.02
9.73
9.91
9.81
9.85
9.87
9.42
9.21
9.58
9.45
9.91
9.73
9.28
8.8
8.78
8.84
8.95
9.45
9.87
10.25
9.61
10.01
9.89
9.37
9.48
9.11
9.26
9.44
8.97
8.66
8.8
9.13
9.44
9.39
9.56
10.09
10.31
10.09
9.71
9.76
10.09
8.51
8.77
8.86
9.98
9.67
9.49
9.63
9.43
8.99
9.48
9.66
9.65
9.56
9.3
9.21
8.82
8.89
9.43
9.47
9.06
9.2
9.52
9.55
9.23
9.34
9.29
9.77
9.46
9.47
9.32
9.23
9.13
9.17
9.67
9.8
10.15
9.7
9.64
9.47
9.41
10.34
10.26
9.89
9.35
8.73
9
8.58
8.28
8.71
8.91
9.11
8.92
9.54
9.42
9.28
9
9.45
9.77
10.02
9.98
9.71
10.09
10.07
10.41
9.71
9.62
9.54
9.38
9.16
8.83
9.07
9.71
10.33
10.05
10.1
9.79
9.63
9.98
9.6
9.8
10.69
10.51
10.19
9.62
9.28
9.24
9.54
9.2
9.88
10.21
10.13
9.77
9.11
9.41
9.45
9.66
10.08
9.93
10.24
10.2
8.76
9.41
9.53
9.72
9.86
9.5
9.38
9.23
9.14
8.93
9.14
9.46
10.02
9.69
9.5
9.4
9.02
9.01
8.7
8.87
9.36
9.18
9.08
8.77
9.32
9.36
9.44
9.76
9.61
9.22
9.01
9
9.52
10.09
10.53
10.37
9.56
9.9
9.41
9.05
9.59
8.79
8.99
8.91
8.81
9.39
9.73
9.67
10.25
10.45
10.32
10.47
9.67
9.42
8.99
8.98
9.18
9.73
9.48
9.26
9.11
9.7
10.83
10.62
10.57
10.65
10.43
10.4
9.92
9.66
9.43
8.79
9.48
9.36
9.21
9.11
9.19
8.92
9.48
9.7
9.47
9.21
9.01
8.61
8.98
9.55
9.6
10.17
10.18
9.96
9.88
9.81
9.66
9.54
9.85
10.14
10.31
10.26
10.01
9.51
10.06
10
9.9
9.52
9.43
9.6
9.98
9.94
9.84
9.57
9.7
9.56
9.42
9.22
9.1
8.97
8.9
9.31
9.41
9.59
9.13
9.18
9.73
9.89
9.9
9.72
9.91
9.46
9.88
9.61
9.69
9.42
9.63
9.99
9.98
9.44
9.23
9.46
9.21
9.23
9.61
9.68
9.49
9.44
9.81
10.2
10.2
10.22
9.65
10
10.2
10.36
10.24
9.69
9.61
10.06
9.42
9.02
9.5
8.98
9.64
10.22
10.1
10.18
9.66
9.99
9.69
9.95
9.62
9.3
8.67
9.05
9.21
9.06
9.41
9.35
9.42
9.35
9.01
9.48
8.87
9.04
8.98
8.9
9.03
8.99
9.13
9.2
9.61
10.43
10.54
9.95
9.69
9.09
9.24
9.17
9.35
9.55
9.11
8.51
10.32
9.99
9.98
9.72
9.93
9.91
9.77
9.86
9.96
9.82
9.03
8.71
8.99
9.26
9.58
10.04
10.33
9.76
9.92
10.16
10.24
10.46
10.16
9.58
9.37
9.8
9.08
8.51
8.71
9
9.18
9.49
9.94
9.84
9.57
9.75
9.64
9.66
9.38
9.54
8.26
8.46
8.63
9.32
9.3
9.28
9.12
9.54
9.65
9.89
9.92
10.01
9.42
9.05
8.81
8.89
8.33
8.3
8.69
8.63
10.05
9.95
9.95
9.68
9.56
9.28
9.46
9.71
8.93
8.73
9.05
9.37
8.92
9.2
9.23
8.98
9.62
9.63
9.73
9.66
9.45
9.56
9.65
9.14
9.47
9.68
9.64
9.41
9.34
9.48
9.67
9.85
10.36
10.13
10.38
10.66
10.52
10.45
10.4
10.11
9.95
10.22
9.71
10.16
10.39
10.38
10.51
10.61
10
9.44
8.69
8.76
9.3
9.88
10.16
9.74
9.39
9.67
9.47
9.97
9.67
9.47
9.59
9.81
9.66
8.89
9.27
9.58
9.42
9.54
9.51
10.03
9.37
9.47
9.04
9.29
9.57
9.05
9.35
9.82
9.32
9.58
9.54
9.66
9.35
9.62
9.51
9.47
9.59
10.12
9.97
10.19
10.04
10.08
9.34
8.73
8.83
8.8
8.95
9.52
9.28
9.12
8.91
8.99
9.21
9.59
10.08
9.9
9.87
9.5
9.24
9.58
9.57
9.56
9.47
9.87
9.87
9.9
10.09
9.52
10
10.32
10.36
10.52
10.48
10.33
9.81
9.59
8.9
8.68
8.61
9.2
9.59
10.24
9.83
9.81
9.26
9.54
9.21
9.45
9.83
9.4
9.19
9.41
9.21
8.99
8.83
9.12
9.72
9.83
9.56
9.73
9.56
9.33
9.53
9.53
9.87
10.05
9.74
9.95
9.87
10.34
10.07
10.12
10.07
9.63
9.95
9.89
9.48
9.53
9.7
9.55
9.53
9.63
9.27
9.62
9.27
9.17
9.52
9.58
9.37
9.24
9.15
9.15
9.33
9.68
9.46
9.38
9.77
10.03
9.78
9.37
9.43
9.15
9.45
9.17
9.01
9.23
9.2
9.1
10.25
9.62
9.82
9.95
9.96
9.67
9.93
10.13
9.76
9.4
9.46
9.59
9.33
8.91
9.04
9.07
9.45
10.2
10.46
10.71
9.61
9.82
9.62
9.39
9.72
9.24
9.16
9.13
9.41
10.24
10.06
9.75
9.69
9.72
9.71
9.7
9.69
9.46
9.89
9.81
9.42
9.1
9.15
9.42
9.3
9.58
9.65
9.85
9.29
9.34
10.03
10.25
10.81
11.42
11.21
10.59
10.39
9.62
9.39
9.55
8.56
9.19
9.04
9.14
8.99
9.29
9.91
10.18
10.78
10.54
11.08
10.71
10.33
9.97
10.1
9.59
9.21
9.53
9.03
9.06
9.29
9.04
9.5
9.46
9.86
9.41
9.85
10.06
9.72
9.77
9.21
8.9
8.75
8.86
9.31
9.48
9.69
9.66
9.73
9.35
9.22
9.5
9.57
9.7
9.83
9.98
9.82
9.82
9.7
9.71
9.52
9.54
9.47
9.88
9.4
9.85
9.56
9.65
9.11
9.2
9.65
9.54
9.96
9.25
9.43
9.59
9.31
9.48
9.96
10.25
9.92
9.45
9.69
9.97
9.64
9.53
9.4
9.51
9.54
9.77
10.18
10.25
10.34
10.66
10.32
10.35
10.04
9.78
10.23
10.05
9.83
9.61
9.18
9.2
9.56
9.78
9.81
9.97
10.18
10.22
9.57
9.18
8.93
9.37
9.65
9.38
9.25
9.3
9.08
9.53
9.79
9.92
9.61
9.47
9.54
9.59
10.09
10.06
9.65
10.11
9.55
9.61
9.38
9.68
9.42
9.67
9.98
9.64
10.34
9.76
9.53
9.38
9.5
9.55
10.02
9.69
9.76
10.36
9.74
9.35
9.72
9.85
10.02
10
10.08
9.86
10.22
10.02
10.42
10.56
10.44
10.8
10.59
10.28
10.1
10.09
9.67
9.6
9.29
9.21
10.77
10.65
10.35
10.39
10.07
9.69
9.9
10.07
9.42
9.45
9.38
9.27
9.2
9.52
9.44
9.66
9.72
9.61
10.16
10.52
9.37
9.36
9.49
9.81
10.11
10.04
9.8
9.67
10.06
10.13
9.63
9.36
9.16
9.9
9.66
9.91
9.5
9.42
9.34
9.6
9.01
9.82
9.35
9.04
8.87
9.07
9.41
9.17
8.84
8.92
8.61
8.55
8.54
8.66
8.66
9.15
9.3
9.29
9.53
9.29
9.62
9.74
9.55
9.19
9.22
9.51
9.83
9.31
10.02
9.76
9.81
9.67
9.86
10.33
10.63
9.9
10.17
10.21
10.09
9.87
9.44
9.41
9.38
9.77
9.9
10.05
9.46
9.4
9.66
9.71
9.84
10
10.42
10.43
10.46
10.42
10.03
9.36
9.6
9.78
9.64
9.72
9.95
10.39
10.28
10.37
10.05
9.76
9.35
9.29
9.7
9.78
9.68
9.72
9.75
9.46
9.34
9.46
9.57
9.23
9.57
9.77
10.25
9.83
9.51
9.17
9.64
9.37
9.91
9.5
9.35
9.53
9.13
8.81
9.04
9.08
9.71
9.51
9.6
9.7
9.92
9.68
9.54
9.27
9.09
9.14
8.78
9.03
8.8
9.18
9.55
10.15
10.1
10.18
10.69
10.22
9.84
9.75
9.75
9.93
9.48
10.19
9.96
10.18
9.95
9.62
9.88
10.08
9.77
9.65
9.27
9.37
9.93
9.76
9.45
9.55
9.79
9.38
9.28
9.43
9.87
9.59
10.03
9.93
9.92
9.76
9.95
10.27
10.79
10.23
10.03
9.99
10.2
10.22
9.63
9.4
9.9
10.07
10.28
10.25
9.45
9.38
9.27
9.39
9.74
10.35
10.28
10.31
9.84
9.62
10.31
10.23
9.67
9.96
9.85
9.84
9.72
9.73
9.73
9.74
9.64
9.95
10.42
10.51
10.07
9.61
9.37
9.38
9.14
9.3
9.24
9.68
9.71
9.46
9.92
9.99
9.42
9.57
9.78
9.49
10.71
10.56
10.02
9.89
9.86
10.29
11.07
10.9
10.95
10.52
10.58
9.91
10.56
11.05
10.96
10.88
10.66
10.1
10.07
10.84
10.15
9.99
9.76
9.13
9.21
9.78
9.93
10.09
10.16
9.86
9.9
9.6
9.19
8.61
8.95
9.67
9.69
9.82
10.21
10.03
9.21
9.57
9.76
10.12
10.06
9.98
9.51
9.89
9.52
9.96
9.94
10.04
10.13
10.31
10.55
10.92
10.97
10.23
10.58
9.97
9.99
9.75
9.63
9.14
9.54
9.88
10.51
10.37
9.9
9.79
9.81
9.88
10.12
9.61
9.38
9.3
9.14
9.53
9.48
10.03
8.94
9.48
9.81
10.14
9.85
9.94
9.4
9.19
9.6
9.59
9.5
9.39
9.6
9.88
10.25
10.03
9.94
9.79
9.84
9.5
9.94
10.08
10.01
9.98
10.12
9.74
9.73
10.28
9.82
9.89
10.24
10.15
10.18
9.84
10.03
9.51
9.95
9.53
9.55
9.21
9.52
9.07
9.28
9.06
8.94
8.84
9.07
9.31
9.39
9.38
9.15
9.02
9.33
9.1
9.58
9.31
9.83
10.03
9.52
9.68
9.62
9.11
9.68
9.56
9.53
8.89
9.2
9.58
9.73
9.65
10.44
10.45
10.05
10.19
9.57
10.21
10.11
9.77
10.07
9.88
9.52
9.02
9.06
9.04
8.34
9.12
9.45
9.46
9.65
10.09
9.63
9.54
9.17
9.2
9.31
9.01
8.62
9.52
9.39
9.53
8.84
8.79
9.07
9.18
9.18
9.31
9.42
9.57
9.49
9.4
9.57
9.07
9.45
9.78
9.8
9.89
9.62
9.09
9.04
8.79
9.28
9.37
8.79
9.06
9.17
9.37
9.59
9.68
9.7
10.03
10.3
10.01
9.78
9.47
9.6
9.46
10.06
10.38
10.2
9.63
9.35
9.4
9.42
9.63
9.48
9.9
10.09
10.14
10.47
10.04
9.74
9.44
9.82
9.56
9.34
9.11
9.3
9.63
9.62
9.44
9.68
9.88
9.6
9.75
10.24
10.6
10.18
9.87
9.64
10.01
10
9.68
10.21
10.19
11.29
11.08
10.21
9.96
9.82
9.71
10.57
10.62
9.82
10.09
9.83
9.88
9.82
9.79
9.37
9.43
9.65
9.46
9.91
10.48
10.58
10.38
10.79
10.67
10.89
10.88
9.55
9.43
9.46
9.53
9.82
9.87
9.69
9.57
9.54
9.73
10.16
10.36
9.97
10.09
9.96
9.94
9.9
10.11
9.57
9.82
10.24
9.83
9.85
10.32
10.04
9.99
10.05
9.99
10.02
10.1
9.62
9.57
8.75
9.15
9.5
9.12
9.48
9.68
9.45
9.82
9.89
9.86
10.07
9.83
10.06
9.93
10.15
9.76
9.41
9.31
9.77
10.32
10.1
9.53
9.74
10.09
10.2
9.91
10.34
10.33
9.97
9.67
9.74
9.51
9.17
8.85
9.42
9.64
9.48
10.59
10.53
10.45
9.95
10.23
9.85
9.35
9.55
9.93
9.65
9.38
9.58
9.56
9.26
9.34
9.62
9.81
9.67
9.22
9.26
9.11
9.23
9.61
9.93
10.33
10
10.04
9.76
9.48
9.24
9.72
9.48
9.25
9.34
9.38
10.08
10.14
10.36
9.87
9.25
9.45
9.55
9.55
9.06
9.18
9.51
9.81
9.58
9.91
10.27
9.97
10.15
10.58
10.27
10.16
10.14
9.59
9.19
9.19
9.35
8.75
9.08
9.33
9.68
10.14
9.79
9.41
9.52
10.28
9.67
9.9
10.13
9.86
9.96
9.9
9.88
9.61
9.41
10.07
10.11
10.39
9.46
8.94
8.78
8.84
9.24
9.45
9.18
9.41
10.26
10.4
9.31
9.48
9.11
9.36
9.99
10.02
10.14
9.76
9.51
9.15
9.79
10.27
9.89
9.68
9.62
9.46
9.79
9.62
9.28
9.46
10.16
10.33
9.99
10.24
9.87
10.02
9.71
9.87
9.97
9.57
9.45
9.3
9.67
9.48
9.84
9.79
9.29
9.48
9.76
9.54
9.33
9.88
9.86
10.13
10.03
9.53
9.21
9.37
9.52
9.79
9.99
9.89
9.34
8.96
9.67
9.62
9.47
9.09
8.87
9.38
9.95
9.44
9.82
9.35
9.49
9.73
9.67
9.4
9.73
9.67
9.74
9.4
9.57
9.38
8.91
9.05
9.21
9.32
9.52
9.58
11.31
10.87
10.2
10.41
10.01
9.91
9.23
9.14
9.36
9.37
9.59
9.24
9.72
10.46
9.96
10.08
10.15
10.24
10.85
11.39
10.57
10.27
9.94
10.04
9.99
9.76
10.12
10.49
10.07
9.62
9.82
10.11
10.21
9.67
10.11
10.81
11.04
11.08
10.87
10.42
10.17
10.52
10.61
10.49
10.49
9.91
9.92
10.27
10.36
9.82
9.62
9.67
9.78
10.34
10.58
10.4
10.33
10.22
9.93
9.98
10
10.23
10.22
10.32
10.03
10.36
10.31
9.93
10.24
10.17
9.94
10.03
9.5
9.3
9.38
10.1
10.15
10.06
9.71
9.76
9.79
9.89
9.68
8.94
9.3
9.33
10.05
10.08
10.06
9.67
10
9.5
9.62
9.91
9.87
9.77
9.44
9.44
9.94
9.78
8.95
9.36
9.67
9.27
9.06
9.45
9.45
9.76
9.98
10.01
9.59
9.75
9.83
9.22
9.19
8.95
8.73
8.54
8.45
8.69
9.5
9.9
10.34
10.5
10.05
9.78
9.76
10.05
9.84
9.96
10.3
9.7
9.57
9.71
9.72
9.87
9.7
9.6
9.45
9.5
8.88
8.96
9.09
9.55
10.17
10.54
10.33
10.57
10.58
10.04
9.97
10.32
10.11
9.91
9.03
9.21
9.26
9.27
9.56
9.1
10.49
10.53
10.79
10.22
9.81
9.28
9.03
9.27
9.36
9.8
10.24
9.61
9.81
10.42
10.45
10.08
10.4
10.98
10.45
10.59
10.16
9.68
9.5
9.58
9.45
9.54
10.01
10.43
10.21
10.35
9.69
9.64
9.91
9.96
10.1
10.23
10.06
9.59
9.82
10.42
8.67
8.88
9.38
9.47
9.3
9.46
9.86
10.15
10.52
10.55
10.96
10.79
10.26
10.15
10.04
9.72
9.51
9.44
9.4
9.01
10.29
11.05
10.75
10.53
10.78
11.03
11.35
10.69
10.94
10.51
11.06
11.02
11.19
11.11
10.03
9.54
10.39
10.33
10.12
10.46
9.86
9.53
9.27
9.94
9.75
9.25
9.75
10.04
10.14
9.98
9.86
9.6
9.87
10.08
10.38
10.52
9.89
10.17
10.17
10.08
9.5
9.53
9.6
9.52
9.97
9.92
10.13
10.08
9.73
10.19
10.32
9.91
10.12
10.33
10.82
10.37
10.13
10.23
9.47
9.36
9.46
9.39
9.39
9.07
9.48
9.6
9.82
9.66
9.09
9.2
9.44
9.32
9.52
9.82
9.75
9.89
9.79
9.08
9.23
8.92
9.98
10.14
10.11
10.3
10.18
10.14
10.22
9.79
10.13
10.51
10.2
10.39
10.13
10.24
9.85
9.37
9.21
9.38
9.59
10
9.98
9.51
9.77
10.29
10.49
10.08
10.07
10.31
10.35
10.34
10.08
10.37
10.18
10.17
9.97
10.12
10.34
10
9.88
9.8
10.45
10.44
10.55
10.05
9.81
9.8
10.25
9.69
9.43
9.76
9.99
10.13
10.57
10.57
10.36
10.3
9.99
9.95
10
10.71
9.37
9.57
9.8
9.94
10.22
10.37
10.26
10.09
9.87
9.53
9.87
10.2
9.66
10.11
9.78
9.63
9.36
9.39
9.48
9.45
9.83
10.14
9.77
9.91
10.13
9.97
10.08
10.69
10.53
10.6
10.3
10.24
11.01
10.93
10.44
9.39
9.59
9.49
9.78
10.01
9.52
8.65
8.83
9.48
9.8
9.81
9.92
9.87
9.3
9.6
9.94
9.83
9.62
9.65
10.03
10.22
10.22
9.49
9.55
9.73
9.86
9.92
9.56
8.98
9.47
9.38
9.32
9.59
9.63
9.83
9.59
10.3
10.84
10.49
10.37
10.67
10.22
10.15
10.21
9.84
10.88
10.58
10.6
10.48
10.73
10.57
9.94
9.44
9.32
8.76
9.33
9.64
9.7
10.37
10.07
10.24
10.89
11.37
11.36
11.03
10.62
10.36
10.22
9.98
9.68
9.24
9.12
8.99
8.93
9.19
9.43
9.28
9.44
9.52
9.65
10.42
10.29
10.28
10.29
10.43
10.64
10.46
9.89
10.06
10.26
10.59
10.22
10.26
10.17
9.78
9.85
9.95
9.77
9.61
9.88
10.01
9.8
9.78
10.54
10.37
9.46
10.07
10.58
10.06
9.97
9.86
9.45
9.1
9.76
9.28
9.8
9.98
10.35
11.3
10.66
10.17
10.11
9.88
9.51
9.33
10.43
10.14
9.5
9.22
9.88
9.96
9.97
10.3
10.39
10.39
10.15
10.12
9.74
9.4
9.71
9.67
9.15
9.59
9.75
10.36
10.2
10.23
10.04
9.99
9.38
9.73
10.05
10.39
9.97
9.79
10.23
10.17
9.88
9.54
9.8
10.18
10.43
10.36
10.54
9.85
10.66
10.58
10.36
10.16
10.29
10.03
9.9
10.31
10.42
10.58
9.94
10.16
10.44
10.45
9.87
10.08
10.13
10.28
10.27
10.35
9.29
9.42
9.48
9.84
9.8
9.64
9.51
9.15
9.14
8.98
8.92
9
8.77
9.15
9.55
9.28
9.21
9.67
9.49
9.27
8.49
8.53
8.82
8.97
8.53
8.8
9.23
9.47
9.97
9.85
9.87
9.29
9.16
9.21
9.08
9.28
8.72
8.56
8.88
8.76
9.45
9.59
9.59
9.62
9.74
9.43
10.06
10.15
9.64
9.06
9.22
9.81
9.65
9.56
9.42
9.12
9.44
9.62
9.81
9.61
9.83
9.96
9.73
9.59
9.74
9.98
10.03
10.47
10.5
10.75
10.67
10.48
10.16
10.12
10.02
10.54
9.96
9.92
9.48
9.55
10.26
10.41
10.59
10.08
9.95
9.49
9.81
10.36
10.2
10.21
9.96
9.57
9.61
9.29
9.5
9.68
9.97
10.55
10.67
10.39
9.65
9.37
9.4
9.5
9.46
9.81
9.59
9.46
10.24
10.72
10.26
10.31
10.18
10.08
10.3
9.95
10.51
9.48
8.99
9.58
9.71
9.78
10.66
10.93
10.6
9.93
9.87
9.62
9.66
9.82
9.75
9.83
9.82
9.72
9.78
10.31
10.49
10.33
9.65
9.24
10.31
10.65
9.99
9.97
10.26
10.3
10.51
10.3
10.28
10.42
10.35
9.6
9.8
10.26
10.14
10.41
9.77
10.33
10.52
10.45
10.21
10.17
10.46
10.7
9.81
9.8
9.89
9.58
9.3
9.48
9.75
9.95
9.4
9.43
9.31
9.51
9.77
9.79
9.59
10.33
8.84
9.01
9.43
9.6
9.45
9.19
9.41
9.71
9.92
9.77
9.57
9.78
9.49
10.06
10.26
10.54
10.56
9.88
9.27
8.99
9.4
9.47
9.61
9.04
8.59
9.36
9.66
9.7
9.94
10.01
9.62
9.21
9
9.38
9.32
9.18
9.15
9.82
9.39
9.2
9.42
9.06
9.24
9.85
9.59
9.5
9.06
8.97
9.26
9.77
10.42
10.31
10.24
9.68
9.32
9.69
9.35
9.53
9.61
9.78
9.9
9.99
10.42
10.42
10.11
10.5
9.97
9.87
9.96
9.6
9.53
9.83
10.27
10.21
10.39
10.26
10.51
10.52
10.05
9.53
10.76
10.12
10.09
9.83
9.68
9.75
9.81
9.52
10
9.02
8.96
8.84
9.05
9.31
9.9
10.24
10.89
11.77
11.62
11.44
10.3
9.31
9.81
9.97
9.79
9.22
8.83
8.84
8.93
9.25
8.92
9.23
9.82
10.07
10.06
10.8
9.89
9.97
9.87
9.69
8.88
9
9.19
9.16
8.89
9.48
9.85
9.31
9.11
9.58
9.67
9.1
9.43
9.71
9.61
10.05
9.82
10.03
10.2
9.53
9.8
9.35
9.33
9.24
9.37
9.4
9.19
9.34
9.9
9.61
9.98
10.61
10.28
10.22
9.78
9.95
9.92
9.59
9.01
9.26
9.65
9.57
9.38
9.33
9.65
10.06
9.9
9.58
9.69
9.59
9.4
9.23
9.54
8.94
9.03
9.08
9.19
9.24
9.57
9.2
10.26
10.26
9.85
9.25
8.82
9.46
9.45
10.03
9.75
9.87
9.75
9.98
9.54
9.48
9.62
9.9
10.27
10.06
10.01
10.4
9.49
9.52
9.86
10.01
9.98
9.93
10.07
10.13
10.52
10.39
10.38
9.92
10.59
10.5
10.8
10.41
10.5
10.14
10.31
9.92
10.59
10.3
10.04
9.67
10.28
10.96
10.98
10.36
10.38
9.79
9.1
9.06
9.16
9.74
10
10.26
10.19
10.42
10.47
11.08
10.71
11.03
10.68
10.84
10.25
10
10.16
9.85
9.5
9.91
10.04
10.48
9.92
9.66
9.45
9.29
9.25
9.97
9.88
10.45
8.9
9.34
9.28
9.69
9.51
9.61
9.8
10.22
9.73
9.97
9.96
9.87
10.07
9.8
10.02
9.7
9.73
9.68
9.7
9.24
10.34
10.19
10.26
10.2
9.84
10.57
10.13
9.79
9.67
9.2
9.3
9.31
9.86
9.65
9.36
9.62
9.36
9.86
9.96
10.47
10.45
10.02
9.73
9.28
9.26
9.43
9.07
9.47
9.02
8.75
9.27
9.65
9.61
9.92
10.03
9.8
10.22
9.77
9.89
9.64
9.9
9.53
9.62
10.07
9.38
9.5
9.23
8.91
9.41
9.69
9.9
9.39
9.87
9.93
9.98
9.45
9.92
10.36
10.55
10.01
9.4
9.39
9.8
10.32
10.75
10.63
10.57
10.08
9.73
9.68
9.48
9.72
9.34
9.41
9.66
9.3
9.53
8.69
8.94
9.75
9.18
9.16
9.54
9.05
9.16
9.33
9.94
10.34
9.9
9.62
9.82
9.53
9.63
10.06
10.09
9.76
9.8
9.88
9.17
9.11
9.75
9.64
9.9
9.45
9.64
9.39
9.15
9.24
9.17
9.41
9.65
9.8
9.36
8.83
9.58
9.62
9.65
9.21
9.41
9.42
9.62
10.04
9.61
9.5
9.93
9.98
9.61
9.25
9.63
9.77
10.21
9.84
9.73
9.46
9.1
9.18
9.71
9.95
9.93
9.77
9.74
9.94
10.02
9.72
9.53
9.53
9.65
9.79
9.71
10.28
10.38
10.82
10.54
10.57
11.02
10.76
10.46
10.27
9.79
10.24
9.04
9.38
9.3
9.94
10.17
10.04
10.12
10.66
10.27
9.83
10.08
9.52
9.83
10.02
9.79
9.4
9.54
9.39
9.41
9.24
9.77
10.11
9.86
9.45
9.84
9.56
10.1
9.58
9.44
8.87
8.92
9.2
9.39
9.83
10.05
9.75
9.64
9.38
9.83
9.81
9.73
10.06
10.35
10.41
10.1
9.85
9.84
9.79
9.48
9.5
9.83
9.45
9.27
9.26
9.62
9.43
9.42
9.89
9.89
10.03
9.24
9.85
10.3
10.75
10.56
10.12
9.6
9.19
9.35
9.52
9.58
9.29
9.49
9.52
9.51
9.37
9.42
9.16
9.14
9.55
10.01
10.31
10.47
10.33
10.05
9.74
10.33
9.6
9.7
9.84
9.94
9.96
9.63
9.32
9.52
9.33
9.5
9.54
9.35
9.36
9.39
9.14
9.39
9.61
9.88
10.02
9.81
10.14
10.05
9.47
9.91
9.35
9.39
9.95
10.07
9.94
9.56
9.98
10.09
9.54
8.92
9.16
9.13
9.54
8.99
9.11
9.02
8.95
9.24
9.42
9.58
10
9.85
9.77
10.19
9.98
10.11
9.26
9.44
9.5
8.92
9.09
9.28
9.28
9.08
9.58
9.88
10.01
10.33
9.87
10.07
10.27
9.77
9.82
9.88
9.93
9.61
10.09
9.81
9.59
9.49
9.37
8.88
9.28
9.6
9.79
9.6
9.7
9.14
9.59
9.5
9.44
9.36
10.21
10.35
9.89
10.11
9.92
10.04
9.37
10.39
10.16
10.05
10.01
8.98
8.92
8.71
9.01
9.06
9.02
9.5
9.86
9.62
9.62
10.52
10.43
10.2
10.42
10.68
10.34
9.15
9.04
9.52
9.73
10.02
10.07
10.34
9.95
10.13
10.09
9.77
9.73
9.63
9.61
9.46
9.68
9.29
9.36
8.58
8.41
9.37
9.54
9.63
9.57
10.18
9.46
9.44
9.73
9.85
9.89
10.29
9.78
9.3
9.03
8.75
8.8
8.66
8.6
8.98
9.11
9.53
9.91
9.67
9.54
9.64
9.83
10.13
9.52
9.22
9.46
9.07
9.18
9.46
9.35
9.03
8.81
9.4
9.65
9.95
9.75
)
;

boundaryField
{
    xPeriodic_half0
    {
        type            cyclic;
    }
    xPeriodic_half1
    {
        type            cyclic;
    }
    yPeriodic_half0
    {
        type            cyclic;
    }
    yPeriodic_half1
    {
        type            cyclic;
    }
    zPeriodic_half0
    {
        type            cyclic;
    }
    zPeriodic_half1
    {
        type            cyclic;
    }
}


// ************************************************************************* //
