/*--------------------------------*- C++ -*----------------------------------*\
| =========                 |                                                 |
| \\      /  F ield         | OpenFOAM: The Open Source CFD Toolbox           |
|  \\    /   O peration     | Version:  2.4.0-MNF                             |
|   \\  /    A nd           | Web:      www.OpenFOAM.org                      |
|    \\/     M anipulation  |                                                 |
\*---------------------------------------------------------------------------*/
FoamFile
{
    version     2.0;
    format      ascii;
    class       volScalarField;
    location    "0.0007";
    object      dsmcRhoNMean_mixture;
}
// * * * * * * * * * * * * * * * * * * * * * * * * * * * * * * * * * * * * * //

dimensions      [0 -3 0 0 0 0 0];

internalField   nonuniform List<scalar> 
5120
(
12.07
12.26
12.03
11.81
12.25
12.69
13.75
13.47
13.82
13.76
13.8
13.08
12.66
13.27
13.16
12.81
12.6
12.38
12.27
11.74
12.86
12.36
12.92
13.15
13.2
13.01
12.79
13.14
13.28
13.18
12.46
12.53
12.75
12.41
12.7
12.7
12.57
12.45
12.2
12.14
12.43
13.22
12.76
12.88
12.92
12.65
12.79
12.3
12.63
12.12
12.45
12.22
12.61
12.56
12.42
12.09
12.07
11.87
12.11
12.1
13.24
13.09
13.4
13.04
13.19
13.13
13.07
12.87
12.45
13.08
13.2
13.14
13.52
13.17
12.81
12.86
12.21
12
12
12.95
12.01
11.7
11.06
11.39
11.62
11.7
11.91
11.98
12.39
12.68
12.22
12.59
12.48
12.2
12.34
12.48
12.51
13.05
13.21
12.71
12.52
12.15
12.47
12.54
13.01
13.32
12.98
13.19
12.94
12.26
12.16
12.12
12.04
12.31
12.93
12.95
13.47
12.82
13.08
13.14
13.37
13.53
13.27
12.93
12.52
11.62
11.5
11.97
12.6
12.93
13.89
13.57
12.88
12.97
12.75
12.3
12.61
13
13.33
13.28
12.33
12.21
12.24
12.84
12.72
12.94
13.01
13.2
13.29
12.77
12.68
13.09
13.19
12.84
13.04
13.02
12.5
12.29
11.95
12.23
11.92
11.58
11.38
11.84
12
11.65
12.39
12.36
12.59
12.69
12.89
13
12.95
12.06
11.82
12.22
12.15
12.33
11.66
12.06
12.49
12.37
12.45
12.12
12.71
13.08
13.23
13.29
13.21
13.46
12.39
12.2
12.03
11.93
12.18
12.39
12.32
12.88
12.66
12.44
13.01
13.16
12.68
12.12
12.67
12.85
12.78
12.64
12.57
12.54
12.92
13.35
13.29
12.64
11.9
11.85
11.92
11.57
11.79
12.38
12.05
12.11
12.14
12.73
12.54
12.2
12.17
12.41
12.68
12.57
12.67
12.07
11.71
11.52
10.94
11.42
11.31
11.57
11.86
11.86
12.04
11.64
11.38
11.86
11.9
12.15
12.16
11.81
12.23
11.59
10.91
11.28
11.99
12.25
11.94
11.92
12.43
11.88
12.19
12.54
11.41
11.76
11.76
11.37
11.46
12.13
12.59
12.92
12.78
12.65
12.69
12.17
11.72
11.08
11.06
10.77
11.06
11.59
11.99
11.94
11.93
11.56
11.65
12
12.23
12.23
11.75
12.03
12.04
11.43
11.26
11.68
12.01
11.72
11.57
12.22
11.89
11.74
11.74
12.07
12.27
12.12
12.39
12.27
11.89
11.59
11.38
11.55
11.8
12.1
12.13
12.18
11.63
12.1
12.15
13.01
12.87
12.87
12.29
11.81
12.85
12.95
12.34
12.64
13.04
13.14
12.52
12.53
12.37
12.6
13.1
13.13
13.12
13.41
13.01
12.68
12.27
12.33
12.46
12.62
13.38
13.81
13.29
12.84
12.82
12.88
13.47
13.13
12.61
11.95
11.49
11.75
11.3
11.55
11.77
12.2
12.71
12.72
12.91
13.25
13.02
12.3
12.05
12.56
12.43
12.44
12.04
12.25
11.74
11.72
11.47
11.86
11.39
11.41
10.83
11.67
12.12
12.5
12.79
12.96
12.63
11.85
11.78
11.64
11.96
12.09
11.99
11.93
11.83
12.28
12.29
12.46
12.84
12.68
13.61
13.67
14.06
14.01
13.26
12.37
12.71
12.52
12.8
12.7
12.51
12.97
12.6
12.43
12.82
12.95
13.24
12.57
12.66
12.58
12.84
12.67
12.17
11.81
12.15
12.54
12.27
11.67
12.09
12.21
13.03
12.84
13.11
12.63
11.92
12.49
12.49
12.83
12.94
12.68
11.97
11.78
11.45
11.56
11.42
12.04
13.3
13.39
12.99
12.52
12.05
12.04
12.37
12.49
12.64
11.89
11.85
11.97
11.7
12.76
13.34
13.73
13.62
12.84
13.14
12.87
12.31
12.67
12.51
12.23
12.32
12.15
12.11
11.57
11.58
12.03
12.05
12.51
12.81
12.7
12.1
11.95
12.2
12.56
12.7
12.72
11.34
11.74
12.16
12
12.57
12.85
11.9
12.27
12.6
12.45
12.42
12.47
12.83
12.4
12.32
12.2
12.28
11.49
11.87
11.51
12.49
12.52
12.47
12.77
11.96
12.01
12.33
12.99
12.84
12.57
12.96
12.63
12.39
12.75
12.27
12.36
13.11
13.15
12.72
12.97
12.32
12.48
12.48
13.12
12.9
12.38
12.59
12.1
12.58
12.69
13.14
13.13
13.56
13.27
13.66
13.15
12.6
11.72
11.86
12.27
11.18
11.18
11.52
11.68
11.69
12.08
12.49
12.59
12.06
12.63
12.75
13.44
13.09
13.28
12.99
13.25
12.62
12.39
12.15
11.52
11.21
11.56
11.97
12.19
12.41
12.76
12.75
12.59
12.05
11.72
12.16
12.43
12.24
11.78
12.52
12.44
12.69
11.92
11.59
11.71
12.94
12.41
12.36
12.26
12.45
12.37
12.32
12.31
11.83
12.05
13.02
12.62
12.69
12.69
12.78
12.6
12.31
12.2
12.22
12.38
11.97
12.3
11.99
12.18
11.96
12.05
12.41
12.23
12.26
12.36
11.74
11.54
12.26
12.21
11.98
11.93
11.77
11.95
11.91
12.24
13.25
12.75
12.3
12.79
12.42
12.46
12.6
12.97
13.11
12.56
12.66
12.7
12.46
12.75
12.93
12.82
12.71
13.06
12.87
13.26
11.89
12.25
13.1
12.81
12.62
12.49
12.01
12.18
12.27
12.37
12.66
12.82
12.94
13.03
12.28
12.39
12.37
12.3
12.17
12.01
12.31
12.23
12.02
12.1
11.81
12.01
11.54
11.93
11.9
12.78
13.12
13.29
13.73
13.93
13.83
13.97
13.48
12.24
12.17
12.69
12.07
11.83
12.46
12.77
12.96
13.07
13.17
12.65
13.03
12.19
12.15
11.99
12.02
11.96
12.23
12.43
12.39
12.85
12.72
11.73
13.93
13.71
13.52
13.43
13.13
12.94
12.68
13.05
13
12.92
13.2
12.88
13.29
12.77
11.93
11.31
11.73
12.33
13.29
13.9
13.48
12.89
12.43
11.86
11.72
12.13
12.29
12.39
12.76
13.12
12.78
12.78
12.33
11.74
12.34
12.77
13.23
13.48
13.4
13.6
11.9
12.02
12.58
13.2
12.95
13
12.26
12.83
12.46
12.15
12.3
12.33
12.29
12.18
12.58
12.68
12.57
12.4
12.35
11.58
12.02
12.04
13.18
13.49
13.43
13.26
12.57
12.49
12.6
12.84
12.45
12.98
13.08
13.22
12.61
12.04
11.93
12.52
11.6
11.8
13.55
13.57
13.05
12.57
12.24
12.5
12.57
12.68
12.54
12.8
12.75
12.83
12.45
13
12.83
12.52
12.71
12.44
12.69
13
12.17
11.58
11.7
12.02
11.52
11.87
12.2
11.54
11.42
11.65
11.98
12.12
12.29
12.9
12.7
12.67
12.9
12.74
12.77
12.39
13.19
13.23
13.14
12.84
13.1
12.88
13.08
12.4
12.58
12.33
12.26
12.22
12.29
12.26
12.7
12.89
12.32
12.8
12.39
12.79
12.25
11.96
12.17
12.02
11.94
11.82
12.17
12.63
12.87
13.37
12.66
12.32
12.4
12.11
11.74
11.67
11.96
12.29
12.42
12.2
12.61
12.86
12.54
12.2
12.84
12.9
12.88
12.14
12.35
11.51
11.1
11.27
11.39
11.33
11.37
11.94
11.37
10.84
11.33
11.94
13.35
13.49
12.79
12.45
12.65
12.52
12.14
11.85
11.63
12.13
12.14
11.9
11.73
11.72
11.4
11.59
12
12.61
12.97
13.25
12.26
11.73
11.94
11.98
12.01
11.73
11.75
12.64
12.85
12.67
12.36
12.12
12.16
12.48
12.43
12.5
12.73
13.18
12.77
12.73
14.16
13.86
13.55
12.68
12.55
11.88
12.08
11.98
11.63
11.86
12.53
12.46
12.21
12.58
12.92
13.25
13.42
13.43
13.62
13.68
12.09
12.36
13.09
13.85
13.65
13.86
13.47
13.24
13.09
13.22
12.76
12.18
12.01
11.32
11.64
11.48
11.76
11.89
12.42
12.45
12.72
12.23
12.11
12.72
13.13
12.91
13.24
13.53
13.55
13.54
13.33
13.77
13.3
13.23
13.01
12.27
11.56
11.58
11.69
12.6
11.67
11.81
12.1
12.07
11.83
11.99
12.18
12.31
12.37
12.63
12.37
12.3
12.27
12.66
12.8
13.04
13.18
13.44
13.08
12.2
12.57
12.47
12.57
12.83
12.81
12.68
12.76
12.67
12.9
12.48
12.74
12.58
12.62
12.71
12.91
12.47
11.88
12.41
12.41
12.76
12.39
12.84
12.61
12.04
12.08
12.84
13.17
12.94
12.88
13.33
13.13
13.14
12.99
12.73
13.1
13.42
13.14
12.88
12.53
12.53
11.95
12.39
12.53
13.25
13.44
12.62
12.48
12.63
12.22
12.44
12.11
11.93
11.88
12.31
12.83
12.52
12.12
11.84
12.27
12.39
12.61
12.27
11.99
12.54
12.76
12.94
13.15
13.26
12.99
12.73
12.19
12.82
12.58
11.94
11.84
11.78
11.6
11.83
12.22
12.61
12.47
12.21
12.42
12.43
12.16
12.89
12.46
12.95
12.76
12.75
13.12
12.75
13.1
12.68
12.3
12.54
12.55
12.75
12.47
12.55
12.75
12.73
12.95
12.29
12.58
12.74
13.28
12.93
12.64
12.63
12.3
12.33
12.11
11.89
12.44
12.52
12.89
12.49
13.13
12.63
12.47
12.66
12.78
12.27
13
12.44
12.53
12.71
12.82
12.67
12.63
12.12
11.74
11.92
12.12
12.64
12.9
12.82
12.34
12.28
13.83
13.39
13.27
12.57
12.26
12.13
11.9
12.51
12.67
13.08
13.24
12.94
13
13.4
13.63
12.94
12.71
13.04
13.37
13.95
11.18
11.44
11.6
12.36
12.07
12.29
12.67
12.22
12.36
12.84
12.56
13
12.83
12.68
13.47
13.67
13.21
12.18
12.17
11.84
12.33
12.41
12.43
12.57
11.96
12.31
12.08
12.06
11.8
11.55
12.24
12.04
12.56
12.68
12.55
11.96
12.27
12.39
12.61
12.61
13.28
13.36
13.34
13.76
13.25
12.78
12.09
12.01
12.72
12.69
12.54
12.7
13.3
12.62
12.82
12.2
12.54
12.19
12.57
12.86
12.52
12.04
11.71
11.76
12.09
12.15
11.92
12.06
11.81
11.75
11.97
12.34
12.34
12.51
12.61
12.46
13.09
12.82
12.31
12.88
11.42
12.34
11.8
11.62
11.89
12.25
12.45
12.38
12.72
12.18
12.68
12.94
12.82
12.64
12.62
12.75
12.27
12.26
12
11.29
11.42
11.49
11.66
11.53
11.65
11.91
12.82
12.74
12.62
12.8
12.3
11.84
11.54
11.59
11.57
11.86
11.77
12.26
11.51
11.6
12.21
12.24
12.23
12.08
12.17
12.43
12.72
12.27
12.54
12.3
12.8
13.16
13.35
13.5
12.9
12.59
12.69
12.71
12.66
12.58
12.51
12.56
12.75
12.93
12.7
12.18
12.07
12.5
13.01
12.71
12.68
12.61
12.19
12.36
12.73
12.57
12.78
12.52
12.73
13
12.45
12.95
12.69
12.62
12.23
12.27
12.25
12.66
13.15
13.69
14.14
13.95
13.71
12.94
12.78
13.3
13.44
13.16
12.39
12.44
12.91
12.78
13.26
13.13
13.71
13.41
12.99
12.32
12.56
11.77
12.05
12.21
12.25
13.02
13.35
13.38
13.71
13.93
13.53
13.19
12.98
13.11
12.14
12.13
12.11
12.34
11.77
12.09
12.48
12.99
13.78
13.2
13.21
12.3
12.5
11.91
12.52
12.15
12.46
12.29
12.01
12.01
12.11
12.5
12.4
12.41
12.54
12.67
12.27
12.07
12.42
12.27
12.09
12.35
12.76
12.51
12.95
12.9
12.19
12.33
11.95
12.12
12.09
12.88
12.4
11.85
11.88
11.54
11.11
11.84
11.25
11.59
11.46
11.88
12.09
11.83
11.21
10.65
11.24
11.26
12.86
12.39
11.92
12.09
12.24
12.56
12.92
12.86
13.1
12.38
12.65
12.06
12.18
12.08
12.51
12.24
11.78
11.9
12.24
12.24
12.51
13.19
13.02
13.47
13.17
13.88
13.92
13.47
12.93
12.48
12.4
12.98
12.6
12.1
11.87
11.94
12.37
12.63
13.25
12.76
12.99
12.91
12.96
12.7
12.02
11.41
11.69
11.62
11.75
11.94
11.92
12.39
13.32
12.71
12.82
12.9
13.64
13.01
13.08
12.98
12.74
12.98
13.13
12.7
12.35
12.88
12.39
13.02
13.33
12.86
12.54
12.54
11.96
12.12
12.32
12.26
13.28
14.21
14.36
13.61
11.53
11.72
11.61
12.01
12.08
12.16
12.57
13.04
12.97
12.84
12.88
12.13
11.49
12.12
12.99
13.08
12.08
12.03
12.03
11.81
12.05
12.05
12.49
12.63
12.83
12.43
12.63
12.56
12.98
12.6
12.83
12.71
12.09
12.46
11.99
12.45
11.94
11.59
11.63
11.44
12.09
12.68
12.76
12.24
12.71
12.73
12
12.71
11.72
12.15
12.39
12.28
12.28
12.47
12.49
12.6
12.31
11.68
11.81
12.06
11.3
10.86
11.48
11.95
11.49
11.87
12.16
12.22
12.13
12.1
12.04
11.45
12.11
12.16
12.13
12.24
12.51
12.58
12.94
12.21
12.82
13.04
12.71
12.08
11.4
11.7
11.15
10.92
11.36
11.82
11.06
11.14
11.38
11.62
12.24
12.44
12.44
12.42
12.11
12.21
13.14
13.27
13.36
12.91
12.61
12.77
12.49
13.23
12.79
13.26
12.72
12.74
12.6
13.13
13.74
13.78
13.96
13.77
13.42
12.9
13.93
12.81
12.64
12.67
12.89
13.56
13.35
12.66
12.11
11.81
12.14
11.83
11.95
12.37
12.43
11.84
12.4
12.84
13.63
13.83
12.57
12.79
12.57
12.48
12.93
12.71
11.92
11.38
11.29
11.51
11.85
12.3
12.64
12.56
12.16
12.31
11.99
12.27
12.46
12.4
13.01
12.71
13
12.55
12.56
12.3
12.72
13.12
12.99
12.81
12.58
12.4
11.96
12.21
12.96
12.69
12.94
12.57
13.38
13.16
13.77
13.67
13.6
13.25
12.6
12.01
11.89
12.37
12.71
13.13
13.06
13.16
13.09
12.96
12.05
12.22
11.89
12.38
12.52
13.59
12.17
12.05
12.14
12.51
11.98
11.7
11.67
11.86
12.06
11.64
11.93
11.39
11.15
11.45
11.66
11.86
12.4
12.48
12.29
12.14
13.18
12.91
12.58
13.11
12.8
13.45
13.42
12.76
12.45
11.95
11.74
11.75
11.98
12.08
12.45
12.53
12.75
12.9
12.87
12.65
11.83
11.89
11.93
11.69
11.91
11.71
12.42
12.34
12.45
12.85
12.55
12.2
12.66
12.53
12.02
12.26
12.54
12.48
12.32
12.58
11.56
11.3
12.44
12.56
12.6
12.46
12.37
12.52
12.32
12.73
13.08
13.99
13.73
14.12
13.88
13.23
13.41
13.11
12.45
12.33
13.14
13.62
12.97
13.05
12.46
12.34
12.45
13.22
13.63
13.2
12.72
12.84
12.69
12.7
13.05
12.71
11.88
12.48
12.29
12.61
12.85
12.45
12.25
13.16
13.13
13.28
12.67
12.68
11.88
11.95
12.4
12.25
12.48
12.48
11.71
11.58
11.61
11.81
11.87
12.51
11.66
11.84
12.31
12.09
12.15
12.5
12.63
12.57
12.56
12.66
12.55
12.17
11.98
12.05
12.66
12.17
12.54
12.53
12.35
11.88
12.81
12.93
11.83
12.25
13.03
12.79
13.34
13.45
13.24
13.14
12.78
13.21
12.64
12.4
12.3
12.85
12.52
12.39
12.34
12.91
12.24
12
12.12
12.23
12.19
12.14
12.58
12.4
12.4
12.86
12.85
12.56
13.13
12.64
12.71
12.85
12.28
12.46
12.87
12.83
11.23
11.26
11.28
12.09
11.95
12.09
12.16
12.7
12.58
12.81
12.47
12.92
12.75
12.8
12.58
12.09
11.79
11.92
11.91
11.81
12.78
12.97
13.31
12.85
12.97
12.55
12.66
12.96
12.87
13.07
12.87
12.17
12.05
11.65
11.97
12.23
12.17
12.51
12.21
12.82
12.3
12.25
11.92
12.55
13.29
13.2
13.33
13.14
12.67
12.92
13.28
13.64
13.39
12.53
12.19
11.82
11.8
12.03
11.98
12.1
12.34
12.79
12.82
12.29
12.28
12.12
11.91
12.24
12.61
12.36
11.67
11.6
11.66
11.65
12.05
12.6
12.51
12.22
12.41
11.93
11.75
11.75
11.88
11.89
12.37
12.31
11.64
11.83
11.65
11.43
11.25
11.82
12.17
11.95
12.32
11.67
11.13
11.12
11.11
11.54
12.13
12.11
12.35
12.81
12.92
13.16
13.27
12.55
13.01
13.2
13.6
13.57
13.42
13.25
13.06
12.8
12.97
12.44
12.96
12.37
12.04
11.54
11.16
11.07
11.74
12.22
12.2
12.2
12.05
12.25
12.57
12.39
12.98
12.7
12.64
13.01
12.89
13.57
13.03
12.33
11.91
11.95
11.89
12.15
12.53
12.53
11.98
12.09
11.61
12.37
12.23
12.58
12.83
13.1
12.86
12.63
12.74
12.42
11.57
11.77
13.06
12.67
12.46
12.36
12.5
11.96
11.98
12.36
13.02
13.33
13.27
13.06
13.16
13.04
12.8
12.44
12.72
12.65
12.62
12.88
11.63
11.32
11.14
11.03
11.39
12.08
12.52
12.42
11.81
11.73
12.46
12.65
12.54
13.03
12.81
12.87
12.2
11.82
12.02
11.85
12.4
12.53
12.31
12.25
12.43
11.96
11.68
12.03
11.93
12.3
12.02
11.75
11.09
11.3
11.5
11.47
11.84
12.23
12.65
12.06
13.09
12.84
12.18
12.51
12.11
12.35
12.54
11.95
11.17
11.64
12.01
12.42
12.17
12.31
12.66
12.98
12.82
12.19
12.51
13.09
11.57
11.88
11.83
12.81
12.63
12.31
12.27
12.08
12
12.36
12.15
12.4
12.33
11.97
11.78
11.67
11.69
12.41
12.6
12.11
12.08
12.59
12.83
12.22
12.1
12.07
12.56
12.16
12.23
12.03
12.19
11.88
11.8
12.39
12.61
13.2
12.86
12.77
12.43
12.31
13.3
13.38
12.82
11.89
11.21
11.63
11.37
11.01
11.46
11.87
12.05
12.05
12.59
12.56
12.41
12.03
12.36
12.61
12.96
13.07
12.17
12.55
12.58
13.2
12.45
12.36
12.4
12.23
12.06
11.56
11.77
12.52
13.06
13
13.29
13.08
12.97
13.24
12.66
12.37
13.58
13.24
13.01
12.29
12.23
12.4
12.66
12.42
12.99
13.49
13.49
13.15
12.41
12.61
12.55
12.61
12.91
12.64
12.97
13.06
11.97
12.55
12.55
12.64
12.79
12.45
12.25
11.93
11.95
11.8
11.99
12.11
12.96
12.6
12.21
12.26
11.86
12.02
11.74
12.06
11.82
11.7
11.66
11.29
11.93
12.08
12.18
12.6
12.38
11.91
11.66
12
12.49
12.87
13.41
13.17
12.05
12.35
11.92
11.65
12.32
11.53
11.61
11.48
11.26
11.78
12.21
12.05
12.85
13.34
13.17
13.15
12.26
12.15
11.7
11.64
12.06
12.72
12.32
12.25
12.09
12.59
13.48
13.42
13.48
13.4
13.27
13.36
12.78
12.5
11.73
11.08
11.63
11.44
11.42
11.47
11.46
11.59
12.25
12.55
12.1
11.86
11.93
11.63
12.02
12.35
12.06
12.7
12.57
12.54
12.88
12.82
12.44
12.37
12.57
12.95
13.01
12.72
12.3
11.97
13.33
13.22
12.85
12.35
12.17
12.2
12.61
12.7
12.87
12.62
12.58
12.61
12.39
12.18
11.88
11.43
11.21
12.09
12.41
12.94
11.58
11.68
12.39
12.69
12.4
12.48
12.74
12.56
13.09
12.82
12.7
12.51
12.58
12.72
12.42
12.2
12.12
12.26
11.88
11.78
12.11
12.21
12.02
12.16
12.46
12.84
12.86
13.07
12.46
12.72
13.06
13.18
13.04
12.66
12.59
12.87
12.14
11.98
12.59
11.84
12.6
13.07
12.9
12.87
12.38
12.86
12.84
12.71
12.56
12.33
11.67
11.77
11.73
11.66
12.14
12.06
11.96
11.87
11.87
12.58
11.61
11.78
11.53
11.47
11.88
11.83
12.17
12.36
12.86
13.43
13.4
12.67
12.64
11.98
12.17
12.21
12.51
12.69
12.06
11.29
12.98
12.64
12.95
12.68
12.65
12.43
12.39
12.49
12.63
12.51
11.75
11.44
11.5
11.97
12.28
12.8
13.48
12.82
12.8
12.87
13.34
13.59
13.43
12.76
12.35
13.15
12.49
11.58
11.71
12.13
12.46
12.63
13.21
13.21
12.7
12.6
12.23
12.4
12.3
12.64
10.69
10.76
10.9
11.57
11.9
11.65
11.54
12.08
12.22
12.42
12.68
12.76
12.56
12.03
11.89
12
11.48
11.39
11.49
11.26
12.73
12.79
12.54
12.41
12.15
11.93
12.01
12.5
11.52
11.39
11.78
12.16
11.63
12.06
12.06
11.85
12.18
12.32
12.38
12.07
12.37
12.53
12.47
11.94
12.12
12.31
12.07
11.81
12.07
12.3
12.39
12.41
12.88
12.42
12.82
13.26
13.6
13.57
13.42
12.9
12.91
13.25
12.53
12.82
13.04
13.09
13.21
13.32
12.59
12.07
11.59
11.51
12.03
12.64
12.76
12.31
12.06
12.16
12.22
13.02
12.69
12.22
12.37
12.77
12.76
11.85
12
12.59
12.42
12.57
12.34
12.83
12.21
12.25
11.58
11.93
12.28
11.98
12.3
12.87
12.15
12.49
12.32
12.44
12.21
12.51
12.38
12.35
12.6
12.89
12.62
13.02
12.89
12.95
12.12
11.56
11.68
11.87
12.03
12.52
12.23
11.98
12.07
12.2
12.25
12.57
12.98
12.73
12.28
12.06
12
12.45
12.67
12.6
12.73
12.83
12.81
12.91
13.02
12.4
12.94
13.19
13.3
13.4
13.23
12.95
12.59
12.47
11.9
11.72
11.61
12.49
12.81
13.48
12.97
13
12.57
12.51
12.26
12.4
12.84
12.53
12.33
12.43
12.57
12.04
12.07
12.29
12.71
12.59
12
12.27
12.02
12.06
12.27
12.21
12.68
12.96
12.61
12.88
12.61
13.26
13.19
13.13
13.17
12.69
13.09
13.13
12.68
12.51
12.8
12.66
12.57
12.52
12.36
12.7
12.44
12.53
12.41
12.39
11.93
12.13
12.14
12
12.18
12.2
11.91
12.22
12.4
12.52
12.12
11.99
11.94
11.93
12.19
11.77
11.52
11.63
11.87
11.75
13.52
12.82
12.8
13.06
13.05
12.81
13.03
12.81
12.56
12.02
12.09
12.01
11.78
11.52
11.77
12.07
12.77
13.5
13.52
13.68
12.39
12.58
12.33
12.4
12.47
11.95
11.71
11.86
12.38
13.14
12.78
12.73
12.73
12.74
13.09
12.97
12.64
12.44
12.65
12.58
12.67
12.25
12.34
12.51
12.05
12.51
12.67
12.71
12.26
12.48
13.4
13.58
14.14
14.8
14.43
13.66
13.53
12.82
12.61
12.75
11.4
11.93
11.82
11.82
11.89
11.96
12.57
12.99
13.48
13.32
14.11
13.72
13.3
13.01
12.88
12.35
11.76
12.1
11.74
11.88
11.98
12.22
12.73
12.97
13.1
12.45
12.8
12.91
12.67
12.35
12.2
11.94
12.03
11.45
11.94
12.09
12.17
12.05
12.09
11.93
12
12.13
11.85
11.96
12.2
12.5
12.62
12.64
12.58
12.6
12.23
12.17
12.06
12.39
12.02
12.76
12.48
12.64
12.24
12.28
12.18
12.18
12.95
12.06
12.57
12.85
12.16
12.23
12.84
13.13
12.84
12.49
12.63
13.07
12.65
12.23
12.2
12.25
12.15
12.29
13.53
13.33
13.04
13.38
12.87
12.82
12.62
12.27
12.84
12.53
12.49
12.11
11.59
11.64
12.08
12.37
12.33
12.93
13.28
13.58
12.13
12.11
11.95
12.32
12.78
12.23
11.96
12.12
11.93
12.48
12.91
12.9
12.59
12.39
12.34
12.44
12.82
12.69
12.09
12.63
12.23
12.24
12.03
12.37
11.82
12.21
12.64
12.14
13.07
12.28
12.27
11.83
12.29
12.7
13.25
13.01
13.04
13.37
12.71
12.07
12.5
12.76
12.86
12.81
12.62
12.35
12.59
12.68
13.38
13.45
13.56
13.79
13.29
12.95
12.85
13.07
12.79
12.49
11.92
11.94
13.4
13.25
12.84
13.06
12.64
12.42
12.93
12.96
12.34
12.34
11.91
11.47
11.46
11.67
11.51
11.89
11.86
11.78
12.48
13.02
12.42
12.49
12.36
12.52
12.79
13.1
12.81
12.42
12.88
13.05
12.63
12.39
12.24
12.67
12.41
12.41
12.09
12.09
11.88
12.5
11.7
12.51
12.15
11.83
11.73
12.24
12.63
12.36
12.1
12.02
11.62
11.55
11.55
11.62
11.68
12.19
11.97
12
12.22
11.97
12.34
12.33
12.08
11.8
11.96
12.74
12.98
12.32
13.14
13.23
13.25
12.67
12.88
13.48
13.7
12.96
13.12
13.32
13.23
12.77
12.36
12.05
11.96
12.53
12.65
12.98
12.31
12.48
12.44
12.56
12.55
12.61
13.35
13.19
13.37
13.25
12.91
12.29
12.53
12.71
12.57
12.76
12.94
13.27
13.25
13.31
12.85
12.74
12.5
12.36
12.6
12.75
12.67
12.43
12.42
12.07
11.87
11.85
12.13
12.26
12.63
12.9
13.26
12.92
12.46
11.85
12.54
12.54
13.14
13.06
12.83
12.64
12.26
12.07
12.22
12.37
13.02
12.52
12.5
12.81
13.06
12.9
12.58
12.44
12.25
12.39
12.08
12.49
12.22
12.27
12.38
13.07
13.21
13.37
13.64
13.23
12.61
12.75
12.67
12.82
12.24
12.86
12.59
12.94
12.9
12.41
12.71
12.75
12.33
12.45
11.92
12.12
12.56
12.28
12.21
12.65
12.9
12.29
12.15
12.29
12.9
12.57
12.91
13.15
13.21
13.16
13.27
13.5
13.9
13.35
12.91
12.61
12.95
12.96
12.41
12.46
12.84
13.02
13.19
13.17
12.22
12.18
12.26
12.4
12.51
13.01
12.86
13.05
12.51
12.31
12.91
12.91
12.41
12.59
12.58
12.71
12.45
12.73
12.47
12.42
12.54
12.72
13.36
13.31
12.92
12.57
12.48
12.22
12.05
12.42
12.32
12.76
12.64
12.53
12.78
13.18
12.58
12.67
12.91
12.73
13.54
13.57
12.76
12.73
12.7
13.25
14
13.83
13.77
13.43
13.34
12.94
13.58
14.06
14.05
13.67
13.23
12.33
12.27
13.25
12.76
12.6
12.44
11.92
12.12
12.9
12.78
12.97
13.15
13.1
12.99
12.68
11.93
11.54
11.83
12.63
12.49
12.68
12.99
12.54
11.74
12.18
12.46
13.03
12.78
12.84
12.48
12.83
12.19
12.69
12.47
12.72
12.86
13.15
13.34
13.6
13.43
12.74
12.92
12.44
12.77
12.56
12.35
11.83
12.58
12.8
13.46
13.29
12.44
12.59
12.37
12.36
12.37
11.99
11.74
11.79
11.51
11.88
12.28
12.92
12.04
12.49
13.1
13.42
13.33
12.98
12.37
11.87
12.14
12.27
12.26
12.25
12.47
12.74
12.9
12.87
12.91
12.7
12.79
12.46
13.02
12.93
12.98
12.82
12.74
12.09
12.04
12.81
12.61
12.67
12.82
12.61
13.22
12.99
13.1
12.73
12.91
12.48
12.61
12.1
12.2
11.68
12.24
12.25
12.28
12.13
12.34
12.73
12.67
12.56
12
11.99
12.16
11.96
12.68
12.08
12.68
13.05
12.22
12.41
12.49
12.02
12.46
12.29
12.4
11.79
12.33
12.59
12.69
12.5
13.67
13.58
12.96
12.91
12.18
12.95
12.61
12.14
12.76
12.54
12.23
11.75
11.94
11.8
11.03
11.78
12.1
12.08
12.43
12.9
12.35
12.4
12.32
12.24
12.26
11.8
11.26
12.32
12.09
12.11
11.69
11.63
12.02
12.05
12.01
12.02
12.17
12.27
12.26
12.4
12.4
11.92
12.17
12.7
12.52
12.55
12.53
12.09
11.69
11.62
12.09
12.1
11.67
11.91
12.18
12.29
12.28
12.05
12.11
12.18
12.76
12.79
12.5
12.5
12.75
12.46
13.08
13.51
13.13
12.48
11.59
11.85
11.95
12.28
12.05
12.26
12.39
12.53
13.13
12.85
12.84
12.39
12.65
12.46
12.21
11.88
11.83
11.97
11.98
11.62
12.34
12.33
12.04
12.12
12.73
13.36
12.88
12.55
12.29
12.66
12.77
12.59
13.4
13.09
13.93
13.48
12.92
12.62
12.57
12.7
13.44
13.48
12.74
13.25
12.61
12.64
12.46
12.42
12.05
11.86
12.3
12.24
12.85
13.69
13.66
13.41
13.69
13.31
13.72
13.45
12.42
12.42
12.45
12.53
12.9
13.01
12.72
12.38
12.39
12.37
12.52
12.79
12.71
12.89
12.61
12.54
12.48
12.84
12.24
12.52
12.9
12.63
12.85
13.45
13.29
12.94
13.17
13.13
13.12
13.16
12.66
12.57
11.79
12.11
12.31
11.86
12.25
12.55
12.33
12.59
12.54
12.7
13.2
12.8
12.84
12.8
12.94
12.46
12.05
12.45
12.93
13.4
13.03
12.8
13.06
13.16
13.11
12.64
13.12
13.11
13.14
12.83
12.51
12.19
12.09
11.66
12.23
12.82
12.61
13.4
13.38
13.41
12.97
13.03
12.58
12.26
12.52
12.94
12.67
12.26
12.28
12.53
12.28
12.26
12.82
13.08
12.83
12.7
12.61
12.55
12.65
13.07
13.21
13.6
13.08
13.01
12.74
12.42
12.18
12.5
12.35
12.24
12.26
12.18
12.67
13.08
13.02
12.7
12.08
12.32
12.22
12.03
11.69
11.74
12.12
12.35
12.46
12.91
13
12.66
12.95
13.09
12.63
12.51
12.76
12.1
11.74
11.6
11.69
10.9
11.26
11.81
12.18
12.65
12.43
12.36
12.6
13.37
12.74
12.84
12.61
12.68
12.97
13.08
13.24
12.8
12.48
13.08
12.85
13.04
12.53
12.13
11.49
11.42
11.74
11.9
11.74
12
12.96
12.84
12.09
12.38
12.03
12.25
12.79
12.81
12.88
12.53
12.49
12.13
12.67
13.24
12.64
12.53
12.57
12.53
12.97
12.75
12.4
12.65
12.54
12.9
12.52
12.84
12.61
13.02
12.48
12.76
12.54
12.44
12.48
12.44
12.69
12.56
12.79
12.5
11.79
12.38
12.36
12.02
11.77
12.5
12.52
13.13
13.16
12.46
12.2
12.57
12.69
12.91
13.08
12.85
12.57
12.51
13.08
12.85
12.56
12.05
11.63
11.95
13.04
12.57
12.87
12.36
12.45
12.51
12.72
12.49
12.86
13.03
13.02
12.7
12.64
12.53
12.26
12.51
12.55
12.38
12.76
12.64
14.58
14.1
13.54
13.82
13.44
13.28
12.45
12.48
12.65
12.58
12.76
12.39
12.58
13.35
12.95
13.1
13.24
13.24
14.01
14.65
13.06
12.82
12.58
12.41
12.54
12.05
12.53
12.95
12.69
12.34
12.46
12.86
12.89
12.39
12.54
13.4
13.71
13.79
13.55
13.04
12.94
13.15
13.37
13.07
12.89
12.43
12.5
13.03
13.23
12.43
12.34
12.29
12.35
12.74
13.18
13.1
13.13
13.02
12.91
12.86
12.4
12.67
12.62
12.61
12.53
12.66
12.8
12.4
13.04
12.96
12.67
12.7
12.14
12.01
11.84
12.75
12.65
12.78
12.42
12.34
12.52
12.67
12.17
11.47
11.82
11.75
12.68
12.75
12.61
11.97
12.33
11.8
11.9
12.1
12.17
12.16
12.07
12.01
12.63
12.38
11.77
12.03
12.38
11.97
11.79
12.18
12.01
12.32
12.64
12.82
12.35
12.28
12.39
11.67
11.99
11.63
11.3
10.9
11.13
11.43
12.34
12.82
12.94
13.07
12.41
12.22
12.1
12.61
12.39
12.6
13.18
12.56
12.33
12.74
12.66
12.73
12.4
12.37
12.22
12.29
11.31
11.21
11.41
12.16
12.9
13.25
12.89
12.92
12.81
12.75
12.67
13.22
13.04
12.81
12.09
12.34
12.58
12.41
12.71
11.97
13.78
13.6
13.82
13.04
12.73
12.08
12.11
12.19
12.25
12.55
13.22
12.64
13.05
13.78
13.93
13.08
13.36
13.78
13.27
13.71
12.85
12.29
12.35
12.49
12.21
12.26
12.64
13.07
12.65
13.1
12.64
12.78
12.94
12.8
13
13.15
13.02
12.48
12.77
13.14
11.61
12.03
12.45
12.35
12.23
12.32
12.64
13.09
13.57
13.83
13.98
13.56
13.15
13.08
12.98
12.55
12.26
12.37
12.48
11.96
13.01
13.95
13.8
13.63
13.45
13.93
14.37
13.59
13.86
13.37
14.03
13.96
14.01
13.85
12.56
11.98
12.74
12.66
12.52
12.91
12.52
11.99
11.71
12.49
12.55
12.22
12.65
12.79
12.97
12.6
12.41
12.38
12.61
12.75
13.15
13.33
12.37
12.94
13.14
12.96
12.67
12.65
12.68
12.53
12.96
12.81
13.09
13.17
12.81
13.43
13.46
12.8
13.1
13.35
13.8
13.59
13.11
12.75
11.87
12.13
12.93
12.67
12.74
12.45
12.59
12.94
12.99
12.86
12.05
12.41
12.78
12.53
12.74
12.87
12.45
12.51
12.43
11.81
12.36
12.32
12.72
13.11
12.77
13.01
13.13
13.07
13
12.47
12.87
13.54
13.05
13.21
13.18
13.17
12.9
12.27
12.16
12.31
12.58
12.8
12.61
12.16
12.71
13
13.34
13.06
13.27
13.09
13.21
13.32
12.92
13.16
13.03
13.09
12.92
13.03
13.17
12.69
12.28
12.29
13.54
13.52
13.33
12.76
12.26
12.52
12.83
12.53
12.06
12.53
12.75
12.69
13.3
13.27
12.94
12.92
12.77
12.94
12.94
13.69
12.61
12.96
13.1
13.31
13.3
13.52
13.27
13.12
12.6
11.97
12.28
12.91
12.58
12.9
12.52
12.28
12.02
12.15
12.22
12.42
12.94
13.1
12.89
13.02
13.26
13.07
13.29
13.72
13.79
13.55
13.27
13.07
13.5
13.44
13
12.01
12.53
12.41
12.86
12.94
12.3
11.18
11.59
12.23
12.75
12.96
12.92
12.9
12.13
12.47
12.61
12.22
11.8
12.07
12.68
12.7
12.56
12.17
12.22
12.35
12.59
12.5
12.17
11.71
12.23
11.98
12.1
12.35
12.15
12.48
12.34
13.2
13.73
13.23
13
13.05
12.52
12.66
12.98
12.64
13.65
13.68
13.59
13.21
13.49
13.17
12.9
12.45
12.06
11.37
11.89
11.96
12.18
12.99
12.71
13.08
13.95
14.48
14.32
14.23
13.71
13.32
13.01
12.56
12.36
11.78
11.61
11.32
11.54
11.81
12.05
12.02
12.42
12.34
12.51
13.44
13.27
13.19
13.09
13.36
13.07
12.77
12.34
12.72
12.88
13.31
13.15
13.27
13.42
13.06
13
12.84
12.75
12.74
12.86
13.19
12.77
12.45
13.22
12.89
12.22
12.66
12.98
12.55
12.72
12.63
12.25
11.83
12.53
12.26
12.95
13.06
13.39
14.26
13.8
13.25
13.24
12.8
12.37
12.12
13.06
12.64
12.06
12.17
12.73
12.54
12.9
13.14
13.44
13.45
13.38
13.35
12.83
12.42
12.71
12.42
12.03
12.31
12.3
13.33
13.53
13.53
13.31
13.1
12.39
12.72
13.03
13.1
12.65
12.28
12.92
12.6
12.68
12.36
12.64
13.35
13.63
13.38
13.64
12.96
13.33
13.44
13.2
12.96
13.06
13.19
12.71
13.27
13.54
13.71
13.09
13.12
13.62
13.58
13.1
13.15
13.45
13.42
13.42
13
12.01
12.31
12.45
12.79
12.79
12.39
12.15
11.65
11.87
11.89
12.01
12.16
11.87
12.27
12.51
12.2
12.26
12.55
12.48
12.32
11.31
11.53
11.83
11.96
11.77
11.93
12.49
12.8
13.32
12.63
12.62
12.03
12.02
12.11
12.04
12.46
11.95
11.56
11.64
11.47
12.17
12.14
12.3
12.4
12.49
12.47
13.02
13.11
12.22
11.43
11.56
12.21
11.97
12.1
11.93
11.74
11.9
12.15
12.48
12.63
12.46
12.4
12.07
12.15
12.25
12.41
12.28
12.78
13.05
13.46
13.56
13.46
13.07
12.9
12.41
12.83
12.23
12.41
12.01
12.15
12.77
12.72
13.14
12.91
12.79
12.36
12.75
13.22
13.05
12.86
12.64
12.01
12.39
12.22
12.51
12.78
12.84
13.18
13.44
13.07
12.5
12.47
12.63
12.7
12.65
12.94
12.69
12.46
12.98
13.58
13.21
13.29
12.95
12.94
13.07
12.69
13.45
12.17
11.63
12.41
12.51
12.81
13.9
13.91
13.55
12.81
12.64
12.33
12.23
12.8
12.88
12.95
13.17
12.88
12.75
13.16
12.99
12.91
12.33
11.95
13.06
13.37
12.77
12.99
12.95
13.17
13.34
13.12
13.07
13.27
13.06
12.33
12.41
13.11
12.91
13.32
12.59
13.03
13.22
13.35
13.22
13.32
13.3
13.26
12.54
12.56
12.42
12.35
12.04
12.26
12.52
12.71
12.16
12.04
12.17
12.18
12.64
12.52
12.25
12.94
11.4
11.25
11.94
12.49
12.43
12.37
12.39
12.56
13.11
12.87
12.7
12.79
12.34
12.83
13.29
13.73
13.7
12.72
12.09
11.7
11.93
12.08
12.34
12.13
11.62
12.63
12.85
12.64
12.72
12.67
12.46
12.03
11.86
12.32
12.42
11.88
11.91
12.8
12.55
12.02
12.45
11.95
12.16
12.74
12.48
12.25
11.66
11.79
12.11
12.36
13.11
13.31
13.17
12.66
12.19
12.37
12.14
12.49
12.49
12.6
12.67
12.62
13.17
13.28
12.69
13.06
12.42
12.37
12.48
12.2
12.3
12.57
13.2
13.07
13.24
12.92
13.11
13.2
12.69
12.3
13.53
13
12.66
12.38
12.24
12.44
12.49
12.19
12.91
11.95
11.81
11.79
12.16
12.83
13.25
13.69
14.28
14.96
14.56
14.19
13.09
12.28
12.89
12.78
12.53
12.02
11.63
12.14
12.11
12.23
11.6
12.1
12.91
13.02
13.04
13.63
12.67
12.78
12.7
12.61
12.08
12.16
12.46
12.67
12.48
12.73
13.09
12.26
11.9
12.12
12.39
11.89
12.06
12.42
12.42
13.03
12.58
12.94
13.06
12.32
12.39
12.24
12.33
11.8
11.9
12.08
11.62
11.74
12.42
12.11
12.37
13.47
13.21
13.17
12.7
12.61
12.76
12.35
11.63
11.91
12.68
12.42
12.16
11.95
12.62
12.79
12.7
12.05
12.02
12.14
11.94
11.82
12.04
11.62
11.55
11.64
11.71
12.05
12.38
12.22
13.14
13.2
12.87
12.01
11.45
11.96
12.03
12.71
12.46
12.66
12.6
13.04
12.37
12.22
12.3
12.74
13.06
12.79
12.9
13.3
12.13
12.17
12.61
12.76
12.54
12.54
12.65
12.76
13.4
13.37
13.2
12.62
13.44
13.41
13.72
13.42
13.25
13.23
13.17
12.8
13.46
13.09
12.74
12.46
13.03
13.62
13.63
13.02
13.17
12.56
11.62
12.15
12.14
12.74
12.72
13.03
13
13.47
13.4
13.87
13.62
13.62
13.25
13.31
12.83
13
13.15
12.89
12.7
12.65
13
13.51
12.67
12.34
12.2
12.43
12.44
13.25
12.85
13.33
11.8
12.1
12.25
12.52
12.47
12.55
12.66
13.02
12.52
13.08
13.2
12.64
12.78
12.85
13.17
13.21
13.08
12.85
12.8
12.18
13.65
13.57
13.61
13.44
13.15
13.97
13.48
13.04
12.91
12.16
12.29
12.45
13.17
12.65
12.51
12.72
12.33
13.12
13.05
13.69
13.29
12.97
12.9
12.42
12.18
12.28
11.87
12.17
11.57
11.45
12.06
12.22
12.43
12.97
13.07
12.84
13.46
12.8
12.9
12.37
13.47
12.7
12.73
12.94
12.13
12.35
12.28
11.81
12.24
12.48
13.04
12.62
13.15
13.07
13.15
12.44
12.93
13.5
13.76
13.23
12.4
12.41
12.8
13.27
13.35
13.09
13.36
13.02
12.57
12.61
12.45
12.33
12.09
11.89
12.24
12.01
12.41
11.47
11.92
12.83
11.63
11.77
12.23
11.71
11.82
12.21
12.74
13.31
12.92
12.79
12.78
12.25
12.08
12.41
12.36
11.97
12.01
12.01
11.49
11.34
12.34
12.33
12.62
12.33
12.53
12.09
11.73
11.85
11.8
11.87
12.27
12.52
11.88
11.37
12.4
12.45
12.22
11.59
11.85
11.93
13.15
13.46
12.99
12.78
13.12
13.22
12.84
12.64
12.79
12.97
13.5
13.23
12.94
12.57
12.1
12.28
12.65
13.4
13.41
13.32
12.32
12.45
12.37
12.43
12.22
12.57
12.49
12.59
12.76
13.31
13.4
13.39
13.03
13.02
13.28
12.82
12.48
12.79
12.56
12.83
11.62
11.86
11.77
12.42
12.79
12.69
12.7
13.13
12.51
12.22
12.75
11.93
12.22
12.33
12.38
12.11
12.46
12.1
11.9
11.79
12.56
12.8
12.61
12.19
12.55
12.36
12.62
12.2
12.14
11.74
11.85
12.11
12.09
12.57
12.71
12.47
12.16
11.9
12.39
12.31
12.73
12.91
13.22
13.26
12.94
12.74
12.93
12.82
12.34
12.28
12.47
12.08
12.08
12.05
12.52
12.34
12.47
13.34
13.06
13
12.14
12.82
13.02
13.84
13.72
13.09
12.43
12.03
12.43
12.53
12.54
12.33
12.38
12.44
12.49
12.3
12.43
12.13
12.13
12.52
12.8
12.89
13.03
13.02
12.7
12.24
13.13
12.5
12.31
12.55
12.97
12.88
12.81
12.59
12.79
12.39
12.3
12.41
12.3
12.25
12.46
12.05
12.38
12.49
12.5
12.66
12.54
12.95
12.64
11.92
12.22
11.72
11.9
12.46
12.82
12.67
12.35
12.67
12.89
12.31
11.78
12.14
12.35
12.75
12.08
12.03
11.84
11.51
11.84
11.94
12.2
12.61
12.78
12.76
13.3
13.07
13.25
12.36
12.58
12.36
11.59
11.8
11.91
11.68
11.74
12.11
12.44
12.37
12.82
12.42
12.63
12.82
12.46
12.43
12.7
12.67
12.15
12.38
12.44
12.36
12.54
12.43
12.23
12.63
12.63
12.7
12.36
12.34
12.08
12.52
12.34
12.44
12.36
13.3
13.37
12.5
13.11
13.04
13.26
12.4
14.03
13.58
13.02
12.64
11.52
11.18
11.03
11.6
11.77
11.98
12.56
12.92
12.4
12.39
13.36
13.48
13.34
13.6
14.14
13.95
11.79
11.63
12.45
12.6
12.95
12.83
13.31
12.65
13.02
12.69
12.44
12.52
12.48
12.38
12.38
12.57
12.03
12.07
11.04
10.99
11.68
11.93
11.9
12.16
12.97
12.49
12.29
12.4
12.64
12.52
12.8
12.46
11.91
11.71
11.77
11.63
11.41
11.3
11.48
11.36
12.72
12.87
12.61
12.5
12.55
12.58
12.89
12.26
11.91
12.13
11.74
11.8
12.25
12.39
11.67
11.38
12.2
12.62
13.03
12.9
)
;

boundaryField
{
    xPeriodic_half0
    {
        type            cyclic;
    }
    xPeriodic_half1
    {
        type            cyclic;
    }
    yPeriodic_half0
    {
        type            cyclic;
    }
    yPeriodic_half1
    {
        type            cyclic;
    }
    zPeriodic_half0
    {
        type            cyclic;
    }
    zPeriodic_half1
    {
        type            cyclic;
    }
}


// ************************************************************************* //
