/*--------------------------------*- C++ -*----------------------------------*\
| =========                 |                                                 |
| \\      /  F ield         | OpenFOAM: The Open Source CFD Toolbox           |
|  \\    /   O peration     | Version:  2.4.0-MNF                             |
|   \\  /    A nd           | Web:      www.OpenFOAM.org                      |
|    \\/     M anipulation  |                                                 |
\*---------------------------------------------------------------------------*/
FoamFile
{
    version     2.0;
    format      ascii;
    class       volScalarField;
    location    "0.0007";
    object      dsmcSigmaTcRMax;
}
// * * * * * * * * * * * * * * * * * * * * * * * * * * * * * * * * * * * * * //

dimensions      [0 3 -1 0 0 0 0];

internalField   nonuniform List<scalar> 
5120
(
5.565444193e-16
5.353489998e-16
5.923251363e-16
5.442571281e-16
5.768320177e-16
5.51690141e-16
6.024094728e-16
5.663602399e-16
5.560840535e-16
5.466226795e-16
5.454110725e-16
5.336083414e-16
5.812860842e-16
6.015410431e-16
5.707757534e-16
5.526020272e-16
5.112113487e-16
5.428613648e-16
6.097466582e-16
5.708239663e-16
5.406072721e-16
5.101940865e-16
5.765496914e-16
6.497653586e-16
5.77705834e-16
5.435111267e-16
6.170808114e-16
5.853593152e-16
5.726024285e-16
5.584017151e-16
6.322867188e-16
5.377628136e-16
5.698882919e-16
5.317241742e-16
5.619326604e-16
5.474664558e-16
5.713331681e-16
5.917633631e-16
5.433860393e-16
5.332200429e-16
5.622985737e-16
5.583249003e-16
5.582609765e-16
5.496160965e-16
5.511011598e-16
5.640604574e-16
5.587590305e-16
5.674617731e-16
5.391178606e-16
5.357721367e-16
5.048861318e-16
5.668183033e-16
5.875317057e-16
5.77865872e-16
5.855295574e-16
5.848204538e-16
5.509287811e-16
5.769538606e-16
5.874747475e-16
6.453949808e-16
5.540945298e-16
5.624530768e-16
5.562678121e-16
5.768659761e-16
5.292567963e-16
5.550703214e-16
5.681436144e-16
5.353049629e-16
5.368244128e-16
5.439304521e-16
5.355549354e-16
5.603834472e-16
6.069960905e-16
5.651276857e-16
5.958563822e-16
5.734494623e-16
5.343342831e-16
5.254421752e-16
5.82146832e-16
5.390588917e-16
5.4216847e-16
5.686373467e-16
5.573923964e-16
6.031088759e-16
5.219236215e-16
5.297121864e-16
5.70273556e-16
5.855821512e-16
5.254936007e-16
5.386717221e-16
6.017792731e-16
5.411505207e-16
5.514531273e-16
5.899103902e-16
5.696218775e-16
5.468584073e-16
5.632362529e-16
5.43045708e-16
5.691828057e-16
5.760861932e-16
5.631410957e-16
5.715029865e-16
5.676991851e-16
6.011036664e-16
5.787907201e-16
5.436611347e-16
5.937553333e-16
5.501963191e-16
5.666685075e-16
5.233943738e-16
5.36648107e-16
5.491262713e-16
5.98994342e-16
5.800359901e-16
5.339179135e-16
5.295140701e-16
5.359403006e-16
5.480596967e-16
5.995733139e-16
5.381859279e-16
5.535089069e-16
5.450568557e-16
5.75817898e-16
5.460008493e-16
5.515139467e-16
5.729587466e-16
5.219275098e-16
5.441341831e-16
5.726583806e-16
5.956736101e-16
5.696122285e-16
5.234694024e-16
5.708709585e-16
5.279213038e-16
5.465815236e-16
5.642439996e-16
6.228927362e-16
5.876037737e-16
5.768391284e-16
6.01301816e-16
5.771962733e-16
5.398013054e-16
6.006555243e-16
5.681465987e-16
5.549991858e-16
5.376421817e-16
5.590206146e-16
5.129956794e-16
5.375118935e-16
5.620558546e-16
5.714593748e-16
5.509499615e-16
5.791767093e-16
5.789772252e-16
5.928439523e-16
5.744382643e-16
6.211617474e-16
5.017530852e-16
5.752809997e-16
5.67097353e-16
5.60727914e-16
5.737085905e-16
5.85708977e-16
5.317957929e-16
5.443279644e-16
5.084210294e-16
5.554465768e-16
5.319152284e-16
5.679740291e-16
5.627788895e-16
5.706095056e-16
5.726386862e-16
5.825438361e-16
5.576516454e-16
5.753545463e-16
5.331113286e-16
6.790411151e-16
6.250176596e-16
5.645332364e-16
5.555363428e-16
5.937777822e-16
6.041184904e-16
5.360032555e-16
5.274562531e-16
6.377518918e-16
5.334137726e-16
5.669515076e-16
5.026497627e-16
5.528375692e-16
5.422865282e-16
5.543513655e-16
5.289502688e-16
5.548786279e-16
5.388188433e-16
5.379158757e-16
5.523726846e-16
5.57541196e-16
5.492840116e-16
5.151045955e-16
5.927449752e-16
5.451110044e-16
5.147531254e-16
5.570368417e-16
5.62345471e-16
5.416518056e-16
5.858269023e-16
5.638103897e-16
6.040403166e-16
5.748962859e-16
6.519237708e-16
5.342422274e-16
5.646084428e-16
5.646039774e-16
5.587361406e-16
5.53485271e-16
5.78313762e-16
5.465407292e-16
5.644908018e-16
5.876827473e-16
5.991024951e-16
5.521534181e-16
5.634870805e-16
5.699325457e-16
5.650005067e-16
5.265746296e-16
5.673835349e-16
5.941896798e-16
5.742075312e-16
5.576457153e-16
5.563227338e-16
6.289691978e-16
5.552949079e-16
5.450407192e-16
5.552120151e-16
6.004385228e-16
6.094361698e-16
5.475550798e-16
5.02156893e-16
5.642466517e-16
5.509246913e-16
5.765596107e-16
5.613837187e-16
5.487232794e-16
6.176122817e-16
5.49179584e-16
5.624635633e-16
5.472994605e-16
5.283464303e-16
5.550677036e-16
5.419274406e-16
5.875119431e-16
5.681037689e-16
5.883234236e-16
5.412365291e-16
5.64435875e-16
5.727012408e-16
5.765650811e-16
5.365272921e-16
5.945537812e-16
5.348245302e-16
5.815992815e-16
5.607655303e-16
5.705223472e-16
5.274513549e-16
5.562433561e-16
5.710797963e-16
5.156580148e-16
6.085193816e-16
5.479179781e-16
5.872365108e-16
5.949760862e-16
5.844404739e-16
6.012022037e-16
5.612301275e-16
5.816311808e-16
5.679007178e-16
5.797221932e-16
5.74015872e-16
5.667788715e-16
6.202126673e-16
5.676769714e-16
5.432868806e-16
5.540216779e-16
5.642427998e-16
5.769880178e-16
5.561659516e-16
5.417412081e-16
5.718563315e-16
5.586695075e-16
5.736966876e-16
5.899757055e-16
5.647584867e-16
5.481264269e-16
6.016361351e-16
5.264532594e-16
5.380873037e-16
5.524490618e-16
5.943342446e-16
5.426276851e-16
5.672553871e-16
6.244301443e-16
5.333417498e-16
5.908349673e-16
5.22231053e-16
5.606529494e-16
5.442111728e-16
5.509080545e-16
5.533498438e-16
5.59734044e-16
5.570860386e-16
5.658937504e-16
5.82093143e-16
5.506176753e-16
5.704269544e-16
5.539926524e-16
5.984502131e-16
5.772555129e-16
5.554937801e-16
5.754290887e-16
5.605956795e-16
5.766238113e-16
5.548863856e-16
5.331858667e-16
5.580043621e-16
5.974499058e-16
5.342731848e-16
5.375696845e-16
5.312464309e-16
5.679476874e-16
5.679476874e-16
5.256324465e-16
5.360808478e-16
5.810675938e-16
5.934820104e-16
5.657710614e-16
5.724039972e-16
5.435595235e-16
5.454460893e-16
5.698359648e-16
5.727376061e-16
5.366398469e-16
5.460658453e-16
5.613355236e-16
5.233815585e-16
5.403254529e-16
5.354882721e-16
5.522469545e-16
5.718209966e-16
5.358185406e-16
6.115218165e-16
5.504246569e-16
5.397411106e-16
5.630921733e-16
5.708784573e-16
5.78331599e-16
5.832403539e-16
5.489669367e-16
5.858797591e-16
5.473539858e-16
5.753462434e-16
6.033709494e-16
5.471258801e-16
5.660747623e-16
5.765464306e-16
5.29593797e-16
5.825277728e-16
5.558848844e-16
6.560551428e-16
5.885931721e-16
5.603968931e-16
5.842115669e-16
6.095661263e-16
5.441546564e-16
5.60508421e-16
5.386536925e-16
5.561233026e-16
5.474506813e-16
5.409191907e-16
6.195197074e-16
5.547743325e-16
5.63448418e-16
5.973910878e-16
5.665916465e-16
6.157908504e-16
5.668834903e-16
5.424921226e-16
5.498617838e-16
5.675581551e-16
5.803441938e-16
5.684327177e-16
5.250931839e-16
5.658028248e-16
5.88157593e-16
5.400162263e-16
5.650067272e-16
5.344695359e-16
5.541443296e-16
5.650475359e-16
5.352506669e-16
5.554283733e-16
5.363906567e-16
5.757708456e-16
6.02802012e-16
5.593054023e-16
5.531685861e-16
5.825052392e-16
6.066930888e-16
5.492562847e-16
5.144162003e-16
5.604188586e-16
5.944017114e-16
6.295777218e-16
5.380445105e-16
5.684600728e-16
5.69317023e-16
6.447207323e-16
5.819184453e-16
5.84494543e-16
5.214226321e-16
5.692309703e-16
5.889985418e-16
6.272728584e-16
5.257479491e-16
5.626411713e-16
5.642982967e-16
6.156288717e-16
5.465788782e-16
5.977754813e-16
5.429525034e-16
5.761264281e-16
5.514785209e-16
5.571456488e-16
5.648180332e-16
5.309178048e-16
5.736922367e-16
5.765652237e-16
5.441730905e-16
5.658322827e-16
5.603648896e-16
5.844531829e-16
5.703494522e-16
5.854058441e-16
5.400712989e-16
6.179772418e-16
5.796934899e-16
6.076475402e-16
5.141395104e-16
6.370988369e-16
6.292740229e-16
5.879369179e-16
5.417291984e-16
5.831248991e-16
5.286862631e-16
5.544622379e-16
5.675725534e-16
5.873716206e-16
5.238876226e-16
5.399467247e-16
5.609938197e-16
5.56188049e-16
5.987312612e-16
5.745724935e-16
5.646337018e-16
5.524258778e-16
5.495194416e-16
5.631142371e-16
5.548674612e-16
5.907839087e-16
5.999982493e-16
5.511361751e-16
5.413920462e-16
5.715877238e-16
5.710634198e-16
5.82792355e-16
5.207304047e-16
5.42561441e-16
5.28884148e-16
5.23478022e-16
5.653723142e-16
6.020877469e-16
6.034972741e-16
5.657750321e-16
5.327639514e-16
6.445230239e-16
5.693101926e-16
5.366475359e-16
5.494456862e-16
6.118075112e-16
6.289793923e-16
5.087545939e-16
5.527846872e-16
6.077041979e-16
5.127624956e-16
5.412778446e-16
5.605715325e-16
5.509033552e-16
5.279066122e-16
6.273270802e-16
5.471332515e-16
5.297321532e-16
5.512599977e-16
5.889966638e-16
5.08340996e-16
5.388892722e-16
5.986817366e-16
5.570869541e-16
5.773136729e-16
5.395949872e-16
5.546555904e-16
6.067275092e-16
5.341510872e-16
5.556875808e-16
6.057515261e-16
5.282233514e-16
5.044075634e-16
5.643981683e-16
5.410823411e-16
5.424928715e-16
5.417227185e-16
5.298462725e-16
5.678476255e-16
5.948216089e-16
5.706175895e-16
5.944791248e-16
5.687392394e-16
5.758760302e-16
5.716443432e-16
6.125203517e-16
5.944144267e-16
5.424513898e-16
5.417524994e-16
5.562803318e-16
5.592077425e-16
5.327731114e-16
6.024910208e-16
5.351757425e-16
5.789733418e-16
5.567667936e-16
5.568984391e-16
5.356953255e-16
5.592390412e-16
5.754420922e-16
5.233046543e-16
5.512880515e-16
5.563665203e-16
5.337807326e-16
5.899898206e-16
5.684720329e-16
5.100465274e-16
5.198028483e-16
5.56293533e-16
5.199961799e-16
5.702892977e-16
5.404560293e-16
5.933736033e-16
5.372294231e-16
5.798151656e-16
5.385652235e-16
5.433854933e-16
5.711673275e-16
5.605312746e-16
5.586772975e-16
5.182323471e-16
5.425000034e-16
5.356269196e-16
5.645293393e-16
5.597858641e-16
5.504607412e-16
5.643825261e-16
5.762293731e-16
5.512648663e-16
5.582586463e-16
5.341428024e-16
5.717084178e-16
5.898197101e-16
5.547466043e-16
6.166920554e-16
5.466956736e-16
5.67562159e-16
5.457581342e-16
5.483296785e-16
5.462418923e-16
5.61233608e-16
5.588126473e-16
5.514488117e-16
5.432354128e-16
5.599763013e-16
5.954494973e-16
5.788206509e-16
5.538920938e-16
5.716336093e-16
5.430125914e-16
5.470009099e-16
5.579866333e-16
5.770522522e-16
5.802338146e-16
6.483291846e-16
5.890620131e-16
5.533973139e-16
5.434165747e-16
6.517280507e-16
5.66795233e-16
5.804766819e-16
5.870811125e-16
6.108555316e-16
5.144950532e-16
5.522881519e-16
5.329345769e-16
5.662649199e-16
5.598189785e-16
5.773460545e-16
5.638992691e-16
5.938220849e-16
5.263634223e-16
5.46762062e-16
5.821271929e-16
5.492538748e-16
5.645700581e-16
5.445277092e-16
6.351230205e-16
5.687861336e-16
5.494196749e-16
5.313216314e-16
5.319214265e-16
5.934976363e-16
5.854181588e-16
5.884571157e-16
5.719918614e-16
5.690177127e-16
5.651066226e-16
6.232792995e-16
5.633816434e-16
6.038687716e-16
5.516362412e-16
5.401016831e-16
5.50712644e-16
6.62813283e-16
5.476491734e-16
5.657941134e-16
5.859729559e-16
5.267514905e-16
5.721613126e-16
5.834991615e-16
5.425748738e-16
5.472359851e-16
5.342735673e-16
5.697251944e-16
6.122003414e-16
5.678991769e-16
5.759331649e-16
5.384513893e-16
5.726502457e-16
5.975701545e-16
5.632753178e-16
5.76187445e-16
5.467902873e-16
5.676704224e-16
5.503426424e-16
5.850872605e-16
5.622554455e-16
5.841225515e-16
5.970589129e-16
5.538044291e-16
5.581053894e-16
5.435805465e-16
6.046569094e-16
5.400294415e-16
6.469189834e-16
5.673810634e-16
5.466735174e-16
5.55686477e-16
5.332679432e-16
5.676026183e-16
5.723350408e-16
5.695616902e-16
5.529600423e-16
5.654776485e-16
5.684198396e-16
6.096179423e-16
5.387113404e-16
5.590238983e-16
5.938869564e-16
5.43151313e-16
5.859948298e-16
5.382501276e-16
5.437473559e-16
5.706530417e-16
5.554589945e-16
5.580740299e-16
5.841505571e-16
6.125482026e-16
5.324860318e-16
5.382154109e-16
5.845730004e-16
6.113748721e-16
5.574509681e-16
5.834811112e-16
5.390865052e-16
5.763220206e-16
5.763178503e-16
5.826962011e-16
5.459928668e-16
5.544125985e-16
5.635974163e-16
5.721224021e-16
5.951793766e-16
5.908096145e-16
6.036837478e-16
5.737846654e-16
5.733927292e-16
5.961763745e-16
6.62000075e-16
5.697146241e-16
6.19507673e-16
5.341272844e-16
5.456052754e-16
6.001219292e-16
5.544705348e-16
5.962130618e-16
5.745348048e-16
5.824580659e-16
5.34870488e-16
5.528302924e-16
5.657928436e-16
5.858270424e-16
5.278650062e-16
5.4019019e-16
5.620231899e-16
5.601331825e-16
5.739839475e-16
5.273386497e-16
6.086986607e-16
6.006172963e-16
5.652443077e-16
6.074957422e-16
5.718312648e-16
5.420955753e-16
5.627948103e-16
5.775725219e-16
5.521256012e-16
5.574911588e-16
5.705435282e-16
5.170330387e-16
5.991358948e-16
5.900348436e-16
5.973834709e-16
5.831618737e-16
5.687224696e-16
5.756069392e-16
5.936618309e-16
5.603083143e-16
5.644591901e-16
5.493062323e-16
6.33511726e-16
6.080179988e-16
5.496317166e-16
5.877502236e-16
5.486815982e-16
5.256295835e-16
6.142488375e-16
5.344367489e-16
6.121746153e-16
5.566604871e-16
5.283237081e-16
5.663406603e-16
5.588983456e-16
5.901928314e-16
5.701624944e-16
5.290219001e-16
5.368959126e-16
5.721412144e-16
5.550822417e-16
5.749356515e-16
5.779027485e-16
5.525807263e-16
5.289692648e-16
5.579910384e-16
6.149129883e-16
6.225008052e-16
5.05897245e-16
5.504273059e-16
6.292614126e-16
6.007329051e-16
5.57972049e-16
5.392766205e-16
6.192252085e-16
5.435729963e-16
5.715703937e-16
5.916443264e-16
6.410237423e-16
5.787503178e-16
5.708206664e-16
5.928274205e-16
5.36104841e-16
5.835786675e-16
5.679561177e-16
5.328595767e-16
5.353451434e-16
5.533969229e-16
5.28262642e-16
5.356701207e-16
5.771412688e-16
5.750613848e-16
5.733204463e-16
5.368928237e-16
5.249687169e-16
5.750418277e-16
5.498114629e-16
5.385856755e-16
5.554518749e-16
5.076540224e-16
5.549860973e-16
5.976613398e-16
5.577606135e-16
5.517421852e-16
5.573057047e-16
5.381351697e-16
5.462444386e-16
5.329248799e-16
6.103883601e-16
5.98498337e-16
5.864511964e-16
5.41980029e-16
5.654983819e-16
5.183543693e-16
5.480946465e-16
5.513830465e-16
5.623814453e-16
5.060631289e-16
5.766981622e-16
5.842388836e-16
5.989365854e-16
5.648153502e-16
5.762091167e-16
5.483897806e-16
5.678973878e-16
5.445349961e-16
6.03701556e-16
5.480211189e-16
5.914431154e-16
5.60324346e-16
6.366110953e-16
5.626025432e-16
5.984853766e-16
6.168548353e-16
5.543314824e-16
5.748961623e-16
5.302073209e-16
5.996836237e-16
5.590700073e-16
5.397794122e-16
5.915707474e-16
6.584193121e-16
6.138594075e-16
5.933386687e-16
5.66636452e-16
6.070520654e-16
5.393323768e-16
5.916390606e-16
5.155183148e-16
5.879693735e-16
5.575884168e-16
5.631933626e-16
5.402801163e-16
5.735536085e-16
5.983221884e-16
5.937673998e-16
5.498556405e-16
5.643834264e-16
5.103475682e-16
5.327639448e-16
5.38711185e-16
5.704792826e-16
5.775421991e-16
5.382892125e-16
5.870738195e-16
5.300860206e-16
5.43017698e-16
5.804967833e-16
6.258821213e-16
5.750613503e-16
5.854718484e-16
5.289119919e-16
5.593229217e-16
5.612930496e-16
5.259945274e-16
5.427443669e-16
5.414778076e-16
6.037363328e-16
5.814646742e-16
5.490110818e-16
5.677329724e-16
5.304059964e-16
5.933723488e-16
5.688577759e-16
5.846673607e-16
5.492848805e-16
5.303382694e-16
5.490852138e-16
5.959041861e-16
5.62309035e-16
5.440860202e-16
5.668200349e-16
6.043823625e-16
5.439989983e-16
5.587755086e-16
5.460738954e-16
5.291184221e-16
5.746876416e-16
5.422694435e-16
5.415020135e-16
5.788357644e-16
5.465183131e-16
5.997824405e-16
5.53717978e-16
5.986079153e-16
5.561693547e-16
5.548210009e-16
5.109188408e-16
5.49699824e-16
5.390879656e-16
5.478329444e-16
5.848727633e-16
5.848727633e-16
5.514707674e-16
5.558159974e-16
5.901639584e-16
5.466402151e-16
5.21880992e-16
5.93070277e-16
5.432518382e-16
5.593741083e-16
5.503179902e-16
5.667449861e-16
5.991583252e-16
5.829550047e-16
5.222895115e-16
5.294755598e-16
5.661869598e-16
5.457131879e-16
5.223376022e-16
5.483975296e-16
5.401228261e-16
5.408537445e-16
5.477175723e-16
5.762568189e-16
5.673711296e-16
6.067501082e-16
5.274435982e-16
5.593127293e-16
5.370824414e-16
5.630991446e-16
5.814688244e-16
5.383895354e-16
5.848950824e-16
5.961728746e-16
5.714690235e-16
5.714690235e-16
5.799988793e-16
5.666858018e-16
5.974858025e-16
5.67972412e-16
5.691165642e-16
6.319338676e-16
5.357077058e-16
5.794627902e-16
5.27306206e-16
6.084744334e-16
5.594540211e-16
5.622509076e-16
5.634710478e-16
5.822296107e-16
5.359672342e-16
6.280605053e-16
6.045736886e-16
5.678096539e-16
5.398730038e-16
5.316694697e-16
5.444105249e-16
5.490321554e-16
6.084240402e-16
5.485304717e-16
5.721728713e-16
5.574229877e-16
5.2827541e-16
5.565100188e-16
5.672697049e-16
5.474728067e-16
5.209066286e-16
5.558687068e-16
5.445455266e-16
5.720320044e-16
5.271364173e-16
5.795648501e-16
5.551991601e-16
5.323118001e-16
5.713735457e-16
5.255873698e-16
5.892745046e-16
5.379176642e-16
5.041793374e-16
5.442903769e-16
5.444090257e-16
5.32636377e-16
5.336255646e-16
5.638983055e-16
5.40444332e-16
5.85487991e-16
5.999226724e-16
5.721578541e-16
6.052576424e-16
5.538563944e-16
5.747496057e-16
5.793764016e-16
5.772768316e-16
6.075568895e-16
5.38097066e-16
5.37171259e-16
5.610154689e-16
5.35374596e-16
5.237195989e-16
5.732441849e-16
5.854095078e-16
5.603186181e-16
5.750740284e-16
5.681719197e-16
5.377228338e-16
5.655532576e-16
5.392860263e-16
5.399206448e-16
5.55895508e-16
5.718515034e-16
5.61473604e-16
5.944201669e-16
5.650261883e-16
5.785847312e-16
5.381749036e-16
5.78188147e-16
5.338776599e-16
6.355649224e-16
5.759823675e-16
5.823612101e-16
5.666177509e-16
5.13921732e-16
5.577544326e-16
5.630293014e-16
5.625236966e-16
5.226385486e-16
5.882866115e-16
5.556442357e-16
5.491037204e-16
5.402701287e-16
5.76821064e-16
5.40142011e-16
5.500875053e-16
5.474971311e-16
5.508656514e-16
5.967716582e-16
5.314690109e-16
5.55993097e-16
5.394178378e-16
5.595426295e-16
5.555916933e-16
5.457915376e-16
5.816564926e-16
5.690326728e-16
6.741371708e-16
5.717345532e-16
5.443809324e-16
5.944986796e-16
5.823300798e-16
5.741059571e-16
5.662168399e-16
5.398578536e-16
5.716092345e-16
5.779736329e-16
5.504672838e-16
5.595093018e-16
5.368707619e-16
5.822707411e-16
5.423091633e-16
5.63971378e-16
5.389442243e-16
5.67749814e-16
5.558890886e-16
5.520214542e-16
5.530488468e-16
5.527183041e-16
5.618578441e-16
5.323771742e-16
5.332877949e-16
5.421494911e-16
5.296486087e-16
5.615983107e-16
5.109587469e-16
5.485385803e-16
5.028844271e-16
5.901542674e-16
5.641561146e-16
5.045898039e-16
5.480169704e-16
6.261973993e-16
5.438012411e-16
5.430279493e-16
5.760811007e-16
5.813430809e-16
5.301894737e-16
5.743494195e-16
5.659473468e-16
5.952666619e-16
5.441355962e-16
5.7584512e-16
5.160302818e-16
5.356074238e-16
5.816317145e-16
5.65243764e-16
6.147288239e-16
5.512909913e-16
5.808264374e-16
5.345170929e-16
5.86979837e-16
6.07239894e-16
5.336059117e-16
5.389282413e-16
6.210813636e-16
5.315516388e-16
5.602898539e-16
5.499584997e-16
5.808796769e-16
5.79599989e-16
5.372095246e-16
5.389145886e-16
5.281037008e-16
6.013266918e-16
5.735894935e-16
5.432525074e-16
6.058251304e-16
5.805496985e-16
5.711212628e-16
5.421241912e-16
6.272125621e-16
5.910226432e-16
6.246230882e-16
5.688607483e-16
5.311760232e-16
5.455015514e-16
5.675397334e-16
5.841246418e-16
5.618874948e-16
5.277003723e-16
5.560261704e-16
5.300460505e-16
5.719363301e-16
5.772629676e-16
5.603417911e-16
7.051824069e-16
5.825961121e-16
5.47867327e-16
5.186494907e-16
5.679395947e-16
5.544116642e-16
5.830755112e-16
5.697407661e-16
6.068541377e-16
5.832166041e-16
5.614294354e-16
5.530014673e-16
5.547425561e-16
5.13228855e-16
5.828159057e-16
5.636776015e-16
6.377024674e-16
5.715738115e-16
5.340157091e-16
5.421408623e-16
5.191753771e-16
5.73650549e-16
5.795531911e-16
5.432302945e-16
5.541789426e-16
6.083109754e-16
5.584174775e-16
6.013236663e-16
5.555823076e-16
5.333797814e-16
5.6890719e-16
5.584204753e-16
5.825790032e-16
5.681220924e-16
5.528544315e-16
5.698653558e-16
5.181291066e-16
5.740789159e-16
5.989970415e-16
5.312269393e-16
5.675489417e-16
5.590406658e-16
5.622116568e-16
5.712127362e-16
5.776244802e-16
5.479228871e-16
5.556144499e-16
6.134270934e-16
5.618151419e-16
5.507108482e-16
5.825144559e-16
5.313385416e-16
5.81618756e-16
5.363308875e-16
5.897135633e-16
5.163846167e-16
5.623694474e-16
5.122812262e-16
5.414267172e-16
5.439480098e-16
5.925292293e-16
5.780109126e-16
5.605143183e-16
5.469589064e-16
5.570798447e-16
6.214456958e-16
5.951909902e-16
5.600258411e-16
6.069039448e-16
5.594366586e-16
5.808384109e-16
5.756237237e-16
6.422652585e-16
5.044973872e-16
5.613338246e-16
5.406907e-16
5.421335841e-16
5.256842953e-16
5.769952664e-16
5.748651632e-16
6.309345995e-16
6.053754193e-16
5.386082951e-16
5.46614142e-16
6.301817099e-16
5.629574312e-16
5.733850456e-16
5.215665829e-16
5.598394525e-16
5.561164752e-16
5.464033329e-16
5.393234386e-16
5.190495054e-16
5.458213401e-16
5.44795857e-16
5.83830565e-16
5.719540095e-16
5.272537474e-16
5.901044201e-16
6.025796749e-16
6.14085066e-16
6.204904141e-16
5.379844661e-16
5.759847871e-16
6.328434009e-16
6.242037396e-16
5.83210876e-16
5.814564577e-16
5.65497327e-16
5.359512031e-16
5.395421695e-16
5.701648142e-16
5.418300791e-16
5.365869771e-16
5.536528968e-16
5.988269932e-16
5.417908151e-16
5.201688768e-16
5.401653078e-16
5.472603281e-16
5.975324597e-16
6.234509655e-16
5.917738593e-16
5.867213537e-16
5.644535133e-16
5.359476336e-16
5.922972594e-16
5.531782141e-16
5.420484831e-16
5.679727455e-16
5.506098477e-16
5.854159982e-16
5.511700331e-16
5.778096427e-16
5.388693391e-16
5.71432437e-16
5.356844902e-16
5.708954502e-16
5.765688416e-16
5.385748907e-16
5.378141441e-16
6.033593192e-16
6.424250967e-16
5.178686231e-16
5.938061683e-16
5.580136556e-16
5.49201244e-16
5.302614866e-16
5.699853575e-16
6.103473425e-16
5.361444214e-16
5.960858153e-16
5.808688909e-16
5.624825048e-16
5.773018264e-16
5.809897353e-16
5.904072223e-16
5.552392294e-16
5.339116095e-16
5.553899955e-16
5.680304793e-16
5.242896403e-16
5.047482767e-16
5.430293534e-16
6.038074815e-16
5.627441386e-16
5.469140451e-16
5.349804369e-16
5.538701465e-16
5.731708477e-16
6.067614094e-16
4.978324789e-16
5.773255394e-16
5.721796329e-16
6.062062416e-16
5.048682675e-16
5.396403442e-16
5.815092824e-16
5.74718401e-16
5.309784049e-16
5.76338371e-16
5.864840147e-16
5.889347568e-16
6.306167023e-16
4.951885693e-16
5.961873215e-16
5.071132724e-16
5.596856585e-16
5.546083216e-16
5.660829753e-16
5.698527389e-16
5.307596462e-16
5.621542806e-16
6.265414877e-16
5.769682462e-16
5.267069557e-16
5.491180078e-16
5.751567529e-16
5.756750009e-16
5.890458157e-16
6.019061579e-16
5.980271971e-16
5.719634334e-16
5.340229786e-16
5.798468333e-16
5.472125148e-16
5.996140527e-16
6.421486824e-16
5.884158853e-16
5.456088805e-16
5.325610576e-16
5.541220161e-16
6.262157319e-16
5.351887893e-16
5.184117858e-16
5.571136327e-16
5.2951099e-16
5.613558648e-16
5.166658637e-16
5.866070367e-16
5.542370946e-16
5.923103444e-16
5.422011158e-16
5.910086787e-16
5.351342537e-16
6.24085008e-16
6.009078805e-16
5.57999717e-16
5.460149293e-16
5.216662781e-16
5.814127584e-16
5.613245598e-16
5.521356018e-16
5.871935464e-16
5.428672338e-16
5.449451465e-16
5.37337892e-16
5.741421072e-16
5.792979748e-16
5.614995035e-16
5.704044872e-16
6.070365029e-16
5.153059064e-16
5.39184238e-16
5.805870457e-16
5.389547016e-16
5.386325238e-16
5.396389652e-16
6.131788891e-16
5.590467943e-16
5.287803484e-16
6.247256942e-16
6.449402429e-16
5.771257786e-16
5.58920674e-16
6.148062221e-16
5.622089033e-16
5.788378962e-16
5.059472604e-16
5.628657132e-16
5.373621016e-16
5.41586754e-16
5.652217647e-16
5.34226433e-16
5.63783293e-16
6.099005601e-16
5.788888475e-16
5.391587469e-16
6.146129351e-16
5.792632612e-16
5.901661443e-16
5.965807681e-16
5.646603027e-16
5.703518431e-16
5.601392411e-16
5.775083357e-16
5.234988384e-16
5.20309252e-16
5.175663291e-16
5.451229224e-16
6.013620739e-16
5.517685836e-16
5.462561344e-16
5.757867494e-16
5.654521081e-16
5.574467226e-16
5.82743673e-16
5.792675946e-16
5.478046274e-16
6.603928032e-16
5.820356957e-16
5.676917301e-16
5.731935098e-16
5.513562091e-16
5.426109242e-16
5.642228639e-16
5.730149774e-16
5.65423504e-16
5.681508664e-16
5.391249098e-16
5.903271942e-16
5.568492418e-16
5.256406826e-16
5.775181376e-16
5.699821131e-16
5.255499808e-16
5.726194914e-16
5.70824722e-16
5.97998691e-16
5.512826218e-16
5.935872297e-16
5.606209366e-16
5.827959505e-16
5.861277072e-16
5.643153642e-16
5.417783882e-16
5.31876877e-16
5.668205153e-16
5.157113457e-16
6.221354424e-16
5.47883884e-16
5.810328688e-16
5.33209369e-16
5.5339199e-16
5.663141926e-16
5.904654855e-16
5.617922486e-16
5.331440768e-16
5.431080433e-16
5.997977127e-16
5.413837096e-16
6.058914278e-16
5.33511159e-16
5.514022161e-16
5.625153729e-16
5.762815925e-16
5.699949431e-16
5.500567755e-16
5.404769676e-16
5.776685528e-16
5.613713329e-16
6.018191561e-16
5.626730121e-16
5.6002881e-16
5.593260346e-16
5.498496013e-16
5.479974825e-16
5.872230893e-16
5.341542372e-16
5.533315233e-16
5.289577472e-16
5.7440465e-16
5.971111759e-16
5.479962227e-16
5.423206945e-16
5.520918981e-16
5.334074548e-16
5.727539401e-16
5.741816376e-16
5.465438361e-16
6.011089215e-16
5.860222618e-16
6.088607973e-16
5.634721254e-16
5.783321875e-16
5.603808323e-16
6.029551176e-16
5.892664892e-16
5.467378548e-16
5.090697387e-16
5.756847658e-16
5.5119761e-16
5.344387426e-16
5.558393647e-16
5.821626535e-16
6.391383473e-16
5.962877525e-16
5.584072702e-16
5.43840148e-16
5.909092504e-16
6.128541143e-16
5.691937627e-16
5.620639132e-16
5.899754958e-16
5.806120505e-16
5.996730252e-16
5.954929229e-16
5.565890815e-16
5.529379073e-16
5.220473925e-16
6.006233479e-16
5.413122265e-16
5.772210237e-16
5.915131463e-16
6.017729085e-16
6.033680628e-16
5.680628952e-16
5.200191702e-16
5.84300821e-16
5.785368738e-16
6.287132924e-16
5.288488505e-16
5.815700953e-16
6.205761316e-16
6.037766561e-16
5.98953776e-16
5.350271362e-16
5.563502569e-16
5.178347598e-16
5.331816872e-16
5.42897174e-16
6.349008718e-16
5.658322104e-16
5.838694399e-16
5.759621765e-16
5.476498362e-16
5.807766286e-16
5.224398692e-16
5.769950782e-16
5.685607092e-16
5.40396832e-16
5.217903454e-16
5.256429354e-16
5.688319345e-16
5.941616229e-16
5.389373968e-16
5.621957987e-16
5.203249494e-16
5.624323686e-16
5.627616467e-16
5.485926041e-16
5.292087741e-16
5.447551648e-16
5.482376212e-16
5.744401086e-16
5.628999262e-16
5.725027593e-16
5.477641265e-16
6.12690203e-16
5.729900615e-16
5.549106705e-16
5.217769749e-16
5.939908768e-16
5.683882293e-16
5.744916451e-16
5.963280968e-16
5.60875279e-16
5.568113746e-16
5.433715763e-16
5.50720624e-16
5.826311672e-16
6.112551986e-16
5.392195062e-16
5.131642319e-16
6.122467166e-16
5.518023076e-16
5.437221909e-16
5.858406353e-16
5.75628265e-16
5.429157455e-16
6.457601094e-16
5.988003258e-16
5.806065461e-16
6.048086186e-16
5.664113082e-16
5.700003801e-16
5.302543687e-16
5.774683712e-16
5.659806474e-16
5.705677628e-16
5.69809979e-16
5.886201164e-16
5.089767313e-16
5.626243601e-16
5.191673042e-16
5.398405317e-16
5.356610902e-16
5.631943519e-16
5.699942119e-16
5.698609009e-16
5.59509764e-16
5.546236586e-16
5.535517609e-16
5.743046424e-16
5.841767463e-16
6.198847232e-16
5.494035415e-16
6.45452553e-16
5.721090556e-16
5.645825318e-16
5.741090185e-16
5.404927544e-16
5.772280145e-16
5.532816594e-16
5.354812937e-16
5.892335131e-16
5.31803762e-16
5.617746255e-16
5.550599861e-16
5.972366435e-16
5.797816231e-16
5.620104277e-16
5.62866291e-16
5.508793721e-16
5.689550898e-16
5.546990452e-16
5.24486649e-16
5.691857616e-16
5.528293783e-16
5.704649834e-16
5.759247734e-16
6.093047526e-16
5.365799479e-16
5.531883099e-16
5.419226045e-16
5.77792232e-16
5.463724658e-16
5.957657509e-16
5.838573646e-16
5.46224511e-16
5.437739844e-16
5.392347186e-16
5.735614389e-16
5.70798227e-16
5.631687605e-16
5.632780598e-16
5.882141247e-16
6.183983611e-16
5.61050637e-16
5.471056572e-16
5.248813356e-16
5.713655081e-16
6.071204559e-16
5.912477911e-16
5.518514601e-16
5.927265881e-16
5.57967204e-16
5.959164957e-16
5.592311576e-16
5.666231919e-16
5.388887529e-16
6.028397495e-16
6.06347051e-16
5.721230201e-16
5.180018549e-16
5.991207987e-16
5.759636858e-16
5.35232972e-16
5.439250981e-16
5.914772448e-16
5.376759586e-16
5.233167282e-16
5.63597658e-16
5.434800479e-16
5.610176877e-16
5.763361328e-16
6.234897021e-16
5.531515335e-16
5.703462421e-16
5.647413731e-16
5.515061268e-16
5.256719899e-16
5.923620739e-16
5.728095683e-16
5.754086511e-16
6.27831591e-16
5.273710852e-16
5.365570713e-16
6.045339456e-16
5.693282506e-16
5.935978093e-16
6.220620503e-16
6.451658043e-16
6.036657761e-16
5.500055424e-16
5.702309732e-16
5.195068131e-16
5.320751776e-16
5.168066628e-16
5.393207903e-16
5.768171264e-16
5.403734455e-16
5.610743046e-16
5.433725514e-16
5.50296327e-16
5.506962258e-16
5.133195676e-16
5.592591602e-16
5.700514997e-16
5.872828211e-16
6.580574531e-16
5.909256367e-16
5.909256367e-16
5.679142136e-16
5.280656063e-16
5.41657209e-16
5.833447558e-16
5.233944629e-16
6.829086007e-16
5.16856089e-16
5.444700631e-16
5.885167822e-16
5.705444017e-16
5.539090067e-16
6.155136996e-16
5.685573458e-16
5.808238552e-16
5.498063213e-16
5.748799449e-16
5.321424055e-16
5.416376372e-16
5.779384586e-16
5.32403171e-16
5.720864181e-16
5.692121752e-16
5.511322128e-16
5.654510614e-16
6.060590329e-16
5.888766092e-16
5.782844257e-16
5.355955374e-16
5.480764981e-16
5.420714895e-16
5.994522788e-16
5.440052547e-16
5.707244265e-16
5.631915039e-16
5.303148665e-16
5.314180714e-16
5.586007629e-16
5.580476814e-16
6.196284642e-16
5.394914586e-16
5.472472408e-16
5.692213854e-16
5.709120834e-16
5.350870364e-16
5.643702438e-16
5.903229581e-16
5.561223941e-16
5.51634012e-16
5.931434171e-16
5.935096131e-16
5.734808136e-16
5.804052836e-16
5.791967806e-16
5.635447239e-16
5.432146212e-16
6.08342733e-16
5.570988807e-16
5.637684321e-16
5.757369768e-16
5.56705823e-16
5.841667382e-16
5.600221794e-16
5.657797257e-16
5.247469778e-16
5.331624957e-16
5.906392976e-16
5.810633344e-16
6.536208941e-16
5.60708377e-16
5.652418463e-16
5.550227893e-16
5.624656643e-16
5.846160318e-16
5.671589233e-16
5.577359827e-16
5.48773106e-16
5.556836884e-16
5.865617771e-16
5.599257615e-16
5.461627475e-16
5.430583935e-16
5.870255328e-16
5.537527728e-16
5.671815554e-16
5.515703758e-16
5.365665305e-16
6.146567453e-16
5.650282032e-16
5.559076371e-16
5.853965012e-16
5.798605312e-16
5.393783435e-16
5.829557047e-16
5.338982269e-16
5.509350002e-16
5.642105027e-16
5.052319751e-16
5.783830137e-16
5.000210144e-16
5.535018716e-16
6.199805035e-16
5.780280287e-16
6.055409228e-16
5.892809459e-16
5.740273518e-16
5.430142745e-16
6.174491845e-16
6.739082223e-16
5.253212568e-16
5.633649103e-16
6.418583525e-16
5.345595432e-16
5.439596153e-16
5.644891338e-16
5.62612427e-16
5.605546087e-16
5.362393888e-16
5.393825165e-16
5.431497085e-16
6.03092643e-16
6.045060913e-16
5.444960422e-16
5.554601381e-16
5.524797173e-16
5.577261898e-16
5.687764786e-16
5.973604862e-16
5.873251973e-16
5.724385212e-16
5.511060001e-16
5.489574754e-16
5.505594858e-16
6.588995596e-16
5.418322569e-16
5.676399463e-16
5.636260481e-16
5.695780798e-16
5.615966669e-16
5.687787667e-16
5.480099171e-16
5.281429124e-16
5.240025857e-16
5.457761877e-16
5.406837873e-16
5.581799817e-16
5.284139335e-16
6.251497233e-16
5.530824236e-16
5.768317644e-16
5.8011575e-16
5.37865639e-16
5.552628912e-16
5.969334494e-16
6.221601813e-16
5.574426774e-16
5.64364145e-16
5.955982393e-16
5.321473464e-16
6.21177098e-16
5.415684158e-16
5.917781955e-16
5.730457297e-16
5.58546476e-16
6.438706216e-16
5.20157974e-16
5.705714516e-16
5.631966195e-16
5.336577436e-16
5.460957617e-16
6.005483029e-16
6.49053956e-16
5.378303748e-16
5.46595615e-16
5.35094318e-16
5.455148831e-16
5.471647914e-16
5.968719144e-16
5.675223746e-16
5.319060062e-16
5.512223027e-16
5.389499237e-16
5.764309492e-16
5.56176886e-16
5.233819894e-16
5.738654772e-16
5.925463116e-16
6.143831574e-16
5.693385104e-16
6.101667489e-16
6.290774655e-16
6.029290497e-16
5.706270889e-16
6.216527374e-16
5.568332931e-16
5.703324019e-16
6.087278832e-16
5.689125894e-16
5.571094756e-16
5.653612818e-16
5.356146988e-16
5.627106745e-16
5.798373267e-16
5.569934275e-16
5.409781841e-16
5.701287549e-16
5.607495789e-16
5.557394508e-16
5.792721753e-16
5.384346963e-16
6.436178192e-16
6.130084634e-16
6.154930391e-16
5.475762324e-16
5.35785649e-16
5.82283993e-16
5.726445524e-16
5.913612765e-16
6.007668554e-16
5.890332775e-16
5.709805903e-16
5.40092842e-16
5.279450209e-16
5.344926231e-16
6.199149289e-16
5.662588253e-16
5.686435246e-16
5.534303092e-16
5.545322896e-16
6.007791791e-16
5.926320368e-16
5.594530092e-16
5.696773232e-16
5.471958604e-16
5.369920526e-16
5.593026779e-16
5.215741442e-16
5.326038143e-16
5.63611344e-16
5.693643662e-16
5.983079691e-16
5.498510522e-16
5.708227468e-16
5.702970618e-16
5.565436295e-16
5.984084042e-16
5.538420085e-16
5.651739065e-16
5.786055532e-16
5.652954704e-16
5.768897763e-16
5.862488975e-16
5.239322604e-16
5.527652395e-16
5.673421122e-16
5.651849822e-16
6.226758307e-16
5.590561457e-16
5.920584515e-16
5.525627368e-16
5.546256116e-16
6.099548426e-16
5.780246514e-16
5.409593855e-16
5.406860198e-16
6.282634101e-16
5.232268501e-16
6.038915539e-16
5.3424673e-16
5.614439163e-16
5.86429326e-16
5.323846678e-16
6.031612999e-16
5.990061567e-16
5.603297179e-16
5.948432642e-16
5.798683942e-16
5.421545284e-16
5.467067388e-16
5.411976874e-16
5.898025368e-16
6.443005212e-16
5.297242697e-16
5.430797496e-16
5.293002688e-16
5.458368609e-16
5.528224968e-16
5.835566642e-16
5.22191355e-16
5.759122313e-16
5.733768317e-16
5.991352595e-16
5.398941736e-16
5.23704e-16
5.516309274e-16
5.251429664e-16
5.364823674e-16
5.795479319e-16
5.216760615e-16
5.515538804e-16
6.315718626e-16
5.8970159e-16
5.745327889e-16
5.189221086e-16
5.869939521e-16
5.912838794e-16
5.696495301e-16
5.664451795e-16
5.750362078e-16
5.894202531e-16
5.732544975e-16
5.398982846e-16
6.058604692e-16
5.540710527e-16
5.716424459e-16
5.55201235e-16
5.370645654e-16
5.300475527e-16
5.960040037e-16
6.00896708e-16
5.65586516e-16
5.492654699e-16
5.572261229e-16
6.204358668e-16
5.671555159e-16
5.858623485e-16
5.587700173e-16
5.501479233e-16
5.511213764e-16
5.037167735e-16
5.142477366e-16
5.852666109e-16
5.577832335e-16
5.687427859e-16
5.453554416e-16
5.655767586e-16
6.045636846e-16
5.317358092e-16
5.932266003e-16
6.272147555e-16
5.631343134e-16
5.472163062e-16
5.682842771e-16
5.396514455e-16
5.442453186e-16
5.244096642e-16
5.079513501e-16
5.339408142e-16
5.339987259e-16
5.600889198e-16
5.30241436e-16
5.302972326e-16
5.121495543e-16
5.275765776e-16
5.458842799e-16
5.952761528e-16
5.78156191e-16
5.593896592e-16
5.65195749e-16
5.294123576e-16
6.231942792e-16
5.914259728e-16
5.633705696e-16
5.557770043e-16
5.457058329e-16
6.245131131e-16
5.879867061e-16
5.280183804e-16
6.142124694e-16
6.142124694e-16
5.852922765e-16
5.161578503e-16
5.499168247e-16
5.665006143e-16
6.039345996e-16
5.965815684e-16
5.699926682e-16
5.869145747e-16
5.47204413e-16
5.356955887e-16
5.947244704e-16
6.346436012e-16
5.384685274e-16
5.750966105e-16
5.365464432e-16
5.801330801e-16
5.273155734e-16
5.099192359e-16
5.838806685e-16
5.518405143e-16
5.210733625e-16
5.630147659e-16
5.557250735e-16
5.744223036e-16
5.445783375e-16
5.843326021e-16
5.517505816e-16
5.982198751e-16
5.592922964e-16
5.684526113e-16
5.95186599e-16
6.026084872e-16
5.901680368e-16
5.546907882e-16
5.778309476e-16
6.009499957e-16
5.186947151e-16
5.544735504e-16
5.53358914e-16
5.509905981e-16
5.123345838e-16
5.585722919e-16
5.855084068e-16
5.550356658e-16
5.944355766e-16
5.485063639e-16
5.648183715e-16
5.400400432e-16
5.489258037e-16
5.431166787e-16
5.947976879e-16
5.613191469e-16
5.395236226e-16
5.371251227e-16
5.617342581e-16
5.467009568e-16
5.687183024e-16
5.599144084e-16
6.016179718e-16
5.729222612e-16
5.558383457e-16
5.732604761e-16
5.449164093e-16
5.512248611e-16
5.533366793e-16
5.616447572e-16
6.333234636e-16
5.905693267e-16
6.030049221e-16
5.389188965e-16
5.39026472e-16
5.619456856e-16
5.454729781e-16
5.643816897e-16
6.06107445e-16
5.901238538e-16
5.222111934e-16
5.436574021e-16
5.809614985e-16
5.778704024e-16
5.476415341e-16
5.767699672e-16
5.719083539e-16
5.500314033e-16
5.730395583e-16
5.408088324e-16
6.226269037e-16
5.619207208e-16
6.064693441e-16
5.736324673e-16
6.145115149e-16
5.725480117e-16
5.863702751e-16
5.241810807e-16
5.521569744e-16
5.581911972e-16
5.970016769e-16
6.037538442e-16
5.346289728e-16
5.458760288e-16
5.701359862e-16
5.187937147e-16
6.20917568e-16
5.471102442e-16
5.733451251e-16
6.612233897e-16
5.416327637e-16
5.552635646e-16
5.508098477e-16
5.588087323e-16
5.411487739e-16
5.415050086e-16
5.600037122e-16
5.246865224e-16
5.405017243e-16
5.409109825e-16
5.508870938e-16
5.711251209e-16
5.781565451e-16
6.119978591e-16
5.448369745e-16
5.683392958e-16
5.673735451e-16
6.221318652e-16
5.864217148e-16
5.99751336e-16
5.602299574e-16
5.445157256e-16
5.564829344e-16
5.749605988e-16
5.277388546e-16
5.920466625e-16
6.10624267e-16
6.14351246e-16
5.701740805e-16
5.427796145e-16
5.466167403e-16
5.856419827e-16
5.551092851e-16
5.69345609e-16
5.382894485e-16
6.060112431e-16
6.091183804e-16
5.622851805e-16
5.279384727e-16
5.147077912e-16
5.361660324e-16
6.207713141e-16
5.502603253e-16
5.903550081e-16
5.757292204e-16
5.728991888e-16
5.759740009e-16
5.859806048e-16
5.777520686e-16
5.43454394e-16
5.765308748e-16
5.643830787e-16
5.907789425e-16
5.674714368e-16
5.673436155e-16
5.55058212e-16
5.889896795e-16
5.451622422e-16
5.935265515e-16
5.91145039e-16
5.599592966e-16
6.327221716e-16
5.865980988e-16
5.722115593e-16
5.495367771e-16
5.691677096e-16
5.421343359e-16
5.727765669e-16
5.515942414e-16
5.740474558e-16
6.39522893e-16
5.450284417e-16
5.413957585e-16
5.615352844e-16
5.85518626e-16
5.820866942e-16
5.45422541e-16
5.755610392e-16
5.655411692e-16
5.446906488e-16
6.229766449e-16
5.805146446e-16
6.188696787e-16
5.794395128e-16
5.76624083e-16
5.44234433e-16
5.469286068e-16
6.021876472e-16
6.044282623e-16
5.428057e-16
5.153859431e-16
5.201303319e-16
5.421766981e-16
6.182642876e-16
5.660616418e-16
6.014775971e-16
5.785632858e-16
6.247838819e-16
5.466304137e-16
5.429995892e-16
5.706936751e-16
5.614063468e-16
5.539269661e-16
5.608036061e-16
5.934371378e-16
5.61346218e-16
5.575955388e-16
5.672042363e-16
5.193953123e-16
5.824125139e-16
6.110576106e-16
5.400152476e-16
6.096444405e-16
5.633242506e-16
5.625014834e-16
5.196894058e-16
6.004822548e-16
5.403014942e-16
5.403014942e-16
5.580845773e-16
5.78762093e-16
5.280468012e-16
5.665951629e-16
4.972611209e-16
5.343544275e-16
5.556037985e-16
5.655119581e-16
6.191834114e-16
5.893209764e-16
5.560932182e-16
5.787402309e-16
6.002088451e-16
5.23899627e-16
5.227206834e-16
6.116253475e-16
5.272972473e-16
5.459984208e-16
5.425623598e-16
5.498418652e-16
5.593394895e-16
5.885398419e-16
5.592426946e-16
5.561876157e-16
5.426286236e-16
6.084694611e-16
5.53371752e-16
6.006528326e-16
5.723306248e-16
5.351453438e-16
5.5070262e-16
5.392742799e-16
5.534750466e-16
5.934387932e-16
5.294442844e-16
5.441537619e-16
5.777773455e-16
5.530051316e-16
5.410954693e-16
5.753376691e-16
6.287459831e-16
5.369658851e-16
5.808494984e-16
5.969334359e-16
5.621873352e-16
5.492869545e-16
5.117469542e-16
5.595938927e-16
5.410743113e-16
5.735606943e-16
5.803441215e-16
5.697868431e-16
5.891223773e-16
5.851160109e-16
5.382097129e-16
5.381329497e-16
6.256806948e-16
6.119052779e-16
5.119160508e-16
5.671040889e-16
5.479100346e-16
5.219841476e-16
5.60698731e-16
5.805158612e-16
5.527174503e-16
5.286491937e-16
5.477657703e-16
5.657866935e-16
5.518043322e-16
5.402833014e-16
5.522088512e-16
5.737440132e-16
5.556984938e-16
5.568103119e-16
5.779763475e-16
5.517046193e-16
5.418885844e-16
5.425263751e-16
5.663833347e-16
6.060976717e-16
6.632719654e-16
6.339329551e-16
5.719893532e-16
5.579512474e-16
5.771348015e-16
5.486280266e-16
5.23423292e-16
5.363425503e-16
5.500960617e-16
5.907183108e-16
6.187062922e-16
5.302334903e-16
5.690169815e-16
5.693554884e-16
5.297821737e-16
5.852006432e-16
5.593817819e-16
5.777289174e-16
5.238817386e-16
5.483258258e-16
5.52087038e-16
5.420774147e-16
5.868310976e-16
5.356672981e-16
5.467440609e-16
5.471291234e-16
5.494825611e-16
5.814089896e-16
5.42161833e-16
5.278114981e-16
5.461211114e-16
5.592624269e-16
5.660301627e-16
5.856986775e-16
5.6561096e-16
5.615531485e-16
5.508458461e-16
5.97276549e-16
5.908599024e-16
5.873666154e-16
6.136279526e-16
5.715373192e-16
5.77506701e-16
5.440656294e-16
5.142197625e-16
5.131050389e-16
5.862863509e-16
5.461740188e-16
6.011151656e-16
5.590524139e-16
5.55241319e-16
5.506113529e-16
5.766377474e-16
5.404273969e-16
5.911464971e-16
5.89070165e-16
5.511982533e-16
5.539941276e-16
5.438830432e-16
6.319949304e-16
6.166218739e-16
5.548099609e-16
5.327740815e-16
6.196396791e-16
5.63807825e-16
6.634839034e-16
5.279781777e-16
5.471085241e-16
5.613694399e-16
5.934524688e-16
5.824294416e-16
5.421835169e-16
5.491057787e-16
5.847893458e-16
5.287898903e-16
5.840535963e-16
5.592633297e-16
5.916818496e-16
5.484856274e-16
5.581557013e-16
5.816852837e-16
6.529263856e-16
5.985618907e-16
5.795469622e-16
5.657204883e-16
5.731416185e-16
5.835159628e-16
5.440727868e-16
5.869441522e-16
5.351833595e-16
5.839364665e-16
5.814630294e-16
6.503937336e-16
5.92703396e-16
6.068323213e-16
5.58659125e-16
5.178662563e-16
5.411753381e-16
5.780323154e-16
6.233849107e-16
5.964160111e-16
6.199987603e-16
5.687526074e-16
6.087658539e-16
5.932543855e-16
5.942514434e-16
5.434549189e-16
5.538176128e-16
5.928887689e-16
5.263160282e-16
5.619639749e-16
5.797485436e-16
5.870792252e-16
5.759958111e-16
5.770912664e-16
5.638932255e-16
5.219204007e-16
5.411470216e-16
5.671177913e-16
5.873330461e-16
5.927612734e-16
5.363864009e-16
5.729288972e-16
5.210324168e-16
5.40969896e-16
5.434927292e-16
5.551069818e-16
5.308633849e-16
5.983715626e-16
5.523878581e-16
5.592181108e-16
5.44865804e-16
6.147167059e-16
5.76945885e-16
5.86286776e-16
5.828392944e-16
5.372043584e-16
5.468821175e-16
5.74319702e-16
5.69707211e-16
5.276554225e-16
5.29258094e-16
5.45418585e-16
6.183631664e-16
5.817240372e-16
5.771310887e-16
5.227377231e-16
5.255808825e-16
5.58295e-16
5.779844625e-16
5.548445353e-16
6.097256799e-16
5.462234311e-16
5.669893882e-16
5.510718943e-16
5.869384407e-16
5.720697202e-16
5.470792446e-16
5.929171906e-16
6.054980052e-16
5.381624647e-16
5.623754825e-16
5.69968197e-16
6.10662966e-16
5.512113171e-16
5.60036822e-16
5.677762792e-16
5.764295649e-16
6.009649989e-16
5.564553539e-16
5.575613231e-16
5.668858877e-16
5.748505908e-16
5.458269769e-16
5.81659344e-16
5.465862077e-16
5.423370863e-16
5.384878006e-16
5.59687891e-16
5.763026549e-16
5.688999177e-16
5.811844169e-16
5.82329068e-16
5.82789482e-16
5.649541385e-16
5.454833053e-16
5.955159614e-16
5.490507064e-16
5.506652698e-16
5.743849793e-16
5.622540465e-16
5.613166807e-16
5.337656787e-16
5.87277599e-16
5.31557172e-16
5.311922322e-16
5.664071292e-16
6.216694853e-16
5.675107415e-16
5.906007149e-16
5.474087638e-16
6.144865587e-16
5.39094749e-16
5.610108628e-16
5.749395261e-16
5.580748767e-16
5.642803271e-16
6.153024555e-16
5.465064963e-16
5.641686547e-16
5.715853149e-16
6.104808557e-16
5.380453371e-16
6.155893183e-16
5.951479096e-16
5.511870438e-16
5.486274557e-16
5.586735747e-16
5.662001634e-16
5.275730832e-16
6.3393962e-16
5.697440346e-16
5.400997614e-16
5.3261275e-16
5.266290503e-16
5.564123146e-16
5.177813876e-16
5.536882733e-16
5.492309767e-16
5.785957319e-16
5.639846425e-16
5.358874943e-16
6.213942704e-16
6.166771905e-16
5.314369573e-16
5.316826445e-16
6.319441131e-16
5.536579408e-16
6.287823105e-16
5.260212778e-16
5.575967285e-16
5.27842666e-16
5.576320293e-16
5.341031204e-16
5.716169136e-16
5.504571199e-16
5.686683703e-16
6.074433364e-16
5.65996645e-16
6.397765282e-16
5.535471541e-16
5.408898743e-16
5.312656376e-16
6.261095117e-16
5.078739108e-16
5.0456638e-16
5.737409792e-16
5.5123932e-16
5.310008772e-16
5.83549746e-16
5.376137289e-16
5.188301311e-16
5.954584663e-16
5.359445631e-16
5.514789972e-16
6.254223992e-16
5.470155308e-16
5.577626745e-16
5.555799563e-16
5.705436168e-16
5.678172192e-16
5.767625728e-16
5.871395723e-16
5.674874821e-16
5.81716682e-16
5.95116175e-16
5.449952688e-16
5.553332683e-16
5.987675118e-16
5.635637637e-16
5.693953449e-16
5.54195624e-16
5.517511917e-16
5.405991553e-16
5.277608937e-16
5.285846788e-16
6.078490061e-16
5.653709557e-16
5.557992711e-16
5.983551952e-16
5.76145661e-16
5.744815076e-16
5.583573035e-16
5.341373806e-16
5.257534759e-16
5.899646306e-16
6.034419259e-16
5.68740812e-16
5.240515933e-16
5.637734171e-16
5.625995131e-16
5.400895787e-16
5.362765391e-16
5.483815695e-16
5.762946029e-16
5.679285687e-16
5.247209978e-16
5.387724581e-16
5.308561965e-16
5.618358253e-16
5.583231902e-16
5.490586536e-16
5.788955859e-16
5.024747958e-16
6.118872433e-16
5.761256213e-16
5.588483941e-16
5.850364819e-16
5.288722443e-16
5.726600547e-16
6.107493682e-16
5.84736927e-16
5.473631407e-16
5.473631407e-16
5.893318202e-16
5.392464303e-16
6.062041243e-16
6.036738175e-16
5.842649572e-16
5.853833072e-16
5.446060396e-16
5.833138367e-16
6.037216526e-16
5.564585094e-16
6.054694244e-16
5.771050946e-16
5.290919184e-16
5.846659102e-16
5.915105093e-16
5.502560477e-16
5.716146632e-16
6.295028861e-16
5.768078686e-16
5.605071483e-16
5.38940672e-16
5.344346028e-16
5.753421327e-16
6.003033073e-16
6.21736483e-16
5.81593953e-16
5.286510241e-16
5.732803501e-16
5.453032399e-16
5.471367046e-16
5.658253891e-16
5.316633279e-16
5.079144667e-16
5.814281717e-16
5.497683643e-16
6.32608025e-16
5.671969013e-16
6.24482137e-16
5.718243507e-16
5.266170798e-16
5.807660486e-16
5.606831532e-16
5.374632817e-16
5.403572123e-16
5.861227518e-16
5.528912159e-16
5.755129185e-16
5.176950815e-16
5.873170604e-16
5.69598753e-16
5.658711178e-16
5.750266394e-16
5.455883685e-16
5.772473526e-16
5.56395375e-16
5.701780946e-16
6.134253234e-16
6.314787382e-16
5.878316236e-16
5.757064754e-16
6.226323368e-16
5.728125668e-16
5.375948379e-16
5.754823473e-16
5.209980402e-16
5.36067465e-16
5.257153596e-16
5.673772808e-16
5.977699575e-16
5.501761053e-16
5.750320925e-16
5.489242726e-16
5.267398527e-16
5.855479799e-16
5.993693704e-16
5.649575361e-16
6.345307119e-16
6.020852902e-16
5.607135798e-16
5.578425765e-16
5.694332777e-16
5.488837386e-16
5.670952568e-16
5.852396988e-16
5.447244388e-16
5.674085897e-16
5.640858426e-16
5.957025984e-16
6.033401459e-16
5.580422174e-16
5.923229196e-16
5.706861597e-16
5.677321026e-16
6.129852962e-16
5.791005933e-16
5.417399534e-16
5.583440829e-16
5.764069312e-16
5.772677843e-16
5.763084855e-16
5.274132546e-16
5.707762199e-16
5.418747731e-16
6.198101096e-16
5.817548889e-16
5.458932764e-16
5.2959124e-16
5.807251861e-16
5.266102056e-16
5.544761065e-16
5.750825559e-16
5.78848276e-16
5.339901265e-16
5.274024287e-16
5.250333975e-16
5.380131264e-16
5.407630268e-16
5.715748667e-16
5.663747628e-16
5.642794841e-16
5.407095506e-16
5.631210809e-16
5.839492191e-16
5.646710397e-16
5.445201813e-16
5.691303729e-16
5.748107658e-16
6.589871101e-16
5.068228795e-16
5.455470587e-16
5.791836321e-16
5.746821472e-16
5.742592185e-16
5.780727016e-16
5.649606715e-16
5.843686741e-16
5.587036847e-16
5.504007245e-16
6.178650695e-16
5.233401054e-16
6.223684939e-16
5.848411783e-16
5.496370492e-16
5.604792594e-16
5.19356179e-16
5.649133578e-16
5.593240861e-16
5.679827252e-16
5.860859228e-16
5.706463968e-16
5.548453776e-16
5.705646028e-16
5.872484381e-16
5.381418215e-16
5.317352738e-16
5.182327502e-16
5.912799243e-16
5.730772282e-16
6.023759191e-16
5.392865919e-16
5.596854388e-16
5.824279971e-16
5.702394146e-16
5.337731886e-16
5.618566318e-16
5.651587335e-16
5.446524218e-16
5.515718905e-16
5.519214127e-16
5.92884915e-16
5.345489332e-16
5.431304454e-16
5.318269292e-16
5.57320484e-16
5.576901671e-16
6.163409854e-16
5.271245314e-16
5.491278857e-16
5.590590384e-16
5.769644054e-16
5.439947926e-16
5.65525435e-16
5.936899524e-16
6.218716505e-16
5.635448933e-16
6.479272348e-16
5.748549214e-16
5.512462778e-16
5.859519639e-16
5.755449558e-16
5.773668775e-16
5.91688974e-16
5.599435138e-16
5.906337393e-16
5.574858433e-16
5.5226876e-16
5.421206886e-16
5.711217507e-16
5.486725573e-16
5.592589382e-16
5.330848782e-16
5.379362825e-16
6.238852352e-16
5.585238486e-16
5.642012868e-16
6.307182081e-16
5.961828022e-16
6.044110863e-16
5.330299769e-16
5.977292814e-16
5.423811705e-16
5.270728542e-16
5.525911537e-16
5.584227401e-16
5.758126367e-16
6.243066919e-16
5.33085654e-16
5.926382583e-16
6.30337449e-16
5.536768421e-16
5.474123113e-16
5.682300833e-16
5.404434083e-16
5.633988536e-16
5.581365923e-16
5.635982873e-16
6.008925153e-16
5.278534614e-16
5.61653629e-16
5.496212852e-16
5.219086459e-16
5.65202048e-16
5.505520819e-16
5.472404062e-16
5.482221384e-16
5.637417956e-16
5.771373888e-16
5.480204856e-16
5.498998779e-16
5.238339452e-16
5.710041713e-16
5.527586907e-16
5.369141368e-16
5.901889473e-16
5.578942013e-16
5.745923881e-16
5.369832292e-16
5.541944364e-16
5.762721984e-16
5.645777715e-16
5.433014269e-16
5.621112638e-16
5.391984102e-16
5.479446077e-16
5.600617314e-16
5.277767085e-16
5.631077651e-16
6.061995583e-16
5.884688794e-16
5.475507015e-16
5.573283906e-16
5.256483058e-16
5.296160104e-16
5.585787754e-16
5.906717736e-16
6.373572013e-16
5.826944808e-16
5.664784526e-16
6.126879953e-16
5.606266035e-16
5.418397175e-16
5.295725802e-16
5.604015326e-16
5.648073914e-16
5.945370877e-16
5.78651664e-16
5.640300994e-16
5.516831787e-16
5.668388153e-16
5.437137602e-16
5.645344392e-16
5.623582629e-16
5.343190551e-16
5.358818889e-16
5.778464001e-16
5.540206704e-16
5.56256627e-16
5.752648638e-16
5.912210228e-16
5.791265208e-16
5.701968488e-16
5.572334806e-16
5.658083449e-16
5.489709352e-16
5.440058333e-16
5.428038275e-16
6.015265514e-16
5.989356397e-16
5.722628088e-16
5.936370479e-16
5.954850569e-16
5.596450561e-16
5.372235826e-16
5.821913587e-16
5.507343772e-16
5.68972576e-16
5.823862841e-16
5.599631422e-16
5.389035392e-16
5.535353382e-16
6.082549483e-16
5.662114519e-16
5.604026529e-16
5.784175569e-16
5.574607034e-16
5.865349679e-16
5.51281527e-16
6.039216745e-16
5.85765345e-16
6.117480473e-16
5.65976201e-16
5.741489575e-16
5.880574934e-16
5.784201972e-16
5.515919805e-16
5.515686047e-16
5.668040625e-16
6.213002083e-16
5.145903411e-16
5.47181987e-16
5.419961573e-16
5.662367858e-16
5.793082318e-16
5.715407655e-16
5.977198695e-16
5.573556504e-16
5.962512465e-16
5.818298078e-16
6.031483728e-16
5.777073434e-16
5.806734768e-16
5.60407178e-16
5.655213749e-16
5.825105161e-16
5.776549513e-16
5.566767406e-16
5.620198403e-16
5.965570326e-16
5.794734801e-16
5.645107605e-16
5.5485684e-16
5.907357227e-16
5.180870498e-16
6.585145499e-16
5.541054029e-16
6.421693846e-16
6.378638328e-16
5.871325191e-16
5.614983951e-16
5.595788727e-16
5.626600215e-16
5.321966724e-16
5.404059154e-16
5.469496039e-16
5.710034052e-16
5.839378723e-16
6.158388143e-16
5.33936485e-16
6.349511587e-16
6.046716317e-16
5.726036425e-16
6.303162916e-16
5.597901662e-16
5.513012089e-16
5.643522184e-16
5.475189888e-16
5.562506367e-16
5.398086453e-16
5.387925921e-16
5.440980675e-16
5.664426851e-16
5.508324336e-16
6.399024131e-16
5.830143828e-16
6.534107035e-16
5.836664953e-16
5.689934145e-16
5.554826707e-16
5.553721524e-16
5.42360687e-16
5.416445582e-16
5.238523352e-16
5.573053594e-16
5.326789369e-16
5.483488144e-16
5.661720415e-16
5.572855627e-16
5.728080703e-16
5.875291943e-16
5.350656458e-16
5.391697864e-16
5.620247008e-16
5.992328389e-16
5.534658188e-16
5.513477898e-16
5.491665365e-16
5.875882732e-16
5.716125574e-16
5.647340782e-16
5.48853336e-16
5.967075781e-16
5.482180949e-16
5.801324145e-16
5.820854721e-16
5.607943985e-16
5.470208681e-16
5.817262663e-16
5.505157765e-16
5.745767175e-16
5.70731051e-16
5.351983422e-16
5.271250292e-16
5.087740103e-16
5.725594604e-16
5.36587747e-16
5.497230181e-16
5.967935458e-16
5.923030773e-16
5.791680612e-16
5.668703211e-16
5.713668288e-16
5.669007801e-16
5.437405248e-16
5.437405248e-16
5.41951911e-16
5.54856523e-16
5.600419003e-16
5.691333287e-16
5.99671908e-16
6.436725935e-16
5.506020387e-16
5.565806534e-16
5.791333628e-16
5.506524754e-16
5.381389956e-16
5.832413916e-16
5.703829075e-16
6.546321629e-16
5.738960735e-16
5.318338727e-16
5.559581738e-16
5.737122656e-16
5.739230487e-16
5.550610991e-16
5.558531765e-16
5.624765959e-16
6.093611426e-16
5.589213803e-16
5.934474629e-16
5.782772692e-16
5.871527012e-16
5.957198844e-16
5.4806277e-16
5.404272286e-16
5.545772967e-16
5.627505387e-16
5.528915789e-16
5.946187409e-16
5.493219532e-16
5.63745694e-16
5.489680081e-16
5.790140811e-16
5.183912823e-16
5.660496913e-16
5.249345346e-16
5.341081893e-16
5.870788694e-16
5.434778614e-16
5.493421378e-16
5.544376058e-16
5.22842702e-16
5.377768545e-16
6.121118191e-16
5.332292141e-16
5.61377808e-16
5.638136751e-16
5.597808179e-16
5.304626585e-16
5.413161784e-16
5.596417389e-16
5.604682034e-16
5.578812131e-16
5.267910408e-16
5.756022942e-16
5.686004999e-16
5.681832352e-16
5.42668684e-16
5.176240163e-16
6.218146131e-16
5.59717935e-16
5.667515846e-16
5.810194827e-16
6.167711457e-16
5.926140988e-16
5.419208902e-16
6.761706038e-16
5.153413871e-16
5.435132669e-16
5.791182572e-16
6.307891179e-16
5.49098052e-16
5.808139726e-16
5.227328828e-16
5.325867725e-16
6.108368079e-16
6.070329934e-16
5.383279064e-16
6.131242967e-16
6.113790454e-16
5.426089244e-16
5.983331689e-16
5.256793075e-16
6.48760405e-16
5.701227579e-16
5.497983201e-16
5.347406321e-16
5.586070281e-16
5.340037455e-16
5.656405228e-16
5.274651479e-16
5.265958521e-16
5.714213431e-16
5.656200411e-16
5.44766559e-16
5.705476475e-16
5.716128352e-16
5.405004755e-16
5.894100779e-16
5.562597285e-16
5.337999385e-16
5.521655818e-16
5.337779454e-16
5.676933304e-16
5.730318832e-16
5.77885229e-16
5.485454532e-16
5.707277725e-16
5.671383233e-16
5.432670291e-16
5.770603908e-16
5.786422471e-16
5.604811687e-16
5.270339208e-16
6.371927825e-16
5.508139849e-16
5.073550762e-16
5.623302168e-16
5.763247116e-16
5.775179279e-16
5.4011243e-16
5.247514082e-16
6.38605984e-16
5.313872885e-16
5.851333993e-16
5.172926746e-16
5.279460431e-16
5.580936444e-16
5.548796004e-16
5.775609937e-16
6.049203236e-16
5.558324369e-16
5.554747373e-16
5.36307527e-16
5.766344015e-16
5.425831594e-16
5.720915514e-16
5.526550468e-16
5.519503389e-16
6.188218114e-16
6.014171294e-16
6.13039975e-16
5.930998471e-16
5.891124324e-16
5.199874843e-16
5.742728074e-16
5.716093542e-16
6.030386801e-16
5.527451537e-16
6.117335399e-16
6.38425206e-16
5.193526211e-16
5.583463746e-16
5.417175312e-16
5.755389074e-16
5.491788482e-16
5.802680986e-16
5.313488514e-16
5.884479219e-16
5.231097694e-16
5.47646968e-16
6.043421148e-16
5.485132513e-16
6.219065647e-16
5.720899907e-16
5.661539169e-16
5.460177076e-16
5.842818436e-16
5.280308256e-16
6.093272783e-16
5.667952941e-16
5.253089344e-16
5.707742617e-16
6.110715351e-16
5.378890407e-16
5.785518312e-16
5.766856477e-16
5.7238994e-16
6.358667505e-16
5.448877625e-16
5.213701174e-16
5.533670821e-16
5.30298172e-16
6.294057266e-16
5.665469518e-16
5.656016974e-16
5.950029754e-16
5.887029211e-16
5.596415398e-16
5.635551989e-16
5.387091479e-16
5.144467785e-16
5.65700474e-16
6.371896479e-16
5.579630277e-16
5.651192281e-16
5.885822877e-16
6.17096651e-16
5.347155213e-16
5.600957095e-16
6.022814326e-16
5.747779084e-16
5.660553373e-16
6.19711357e-16
5.402884659e-16
5.656007804e-16
5.811481996e-16
5.673084013e-16
5.592664207e-16
5.2472043e-16
5.731729868e-16
5.746922755e-16
5.800626231e-16
5.485547941e-16
5.35621008e-16
5.499170242e-16
5.361199836e-16
5.352733021e-16
5.924362635e-16
5.684667193e-16
5.411485113e-16
5.168509139e-16
5.368388712e-16
5.585901343e-16
6.052662871e-16
5.603626712e-16
5.136124225e-16
5.415652412e-16
5.889679633e-16
5.834366194e-16
5.314009239e-16
5.401446323e-16
5.616678582e-16
5.706296047e-16
5.41362219e-16
5.575552329e-16
5.744374623e-16
6.057596258e-16
5.743739092e-16
5.686910072e-16
5.863930393e-16
5.574417719e-16
5.800785152e-16
5.577271172e-16
5.934701823e-16
5.332569546e-16
5.10327053e-16
5.388150591e-16
5.630240102e-16
5.693818832e-16
5.668909835e-16
5.251686695e-16
5.386513366e-16
5.773684748e-16
5.330137635e-16
5.571508844e-16
5.653996126e-16
5.752970012e-16
5.714342934e-16
6.087525303e-16
5.490291549e-16
5.706138236e-16
5.6202266e-16
5.587220597e-16
5.65952199e-16
6.147851855e-16
5.319813709e-16
5.449322222e-16
6.121840477e-16
5.665153517e-16
5.694450683e-16
5.5621501e-16
6.02788052e-16
5.883207913e-16
5.442184552e-16
6.071510116e-16
5.165498007e-16
5.638077046e-16
5.903274204e-16
5.224944428e-16
5.195892402e-16
5.677995683e-16
5.485802307e-16
5.574383769e-16
5.300529582e-16
5.558228772e-16
5.76447325e-16
5.787361041e-16
5.809143479e-16
5.114501083e-16
5.363827246e-16
5.538619559e-16
6.268575458e-16
5.506922552e-16
5.472346206e-16
5.346413268e-16
5.446364164e-16
5.874802369e-16
5.805123976e-16
5.865035675e-16
5.237236917e-16
5.716217995e-16
5.773296569e-16
5.293152574e-16
5.523743038e-16
5.299051613e-16
5.66522608e-16
5.855258216e-16
5.506108134e-16
6.036856996e-16
5.376687603e-16
6.000742347e-16
5.736409277e-16
5.991652622e-16
5.647829314e-16
6.506289498e-16
6.098981799e-16
5.095098276e-16
5.510919335e-16
5.714413092e-16
5.735238459e-16
5.676812885e-16
5.370939747e-16
5.526086494e-16
5.212801653e-16
5.773709576e-16
6.269779103e-16
5.842872273e-16
5.497409139e-16
5.829207026e-16
5.09246998e-16
5.808922366e-16
5.629240688e-16
5.824095206e-16
5.767563589e-16
5.433862153e-16
5.83986248e-16
5.787699777e-16
5.626701385e-16
5.846777091e-16
5.68854523e-16
5.232783744e-16
4.96731455e-16
5.856640549e-16
5.396592691e-16
5.3569666e-16
5.539471856e-16
5.759721997e-16
5.407865496e-16
5.345260253e-16
5.799703734e-16
5.880893066e-16
5.361096821e-16
5.514432183e-16
5.728254171e-16
5.543485965e-16
5.840057257e-16
5.241810395e-16
5.476128093e-16
6.24807922e-16
5.822066984e-16
5.522006357e-16
5.629559418e-16
5.555504065e-16
5.175926751e-16
5.351018489e-16
5.673093269e-16
5.583108595e-16
5.731124551e-16
5.942809973e-16
5.620936364e-16
5.625640134e-16
5.327656294e-16
5.872289901e-16
5.807842383e-16
5.449203687e-16
5.561471414e-16
5.564948694e-16
5.488789266e-16
5.768052549e-16
5.625385367e-16
5.409689384e-16
5.159030457e-16
6.086195902e-16
5.732038959e-16
5.918374533e-16
5.207035521e-16
5.875477507e-16
6.123092302e-16
6.253743161e-16
5.572807574e-16
5.856429751e-16
5.418540587e-16
5.532589102e-16
5.350246832e-16
5.749639397e-16
5.511532788e-16
5.603171076e-16
5.51040826e-16
5.547956334e-16
5.718119784e-16
5.379966786e-16
5.515009454e-16
6.20928613e-16
5.639904411e-16
5.636703718e-16
5.761037931e-16
5.420324203e-16
5.761201538e-16
5.695868541e-16
5.982206926e-16
5.595010674e-16
5.50152221e-16
5.669908476e-16
5.812889526e-16
5.660388925e-16
5.583967426e-16
5.821456453e-16
5.150934388e-16
6.045809879e-16
5.508524891e-16
5.399164281e-16
5.239030698e-16
5.476875396e-16
5.607332835e-16
5.727838335e-16
5.403496891e-16
5.591713162e-16
6.053976406e-16
5.685258333e-16
5.492643378e-16
6.372461196e-16
5.744095686e-16
5.892153484e-16
5.526710515e-16
5.600540676e-16
5.66318244e-16
5.827044596e-16
5.206675314e-16
5.485357629e-16
5.524923615e-16
5.760025171e-16
5.754737709e-16
5.531207179e-16
5.916713367e-16
5.586320335e-16
5.808085882e-16
6.010593531e-16
5.226279028e-16
5.999352872e-16
5.939568043e-16
5.646191785e-16
5.886722404e-16
5.647056238e-16
5.254875746e-16
5.534472185e-16
5.514973694e-16
6.213539631e-16
6.119314876e-16
5.633681358e-16
5.663902366e-16
5.72864379e-16
5.550732228e-16
5.435224949e-16
5.899851348e-16
5.85286237e-16
6.020442648e-16
5.830880797e-16
5.65967308e-16
6.026959516e-16
5.713920408e-16
5.53870338e-16
5.994708819e-16
5.182120016e-16
6.119862961e-16
5.652514226e-16
5.017969315e-16
5.882982759e-16
5.99197182e-16
5.738909727e-16
5.400737848e-16
5.684015547e-16
6.374088453e-16
5.601665274e-16
5.314814359e-16
5.189317893e-16
5.784511339e-16
5.671714932e-16
6.024406978e-16
5.841697476e-16
5.552693595e-16
5.210257621e-16
6.055027114e-16
5.813613654e-16
6.190253454e-16
6.0792062e-16
5.181452128e-16
5.241407819e-16
5.445087363e-16
5.314132249e-16
5.63230865e-16
6.371411797e-16
5.288345357e-16
5.678513354e-16
5.858466386e-16
5.530011921e-16
5.115222835e-16
5.728428216e-16
5.721695146e-16
5.465285656e-16
5.433498511e-16
5.246330242e-16
5.615344051e-16
5.637534459e-16
5.571929936e-16
5.551930649e-16
5.361000433e-16
5.998854692e-16
5.343809956e-16
5.609589463e-16
5.597383364e-16
5.273744495e-16
5.726218888e-16
5.871682008e-16
5.220067972e-16
5.693576016e-16
6.072069129e-16
5.703434349e-16
5.35509435e-16
5.611623885e-16
5.51383376e-16
5.951337482e-16
5.405536508e-16
5.923868353e-16
5.863489039e-16
5.716334809e-16
5.471210691e-16
5.776677314e-16
5.646173955e-16
5.444605559e-16
5.640638748e-16
5.636966592e-16
5.116666404e-16
5.772856739e-16
6.091866434e-16
5.496559963e-16
5.604926621e-16
6.529532163e-16
5.594198601e-16
6.000872528e-16
5.583240985e-16
5.645105328e-16
5.359874163e-16
5.475469327e-16
5.448643983e-16
5.65467819e-16
5.592504118e-16
6.123959592e-16
5.250914797e-16
6.315435305e-16
6.090590157e-16
5.246504774e-16
5.835276653e-16
5.66601261e-16
5.69204314e-16
5.378266133e-16
5.392762586e-16
5.67415499e-16
5.792177637e-16
5.802676383e-16
5.461313692e-16
5.459870759e-16
6.284690996e-16
5.598490409e-16
5.891100986e-16
5.758261836e-16
5.224508868e-16
5.587727625e-16
5.835441588e-16
5.973692843e-16
5.491645918e-16
5.443066412e-16
5.630161436e-16
5.151396306e-16
5.820165211e-16
5.430883813e-16
5.901696894e-16
5.533545411e-16
6.352277138e-16
5.392475957e-16
5.662090976e-16
5.525308696e-16
5.886153021e-16
5.22386351e-16
5.478863694e-16
5.674362087e-16
5.539587545e-16
5.619390136e-16
5.915253488e-16
5.30265089e-16
5.882811029e-16
5.678238909e-16
5.515166945e-16
5.857989074e-16
5.7040125e-16
5.78792076e-16
5.24957245e-16
5.555917195e-16
5.645353193e-16
5.49921426e-16
5.474326647e-16
5.687404924e-16
5.354537409e-16
5.571146218e-16
5.674362087e-16
5.687578055e-16
5.752310397e-16
5.533205248e-16
5.430171484e-16
6.28760562e-16
5.879927442e-16
5.628017833e-16
5.494662409e-16
5.950618509e-16
5.831649204e-16
5.456356048e-16
5.989700873e-16
6.099830173e-16
5.489081952e-16
5.676511739e-16
5.836760377e-16
5.836760377e-16
5.688103911e-16
5.520718268e-16
5.485159564e-16
5.605365708e-16
5.382920937e-16
5.653013605e-16
5.387806976e-16
5.743793273e-16
5.699363768e-16
5.180727756e-16
5.971489713e-16
5.369224057e-16
5.516096054e-16
5.606578935e-16
6.12630998e-16
6.04444019e-16
5.533824025e-16
5.898275892e-16
5.365578037e-16
6.358893084e-16
5.871191204e-16
5.650574987e-16
6.230415203e-16
6.185078326e-16
5.675450304e-16
5.43285503e-16
5.708916466e-16
5.62677131e-16
5.252525912e-16
5.541406468e-16
6.248696501e-16
5.669139498e-16
5.670414786e-16
6.16320526e-16
5.577667193e-16
5.625187531e-16
5.676978694e-16
5.703733635e-16
5.527869736e-16
5.435616125e-16
6.199153503e-16
5.781805812e-16
5.528002106e-16
5.780068852e-16
5.601582791e-16
6.516489041e-16
5.609402258e-16
5.161169637e-16
5.336277306e-16
6.377345855e-16
5.4222438e-16
5.687065475e-16
5.273982765e-16
6.252814134e-16
5.261868135e-16
5.560344297e-16
5.791054824e-16
5.497688283e-16
5.199995234e-16
5.574657752e-16
5.657315783e-16
5.760341853e-16
6.224224912e-16
5.391895953e-16
5.323399659e-16
5.781085309e-16
5.129743429e-16
5.786533706e-16
5.810087348e-16
5.609850176e-16
5.582870748e-16
5.849761676e-16
5.879973598e-16
5.550353697e-16
5.536555056e-16
5.642381047e-16
6.283638294e-16
5.875643191e-16
5.770170047e-16
5.293110237e-16
5.655207953e-16
5.594151978e-16
5.599564811e-16
5.812186273e-16
5.470574248e-16
6.168655379e-16
5.575644711e-16
5.784891033e-16
5.140899515e-16
5.472854326e-16
5.711855527e-16
5.42021253e-16
5.778038603e-16
6.16514402e-16
5.755591032e-16
5.475826781e-16
5.570379228e-16
5.630853566e-16
5.582784915e-16
5.162796662e-16
5.233679188e-16
5.308707759e-16
5.337470492e-16
6.349170863e-16
5.871833894e-16
5.806349236e-16
5.921746618e-16
5.655702418e-16
5.554078744e-16
5.501831282e-16
5.240834875e-16
6.368349931e-16
5.601864178e-16
5.431561132e-16
5.949983812e-16
5.53533839e-16
5.620149288e-16
5.632684319e-16
5.679651813e-16
5.54637139e-16
5.513529706e-16
5.564596746e-16
5.610478373e-16
5.510917131e-16
5.61636483e-16
5.814158056e-16
6.150228203e-16
6.012802724e-16
5.757103733e-16
5.766361427e-16
5.71856952e-16
5.774155423e-16
5.688447429e-16
5.620866548e-16
6.141485453e-16
5.731448655e-16
6.256363045e-16
5.550618267e-16
5.322371698e-16
5.569465147e-16
5.220979234e-16
5.20827088e-16
5.184460191e-16
5.710157716e-16
5.579579314e-16
5.766793193e-16
5.19472837e-16
5.589412271e-16
5.460336455e-16
5.528456007e-16
5.857099346e-16
5.944063232e-16
6.157492231e-16
5.765942689e-16
5.427342794e-16
5.593859274e-16
5.230583953e-16
5.690065686e-16
5.756299265e-16
5.6861717e-16
6.239418916e-16
5.713424466e-16
5.27683145e-16
5.343159009e-16
5.633401633e-16
5.714998983e-16
6.050784067e-16
5.963117462e-16
5.926308818e-16
5.807254266e-16
6.089705676e-16
5.61065855e-16
6.719408477e-16
5.612315301e-16
5.498469363e-16
5.917222752e-16
5.243410784e-16
6.121510481e-16
5.579908515e-16
5.537937667e-16
5.628835117e-16
5.4906888e-16
5.626794709e-16
5.681713799e-16
5.822220128e-16
5.67719266e-16
5.909559324e-16
5.720411927e-16
6.093357531e-16
5.74123244e-16
5.814361402e-16
5.403763226e-16
5.243189995e-16
5.629607968e-16
5.680673961e-16
5.830091876e-16
5.255524304e-16
5.98995259e-16
5.803645839e-16
5.450436499e-16
5.923947074e-16
5.877783232e-16
5.328054771e-16
5.514083513e-16
5.43286156e-16
5.468444938e-16
5.322484216e-16
5.471159402e-16
5.271830318e-16
5.414754846e-16
5.167202954e-16
5.412295116e-16
5.286979043e-16
5.699319937e-16
5.532915685e-16
5.343016833e-16
5.813374647e-16
5.814034784e-16
5.534353753e-16
5.739133513e-16
5.616075406e-16
5.835720542e-16
5.687371148e-16
6.372238034e-16
5.587901425e-16
5.770785734e-16
5.327316194e-16
5.919816061e-16
5.203084902e-16
5.693518749e-16
5.651432473e-16
5.844756696e-16
5.865877722e-16
5.563555285e-16
5.453332796e-16
5.802312151e-16
5.582241072e-16
5.391299886e-16
5.456820216e-16
5.358896252e-16
5.409438867e-16
5.47943166e-16
5.427199903e-16
5.960150711e-16
6.082586197e-16
4.939747085e-16
5.946125951e-16
5.597208082e-16
5.481329781e-16
5.711504786e-16
5.383755561e-16
5.507165612e-16
5.644074241e-16
5.336794281e-16
5.752512216e-16
5.183039429e-16
5.366904507e-16
5.397771919e-16
6.202940588e-16
5.675197543e-16
5.532339564e-16
5.128223261e-16
5.943772639e-16
5.742190504e-16
5.674780489e-16
5.306512663e-16
5.695965498e-16
5.665637942e-16
5.740083987e-16
5.379509072e-16
5.825457146e-16
5.484882215e-16
5.830269411e-16
5.683420739e-16
5.515932757e-16
5.355805409e-16
5.225377379e-16
6.142702087e-16
6.076899328e-16
5.864387936e-16
5.620828593e-16
5.71142992e-16
5.482226935e-16
5.522699952e-16
5.413843932e-16
5.666794524e-16
5.430651228e-16
5.462298358e-16
5.59922737e-16
6.036059459e-16
5.695928636e-16
5.929864374e-16
5.709361453e-16
5.725706793e-16
5.744021902e-16
5.347871883e-16
5.433817835e-16
5.598555985e-16
6.053877639e-16
5.027917736e-16
5.612430438e-16
5.811985079e-16
5.426122938e-16
5.574497483e-16
5.405656772e-16
5.588997136e-16
5.477566049e-16
5.658171474e-16
5.812549342e-16
5.405432858e-16
5.464181188e-16
5.608702032e-16
5.443166059e-16
5.481654518e-16
5.734913964e-16
6.288284129e-16
5.567127674e-16
5.913288187e-16
5.302376701e-16
5.488103001e-16
6.105957914e-16
5.410994138e-16
5.853474702e-16
5.298760519e-16
6.010213279e-16
5.630065084e-16
5.272006663e-16
5.112216236e-16
5.353370055e-16
5.508417514e-16
5.087568009e-16
5.727313294e-16
5.989046046e-16
5.706171841e-16
5.847032578e-16
5.600632011e-16
5.635206396e-16
5.59023369e-16
5.62515485e-16
5.819930694e-16
5.705870418e-16
5.388739381e-16
5.095088759e-16
5.292444288e-16
5.720471989e-16
5.769693447e-16
5.596018288e-16
5.749874635e-16
5.938939076e-16
5.442815083e-16
5.482905585e-16
5.606890177e-16
5.187023969e-16
5.382019192e-16
5.691094446e-16
5.655077039e-16
6.061392432e-16
5.856462019e-16
6.618408057e-16
6.031632534e-16
5.533930735e-16
5.704942609e-16
6.440903074e-16
5.4789458e-16
5.770227795e-16
5.599566337e-16
5.883269985e-16
5.832386125e-16
5.974707345e-16
5.265902306e-16
5.48535817e-16
5.724203219e-16
5.879040555e-16
5.619083751e-16
5.335027139e-16
5.428452641e-16
5.456778409e-16
5.460859064e-16
5.661437384e-16
5.839774785e-16
5.864387224e-16
5.727139407e-16
5.626055133e-16
5.342679558e-16
5.713800402e-16
5.426906968e-16
5.669239501e-16
5.604730429e-16
5.870172346e-16
5.647696798e-16
6.098697754e-16
5.807353478e-16
5.932632454e-16
5.648956711e-16
5.673887707e-16
5.852843625e-16
5.592838993e-16
6.494170041e-16
5.390149344e-16
5.799291964e-16
5.375037029e-16
5.820852772e-16
5.549380623e-16
5.815128945e-16
5.498118865e-16
4.981302961e-16
5.950551579e-16
5.995428913e-16
5.719391784e-16
5.526506204e-16
5.642063787e-16
5.321655747e-16
5.481302825e-16
5.595940844e-16
5.702367613e-16
5.363270089e-16
5.791075874e-16
5.733139092e-16
5.478346832e-16
5.35067244e-16
5.417023093e-16
6.080217187e-16
5.406481999e-16
5.391595797e-16
5.581281218e-16
5.402738258e-16
5.830284433e-16
5.536241445e-16
5.647625035e-16
5.605087678e-16
5.31655869e-16
5.482981658e-16
5.503017182e-16
6.293715649e-16
5.459442548e-16
5.831872529e-16
5.210239787e-16
6.05945506e-16
6.358035668e-16
5.624431007e-16
5.745643678e-16
5.845519602e-16
5.149616307e-16
5.978188514e-16
5.233542114e-16
5.590664453e-16
5.648727503e-16
5.942233227e-16
5.773686373e-16
5.600232987e-16
5.605936525e-16
5.233130517e-16
5.228494051e-16
5.712686782e-16
5.587826271e-16
5.067151602e-16
5.629203805e-16
5.629203805e-16
5.577925458e-16
5.357824526e-16
5.337378498e-16
5.570523119e-16
5.333525838e-16
5.415743326e-16
5.917939982e-16
5.7611575e-16
5.813175739e-16
5.276444862e-16
5.526720251e-16
6.046492383e-16
5.99668942e-16
5.314066628e-16
5.73556141e-16
5.678419927e-16
5.272081802e-16
5.410012335e-16
5.440621122e-16
5.62354692e-16
6.319009889e-16
5.614621603e-16
5.244631637e-16
5.619135859e-16
5.62818162e-16
5.365574992e-16
6.031412351e-16
6.127166559e-16
5.615461405e-16
5.635348718e-16
5.576285423e-16
5.784108454e-16
5.387636664e-16
5.780622268e-16
5.846902747e-16
6.478990635e-16
5.790399589e-16
5.815475036e-16
5.672430851e-16
5.910170652e-16
5.378359614e-16
5.727134496e-16
5.690333154e-16
5.49481617e-16
5.357142504e-16
5.24253351e-16
5.70673904e-16
6.031396103e-16
5.145899106e-16
6.4416995e-16
5.911857929e-16
5.272782175e-16
5.986596239e-16
5.444679908e-16
5.519014343e-16
5.275765785e-16
5.762929017e-16
5.49170848e-16
6.053183543e-16
5.738801631e-16
5.763619715e-16
6.348595269e-16
5.788773768e-16
6.038555862e-16
5.528328238e-16
5.935219447e-16
5.867888732e-16
5.886083443e-16
5.70705629e-16
5.941247585e-16
5.868568485e-16
5.416553101e-16
5.94797127e-16
5.491849354e-16
6.410112147e-16
5.323606737e-16
5.220929431e-16
5.36695743e-16
6.002015833e-16
5.47276721e-16
5.6284937e-16
5.197184052e-16
6.196885926e-16
5.392231127e-16
5.735209141e-16
5.723954663e-16
5.426383083e-16
5.52933739e-16
5.273623437e-16
5.560040134e-16
5.436382478e-16
5.364991989e-16
5.350156375e-16
5.450751289e-16
5.590954646e-16
5.445223413e-16
5.702810724e-16
5.504247955e-16
5.55804281e-16
5.314720938e-16
5.563620317e-16
5.437755512e-16
5.738189952e-16
5.698811025e-16
5.386572986e-16
6.256610419e-16
5.477892786e-16
5.551431552e-16
6.137866497e-16
5.815693757e-16
5.459053659e-16
5.504575063e-16
5.844460531e-16
5.647831164e-16
5.921791929e-16
5.498807753e-16
6.016031996e-16
5.569186488e-16
5.184292752e-16
6.470300455e-16
6.076355001e-16
5.423855887e-16
5.947344251e-16
5.573327765e-16
5.683243803e-16
5.32761479e-16
5.500777173e-16
5.839747827e-16
5.405153215e-16
5.620338405e-16
5.867062794e-16
5.654346954e-16
6.016108533e-16
5.763262348e-16
5.477376442e-16
5.404454044e-16
5.247620554e-16
5.417186954e-16
6.211818227e-16
5.578151876e-16
5.568458087e-16
5.621619438e-16
5.392051872e-16
5.400597541e-16
5.638381576e-16
5.234713028e-16
5.605408229e-16
5.892980795e-16
5.533023552e-16
5.516739648e-16
5.568489142e-16
5.488683641e-16
5.851297573e-16
5.483829114e-16
5.719438566e-16
5.649623839e-16
5.710378501e-16
5.534145086e-16
5.781310167e-16
5.227994746e-16
5.756026894e-16
5.932706763e-16
5.657113111e-16
6.075767801e-16
5.322119797e-16
5.522120482e-16
5.7328976e-16
5.470637163e-16
5.819068808e-16
5.478204814e-16
5.479025276e-16
5.039643457e-16
5.295715468e-16
5.283091209e-16
5.751253957e-16
5.70492773e-16
6.093269925e-16
5.565733021e-16
5.621537373e-16
6.015092419e-16
5.774502584e-16
5.564018709e-16
5.999925511e-16
5.409272756e-16
5.573596614e-16
5.412441155e-16
5.590441248e-16
6.165566143e-16
5.690528556e-16
6.620433003e-16
5.629402447e-16
5.417827492e-16
5.431062285e-16
5.744200233e-16
5.766108725e-16
5.363579272e-16
5.644879075e-16
5.593600946e-16
5.603903714e-16
5.67305048e-16
5.400268471e-16
5.564954811e-16
6.157481205e-16
5.466936019e-16
5.272353883e-16
5.371153617e-16
6.269910184e-16
5.523912885e-16
5.971077628e-16
6.201093353e-16
5.40419564e-16
6.027116173e-16
5.826393138e-16
6.044756497e-16
5.502660157e-16
5.708267388e-16
5.629859734e-16
5.144656694e-16
4.985843606e-16
5.202372815e-16
5.657557926e-16
5.684623131e-16
6.035058869e-16
5.647588576e-16
5.73029982e-16
5.585791311e-16
5.298552811e-16
5.259278488e-16
5.99380634e-16
5.613826925e-16
5.538136719e-16
6.140801424e-16
5.383309557e-16
5.960734431e-16
5.763565648e-16
5.996701288e-16
5.501158831e-16
5.568030045e-16
5.600304295e-16
5.781656774e-16
5.957779928e-16
6.069060194e-16
5.708629695e-16
5.27571097e-16
5.728924895e-16
5.832364544e-16
5.620378782e-16
5.919938958e-16
5.107143053e-16
5.785650363e-16
5.695754874e-16
5.72746e-16
5.431216379e-16
5.468511648e-16
5.583209506e-16
5.145226493e-16
5.284447029e-16
5.796699602e-16
5.523557758e-16
5.450218049e-16
5.544688679e-16
5.589244522e-16
6.02590618e-16
5.422153488e-16
5.457794866e-16
5.958705445e-16
5.695495527e-16
5.844231954e-16
5.671891057e-16
5.780365178e-16
5.978265339e-16
5.909738408e-16
5.458680349e-16
6.027831027e-16
6.146303932e-16
5.477469797e-16
5.551416257e-16
5.723979802e-16
4.925140636e-16
5.593628519e-16
5.707125516e-16
5.912121846e-16
5.433451649e-16
5.468651818e-16
5.470348778e-16
5.275885132e-16
5.405899531e-16
5.383557362e-16
6.002215689e-16
5.575720054e-16
5.157568148e-16
6.261677054e-16
5.628049014e-16
5.403292078e-16
5.518862977e-16
5.014589952e-16
6.265686487e-16
5.26499049e-16
5.828310484e-16
6.00218776e-16
5.355059869e-16
5.840496886e-16
5.773481832e-16
5.921047189e-16
5.517231959e-16
6.248490461e-16
5.544759392e-16
5.319203184e-16
5.747862052e-16
5.881883919e-16
5.672807378e-16
5.878218712e-16
5.921419096e-16
5.510276964e-16
5.734208342e-16
5.8056493e-16
5.765638927e-16
5.330601148e-16
5.484021601e-16
6.677710628e-16
5.520866919e-16
5.24654447e-16
6.206111272e-16
5.625811019e-16
6.34278022e-16
5.203076195e-16
5.626147406e-16
5.134203282e-16
5.596703227e-16
5.755302888e-16
5.36200741e-16
5.65728608e-16
5.583555151e-16
6.283885032e-16
5.891367388e-16
5.907068028e-16
5.599800228e-16
5.401216963e-16
5.710112828e-16
5.232593402e-16
5.698743798e-16
5.748207276e-16
5.533652542e-16
5.748186964e-16
5.886412764e-16
5.914364982e-16
5.570415253e-16
6.140624459e-16
5.581189245e-16
5.894489406e-16
5.359421242e-16
5.855998359e-16
5.646799554e-16
5.528985473e-16
5.778484763e-16
5.605180448e-16
5.473662042e-16
5.230248149e-16
5.7548123e-16
5.739468822e-16
5.47622344e-16
5.473432275e-16
5.813666801e-16
5.549840345e-16
5.159610819e-16
5.55795301e-16
5.153543406e-16
6.218952909e-16
5.924228291e-16
5.739407011e-16
5.149051608e-16
5.921659927e-16
5.331785861e-16
5.807776906e-16
5.616213288e-16
5.466934011e-16
5.985506863e-16
5.798248151e-16
6.0800508e-16
5.786564621e-16
6.528763786e-16
5.93309298e-16
5.603528299e-16
5.089703749e-16
5.231479587e-16
5.5284957e-16
5.591827444e-16
5.359619941e-16
5.240091126e-16
5.21559088e-16
6.015571324e-16
5.870405573e-16
5.746371238e-16
5.746146516e-16
5.742763442e-16
5.966025903e-16
5.81047525e-16
5.879369976e-16
5.563341206e-16
5.463009831e-16
5.332209328e-16
5.991134352e-16
5.52980053e-16
5.375904591e-16
5.316859532e-16
5.510083658e-16
6.382629481e-16
5.589315388e-16
5.475303428e-16
6.079093954e-16
5.822641742e-16
5.39264588e-16
5.987379954e-16
5.291307139e-16
6.393714544e-16
5.94167915e-16
5.685309459e-16
5.189136417e-16
5.534424489e-16
5.714036869e-16
5.769446955e-16
5.270345163e-16
5.880315081e-16
6.388140582e-16
5.447210825e-16
5.163715002e-16
5.742209757e-16
5.766671243e-16
5.433836776e-16
5.62367905e-16
5.575344964e-16
5.604317427e-16
5.592065162e-16
5.798409381e-16
5.257844436e-16
5.483880012e-16
5.178079901e-16
5.879317074e-16
5.635678113e-16
5.617196475e-16
6.376674928e-16
5.657266782e-16
5.283104606e-16
5.5300469e-16
5.427614981e-16
5.502037389e-16
6.259190733e-16
5.632955965e-16
5.387090847e-16
5.508146505e-16
5.551756934e-16
5.092192776e-16
5.689013077e-16
5.379129018e-16
5.483791975e-16
5.312881414e-16
5.635469996e-16
5.546097617e-16
5.571388811e-16
5.446880964e-16
5.844531356e-16
5.574789631e-16
6.239172922e-16
5.584814377e-16
5.665998416e-16
5.276965542e-16
5.72542976e-16
5.556613228e-16
5.300303522e-16
5.895184175e-16
5.83537465e-16
5.766715782e-16
5.809429208e-16
5.700035184e-16
5.554446635e-16
5.536572799e-16
5.755041269e-16
4.997685263e-16
6.095300397e-16
5.49276906e-16
5.055081949e-16
5.855194107e-16
5.859655154e-16
6.037211358e-16
6.093227904e-16
5.295926703e-16
5.554565434e-16
5.500372709e-16
5.467864466e-16
5.471833333e-16
5.418224232e-16
5.75224092e-16
5.586496158e-16
5.692518619e-16
6.218439786e-16
5.873694826e-16
5.383230945e-16
6.108231779e-16
5.710251431e-16
5.479540234e-16
5.397004778e-16
5.474503448e-16
5.622659264e-16
5.26315599e-16
5.442919033e-16
5.342376305e-16
5.504460136e-16
5.510130398e-16
5.621861639e-16
5.398750361e-16
5.614893197e-16
5.668672399e-16
5.645511044e-16
5.908054595e-16
5.436678894e-16
5.564379736e-16
5.944853382e-16
5.084822312e-16
5.615883832e-16
5.127660779e-16
5.814761481e-16
6.401433466e-16
5.681501207e-16
5.249853353e-16
5.147523334e-16
5.760869096e-16
5.688162072e-16
6.260185412e-16
5.22663885e-16
5.864297102e-16
5.434841163e-16
5.220377625e-16
6.132354385e-16
6.233598668e-16
5.423804852e-16
5.912579059e-16
6.055248077e-16
5.60714592e-16
6.202248875e-16
5.824132764e-16
5.866106731e-16
5.321729192e-16
5.296771235e-16
5.875394355e-16
5.714099151e-16
5.80684679e-16
5.505957598e-16
6.117173138e-16
5.584716664e-16
5.345149172e-16
6.036786058e-16
5.647225061e-16
5.470705305e-16
5.519216168e-16
5.712920828e-16
5.532718367e-16
5.410701991e-16
5.700537481e-16
5.763102745e-16
5.468560075e-16
6.115812531e-16
6.08814851e-16
5.822722695e-16
6.065815697e-16
5.485219361e-16
6.047756583e-16
6.019561812e-16
6.632672408e-16
5.285605213e-16
5.746975798e-16
5.447223989e-16
5.609862811e-16
5.499888414e-16
5.594908588e-16
5.662349417e-16
5.672670065e-16
5.457823924e-16
5.630125065e-16
5.577128849e-16
5.851703151e-16
5.603501668e-16
6.158514566e-16
5.335287705e-16
5.807079541e-16
5.350393788e-16
5.718195003e-16
5.791123712e-16
5.591366915e-16
5.492470238e-16
5.485324586e-16
5.856783559e-16
5.858749439e-16
5.348935961e-16
5.659423541e-16
5.566520482e-16
5.685767489e-16
5.319295321e-16
5.998379892e-16
5.538333308e-16
5.7597835e-16
5.507638283e-16
5.323756029e-16
5.54934344e-16
6.587974472e-16
5.688435449e-16
5.483569689e-16
5.844401322e-16
5.536844453e-16
5.479640347e-16
5.852803232e-16
5.524132808e-16
5.804243939e-16
5.228378965e-16
5.556786757e-16
5.864652589e-16
5.697279236e-16
5.899532851e-16
5.384030387e-16
5.770853765e-16
5.016973872e-16
5.613064391e-16
5.36398342e-16
5.490097502e-16
5.608870692e-16
6.125409837e-16
5.830022325e-16
6.170434838e-16
6.458473952e-16
5.590596276e-16
5.384223349e-16
6.215289408e-16
6.099125902e-16
5.76984356e-16
5.391113488e-16
5.765223763e-16
5.562305111e-16
5.533834818e-16
5.450935124e-16
5.041329402e-16
5.335584868e-16
5.295580493e-16
5.533157798e-16
5.267761843e-16
6.058137511e-16
5.578400365e-16
5.301003375e-16
5.253462797e-16
6.193091351e-16
5.601416027e-16
5.649255798e-16
6.026169807e-16
5.33836258e-16
5.755734377e-16
5.428934479e-16
5.778994372e-16
5.399380256e-16
5.321837919e-16
5.033597837e-16
5.5414886e-16
5.897715695e-16
5.675217769e-16
6.048220521e-16
5.819444234e-16
5.822655246e-16
5.927150939e-16
5.218058644e-16
5.447058868e-16
5.669107877e-16
5.215796285e-16
5.727028921e-16
6.578419209e-16
5.92161362e-16
5.340114247e-16
5.50602237e-16
5.497668635e-16
5.564807839e-16
6.136157499e-16
5.60741527e-16
6.558693484e-16
5.226219713e-16
5.523458519e-16
5.682559008e-16
5.543596929e-16
5.625273812e-16
5.619913383e-16
5.273108897e-16
5.93843161e-16
5.487621694e-16
5.711577117e-16
5.634018989e-16
5.598604125e-16
6.289660256e-16
5.731020831e-16
5.39360792e-16
5.390820234e-16
5.599483257e-16
5.86067043e-16
5.126554089e-16
5.704200455e-16
5.313200539e-16
5.451488477e-16
5.568046996e-16
5.535203706e-16
5.486912496e-16
5.535097595e-16
5.693195446e-16
5.398295098e-16
5.972656099e-16
5.909583449e-16
5.301254359e-16
5.461896019e-16
5.551785177e-16
5.195516783e-16
6.309936313e-16
5.651597874e-16
5.890000278e-16
5.753573619e-16
5.705472686e-16
5.955450435e-16
5.941079031e-16
6.214821393e-16
5.317034073e-16
5.623664031e-16
5.883262124e-16
5.623946666e-16
5.587419106e-16
5.52081576e-16
6.117697743e-16
5.432009458e-16
5.495904296e-16
5.659012077e-16
5.17186354e-16
5.5081167e-16
5.425178115e-16
5.920208564e-16
5.672214275e-16
5.838048621e-16
5.51080105e-16
5.548933263e-16
5.610733366e-16
5.507190762e-16
5.175397359e-16
6.067798168e-16
5.987952805e-16
5.72804889e-16
5.382372553e-16
5.854481953e-16
5.907630107e-16
5.249824001e-16
5.830320745e-16
5.364150164e-16
5.474550227e-16
5.588461134e-16
5.645921406e-16
5.887013018e-16
5.464391965e-16
5.852646091e-16
5.478276205e-16
5.552139702e-16
5.289951875e-16
5.583075387e-16
5.082104556e-16
5.864136266e-16
5.180568439e-16
5.600991241e-16
5.603203669e-16
5.69221036e-16
5.246713857e-16
5.441723154e-16
5.390474918e-16
5.472835374e-16
5.902359669e-16
5.211855614e-16
5.145290408e-16
5.677038977e-16
5.253782917e-16
5.657006899e-16
5.674100934e-16
5.619795142e-16
5.678300744e-16
5.856018769e-16
5.358804262e-16
5.905101787e-16
5.821919598e-16
6.249823744e-16
5.686164356e-16
5.361570802e-16
6.037685897e-16
5.8182244e-16
5.637481944e-16
5.411464639e-16
5.343955999e-16
5.414855282e-16
5.316873215e-16
5.708328653e-16
5.875100211e-16
5.701473342e-16
5.582042098e-16
5.660222185e-16
6.00132412e-16
5.446924832e-16
5.320851824e-16
5.494041229e-16
5.620343303e-16
5.846324251e-16
5.46636585e-16
5.608618981e-16
5.639991013e-16
5.623867716e-16
5.802774433e-16
5.49426477e-16
5.49578455e-16
5.807162762e-16
5.687781617e-16
5.972997376e-16
5.829578763e-16
6.263665584e-16
5.391529724e-16
5.650568213e-16
5.478581491e-16
5.611561052e-16
5.442723488e-16
5.352446164e-16
5.410084285e-16
5.288387163e-16
5.598704065e-16
6.061648759e-16
5.278189377e-16
5.854692176e-16
5.821490507e-16
5.256505442e-16
5.543351735e-16
5.834819466e-16
5.524067209e-16
5.524067209e-16
5.286126585e-16
5.923081083e-16
5.811106142e-16
5.968071759e-16
5.20477732e-16
5.430388115e-16
5.625128989e-16
5.795289922e-16
5.325365515e-16
6.197320034e-16
)
;

boundaryField
{
    xPeriodic_half0
    {
        type            cyclic;
    }
    xPeriodic_half1
    {
        type            cyclic;
    }
    yPeriodic_half0
    {
        type            cyclic;
    }
    yPeriodic_half1
    {
        type            cyclic;
    }
    zPeriodic_half0
    {
        type            cyclic;
    }
    zPeriodic_half1
    {
        type            cyclic;
    }
}


// ************************************************************************* //
