/*--------------------------------*- C++ -*----------------------------------*\
| =========                 |                                                 |
| \\      /  F ield         | OpenFOAM: The Open Source CFD Toolbox           |
|  \\    /   O peration     | Version:  2.4.0-MNF                             |
|   \\  /    A nd           | Web:      www.OpenFOAM.org                      |
|    \\/     M anipulation  |                                                 |
\*---------------------------------------------------------------------------*/
FoamFile
{
    version     2.0;
    format      ascii;
    class       volScalarField;
    location    "0.0007";
    object      Ma_mixture;
}
// * * * * * * * * * * * * * * * * * * * * * * * * * * * * * * * * * * * * * //

dimensions      [0 0 0 0 0 0 0];

internalField   nonuniform List<scalar> 
5120
(
5.59001478
5.625937627
5.578877446
5.711266416
5.681437734
5.737055193
5.66695387
5.637776455
5.797030624
5.773217417
5.83575883
5.791660678
5.930819798
5.754212009
5.602611719
5.716468333
5.787939821
5.73599865
5.645683849
5.595856908
5.633500622
5.587179178
5.530132784
5.61053989
5.641093814
5.429952621
5.565382215
5.579229827
5.458780489
5.435594161
5.641653094
5.764502012
5.801781574
5.799027829
5.77450847
5.698418588
5.566908954
5.481730661
5.649748902
5.782220275
5.692902229
5.606485012
5.596620891
5.567930119
5.47177465
5.609272616
5.674358293
5.705797334
5.735014998
5.673004133
5.706134081
5.694799985
5.576639317
5.636736856
5.575209751
5.530196678
5.467168846
5.541314973
5.483374564
5.592733089
5.534739495
5.601814709
5.622767264
5.598490216
5.663134341
5.645109163
5.809659136
5.820413542
5.798209384
5.614317315
5.615112571
5.528555857
5.487828678
5.435028848
5.571088607
5.690146652
5.62695806
5.770422239
5.679697727
5.41260301
5.699488618
5.648448848
5.435343243
5.480148965
5.666190393
5.586739951
5.517991505
5.583987386
5.670644342
5.633675258
5.56956105
5.678110682
5.620592692
5.716390165
5.691717729
5.863797333
5.765419534
5.594531134
5.515060536
5.628105705
5.414333393
5.416305387
5.504148437
5.55188902
5.56212999
5.532336526
5.584010481
5.575771531
5.618787665
5.80367248
5.746395116
5.643525817
5.639404122
5.547805862
5.569677494
5.475305144
5.493848327
5.635011406
5.482976099
5.448200282
5.692311922
5.588998708
5.706169247
5.646567891
5.645780975
5.608185073
5.656557222
5.703449951
5.598375997
5.422106562
5.500582333
5.617808026
5.575710153
5.567083266
5.733832641
5.714108365
5.651806585
5.506559803
5.487483322
5.593070747
5.739614546
5.668820196
5.558197867
5.603758116
5.585327975
5.569989686
5.50620066
5.490877808
5.453274747
5.390225085
5.297231388
5.384659855
5.498992185
5.549317881
5.373328287
5.445058977
5.640036916
5.650468407
5.479919063
5.633579433
5.500248149
5.389007275
5.480292607
5.50971677
5.584617359
5.479758535
5.356254
5.273266134
5.396364089
5.484341226
5.617755903
5.674062459
5.607883971
5.682511666
5.694082646
5.655217277
5.506708286
5.536309027
5.700088101
5.584570752
5.514135258
5.511147261
5.70399885
5.643611534
5.651448331
5.641335956
5.652880725
5.583423036
5.489184853
5.429526472
5.644423987
5.700540405
5.6763921
5.653541481
5.635099684
5.622118071
5.641047478
5.579514959
5.55522149
5.537062444
5.463717318
5.5266555
5.590377446
5.677307164
5.609444047
5.425108069
5.364728812
5.445604563
5.599517218
5.493221444
5.452311625
5.534512081
5.566434127
5.545148258
5.624197258
5.599829097
5.604498317
5.598734735
5.744365815
5.525169114
5.602107487
5.621786927
5.45548928
5.427666523
5.411220416
5.604277339
5.704533436
5.656012466
5.561884248
5.53005349
5.623660162
5.631948816
5.674379415
5.63845227
5.485178975
5.446229267
5.564499531
5.550901667
5.548024535
5.740087958
5.620631916
5.543064104
5.600660632
5.533212959
5.425831026
5.402926438
5.506773898
5.664837402
5.570252562
5.616256229
5.770231888
5.542326534
5.398331433
5.455968617
5.496689086
5.467072422
5.524844249
5.569202601
5.578343831
5.568932551
5.674331342
5.662820159
5.57099194
5.615789865
5.7124457
5.565861137
5.524127417
5.410618136
5.312953314
5.459887292
5.549710493
5.539297767
5.595274359
5.707260244
5.568734471
5.657892115
5.61927644
5.702561433
5.60275915
5.661242044
5.635961195
5.552607337
5.629152979
5.555228396
5.537434842
5.705302923
5.734024518
5.579619368
5.542057385
5.518314961
5.578513672
5.535986318
5.542175781
5.468484917
5.600934139
5.511886072
5.609917914
5.543874401
5.598352728
5.619483038
5.593572544
5.627978515
5.648054162
5.654730019
5.72185785
5.642086383
5.57164232
5.51406948
5.530864364
5.631681554
5.626444581
5.594668656
5.606654462
5.628488276
5.747112219
5.741910166
5.744684317
5.708605459
5.693096683
5.71273204
5.61068897
5.569631301
5.583840448
5.562972469
5.686987689
5.653702696
5.842279993
5.725719644
5.805696023
5.773131854
5.651318713
5.467485794
5.558968494
5.517820257
5.570373978
5.629708467
5.681101677
5.580167781
5.622431752
5.768115675
5.455119379
5.60564826
5.61289706
5.615295764
5.668903444
5.679991426
5.642245367
5.700829029
5.694166503
5.693099676
5.736349965
5.653714232
5.633114202
5.567531859
5.652609032
5.685144803
5.439536829
5.641977275
5.692191812
5.60804764
5.776447359
5.731442078
5.704470125
5.62260449
5.53401153
5.533130518
5.501254193
5.498953563
5.40604153
5.579050812
5.616805402
5.627407945
5.786732713
5.71646567
5.6941031
5.614579616
5.600337582
5.685273691
5.741152552
5.814007031
5.580688224
5.620187984
5.729603814
5.627290628
5.63793139
5.5583904
5.574553779
5.543410235
5.50802603
5.573222999
5.629725809
5.665748685
5.728323609
5.76852365
5.828493355
5.720507642
5.714657798
5.640390939
5.679707342
5.768461837
5.545634865
5.605732742
5.713037734
5.807850784
5.711453466
5.794771241
5.780565454
5.737904512
5.676122326
5.681865091
5.642181353
5.749271944
5.720261419
5.687654144
5.746981656
5.672799476
5.810968038
5.852692252
5.742304468
5.59805279
5.593475532
5.567713461
5.679022257
5.76037569
5.66806219
5.689148873
5.636918007
5.879721632
5.751568424
5.724633136
5.65329728
5.54783051
5.536449885
5.40236851
5.523702582
5.531426991
5.638703865
5.732543669
5.73262895
5.676542404
5.733438437
5.725348521
5.628310348
5.634431265
5.588391728
5.59315134
5.585767544
5.5361522
5.585991315
5.546576103
5.518129538
5.616666475
5.608349103
5.630481613
5.557293082
5.609878643
5.539497107
5.731820533
5.6552449
5.621746763
5.460897512
5.465706843
5.580880995
5.595994823
5.550750761
5.640363485
5.616367793
5.629863669
5.558547587
5.602060244
5.554660156
5.476792643
5.420000408
5.500324918
5.440681954
5.456173952
5.467051168
5.442705859
5.587332522
5.598594428
5.690099356
5.619164932
5.562224139
5.765538622
5.580659245
5.546919281
5.542133973
5.558722196
5.45364432
5.646695214
5.5889125
5.508864028
5.642352344
5.493213393
5.429839907
5.389445968
5.458285897
5.651876645
5.61543839
5.56169059
5.667271638
5.688385885
5.486792576
5.433031883
5.681631339
5.696117999
5.647378372
5.640703752
5.593479954
5.556950179
5.514269579
5.355709123
5.523663839
5.540380586
5.513770516
5.633695346
5.573927466
5.494317034
5.472647424
5.568521497
5.58988542
5.780636719
5.752474991
5.631971386
5.563120773
5.600009864
5.612921043
5.701558253
5.680592425
5.646745954
5.427237628
5.546807436
5.65368513
5.522436665
5.525558093
5.585204225
5.669558759
5.766453574
5.621207794
5.505124586
5.746868655
5.438730685
5.49273435
5.558926455
5.668270159
5.584830578
5.573651461
5.666208498
5.691486291
5.72133375
5.680589214
5.717011202
5.638731212
5.5903194
5.613523667
5.789368357
5.742640802
5.962037063
6.068373886
5.991860337
5.600658862
5.645521274
5.628399153
5.444788728
5.444769335
5.386929864
5.321589853
5.49417131
5.657209746
5.564393978
5.588759968
5.510575129
5.653487624
5.771328943
5.723466117
5.663011637
5.57927203
5.538786458
5.502761849
5.455203347
5.51920877
5.585984066
5.578326279
5.521236921
5.436844882
5.388918783
5.362539643
5.528127799
5.568358512
5.568821168
5.48719929
5.535591857
5.584237033
5.478397748
5.546456987
5.483470272
5.554482849
5.5651613
5.520417249
5.499459407
5.592432726
5.422384891
5.474789658
5.50758149
5.548736352
5.597791206
5.508722516
5.532365383
5.495101976
5.491038773
5.482193466
5.648467908
5.403368162
5.437276079
5.56349425
5.578911679
5.682822996
5.541697217
5.307479425
5.324609497
5.495192428
5.605041548
5.662607437
5.751562139
5.653900154
5.750403941
5.602905656
5.659198652
5.684974997
5.66965334
5.65768401
5.556074894
5.52814777
5.559448165
5.579310612
5.538478836
5.600033719
5.649635822
5.556546472
5.570891953
5.675389817
5.698985965
5.704045167
5.602358656
5.615948946
5.647290842
5.585218062
5.518929988
5.424262949
5.395985152
5.469087811
5.480424562
5.441708942
5.440621724
5.705466907
5.775053532
5.795803016
5.67730512
5.590478941
5.57564486
5.77073712
5.761272344
5.76665403
5.62897202
5.553464755
5.509890198
5.602703527
5.533451737
5.483321566
5.589479949
5.556526538
5.604131269
5.494742553
5.485582217
5.389160159
5.442939826
5.566371416
5.644069629
5.540870473
5.604391388
5.64389622
5.754474406
5.75563897
5.652545501
5.632658536
5.650720658
5.553250237
5.600219458
5.767584283
5.654928045
5.71296029
5.567585124
5.617192606
5.639614692
5.669983606
5.560461214
5.666571612
5.655122529
5.576777859
5.60280231
5.666941034
5.68531295
5.763380697
5.897274113
5.827360497
5.723573062
5.829400321
5.768161768
5.68952061
5.629624925
5.741187142
5.743742323
5.63432263
5.567347043
5.465557202
5.506120743
5.48749993
5.49352002
5.456959711
5.513465329
5.561015242
5.676445334
5.640586349
5.884559557
5.831782006
5.799218477
5.624770871
5.572035951
5.613553665
5.63475925
5.659253015
5.747935647
5.755503774
5.812018045
5.656213542
5.681772308
5.655666479
5.575749277
5.587801779
5.679068683
5.762415405
5.741420068
5.73429567
5.618400128
5.627875243
5.652096429
5.724461567
5.64239504
5.537383271
5.462269652
5.459999127
5.543011661
5.643540341
5.694817079
5.869426881
5.819748435
5.756684187
5.614123251
5.742009864
5.708815001
5.740880003
5.749593492
5.636329298
5.558836359
5.553490461
5.631831555
5.707599678
5.466581521
5.655695728
5.644197591
5.650722175
5.564797099
5.548640543
5.611233418
5.551684459
5.601568286
5.635402401
5.521901814
5.495132748
5.665914404
5.59917152
5.613109825
5.695960269
5.68745704
5.6207445
5.681786754
5.823132095
5.800067794
5.760559169
5.719755631
5.58920233
5.627286752
5.646480185
5.501353065
5.589183497
5.683488584
5.618122764
5.775429425
5.744785487
5.664970491
5.552839259
5.702667546
5.575630719
5.540731306
5.621539561
5.606214912
5.581961199
5.553662832
5.640898929
5.509960712
5.617788357
5.610727508
5.534391259
5.573573524
5.598367658
5.690319856
5.681289673
5.642618597
5.562182723
5.572002688
5.56500481
5.557380803
5.593204873
5.684642997
5.610619548
5.704808471
5.793165036
5.732766827
5.700577187
5.758790513
5.611566607
5.526516103
5.534962422
5.620102649
5.605287
5.560001038
5.561866881
5.424140474
5.587856209
5.653348723
5.548056387
5.578568562
5.556577454
5.542087762
5.536443995
5.503564181
5.525315974
5.580051414
5.483655239
5.508071069
5.667555948
5.559137087
5.489308661
5.53270958
5.606296716
5.635826836
5.461371728
5.485344619
5.382554062
5.493368386
5.31961013
5.487526626
5.502089321
5.511245957
5.506574596
5.576845161
5.46095639
5.561752489
5.506372619
5.676924544
5.614142416
5.491164075
5.468047219
5.503435896
5.487323964
5.308601957
5.518266355
5.559431897
5.652810847
5.595388807
5.590470361
5.461184012
5.610387023
5.664190984
5.697468448
5.591000857
5.613149598
5.529497416
5.625765161
5.660363476
5.572777013
5.601946305
5.620755941
5.611325763
5.775920954
5.807816524
5.532432053
5.505604706
5.44752003
5.509888833
5.528505909
5.679264868
5.671953889
5.733978645
5.690652423
5.785422676
5.869537492
5.61104159
5.514099344
5.47090158
5.634463734
5.573363324
5.554485495
5.640053664
5.540495325
5.647886493
5.63108769
5.509798006
5.547258906
5.578673188
5.499839361
5.654353846
5.6031888
5.574812848
5.576670885
5.570304106
5.371179401
5.297838988
5.428826755
5.521095941
5.521675927
5.555903337
5.745759451
5.780331342
5.813207102
5.728768535
5.607970239
5.675508656
5.621796664
5.633282927
5.781315351
5.742994894
5.512967425
5.561318455
5.647964205
5.704217376
5.821756908
5.677474863
5.571423466
5.556859015
5.438619648
5.35658835
5.467128259
5.582332326
5.490453748
5.431454228
5.409456941
5.551845954
5.568968903
5.622001631
5.588109793
5.686267664
5.748130747
5.849489645
5.80909371
5.722197364
5.652475259
5.57334978
5.63351716
5.771313249
5.686990108
5.473731192
5.617338627
5.608531851
5.608161857
5.767031185
5.725274067
5.758899993
5.638192939
5.56802827
5.573078432
5.537575345
5.550738824
5.610384809
5.564211349
5.553806433
5.484317743
5.44647731
5.46153847
5.329277585
5.332843371
5.562906432
5.494388834
5.51519194
5.562792351
5.633904624
5.664922418
5.533581825
5.620432376
5.587902297
5.728811687
5.727472099
5.583487888
5.57903435
5.695458996
5.715758893
5.607438672
5.481967025
5.491580863
5.579839163
5.509704506
5.495646145
5.582189798
5.646552517
5.542080806
5.499405403
5.538637778
5.640597502
5.652267669
5.69703651
5.557704139
5.439592758
5.480340843
5.452078171
5.533915733
5.429155943
5.54017524
5.509332263
5.652299586
5.672184439
5.76000346
5.679021759
5.64675902
5.655699988
5.706494014
5.548866213
5.450296789
5.506535654
5.581162761
5.602061113
5.493828742
5.675582223
5.616401775
5.611656633
5.641595781
5.692228076
5.599588127
5.384160245
5.402490395
5.438302961
5.539492285
5.5705686
5.594023776
5.632570312
5.570365954
5.577895486
5.631859114
5.765389963
5.633507837
5.578744383
5.814941228
5.74369628
5.727038066
5.700311562
5.627993788
5.586403477
5.704211984
5.770147922
5.809472074
5.783126024
5.598156137
5.509249912
5.484179997
5.650772159
5.822302921
5.673430279
5.707445231
5.506377291
5.59316064
5.822810569
5.632010608
5.583920469
5.491177277
5.439988824
5.510334908
5.447510627
5.331777496
5.493219152
5.504996057
5.629999046
5.637557495
5.666762084
5.619368965
5.748632864
5.642280291
5.651208765
5.529839114
5.557592167
5.547738035
5.510404793
5.554186082
5.70289349
5.74350806
5.75685025
5.784896453
5.731187752
5.615234395
5.449102406
5.509041178
5.542309366
5.634776492
5.617669134
5.62299372
5.629985969
5.544452594
5.635779754
5.717788931
5.675544378
5.76258998
5.714317747
5.572512239
5.543659792
5.696948258
5.746489768
5.815696722
5.794647009
5.653359925
5.590279608
5.602003606
5.571435778
5.525397924
5.628290209
5.815530933
5.877045295
5.897974895
5.717028326
5.635333153
5.71466689
5.725176719
5.646326289
5.708573697
5.739123385
5.760444871
5.672485545
5.805607615
5.971829249
5.971981608
5.81856021
5.782747688
5.681147788
5.69950973
5.735705722
5.730769441
5.570200736
5.57602295
5.613670706
5.689344597
5.628757649
5.647981972
5.689946299
5.90567521
5.704636269
5.761532252
5.705222242
5.594731231
5.532644072
5.505338145
5.450831294
5.488146769
5.476215071
5.578675117
5.593977782
5.662516069
5.598115577
5.60825244
5.619044766
5.50617427
5.570232872
5.696642365
5.8501571
5.626700525
5.568273793
5.613440678
5.612267766
5.701474247
5.473702036
5.42299583
5.526748185
5.579772791
5.478111275
5.470103478
5.590114987
5.7626673
5.61290711
5.64093587
5.693897135
5.601451666
5.443651682
5.553249594
5.475381199
5.702062
5.632928636
5.576396216
5.532507165
5.536278587
5.577893232
5.63912553
5.705639555
5.67958107
5.529113777
5.661600242
5.63632702
5.631265913
5.729452245
5.527240067
5.581833725
5.708974595
5.766904595
5.652580468
5.577355569
5.49168419
5.483664212
5.481248772
5.580610911
5.686821072
5.615658488
5.574519439
5.618980111
5.669333292
5.59116235
5.564237177
5.530697701
5.658459241
5.505161516
5.678782288
5.642168904
5.55534655
5.618280102
5.634406602
5.634376096
5.486425144
5.379718266
5.675995177
5.641504985
5.663818333
5.447376257
5.597773615
5.587111121
5.64626159
5.741028111
5.734209857
5.760352233
5.619883655
5.682078598
5.639365042
5.646128085
5.613655313
5.659878367
5.622692922
5.520285383
5.650809905
5.599615705
5.418791954
5.571649207
5.561982
5.586282163
5.425457812
5.577033166
5.606041402
5.544309738
5.617992638
5.626640916
5.620640021
5.544501241
5.593585949
5.585203116
5.444101571
5.445660702
5.519187024
5.688256683
5.538092819
5.583942201
5.55989338
5.563820975
5.590705967
5.522888237
5.700802139
5.603082748
5.663623111
5.581487184
5.450970817
5.465702394
5.644902028
5.551286845
5.578254946
5.499486436
5.480507444
5.511048426
5.502317203
5.508190352
5.632150021
5.639765424
5.575694769
5.589630477
5.56376958
5.648867566
5.601556092
5.647638675
5.656607507
5.591988571
5.534112975
5.481031765
5.56120455
5.666817033
5.726571564
5.780015199
5.634718279
5.640011644
5.686257149
5.633575853
5.425517084
5.426789159
5.383064638
5.351236657
5.341310459
5.491245631
5.629695179
5.715864047
5.716144939
5.727068808
5.791925155
5.807217292
5.652003934
5.658558853
5.550435363
5.617597539
5.578790488
5.694375975
5.597955817
5.473696808
5.554212406
5.476375114
5.477699279
5.543938662
5.53910871
5.515600113
5.634431124
5.789586509
5.738303765
5.679644297
5.768998506
5.776038542
5.768513289
5.781632354
5.769097561
5.722366596
5.741707127
5.63081547
5.682744242
5.69998875
5.597456591
5.496408133
5.668379954
5.659932835
5.581752011
5.665192935
5.698935913
5.610348146
5.641168866
5.659436023
5.551252258
5.648238635
5.551622789
5.673188253
5.703664286
5.835623424
5.835323844
5.830989709
5.837349498
5.744450786
5.590107872
5.537778612
5.622755321
5.618354896
5.450388802
5.547217386
5.487051141
5.44557117
5.638885235
5.640134895
5.58114518
5.525093398
5.658858084
5.531982048
5.644788593
5.683036086
5.615936898
5.757505166
5.885763271
5.666536684
5.673714252
5.610683039
5.461277239
5.431821173
5.424572364
5.341743522
5.443403801
5.644259391
5.604310412
5.606970202
5.645561958
5.780806183
5.755805917
5.632070841
5.642210372
5.557983621
5.513773794
5.700356362
5.636092747
5.641642713
5.552630746
5.596400893
5.617112048
5.630558946
5.756454265
5.788561728
5.788119099
5.802359711
5.683378526
5.667651549
5.803580588
5.777424645
5.669885799
5.576199958
5.492851539
5.609346019
5.663006321
5.750147341
5.636159394
5.57756745
5.724979579
5.561479926
5.597875773
5.583360104
5.573923052
5.624387079
5.752993255
5.792946096
5.744775022
5.743621471
5.674302053
5.615712763
5.605883841
5.605694351
5.536083466
5.519540884
5.535824676
5.503329624
5.617978233
5.704006611
5.582025445
5.587852666
5.517379956
5.601464588
5.612123339
5.552483616
5.477728732
5.618693646
5.759550953
5.66710119
5.423089808
5.446869452
5.414049627
5.529998078
5.560591977
5.537081714
5.567596144
5.607701575
5.44555035
5.496855905
5.677988477
5.852716581
5.864327277
5.69811963
5.707186087
5.71443492
5.73173346
5.849277143
5.64583489
5.618462559
5.646696612
5.542725975
5.627889454
5.6749204
5.713425136
5.644331608
5.684965427
5.579550602
5.649977125
5.661670087
5.661109525
5.625004772
5.570320969
5.600536844
5.641673455
5.668273357
5.51854121
5.4700779
5.574636414
5.626423136
5.614190729
5.697718045
5.628242769
5.549456384
5.635743355
5.653266235
5.633683719
5.504618238
5.513012751
5.545278248
5.521368788
5.491778538
5.420905834
5.403036517
5.387883108
5.534577572
5.582876141
5.534394758
5.53514743
5.682294188
5.605121464
5.521431661
5.530514548
5.592956474
5.548636403
5.575210247
5.587834095
5.601364902
5.608262953
5.648180085
5.668378321
5.694691569
5.709607209
5.576638198
5.51858167
5.642566679
5.724880476
5.710010459
5.749655867
5.755696438
5.670120709
5.772953191
5.699685564
5.615106765
5.539260808
5.453762673
5.606142924
5.451492453
5.584166116
5.626994556
5.48237052
5.488644951
5.513614963
5.705302174
5.60824939
5.540586907
5.531607579
5.542035229
5.614483625
5.574625103
5.59503587
5.469832224
5.431330248
5.435530577
5.60546468
5.738614079
5.754675623
5.599391101
5.519948913
5.498252442
5.4325884
5.528554665
5.482462473
5.350713238
5.497229466
5.527245451
5.585002016
5.687704541
5.560069495
5.481823978
5.469985297
5.56006127
5.649732142
5.622792704
5.510953079
5.525553665
5.455175045
5.575221986
5.603740862
5.635758798
5.490697674
5.551597346
5.576408042
5.689943892
5.65061704
5.599771581
5.679396405
5.721862369
5.585893506
5.625343397
5.630048617
5.747933488
5.786245258
5.666080001
5.590438804
5.64225615
5.637722684
5.660604374
5.734143553
5.679552734
5.504284064
5.492476798
5.598013014
5.767277368
5.739897295
5.603104412
5.504811339
5.680201161
5.656907215
5.705894547
5.742402378
5.734841087
5.717826572
5.70383632
5.634249337
5.689211326
5.618579679
5.540363343
5.447534408
5.424432963
5.377807556
5.577158407
5.540797135
5.463905975
5.537540762
5.646889734
5.573471954
5.661288194
5.82089941
5.784273281
5.739688733
5.734096358
5.499572761
5.354650148
5.538390564
5.421984282
5.455527941
5.580184696
5.503019923
5.437644288
5.507666058
5.48425753
5.448836304
5.477681254
5.469541819
5.52990928
5.673809499
5.678883664
5.746463578
5.760267205
5.730262519
5.751423259
5.781305295
5.620612303
5.474661314
5.532040079
5.634658679
5.63993948
5.346519236
5.470310756
5.682259772
5.741833349
5.651484119
5.683352245
5.829421288
5.866312542
5.661069729
5.616055265
5.621112866
5.651821409
5.706048428
5.60413899
5.431995239
5.583084271
5.606006665
5.526145276
5.555115507
5.658365491
5.692129131
5.638370051
5.709689486
5.816421664
5.817703561
5.719137105
5.723719225
5.780056007
5.736758935
5.558951578
5.453981836
5.470313085
5.477964269
5.754467444
5.878487188
5.765636233
5.677356781
5.59662639
5.626265791
5.560596704
5.603549381
5.608692841
5.665280209
5.565645892
5.567461667
5.6464761
5.738582062
5.732753076
5.654256141
5.620234377
5.666794599
5.773586637
5.688762364
5.601495246
5.596338372
5.591298517
5.593395484
5.614894235
5.769349362
5.527889833
5.634084309
5.674551774
5.596357592
5.576504516
5.633870854
5.581327946
5.578363195
5.698373788
5.671656388
5.652494411
5.73896891
5.485055902
5.559328949
5.657181159
5.642969828
5.685318824
5.582511472
5.514446262
5.483328349
5.514348324
5.548630129
5.553047261
5.544052859
5.629553921
5.482375206
5.454193495
5.482452904
5.54627687
5.565691725
5.671263594
5.698340739
5.721370534
5.650927545
5.585365751
5.459511416
5.541972606
5.609757277
5.677552833
5.691079905
5.664847409
5.628825517
5.499664625
5.436611671
5.575347018
5.723980676
5.790800663
5.910394139
5.916348865
5.715593614
5.635570361
5.544027895
5.704882823
5.808961729
5.582004291
5.569752466
5.639418556
5.670741478
5.705214374
5.772878517
5.799987611
5.66999655
5.53358336
5.521841577
5.632440063
5.671052839
5.797232603
5.784635796
5.742264822
5.704323829
5.629390906
5.614431594
5.736058408
5.603995798
5.562652885
5.434725603
5.53545409
5.633914064
5.577674147
5.540350667
5.502737988
5.77020894
5.644833927
5.573494612
5.563217546
5.552768951
5.63115667
5.531293086
5.509462538
5.569276024
5.56007972
5.640462053
5.627463428
5.657601045
5.666870149
5.853687657
5.837009869
5.748051274
5.743883225
5.833909685
5.834681185
5.705043135
5.709645308
5.467400286
5.567705377
5.617385319
5.656621578
5.543315999
5.526755629
5.621723101
5.612240048
5.533028682
5.592026134
5.595043488
5.696846886
5.848356367
5.720840663
5.724479777
5.608148407
5.637210246
5.670106336
5.607123602
5.489964384
5.50440222
5.600276063
5.471257506
5.448341577
5.501449561
5.501805191
5.61403037
5.627983325
5.634274503
5.604968423
5.571310068
5.654912776
5.526767812
5.664015872
5.713671786
5.582665124
5.655450117
5.718835272
5.601549451
5.514224371
5.669328296
5.524986279
5.575692734
5.53646493
5.516310071
5.43500188
5.386183737
5.57882076
5.575432667
5.672592003
5.645842265
5.645689351
5.645531331
5.493714992
5.437645638
5.562607855
5.556541156
5.538334836
5.512394856
5.551282456
5.624004165
5.594973054
5.398237303
5.516419576
5.549517447
5.487715489
5.461791229
5.447171138
5.547224399
5.641439194
5.669127878
5.676642336
5.529806365
5.519036153
5.510409319
5.440808054
5.421641294
5.442202852
5.501986486
5.479516377
5.41951052
5.506788114
5.614650108
5.560819997
5.464847321
5.533764113
5.427066473
5.454048032
5.512882209
5.498866205
5.540963134
5.55483513
5.617042959
5.558173339
5.567475363
5.497404452
5.339744738
5.400989022
5.549372743
5.557827904
5.549544974
5.565312357
5.449650365
5.441389389
5.541307746
5.647110428
5.595952469
5.42710107
5.347651516
5.491941411
5.529549994
5.625737877
5.543940359
5.652852729
5.559620601
5.404736774
5.488761179
5.493301472
5.479331146
5.451191396
5.567308346
5.388494252
5.373727747
5.374683783
5.34402516
5.330367598
5.391105619
5.349689674
5.444584224
5.45407221
5.454276367
5.279933935
5.342903355
5.452842396
5.359516531
5.407933119
5.500785061
5.473697797
5.557268542
5.729866977
5.559347158
5.562456227
5.628054
5.565258598
5.390816131
5.496797489
5.661920824
5.821149864
5.773937182
5.661444304
5.594257383
5.549177551
5.497466172
5.583693154
5.693578956
5.622778841
5.456522911
5.323935626
5.447168011
5.513979977
5.50044293
5.462304087
5.627683738
5.743985557
5.60696221
5.529546061
5.640911796
5.696128847
5.566531128
5.43371925
5.412597298
5.467519074
5.68547594
5.695161402
5.624495176
5.523439496
5.532665904
5.572259334
5.515856274
5.573461605
5.600606858
5.664448303
5.626176101
5.538129171
5.598003884
5.651419412
5.656697992
5.62294361
5.642845954
5.585832482
5.630931211
5.587966225
5.639664915
5.610100149
5.707150303
5.705018144
5.539601349
5.506510651
5.654341589
5.739233546
5.647222872
5.762696847
5.642463114
5.714067212
5.665003937
5.636762494
5.612264237
5.599768473
5.608829559
5.680322995
5.747681014
5.67871662
5.483180673
5.362469758
5.541200706
5.652574558
5.582527426
5.558780114
5.619338795
5.667060494
5.526271518
5.575091651
5.531767486
5.61560491
5.647694329
5.571460398
5.459280821
5.593286293
5.672536453
5.67416399
5.627207737
5.757764967
5.807005161
5.65334312
5.659909358
5.656101874
5.616083626
5.710170549
5.586789579
5.543414439
5.598460669
5.526713985
5.597283478
5.581044845
5.498690731
5.396106031
5.460642042
5.450280674
5.347443748
5.270176771
5.404370051
5.422590836
5.563513465
5.817720617
5.790141358
5.815484851
5.512076894
5.435729552
5.426722045
5.464049896
5.627504125
5.629084627
5.546804761
5.64139608
5.597174706
5.664560158
5.618744275
5.664035597
5.746738034
5.624746237
5.609810335
5.710819258
5.684300176
5.589315676
5.576074687
5.629197259
5.707727139
5.721830378
5.617674832
5.571550666
5.661808698
5.574699707
5.581760989
5.488614199
5.348512601
5.439908208
5.496420563
5.501925821
5.505783816
5.551429688
5.59581529
5.570011442
5.583997956
5.673357354
5.669586353
5.702167793
5.689651367
5.556106131
5.569176437
5.685519677
5.666819182
5.561937171
5.654441081
5.67327203
5.767630677
5.729132982
5.58197578
5.551008496
5.588270832
5.624924876
5.591333399
5.563933831
5.445895977
5.474352702
5.499236007
5.4812302
5.46119738
5.548070032
5.570335399
5.466146837
5.352977177
5.342973182
5.406271217
5.485116421
5.637903621
5.628944754
5.52913191
5.532542548
5.668901981
5.606445808
5.609852027
5.616274944
5.708930879
5.607846754
5.60149375
5.557136285
5.640840703
5.503971703
5.571874959
5.431434323
5.73864174
5.646473257
5.60370202
5.474771091
5.56507063
5.668338468
5.645145845
5.775767999
5.791467347
5.804705177
5.707789036
5.683663521
5.71084272
5.760989876
5.638122482
5.674012613
5.712461885
5.597423464
5.550802258
5.643769426
5.506425475
5.577307522
5.623633638
5.601901685
5.526495029
5.654129177
5.623726451
5.729860919
5.740626238
5.684046368
5.646378937
5.58040431
5.625032969
5.675628847
5.596119735
5.603185172
5.596086971
5.729306682
5.706818058
5.595684909
5.476638696
5.495709846
5.536163934
5.579740634
5.575879822
5.540822187
5.51997171
5.509727745
5.506526554
5.552942346
5.614426635
5.562348182
5.496387525
5.553263639
5.724684005
5.679057494
5.580118975
5.425308305
5.390510935
5.317177051
5.506811187
5.440830794
5.411863466
5.450144597
5.396689882
5.285448574
5.455303841
5.443615434
5.498370552
5.481638057
5.408749086
5.487072582
5.45926473
5.437114695
5.480932174
5.528315428
5.585804539
5.56178678
5.471166492
5.388031911
5.578204236
5.539352316
5.539997775
5.555987724
5.538858625
5.447665447
5.519371933
5.443962649
5.450377783
5.442503822
5.328358382
5.476160344
5.717841399
5.619680039
5.60694151
5.502324158
5.484648441
5.403119069
5.344437809
5.52761642
5.43779867
5.514840076
5.405950323
5.490051794
5.476377877
5.315999157
5.212401523
5.317792535
5.278678743
5.351208672
5.438048339
5.402572754
5.172951348
5.274019511
5.395857866
5.412368588
5.303358071
5.421977509
5.489836044
5.439843495
5.517924795
5.585734962
5.546626039
5.575861828
5.561131969
5.547036403
5.523525739
5.49878903
5.413185459
5.250984904
5.380571236
5.328843715
5.498405595
5.524614649
5.373004554
5.401545585
5.533194698
5.519091069
5.474390519
5.622445407
5.544153136
5.515514713
5.502360887
5.588040751
5.793663829
5.807694167
5.717647324
5.630094456
5.590119322
5.501697121
5.500202971
5.326007376
5.252639752
5.351145095
5.322318568
5.587105018
5.60070837
5.54458662
5.465945253
5.458367657
5.718694888
5.735883308
5.578263033
5.53530774
5.52102984
5.557222736
5.650862087
5.764425276
5.717315579
5.662606753
5.574705273
5.652577724
5.600541922
5.57593879
5.732131523
5.625516755
5.646529176
5.77928715
5.730851335
5.679646921
5.673328571
5.701150406
5.822397923
5.623763423
5.707311168
5.587168155
5.581540713
5.408586756
5.524286813
5.673246205
5.528276478
5.620840455
5.559347167
5.536291241
5.600272921
5.427696821
5.730582933
5.665016384
5.599150316
5.730763371
5.653106295
5.645393228
5.722038203
5.718383227
5.913772963
5.85198133
5.783105236
5.672914659
5.546488515
5.499411449
5.580931076
5.54772261
5.575218142
5.603850847
5.408458434
5.356770532
5.539794757
5.666411635
5.641252436
5.645799709
5.59420956
5.696544413
5.755135416
5.685208592
5.493801916
5.633903655
5.596104589
5.51684958
5.60189494
5.754509939
5.537887606
5.607998501
5.633291883
5.608842997
5.626071924
5.515152404
5.420513386
5.440172619
5.627647253
5.724093929
5.624196037
5.539842568
5.572549523
5.704214097
5.736299244
5.703226123
5.598450543
5.502653145
5.517251278
5.575817143
5.70871872
5.715782802
5.651659941
5.665378785
5.594236408
5.688498585
5.607252874
5.667037868
5.627280063
5.740377096
5.660483277
5.621496952
5.614771271
5.749525573
5.638499217
5.611800547
5.597013902
5.785555299
5.84121365
5.8024964
5.71357176
5.822587678
5.759313268
5.755159161
5.83735211
5.705747602
5.749696562
5.741976098
5.628241012
5.606253082
5.554974869
5.645127333
5.537488921
5.47195807
5.61403034
5.554819843
5.711413037
5.719094773
5.759054906
5.678506418
5.711622623
5.746473831
5.820330893
5.720364233
5.606411666
5.555228104
5.500632623
5.436230002
5.491826235
5.485258986
5.51959754
5.52657863
5.458827546
5.490066048
5.442077834
5.444789007
5.439673342
5.362091959
5.498025492
5.635401425
5.580467883
5.579385104
5.646066785
5.679102259
5.734492133
5.758037587
5.638339061
5.553922077
5.667586836
5.605141352
5.71930672
5.570714534
5.616363579
5.549942006
5.547021091
5.742434443
5.807924759
5.772296363
5.678031166
5.630182676
5.613353108
5.582670542
5.524423237
5.713405047
5.63733419
5.600442146
5.507070764
5.635043997
5.679797472
5.776764745
5.485706671
5.647255198
5.798027847
5.764065309
5.783686575
5.618665977
5.546240841
5.55770888
5.657775419
5.584036277
5.563798738
5.666140499
5.672151158
5.556946749
5.513983254
5.547993002
5.632531268
5.524817837
5.539699531
5.466044959
5.492720937
5.599978672
5.48027573
5.452904311
5.582930139
5.747362846
5.796751573
5.590783556
5.517980983
5.550015941
5.480332195
5.425830269
5.48245196
5.557678776
5.556349223
5.445617284
5.604713538
5.713549853
5.596719687
5.5184559
5.447517904
5.468654001
5.480051937
5.452288782
5.370655253
5.259021413
5.435914457
5.656731749
5.593260144
5.463545168
5.428236397
5.347000457
5.355495145
5.437569201
5.379770669
5.446564711
5.431317611
5.395624485
5.464131371
5.384594747
5.538178867
5.568099958
5.587672887
5.807407555
5.6276399
5.594742507
5.446579883
5.487857815
5.377049916
5.567881842
5.622019386
5.526781894
5.53003025
5.575930333
5.63553284
5.614666044
5.672290607
5.697357673
5.490238884
5.496610538
5.543315231
5.527213127
5.460746609
5.432805665
5.421370723
5.508220557
5.641741641
5.667277932
5.768319733
5.623613
5.694402736
5.710334666
5.777996525
5.704188827
5.606111865
5.729921377
5.640771905
5.444043658
5.499802358
5.580009115
5.425515077
5.430621198
5.541441658
5.498494854
5.518710985
5.637965285
5.553654773
5.689280109
5.754876271
5.728381203
5.761882154
5.74803312
5.783584263
5.6292511
5.522738537
5.485148701
5.39178525
5.470521572
5.489554062
5.457420925
5.378077933
5.456361533
5.410811207
5.51399718
5.543926059
5.570760307
5.620416719
5.61307167
5.592110216
5.688913491
5.722819672
5.66425419
5.704541751
5.486609682
5.643504014
5.561937293
5.664104679
5.648917781
5.517306177
5.448588614
5.727715309
5.714295727
5.701336799
5.618849915
5.677128985
5.618581458
5.669234253
5.526892783
5.414104217
5.526415332
5.598032657
5.681884229
5.487930638
5.48501303
5.374226237
5.49162847
5.671770203
5.751405623
5.682844695
5.734355902
5.755655106
5.767439783
5.662550124
5.582234862
5.545677237
5.596523583
5.512162229
5.548445526
5.62114742
5.656662228
5.52821049
5.369523695
5.387379634
5.374782937
5.467067162
5.378577497
5.338146674
5.40894712
5.65937045
5.697693442
5.671126789
5.734065668
5.663449487
5.498649857
5.541487103
5.546520688
5.758913193
5.873258699
5.729611118
5.649102904
5.706730622
5.764959784
5.825535896
5.855808363
5.717028046
5.728768384
5.65010135
5.628121642
5.567016212
5.627208333
5.741355982
5.724109708
5.646824442
5.756025203
5.822636849
5.801871293
5.768777128
5.674292349
5.829101752
5.828095741
5.692720046
5.678423242
5.671458498
5.689849193
5.621671367
5.616114223
5.575690635
5.757300128
5.843700135
5.86056143
5.636226974
5.626501718
5.564376193
5.498483468
5.574150897
5.608439324
5.695720728
5.68784544
5.595796218
5.690331607
5.62999512
5.629006044
5.625722403
5.610190588
5.651546604
5.607121754
5.763387111
5.643242444
5.740800001
5.682439258
5.746837281
5.747349926
5.765191897
5.617027574
5.447947578
5.630279606
5.740730279
5.689445947
5.626938188
5.574818136
5.651381899
5.61452257
5.750281996
5.731850766
5.600097211
5.665458593
5.67742109
5.689460727
5.543881675
5.582314302
5.643642069
5.649119421
5.714956608
5.691446961
5.631908156
5.539503595
5.592758341
5.637607156
5.606598134
5.686415975
5.627751872
5.630409811
5.517902883
5.627876464
5.690639986
5.632925532
5.587493996
5.73557023
5.739041003
5.713722459
5.72909461
5.587896661
5.496856783
5.558561172
5.563423231
5.640625594
5.666263103
5.735846159
5.742607719
5.722988343
5.651107611
5.583545382
5.483274885
5.384159973
5.618311224
5.757630281
5.71992206
5.70105194
5.703927457
5.705235828
5.596786708
5.614711692
5.622078845
5.703634786
5.651354335
5.762136227
5.747510925
5.665677966
5.502075847
5.408572265
5.622958171
5.723764905
5.797280692
5.629972592
5.589534349
5.579876542
5.658074342
5.559485565
5.501604255
5.459393059
5.601938302
5.702863154
5.700904696
5.702934424
5.585522367
5.574986581
5.561898513
5.675874325
5.835689219
5.678401379
5.70398346
5.566716538
5.618173529
5.565688867
5.676038233
5.543225342
5.388210346
5.436330471
5.510855087
5.548631968
5.581741282
5.560849715
5.604764811
5.500444936
5.592702892
5.538428993
5.652359775
5.557867535
5.376657188
5.460546747
5.381919301
5.400366838
5.532660863
5.447833913
5.539636827
5.604194696
5.628445803
5.556506647
5.61247045
5.70542385
5.607137131
5.501255463
5.420015387
5.424490789
5.433478736
5.59639487
5.470455875
5.416605345
5.462660715
5.50538646
5.521977673
5.458009466
5.468073501
5.601532716
5.513290469
5.538702223
5.582241462
5.644418502
5.800136283
5.756679365
5.51746604
5.651170302
5.704135428
5.570897723
5.569981731
5.710088217
5.623304943
5.664022874
5.720533598
5.620790485
5.677563886
5.650130092
5.541453119
5.627308899
5.741764204
5.623582228
5.828833662
5.750875883
5.714555641
5.651434027
5.606332149
5.612934913
5.566873004
5.561325197
5.451460075
5.446879935
5.535438881
5.552079244
5.613673287
5.611469211
5.578236384
5.457576948
5.433773398
5.359145843
5.482817315
5.537752849
5.572117898
5.501368186
5.574040635
5.624278142
5.62093194
5.509426546
5.605763629
5.727865172
5.756633257
5.545081912
5.481606546
5.476724768
5.458182812
5.449214784
5.347797173
5.504360015
5.432267612
5.490208904
5.470283537
5.40482447
5.438629441
5.57525382
5.660517306
5.641856909
5.579840566
5.440842471
5.441877641
5.548839195
5.535696849
5.417579047
5.415407983
5.549143534
5.724031186
5.694613507
5.623229862
5.576166534
5.512320757
5.706451699
5.703433395
5.704635033
5.638037636
5.607512633
5.617055644
5.480775245
5.699703303
5.676984683
5.68013848
5.68021958
5.494196341
5.502728548
5.630286813
5.654920205
5.572535927
5.549499848
5.569340692
5.606544361
5.721397833
5.687888838
5.703573273
5.779892998
5.800268811
5.891876388
5.824541106
5.727960552
5.443029484
5.508979867
5.531514706
5.534037248
5.531332353
5.685672536
5.609064468
5.655087745
5.713302447
5.642421431
5.613577056
5.635810043
5.615721382
5.721302105
5.575053471
5.589241358
5.665993506
5.636392028
5.546459339
5.645486687
5.537081605
5.535107052
5.567593243
5.697121491
5.772750163
5.846380105
5.860714178
5.799432117
5.574364772
5.566904506
5.482646221
5.670940964
5.732597232
5.776056473
5.787624237
5.860157626
5.780561319
5.706669863
5.686059767
5.587145241
5.834686925
5.783064805
5.731396138
5.76708443
5.741667623
5.655411538
5.688020794
5.772912533
5.891689977
5.864586887
5.770136399
5.615432973
5.603305501
5.616380034
5.668494802
5.666475731
5.910321191
5.807605943
5.803322458
5.846343563
5.766996754
5.665171036
5.652262066
5.714609307
5.617292293
5.796904655
5.628262128
5.561397998
5.732559975
5.507922457
5.544728319
5.484359456
5.438914694
5.397858682
5.384538212
5.574264386
5.511644979
5.634530993
5.572500306
5.695174815
5.583612088
5.707491263
5.603588087
5.553103432
5.643021368
5.646511518
5.615308856
5.72712817
5.653468057
5.581862399
5.611038619
5.603427805
5.503245757
5.527847488
5.693728427
5.622969873
5.565418057
5.635588845
5.69795493
5.614887041
5.807937577
5.719837565
5.714229265
5.850247808
5.774363824
5.526887591
5.509103896
5.475762937
5.560635015
5.559391696
5.641653114
5.700616871
5.80539721
5.706584524
5.622285917
5.612168825
5.773942311
5.730917329
5.716315535
5.813723219
5.787852419
5.62567183
5.742586625
5.606161719
5.637081495
5.597728634
5.579408161
5.440806892
5.46737193
5.494922531
5.607744591
5.527173958
5.502131192
5.651116404
5.664930469
5.601545506
5.693068746
5.692030982
5.627671574
5.784142404
5.567616699
5.575451824
5.61128017
5.70188564
5.772907648
5.63253389
5.642137128
5.706708037
5.813606521
5.771134447
5.772610457
5.741208397
5.616939683
5.614613969
5.545978063
5.688940015
5.79085688
5.887540112
5.934485583
5.747348289
5.661571549
5.638583814
5.658605845
5.684979137
5.829425312
5.652652342
5.613069107
5.489134934
5.47260086
5.490031165
5.576433534
5.661656034
5.722658388
5.734118152
5.653733436
5.424634769
5.435107133
5.477583001
5.555449501
5.672001651
5.626465342
5.653917088
5.509898974
5.462720765
5.542590803
5.612539466
5.588380322
5.560247537
5.687923376
5.553459923
5.63907136
5.570211646
5.498982204
5.512986159
5.596108217
5.650647634
5.575247517
5.646350346
5.64997582
5.65634461
5.616721226
5.581067237
5.446725925
5.606972066
5.462029854
5.460228045
5.449292004
5.536252797
5.560443364
5.586205493
5.452826377
5.58979118
5.641638297
5.63382921
5.596672764
5.690954069
5.680094663
5.563768613
5.615717172
5.598286
5.550440359
5.59111437
5.73785416
5.634372416
5.602530259
5.536716978
5.685885017
5.767526915
5.78331425
5.742939541
5.75275719
5.713381117
5.618145761
5.598198871
5.557171674
5.671287599
5.711099372
5.754024411
5.646711004
5.564903547
5.835034714
5.66751923
5.65977416
5.629569388
5.651451667
5.847788871
5.763557671
5.675376892
5.508242233
5.479695782
5.609786973
5.777324847
5.847083818
5.743775936
5.797670396
5.629592021
5.575858618
5.730892591
5.779764943
5.846810041
5.664118958
5.772268172
5.595761908
5.669808041
5.604439791
5.593650822
5.543063279
5.451616722
5.494117683
5.555836094
5.606163238
5.603716833
5.571007486
5.595834075
5.506252174
5.498346986
5.450329314
5.34591571
5.435064441
5.545412902
5.625344906
5.753368348
5.629588981
5.641127112
5.726062135
5.817692958
5.700091246
5.697212457
5.638735048
5.672824129
5.602564156
5.605308081
5.819733251
5.739437473
5.6652167
5.588907958
5.570127712
5.557786314
5.60710366
5.556258762
5.658143004
5.764633146
5.834129266
5.910456056
5.81119201
5.701955938
5.68132178
5.579344479
5.570526434
5.610161949
5.562654923
5.53185916
5.565249872
5.486562217
5.506080233
5.566064595
5.643145269
5.603088339
5.563814124
5.685695944
5.734802649
5.667123435
5.615589774
5.537676728
5.649773348
5.742354969
5.688964098
5.493656793
5.490937456
5.37374766
5.572568361
5.627687143
5.435675614
5.600765252
5.722132306
5.757821605
5.698478088
5.713611054
5.756353973
5.704166272
5.550939385
5.63403378
5.640766708
5.581731909
5.513706179
5.512889346
5.54034569
5.626513707
5.614556696
5.469831893
5.510859619
5.597249507
5.857768782
5.777501127
5.727482061
5.633699244
5.636564841
5.531689401
5.568547865
5.687931969
5.532486627
5.595356012
5.506681525
5.643128671
5.744714518
5.705402572
5.542152385
5.593971904
5.520654926
5.655053007
5.625497437
5.588670178
5.545507939
5.745260099
5.662286362
5.602023943
5.552642562
5.694072602
5.631539678
5.500896695
5.532768075
5.496801493
5.624508675
5.636733394
5.533664535
5.66237929
5.689207517
5.565746795
5.670149835
5.629454701
5.718693367
5.614853879
5.534081844
5.448931146
5.433273179
5.489320376
5.531579047
5.573731189
5.54728733
5.55453483
5.618577701
5.655930412
5.769267015
5.756028987
5.803056665
5.732686495
5.638582445
5.630183798
5.721199559
5.922354065
5.75627592
5.777427497
5.751384592
5.774592197
5.624320648
5.711849303
5.712018874
5.699673228
5.703520571
5.677591602
5.57794243
5.731369358
5.609672829
5.489658485
5.48370276
5.554632019
5.691002382
5.747859637
5.637358816
5.651080855
5.705819414
5.879150199
5.86119553
6.015736962
6.050768093
5.947943188
5.789504178
5.826498902
5.747600265
5.659573859
5.565305747
5.680494211
5.753589031
5.676459839
5.667039705
5.857953972
5.789456407
5.634466305
5.606361543
5.651541376
5.708573042
5.761965227
5.745745687
5.59366569
5.629009246
5.65921514
5.568158571
5.547092112
5.625419075
5.550699564
5.825028773
5.75674219
5.50171596
5.525320542
5.72616886
5.706042331
5.649942158
5.577946945
5.661439528
5.569064604
5.46921554
5.411789808
5.570286211
5.608092175
5.582668282
5.659514205
5.610017816
5.611794256
5.664603148
5.85526003
5.646057646
5.574006927
5.519450739
5.654276635
5.610276288
5.652627123
5.520501662
5.500895435
5.441684149
5.566239416
5.381660794
5.404365777
5.443143628
5.439355668
5.483889383
5.640527188
5.741954094
5.808603403
5.779905579
5.761284252
5.549917843
5.522199253
5.745163409
5.627899732
5.687513245
5.528928516
5.554765232
5.455580093
5.36889569
5.320548467
5.366973013
5.389465257
5.507232269
5.545641446
5.667464847
5.630694692
5.688660987
5.638006222
5.511694426
5.526791711
5.538435061
5.560272097
5.619161482
5.652789869
5.580154857
5.586829015
5.684146135
5.749793195
5.670972069
5.560383669
5.628685602
5.557510384
5.637580873
5.500740231
5.48524388
5.396030217
5.481671798
5.545133999
5.493871616
5.539637215
5.614663213
5.537946369
5.715214851
5.765487142
5.749137463
5.773896066
5.741404136
5.55406088
5.679446732
5.641851988
5.619982019
5.63894528
5.606112349
5.630604732
5.622288503
5.608615469
5.469432865
5.372616026
5.410360304
5.67700418
5.63977144
5.58457023
5.403984524
5.433850264
5.518003723
5.499350559
5.711871426
5.686491357
5.515100899
5.358033185
5.379358238
5.508109249
5.522919468
5.587643673
5.530974834
5.577731495
5.6224274
5.559563298
5.599235327
5.553986277
5.706337986
5.605903953
5.711410122
5.525563887
5.525978547
5.645842721
5.513597179
5.492465863
5.612350833
5.69786142
5.569046257
5.648639463
5.707861028
5.768116319
5.933752668
5.730885112
5.594074909
5.702249666
5.526720244
5.486950212
5.687283197
5.674476428
5.686102386
5.874321108
5.725507384
5.541603188
5.649406319
5.566416599
5.500951689
5.611768346
5.554857821
5.384178229
5.340294855
5.516623618
5.459209016
5.696017476
5.884360503
5.802148387
5.638768289
5.765588688
5.736803841
5.759914768
5.6620858
5.580828147
5.677269485
5.73714167
5.549765678
5.514951076
5.474027665
5.433920036
5.470611281
5.646197638
5.642332656
5.656820054
5.733200523
5.663474417
5.652212827
5.692694956
5.751639021
5.477510749
5.664915026
5.626547807
5.677684635
5.76815772
5.696100797
5.546229193
5.468777431
5.605260289
5.50425184
5.484263353
5.377523209
5.546935347
5.637229447
5.574585541
5.592839037
5.528550843
5.481215519
5.633429022
5.611347416
5.732977791
5.72672561
5.681583409
5.696932624
5.745527045
5.777909679
5.635200585
5.495812811
5.538972812
5.564489819
5.488355055
5.49347091
5.537943647
5.545496025
5.625706393
5.52555342
5.551749654
5.688327068
5.673042627
5.620739855
5.599291336
5.783725553
5.776675924
5.775695211
5.616633932
5.516195754
5.582238589
5.533841859
5.478641738
5.449604988
5.381349415
5.415560751
5.521459109
5.567495513
5.638051105
5.821060211
5.853861713
5.772631752
5.641295479
5.689222818
5.683628056
5.570436868
5.530177601
5.477721821
5.581165669
5.549019781
5.660583615
5.631045922
5.619310495
5.567871081
5.649294124
5.792245924
5.754666489
5.713762913
5.687462792
5.528888719
5.543470523
5.47016611
5.461329865
5.617764764
5.617945821
5.657629876
5.665776154
5.730786771
5.774188755
5.67992887
5.670076107
5.668480755
5.724877525
5.5979619
5.687694685
5.674961283
5.841166823
5.809358474
5.884343622
5.860356524
5.753403548
5.636092583
5.628296619
5.579563557
5.600134833
5.774639089
5.574370885
5.698555739
5.689119599
5.736213049
5.730387313
5.45882945
5.410566307
5.470871081
5.493749321
5.5531364
5.680228337
5.767043766
5.756980134
5.760947156
5.784702205
5.839853581
5.823650499
5.809092657
5.84287017
5.591179093
5.480200999
5.43427011
5.54714406
5.809893142
5.590144253
5.542243835
5.596391441
5.663276988
5.596648774
5.616692573
5.533406075
5.637588676
5.759326616
5.758586439
5.663548145
5.7247356
5.704148601
5.479806091
5.680225622
5.399160723
5.603301606
5.677743827
5.620234218
5.516167589
5.667654024
5.700831264
5.679820354
5.719871355
5.66098907
5.554608709
5.66880075
5.582446207
5.567309398
5.598562726
5.668612302
5.641014532
5.661739395
5.589480608
5.361608614
5.34574112
5.494933646
5.567334045
5.612836912
5.580448463
5.568697707
5.618536486
5.663011661
5.586787709
5.504531038
5.50142045
5.499650988
5.493029424
5.544675682
5.667228071
5.600156745
5.696409908
5.582731314
5.515835812
5.418475175
5.695438378
5.686237628
5.67261622
5.623327961
5.654864842
5.624824726
5.56635816
5.676515682
5.624677109
5.589763196
5.478576159
5.509382347
5.512131189
5.486817739
5.576286571
5.604175898
5.59001995
5.598054697
5.595746874
5.668782476
5.499474587
5.631923407
5.602261872
5.65619688
5.802252276
5.739618327
5.588987951
5.544747202
5.549309545
5.632950876
5.623329332
5.48106781
5.556468141
5.593953099
5.547088011
5.424383572
5.490930941
5.639059586
5.570440032
5.449200694
5.422100447
5.366872422
5.340997703
5.493947862
5.665594832
5.701954652
5.709426796
5.677311324
5.517479701
5.520537739
5.459327627
5.490829223
5.476772281
5.331261279
5.383349331
5.569170021
5.605637555
5.565787201
5.46029946
5.558553657
5.551949938
5.583933545
5.553414926
5.646575741
5.651928617
5.602261155
5.515983622
5.633698726
5.716010687
5.694990475
5.691275085
5.561249181
5.603730876
5.646252453
5.777497002
5.774435746
5.653104796
5.65616816
5.612131336
5.575607198
5.551479535
5.655690266
5.743453824
5.625480608
5.564050875
5.53977648
5.513286803
5.505773482
5.581053772
5.66236875
5.582843796
5.676562305
5.860046857
5.764607732
5.515250055
5.707086972
5.80528087
5.729427317
5.720886581
5.65802268
5.796755702
5.757596859
5.633589205
5.537102915
5.581576183
5.588752859
5.658087297
5.742851936
5.767998072
5.59901208
5.76677495
5.659327576
5.721054859
5.662257979
5.634480537
5.711752434
5.671322769
5.720158289
5.878786035
5.930069876
5.556975478
5.469219594
5.644353724
5.701210243
5.598372859
5.594983722
5.694569497
5.655842454
5.823154597
5.73154784
5.667110583
5.503945365
5.535345577
5.681696928
5.816643134
5.780350907
5.863335291
5.754164911
5.780268395
5.783449519
5.603084155
5.606164874
5.515529938
5.604037674
5.705031224
5.789759768
5.714411851
5.733753907
5.646114892
5.547421514
5.581885928
5.561941443
5.605724342
5.611910074
5.610933118
5.695072083
5.658329885
5.63004903
5.628513667
5.594537039
5.551954155
5.826310719
5.799169588
5.745652841
5.592530149
5.695900814
5.747154154
5.595123696
5.707368142
5.770306503
5.720553998
5.717336257
5.724572149
5.640506103
5.681018883
5.668250428
5.683891391
5.730295236
5.822306231
5.755438148
5.525251302
5.554929489
5.636990883
5.715976601
5.698083856
5.563973267
5.63264559
5.717843217
5.711411324
5.711899075
5.708673513
5.724225658
5.618351608
5.677421995
5.573519167
5.557545217
5.650046543
5.501065627
5.337990914
5.407465506
5.630389592
5.600066438
5.67827343
5.614270978
5.563503415
5.493105881
5.566222521
5.755945072
5.878429903
5.690805189
5.453853671
5.319042138
5.302170844
5.330389009
5.572396628
5.587814583
5.592932976
5.470805173
5.583544741
5.540112305
5.570449519
5.696073119
5.67060182
5.62328137
5.595829639
5.657521748
5.657266786
5.656122582
5.731084408
5.765254257
5.948084945
5.881883585
5.600466781
5.557064116
5.634764059
5.859757132
5.716454655
5.705663433
5.706809448
5.65846405
5.775291885
5.829741184
5.75884548
5.732198262
5.604592748
5.595093137
5.774331003
5.744737144
5.631440396
5.623832072
5.681107913
5.501683196
5.527627171
5.6588086
5.642463039
5.71505345
5.863489169
5.791246518
5.636135832
5.708000481
5.62678558
5.622319788
5.734006947
5.619541964
5.499890361
5.538117889
5.614759736
5.718722815
5.869439234
5.86159379
5.784096874
5.733432425
5.764257844
5.640476829
5.55340201
5.531027709
5.510412971
5.377458872
5.501455409
5.523866214
5.639384203
5.617627668
5.560330601
5.428897927
5.530391823
5.500955094
5.53199761
5.686518655
5.563580392
5.53493195
5.723399815
5.554705916
5.552922393
5.568012493
5.54533704
5.656820881
5.770780419
5.678748804
5.489576399
5.608299966
5.663536959
5.710343787
5.593772813
5.570720767
5.497899934
5.53835512
5.439615843
5.462198763
5.551038282
5.524370847
5.613923815
5.679270942
5.607858486
5.632470616
5.453691297
5.424515789
5.447144648
5.521780081
5.577463642
5.649235894
5.543615706
5.530921483
5.645869023
5.572294399
5.493150207
5.523047632
5.565138777
5.526040239
5.641734841
5.745500899
5.533900333
5.468269638
5.41320477
5.507106215
5.326776099
5.404499197
5.447944829
5.511082209
5.45453364
5.55933195
5.864107742
5.794820107
5.597116334
5.573427779
5.521260372
5.641209855
5.698953137
5.683898658
5.758849454
5.62438225
5.549609498
5.642179546
5.568858455
5.554551292
5.44511133
5.525962786
5.617627776
5.626012908
5.692594172
5.787530245
5.454579903
5.487482869
5.726560798
5.701215556
5.570597517
5.681702538
5.643803974
5.51856133
5.442579162
5.413177806
5.490586516
5.392658539
5.581909222
5.600787345
5.522857507
5.407911656
5.479894395
5.564779447
5.711249225
5.567387775
5.606051485
5.50870672
5.68673001
5.821851668
5.74706759
5.627593243
5.607796453
5.582177678
5.773035033
5.752127661
5.558775152
5.537995454
5.555305037
5.605633742
5.768668053
5.666327437
5.628432575
5.637278844
5.557727808
5.596365574
5.659958165
5.621583282
5.593905612
5.502926519
5.531216853
5.655735814
5.733611284
5.648223988
5.70858831
5.731379715
5.776689171
5.766501934
5.714175793
5.697478352
5.676785751
5.704191188
5.64509465
5.561247322
5.648699601
5.58966942
5.813269012
5.674477931
5.602676249
5.490228001
5.527043011
5.52536591
5.50718803
5.76471392
5.761442936
5.78338076
5.776833616
5.835708608
5.782738929
5.688079054
5.709463728
5.660945342
5.656672764
5.643849492
5.680599307
5.83004561
5.465383349
5.485609334
5.483745598
5.520477466
5.559709404
5.434498288
5.656536157
5.677714067
5.581755994
5.627537269
5.808565473
5.911445189
5.858289439
5.752787154
5.655276597
5.51288886
5.518038493
5.62764413
5.591016585
5.573053603
5.53370434
5.632601217
5.650053058
5.61885055
5.673718915
5.800274231
5.528960465
5.578432984
5.571694466
5.661669074
5.576876532
5.447826664
5.432320104
5.491255167
5.534126994
5.654886179
5.720111345
5.647109453
5.551542306
5.447348282
5.548149974
5.474763897
5.531517251
5.489891408
5.534814575
5.542249936
5.522268782
5.558324363
5.600390352
5.486839138
5.558810149
5.617910105
5.675847798
5.693411295
5.62553696
5.578061797
5.688248095
5.530590713
5.632312834
5.528893269
5.475945301
5.44664514
5.487189516
5.439783807
5.347151101
5.632406602
5.747669643
5.602678851
5.543047786
5.580255167
5.55219112
5.524111565
5.495788961
5.540242558
5.544064718
5.535302713
5.522423035
5.632426713
5.553093646
5.50259345
5.537592563
5.641272912
5.72320526
5.762805498
5.74970061
5.666033411
5.657557328
5.683173063
5.590636386
5.632079233
5.666756164
5.60688654
5.674548655
5.680484667
5.575624319
5.646478421
5.758042198
5.935889908
5.896404368
5.666289672
5.90856897
5.66382895
5.718536144
5.697979787
5.84260458
5.904997672
5.800045831
5.623378587
5.671247334
5.667602286
5.63689975
5.691277711
5.732010933
5.735229905
5.613138105
5.457972221
5.510151438
5.544057755
5.71186699
5.913655974
5.583107464
5.632129471
5.61856378
5.541025679
5.687209868
5.718002158
5.763836605
5.833073498
5.822579621
5.718373903
5.653363147
5.664059934
5.723118614
5.660734424
5.714790773
5.778975332
5.582635721
5.621422569
5.716733826
5.645881493
5.707089451
5.664672237
5.52028416
5.561671481
5.672960982
5.732720341
5.517850376
5.648036013
5.622410964
5.715946196
5.594650713
5.623993987
5.569736146
5.542581399
5.502445719
5.388576965
5.462478002
5.58260613
5.782790451
5.674608512
5.531006724
5.561112709
5.552804501
5.537804485
5.553798406
5.549380612
5.69515824
5.563102254
5.501566531
5.381184654
5.481963404
5.474658614
5.588121984
5.741006356
5.668124036
5.582065345
5.52376782
5.602475584
5.905331565
5.776329288
5.636864428
5.608547922
5.740775162
5.712278544
5.782518114
5.738010927
5.659235454
5.549242458
5.530899942
5.29205332
5.473995754
5.635416215
5.527305466
5.471583486
5.504844649
5.564468617
5.605277137
5.491172967
5.521172868
5.60619239
5.760162688
5.852516901
5.678469018
5.74680989
5.696706803
5.732530488
5.691296996
5.912933534
5.680956392
5.635089143
5.653210903
5.435505427
5.386665253
5.324230008
5.523561937
5.598010674
5.507383891
5.741545669
5.851716491
5.745112728
5.652584184
5.531947182
5.482187844
5.334238604
5.452466064
5.581157377
5.549612261
5.469059873
5.569621184
5.654336447
5.614531837
5.610225372
5.61607316
5.677022734
5.614531622
5.648787433
5.547456281
5.547495559
5.718914041
5.806506129
5.541151837
5.623443512
5.578574865
5.566004615
5.66851822
5.673221592
5.716546157
5.769535897
5.665911876
5.535434146
5.681836869
5.721279988
5.563091068
5.473135658
5.556311585
5.663291273
5.56206674
5.569068956
5.488730449
5.441771239
5.543400023
5.534030145
5.556002494
5.629796397
5.647274989
5.757473765
5.861902871
5.766698542
5.616901155
5.72409412
5.864106975
5.770459657
5.711801156
5.701219945
5.560321894
5.487820085
5.626083933
5.554636184
5.469802843
5.540671898
5.753728895
5.719692442
5.697240393
5.687792135
5.800050076
5.802873359
5.598718254
5.602773398
5.494722645
5.516749111
5.589119124
5.786327535
5.865796703
5.960895966
5.880025625
5.81852903
5.782629125
5.656773239
5.611812737
5.594106087
5.612942343
5.626578609
5.642104062
5.522521541
5.502763693
5.604987915
5.690641426
5.701801434
5.807698507
5.906738827
5.811369461
5.664444309
5.679331115
5.65770322
5.764371388
5.624839742
5.497745636
5.617705756
5.796181957
5.669615601
5.654025398
5.732978699
5.726310866
5.746681128
5.780811267
5.536517295
5.517074284
5.590533937
5.671854335
5.691030838
5.598613587
5.590596094
5.598711041
5.661680843
5.610670832
5.626784429
5.679061666
5.614673455
5.52412734
5.622244507
5.480281366
5.493767752
5.682628878
5.64373193
5.833739693
5.811634152
5.663830808
5.4401303
5.428135204
5.433537
5.643254005
5.673544813
5.804092893
5.878124426
5.896981089
5.730623837
5.693354744
5.637141869
5.618182238
5.568836941
5.59740353
5.684465691
5.716032534
5.801746218
5.687615558
5.542627247
5.676005129
5.768756806
5.743827407
5.670886356
5.708979824
5.657164102
5.582556703
5.652235698
5.63816069
5.629978092
5.511348973
5.558307315
5.414924509
5.5427145
5.710270594
5.65328517
5.559442702
5.642010191
5.621473104
5.458950169
5.465851735
5.605079103
5.601227912
5.597875404
5.790930518
5.754435816
5.79128016
5.73451581
5.649008691
5.507656251
5.505510989
5.667493149
5.616178006
5.651013874
5.641691877
5.53228842
5.428910208
5.500105936
5.650382186
5.712180485
5.64610526
5.674806647
5.585872081
5.57866111
5.660332119
5.67092281
5.610522727
5.771679548
5.753260248
5.763790739
5.774280305
5.501581814
5.516647328
5.544467121
5.406427319
5.438325222
5.569275051
5.712077637
5.613820609
5.585524009
5.725380825
5.62533641
5.484930388
5.473095658
5.526601914
5.787624841
5.694753463
5.70302903
5.72785162
5.705579312
5.736916475
5.802051639
5.729976179
5.625872745
5.654332484
5.585440854
5.540482831
5.531787093
5.607343594
5.722509557
5.587604637
5.726230911
5.669655866
5.82599197
5.943739934
5.83379716
5.628369205
5.605454938
5.593953482
5.586935119
5.74467487
5.626759831
5.589029007
5.463995397
5.33145712
5.396338798
5.494145685
5.549696535
5.654044905
5.590808354
5.865419124
5.72568895
5.698683529
5.649680778
5.620875464
5.581321161
5.61366143
5.582845456
5.708826458
5.68510222
5.579994057
5.498754686
5.474907966
5.451547881
5.675773204
5.680174867
5.578055451
5.418379911
5.506154457
5.469311144
5.54872275
5.585010275
5.688556274
5.690714256
5.640927231
5.774725784
5.793427321
5.758838779
5.844325403
5.754243969
5.78005577
5.687061857
5.608122613
5.654367243
5.711075331
5.782985797
5.761273409
5.67910703
5.440330641
5.618673427
5.462626982
5.453824848
5.607831617
5.596756921
5.725150923
5.734538751
5.762029595
5.800011793
5.685579488
5.688996013
5.71550208
5.780157671
5.736192165
5.642705527
5.579334087
5.534623028
5.494617449
5.627785777
5.524390922
5.472644323
5.475222242
5.538678005
5.618390676
5.638332983
5.567817225
5.687738044
5.694158539
5.779873172
5.720234223
5.5811574
5.61703298
5.570778349
5.461748339
5.55285571
5.40715941
5.657477704
5.706517096
5.614128558
5.605112878
5.655435282
5.630789551
5.597071654
5.641701954
5.549516357
5.543660293
5.611584882
5.623707293
5.669474986
5.592928162
5.487712489
5.497673335
5.572215877
5.551689354
5.51918131
5.846946565
5.845243709
5.789228998
5.805904376
5.818848187
5.770214365
5.739770713
5.732400063
5.73716308
5.67321184
5.632709759
5.61860314
5.663786466
5.733699882
5.66649481
5.732582688
5.825229001
5.751357531
5.723890343
5.697217982
5.468446348
5.510578558
5.559606736
5.611765672
5.537918195
5.639894889
5.608882141
5.621490383
5.707760456
5.663705403
5.622050837
5.558429246
5.669429939
5.633255714
5.619321822
5.527874764
5.586024103
5.584139271
5.582338985
5.655857958
5.866365452
5.686114525
5.652486403
5.582545532
5.624148102
5.622639815
5.680732297
5.63080463
5.780491785
5.710315114
5.691638627
5.708000103
5.597985322
5.6780774
5.638841233
5.716848942
5.707341187
5.748634491
5.74947724
5.826321167
5.542819511
5.529075919
5.617967693
5.621145357
5.457064514
5.554668188
5.565089687
5.564542795
5.6703926
5.696766234
5.709581086
5.615888351
5.631921746
5.536151416
5.422263556
5.38932304
5.560008429
5.519773576
5.567985587
5.663951867
5.672646542
5.79574004
5.762335099
5.683265014
5.728898028
5.799517853
5.808722374
5.754819993
5.755069238
5.614729852
5.637895859
5.494183562
5.494288139
5.675023649
5.654543497
5.737907979
5.784375235
5.669077025
5.661537075
5.615611731
5.563582547
5.658987126
5.587977389
5.704794124
5.666317911
5.707896198
5.644747937
5.678398873
5.566073487
5.660417732
5.577064814
5.573880449
5.635537767
5.607508002
5.67217306
5.634659163
5.684828759
5.644666738
5.606878147
5.462799428
5.737816741
5.641894354
5.632743581
5.480906241
5.580242272
5.584866178
5.609245572
5.769361713
5.759966026
5.69321748
5.708375369
5.657935544
5.670069728
5.598472341
5.607880663
5.525985865
5.444816193
5.665821524
5.786605462
5.800734493
5.468654784
5.616258853
5.578405959
5.557815547
5.396889337
5.456607861
5.588204385
5.450078385
5.593165187
5.698647985
5.623204376
5.603642132
5.501007715
5.412935634
5.394918976
5.560696163
5.591531436
5.50289438
5.526493557
5.541499424
5.665100867
5.590465971
5.408695322
5.351714636
5.459280687
5.348949684
5.34729337
5.505976162
5.561619785
5.543742368
5.429381416
5.375997875
5.496818862
5.671607807
5.707012226
5.677926691
5.53966734
5.585971083
5.552664833
5.687173095
5.498747043
5.537179311
5.5725906
5.531073382
5.441410484
5.477650144
5.384240496
5.448966653
5.499651988
5.68105372
5.569472847
5.478667961
5.589444949
5.592157491
5.635818577
5.574972972
5.662357908
5.499647177
5.35424975
5.391579029
5.761147212
5.611181549
5.712597934
5.743495867
5.620488271
5.586369963
5.66836211
5.626043529
5.681427513
5.70776966
5.607394271
5.747398722
5.596162332
5.513947684
5.592891539
5.636131234
5.550725868
5.563141553
5.582608577
5.614171001
5.566080416
5.633031586
5.694787303
5.756202374
5.942395713
5.889378806
5.635928109
5.571137147
5.853030834
5.825033281
5.681671357
5.682438064
5.706527976
5.632839444
5.578978684
5.498852112
5.557441488
5.58392522
5.617004639
5.613695654
5.633451762
5.489728118
5.567606752
5.725662203
5.709334992
5.689234785
5.677054452
5.862767642
5.698216673
5.650558463
5.88208231
5.850996191
5.709581385
5.693460944
5.624388369
5.717671432
5.699478505
5.591374801
5.633508837
5.597300415
5.622886863
5.651196825
5.515683009
5.54315738
5.640984838
5.629840585
5.721090866
5.708525832
5.749407234
5.654861455
5.587111469
5.649092551
5.803788698
5.854529064
5.782880174
5.842951492
5.694241294
5.58991033
5.608289761
5.50514124
5.712310017
5.690773571
5.910449052
5.750433708
5.63165326
5.603152781
5.748225877
5.809127384
5.744981351
5.573563338
5.741215632
5.68388581
5.641934068
5.68500082
5.817284978
5.814932122
5.595412257
5.509299717
5.583051588
5.56772428
)
;

boundaryField
{
    xPeriodic_half0
    {
        type            cyclic;
    }
    xPeriodic_half1
    {
        type            cyclic;
    }
    yPeriodic_half0
    {
        type            cyclic;
    }
    yPeriodic_half1
    {
        type            cyclic;
    }
    zPeriodic_half0
    {
        type            cyclic;
    }
    zPeriodic_half1
    {
        type            cyclic;
    }
}


// ************************************************************************* //
