/*--------------------------------*- C++ -*----------------------------------*\
| =========                 |                                                 |
| \\      /  F ield         | OpenFOAM: The Open Source CFD Toolbox           |
|  \\    /   O peration     | Version:  2.4.0-MNF                             |
|   \\  /    A nd           | Web:      www.OpenFOAM.org                      |
|    \\/     M anipulation  |                                                 |
\*---------------------------------------------------------------------------*/
FoamFile
{
    version     2.0;
    format      ascii;
    class       volScalarField;
    location    "0.0007";
    object      overallT_N2;
}
// * * * * * * * * * * * * * * * * * * * * * * * * * * * * * * * * * * * * * //

dimensions      [0 0 0 1 0 0 0];

internalField   nonuniform List<scalar> 
5120
(
306.5520793
307.893532
307.07535
301.6583453
298.4639416
289.871254
294.8531187
301.1267339
282.6222372
283.9177656
284.2806882
283.0396643
271.5969208
283.2129531
296.1868228
289.6710258
283.8692917
293.9343773
294.3570617
297.4122955
284.162379
292.0958079
296.039523
285.972958
284.3321075
308.8193858
299.9897132
297.7983716
308.6952837
304.163587
294.8628978
294.4744456
299.186142
303.0959277
305.9709294
305.3780303
305.2936668
303.1581261
289.466397
277.8755021
286.3969986
297.2639841
293.9482317
299.8077526
300.5655227
304.3251488
301.8606656
299.0627401
301.1889723
293.2466605
287.031608
285.2336734
294.1160867
293.7089343
293.3448147
295.1269009
303.2681941
301.7842064
310.2330527
300.8870918
302.4984809
287.7433996
295.011865
303.9922088
300.7336638
291.7929886
283.0525086
294.4537105
287.3554269
303.8241016
307.7289815
313.2687857
313.5674781
308.7199377
295.8190027
288.9560839
290.4813163
286.107787
291.3605296
306.1785077
297.1447359
302.4698653
309.5275064
299.7001247
282.5407283
290.2736558
297.3256635
301.4331014
297.1034778
299.0250215
300.4041088
286.2028205
287.7489662
286.2860664
287.0274593
284.1295644
290.9167436
295.4657443
302.6957565
298.6804678
300.5600322
309.4661244
310.7224767
308.3892687
303.1785187
305.4118341
297.2162637
294.170211
289.854034
280.7169177
285.3425325
287.7269545
293.1655418
299.4323454
302.5658616
314.047108
309.5828304
302.1259042
306.4521996
303.6663366
294.0772958
301.1675847
292.0132341
290.3502382
292.8249224
301.8454873
299.4463662
291.4926021
290.4856528
301.9695704
301.4404052
297.8694995
300.2996534
302.8216158
287.8197418
278.7235842
290.311574
306.3534344
304.5225855
298.0077815
276.710875
280.2315012
290.4356166
299.0285383
301.5948544
306.1166799
317.1454366
304.8239295
306.3188934
307.460565
308.0305199
294.3054645
288.4397326
286.3631383
306.2240834
306.7724135
291.8007998
294.7566173
297.8490953
293.4367261
308.844556
300.1331513
290.7556269
287.1341265
289.3787913
293.3547291
298.3930858
298.9756116
300.289535
292.8122189
287.0794257
285.6297396
297.3968767
290.5243485
285.0167741
288.5626766
290.7343922
298.3060711
295.6739416
298.8358137
310.142002
313.8109641
297.325175
293.8735654
303.7466994
297.4895679
290.5395877
291.4366285
296.9912599
303.4376816
294.1882874
292.3160333
294.9349253
294.088049
304.2259103
309.8697419
304.9742567
309.1858473
304.1902132
305.1943808
303.1698261
305.063924
304.4426007
297.0198239
297.2959754
309.2398393
316.4383149
318.2211448
314.3089591
325.3301311
326.1767272
314.2542349
315.3080265
313.1913009
303.4350475
298.015541
302.4776629
306.7385231
303.711564
304.85507
293.472846
294.5912659
303.1784866
302.9013536
302.8053433
299.3555782
293.8990518
297.9014989
308.0773994
306.3985232
302.1670647
305.9598179
304.9252081
302.4827471
311.1790777
298.1255858
296.1380408
298.8882795
306.1369547
285.4521969
291.4936055
295.8504219
295.4380764
306.1641422
310.7862425
305.6944205
307.8190016
291.6958194
294.510459
297.9668456
287.1497048
295.9697941
309.136228
302.160606
303.9878305
307.9449744
305.0019695
302.501344
300.8552909
305.8682239
298.7480579
296.9522329
296.7602371
299.8541357
285.732467
301.2563844
300.7211859
300.5015156
302.4829373
300.756176
303.3000261
311.0815244
305.9957782
298.0774367
301.008039
296.1793343
291.789715
296.4216645
294.9072415
289.5268176
299.9203911
306.8796913
299.7722026
304.9334019
312.0179539
298.2934333
308.3409496
315.9873841
319.9882994
313.083066
301.72691
304.3593332
302.7483394
314.9714966
307.6032974
306.421106
307.6119097
311.866535
303.098666
298.8470163
292.9894815
297.2484164
301.4120753
298.246116
299.1639344
295.8711553
294.2302925
297.8936337
299.9493768
304.4309668
308.831213
315.5766741
314.393507
311.0227279
286.4807874
282.1059689
277.4042597
282.8408433
283.0139039
283.4589766
292.9916255
289.6683943
295.7294772
303.5745126
302.8649873
301.9066716
283.5180204
282.3148048
295.2862372
296.217086
298.5787557
310.9730461
309.4497444
303.9889584
306.5129797
300.9142092
290.7510037
307.6074776
300.4058816
296.3476932
316.9692673
309.3020426
307.1402776
301.9791194
296.4777707
297.8342494
294.0458967
295.6215544
293.2759144
303.3979153
297.5238464
301.8605867
300.4907362
289.3607595
293.1647186
300.0872212
313.9195159
302.345286
297.0873946
309.528965
280.0024261
283.5141155
277.3930331
282.5754087
292.1169247
291.6005545
294.5245174
289.7168643
291.776187
283.0426572
285.5261036
288.1409293
276.088983
288.8588581
293.9614894
291.0666774
291.4426272
286.9624353
285.5650135
278.9107393
298.6113842
310.1158347
299.5687519
298.0970497
306.3289557
296.0895886
294.3261786
292.8403451
281.9096876
289.556096
285.6035424
288.2986796
289.0246327
287.1495809
287.4306859
293.1355772
287.9723924
295.1591586
289.374735
291.3146577
299.9629392
291.5098906
288.1177951
285.2585193
288.0249264
296.1247016
292.6194425
287.8273557
287.0995006
288.1760049
292.3536044
287.0863007
286.2410355
289.33344
282.7073227
294.3504439
289.821242
287.3586821
299.1517862
302.0681759
313.5431019
308.6077243
307.0406081
302.9251008
304.4356054
297.3305965
302.4745989
291.7341125
292.0274773
292.0381397
298.9404957
306.3351267
303.3796452
308.0881338
296.1098046
295.2883289
289.9898637
284.8585764
293.8753887
303.5508153
287.8764163
291.1620303
292.5398554
302.4902552
308.1325946
303.455932
296.3229244
300.6916
303.8159669
311.1011366
318.6841192
306.4145648
307.4891255
296.6238261
306.1899469
303.0339909
302.5042756
286.67043
279.847082
284.1883737
304.327138
300.6659668
297.9549086
291.9621067
300.0335782
298.8815961
295.8685854
303.3502997
300.9064823
292.374346
291.3216395
299.2439944
297.4159242
294.9288365
301.7956526
296.3539431
305.3729834
308.647086
303.4615487
294.7841099
284.1234236
299.4962937
299.8480902
283.7366153
292.9737461
288.9742959
290.4496079
298.1562275
302.8699689
298.940504
309.7222918
312.0683311
302.9461768
304.9523076
304.0374278
303.9631235
298.8948323
285.5875521
282.0149292
286.9490703
296.7113748
296.5328127
318.1322443
322.8404364
298.7589709
290.6625176
292.9044051
290.4192439
295.4652914
296.0165545
301.0872342
308.9644528
299.6650663
290.8131324
282.2983477
291.014838
298.5851993
295.8143463
304.8994179
300.2614905
292.061997
277.0835383
278.487254
288.2300089
291.8699707
295.105779
298.9992309
300.3772892
310.5176383
299.6035094
319.5445035
305.9971703
293.1248757
300.6972902
303.6752721
297.0880955
289.0003958
289.3725583
296.984678
300.6448259
302.6950432
316.8124065
305.1329021
295.0040971
298.8075524
300.0291259
301.2994228
299.7424679
297.4774927
294.554932
304.2125299
308.0987951
307.7842228
297.5339605
297.9926432
298.5463587
304.7601866
289.9023883
275.3093525
283.5193597
298.2694635
297.6984218
300.4850557
303.9111971
308.1535156
312.0657383
316.2993052
307.3500677
300.2554584
301.6561863
299.2212284
311.7717216
300.5197965
289.6083045
286.0374978
292.153127
292.1186593
290.4899242
300.1531514
302.5411205
301.3877217
300.5597554
300.7634065
299.4196025
296.8753624
297.0666696
300.9010601
298.0766399
298.8194512
300.8788412
303.0393071
295.0801772
294.7788085
294.3715484
300.2488913
307.0111582
306.7837639
300.6316118
299.6363003
301.3381794
312.6964093
316.5166722
304.8602652
307.0481684
308.9195586
304.6977979
307.5993729
298.4373597
296.4819884
300.5036176
304.0446512
288.2201202
309.2566558
314.9738679
304.5924255
309.623522
309.6274094
318.9665908
335.0163872
334.3194155
319.2125766
325.83742
314.2476269
308.4005204
316.7292299
303.2788322
308.4868091
309.4123395
306.9404279
303.9468383
304.3322791
306.7638485
310.9220884
298.2449901
299.3811829
292.3273885
300.2837513
301.8627851
306.7683542
307.7626362
291.7553748
296.2691084
294.3090887
306.129431
299.1550703
299.206036
304.163373
307.8262456
307.5619193
309.6497941
307.9581513
306.7805369
306.5993078
304.6524193
291.1148769
291.8679855
292.2109006
288.1693567
291.8675751
298.5562202
295.0342735
291.496592
296.3271735
299.4144576
301.7140384
311.2989602
304.4624832
305.8075292
307.984399
300.9276745
297.7600934
291.6743493
307.5835572
306.1509339
296.6793059
292.489225
292.4435599
295.4811895
294.937909
291.825821
292.7300147
280.8010307
284.5462888
296.7079825
288.6333046
289.9904872
293.3402734
299.5237562
291.8936118
305.3097847
300.8997078
309.6443634
312.0663119
304.123499
302.1586469
315.5572861
294.1821898
298.6322363
299.6082439
294.9142079
301.4634368
300.4037714
305.6016558
289.3819349
288.8852802
294.5741937
290.3519534
295.4664205
299.7991352
293.4698348
287.8081192
285.4111039
289.6512304
291.3372928
298.4055018
296.0185989
313.118505
313.4328881
310.1348273
307.4177089
291.4690064
286.5519767
290.0113118
279.1191751
279.4797601
271.8998822
278.9989052
291.0113007
300.7981672
304.0371476
301.2983003
295.003104
293.6562106
287.2609605
302.1765311
300.0143158
298.0542186
294.9894406
297.5989318
286.4955835
286.1737658
284.6345064
276.0787717
290.9605771
296.5536456
293.380216
283.7915088
281.5853199
283.2768356
296.4155956
307.7916081
296.8008727
288.5611625
296.0474443
289.9436676
290.2155651
299.4472665
296.6910671
293.4095293
290.0772907
297.1267643
294.0235556
302.7679086
301.1608457
292.4279506
291.3187103
299.1643789
315.8751667
302.9474464
306.5658725
296.8639962
299.9327821
299.6127285
286.2398446
307.2608701
307.6015314
298.3479283
308.0083089
306.7515663
294.854894
307.4060704
308.7703392
290.8741594
288.9871638
296.9001275
293.3655533
285.7791912
283.3243651
283.177159
274.3245586
287.389322
287.845631
281.6587708
285.4960782
285.9109758
286.8612321
295.7411109
291.0897666
289.3833731
298.887345
296.9062794
287.3574414
296.7036166
292.8170455
287.5590547
291.115899
295.9219497
288.8277106
289.3036834
304.799891
298.1772165
300.616418
310.4215339
298.5163009
293.3146945
281.5451617
287.7994854
292.983937
296.1906858
296.6583328
289.0205741
292.9262684
291.4355375
286.6394032
291.4737091
298.0681356
290.9842434
302.4693187
302.9467521
299.4703388
299.6782007
300.8584132
305.4744433
302.0071454
297.984588
296.6416081
291.0574146
299.8224445
285.1423591
279.4910785
305.2593453
304.6107101
294.8330284
298.749114
302.3818271
311.1424989
310.6800465
300.3805183
308.5927283
301.4293594
287.3984776
287.5722383
293.2007712
295.5277838
298.7869033
295.5700792
308.9017973
312.5590061
324.7916593
317.659353
311.894871
309.0410708
307.7291436
306.3841543
306.8569916
302.6814962
308.5797034
298.0731472
306.5549346
297.682106
299.7671895
305.1806452
317.6851414
322.7417183
314.3757705
319.3917411
299.927292
290.6037895
288.421299
291.0516028
289.8721182
297.7592097
292.3493025
291.2999605
284.7334711
290.0868947
297.7829812
302.6177461
301.5459357
291.8496413
296.6352901
296.4587092
294.077184
297.4780186
282.6986256
286.2692356
298.5087131
296.5315572
304.8026909
300.7742379
306.2354345
297.5877802
295.9624403
290.7301375
298.0148843
292.2755789
281.4937444
298.9647056
309.2132497
312.1018707
302.192884
295.1846087
304.9006488
299.561365
308.7939622
297.3999198
299.1606181
304.4327047
306.7884695
303.2871294
310.5884336
303.6010724
304.1056814
299.9660644
298.8554763
304.4895696
314.1973963
321.8076551
314.0206624
304.9784145
308.9850462
309.3696832
292.561011
294.3718236
294.8066121
302.5471875
305.3472666
301.6973709
303.3914477
304.6559325
294.1177217
287.1765846
305.7707211
312.4213371
304.4092295
300.6841049
292.2939567
305.2265522
303.7128409
310.2086973
314.8024133
318.2460929
309.2033744
304.4370914
316.3184022
318.4305321
311.9671579
307.17738
310.0565537
298.282758
307.2996963
298.5685838
291.1376088
282.4081412
285.5210753
288.180347
289.966074
302.9081154
307.4375147
293.7552978
289.605075
303.1536838
296.8231549
303.2157367
306.4233614
291.3495799
296.2360658
293.9609619
302.8062536
306.5671865
301.9948202
306.9119523
308.1532049
308.0701355
309.5013945
306.5105048
310.8795682
312.7480063
312.3518726
318.0135503
323.9718763
305.9459315
310.9432772
304.0932698
304.8390478
305.379911
305.2625939
312.8175099
303.3578284
301.7575906
292.8745986
290.5499573
290.9662867
289.2084254
288.1447666
288.8299302
296.3453938
299.8018474
305.6279436
298.1216495
302.2361179
307.0821702
301.75049
299.0114546
303.7294864
308.1414921
297.2613182
293.266232
291.6490674
299.0286216
299.5882957
310.1851915
304.030397
304.4836474
302.4824894
301.5428716
298.7954631
302.0455746
290.2949524
288.1234473
274.7331819
284.4348595
291.344255
291.8547221
285.1520364
293.8524058
297.2506673
305.5921159
303.6352737
301.9384968
316.3819254
297.3290164
293.3658864
287.501611
290.9984413
293.5413252
298.1768531
312.9245897
310.2971578
299.9691328
301.1374159
303.0761244
304.6629041
300.8617954
309.2701478
312.1436531
309.0304351
294.2111374
292.6050582
305.1989469
290.7584534
286.593103
291.4038511
294.3086736
299.0851236
312.4178866
300.9723332
292.7088609
286.8759236
286.8813312
296.8432038
304.5120669
298.8430818
289.8422093
283.4698196
297.129273
304.4166621
312.2677229
305.1981604
290.4487777
297.0674998
300.3415486
303.3489423
310.9349969
305.7613634
302.3987308
303.7250637
303.2919029
304.6898884
299.2648742
298.3566211
289.9612222
300.5717194
298.8117312
290.0523568
284.9664607
295.9131328
302.853676
309.4018924
304.0947361
292.4522286
296.1691151
297.0749363
293.9309405
292.6077658
295.8717411
302.6048543
304.6373146
303.3641007
305.4935772
298.8936236
310.5301258
304.456692
302.8410028
308.3156984
297.5256806
289.5136683
283.0602733
282.3104923
288.6592397
302.4261347
299.8224917
299.6231781
300.8550925
292.2855348
290.7851135
300.1663253
293.7807713
299.5111523
301.0687538
301.6874776
295.2338179
295.2681841
298.8198941
302.140803
311.8095435
302.6921549
292.4123208
289.8623646
295.123396
289.2157904
286.111991
289.7859149
294.3179829
289.4618384
274.8452567
277.6922228
283.2141901
282.7074445
291.8952002
295.2924046
295.5074738
291.003276
301.0569628
299.7614856
297.6067717
289.4487578
294.2446219
296.2267064
295.8614404
275.5145558
277.8465608
287.8392678
283.3362093
290.8155645
291.8782057
296.3842397
304.1688135
307.7181998
306.6321451
297.2051763
290.903138
283.2015208
288.9158347
294.3303801
299.2250731
304.9740976
296.8565564
289.0407443
278.296876
296.5476601
295.3828204
297.4943603
299.0794131
289.1150594
306.1244108
306.7913115
303.8433546
296.4305138
306.4354887
311.5877666
316.304162
298.6262849
303.8652489
310.9598275
304.4935626
294.3651598
305.6313088
296.3848106
299.4265934
307.7914892
307.0712272
302.1722534
296.934734
298.7835233
295.3904335
289.8025534
285.7931892
289.6106497
298.2759186
301.5012277
305.0245362
307.9528164
302.5641043
304.2315026
306.6087637
309.4994579
303.2228499
306.6634372
317.291606
313.3105829
315.2819661
322.4301409
319.2989003
304.5616496
312.2730227
313.6434029
303.9450288
306.1508826
303.2159962
312.1677225
306.3485805
300.4218946
308.146507
302.2299223
309.6542918
312.87217
314.7032854
311.268778
299.543451
307.6209647
318.9798021
297.206313
296.6509721
307.0959342
320.0744491
307.6678266
307.8046918
306.0578053
301.9829728
305.1588521
296.2330316
303.4767528
295.7541737
305.2517258
302.6759102
295.3206552
289.9478227
303.6679079
308.40965
293.7338777
296.1763921
305.1831425
301.1239823
303.6708041
308.4525615
322.1256148
313.5638584
307.3890818
313.4034685
308.2111407
304.1510422
298.9965278
305.6007797
304.7536688
303.8103955
312.7311182
309.0161846
293.9871031
286.4913706
300.8809603
286.0554152
290.4491148
287.4294334
281.9669722
284.7193043
285.03596
293.3093867
293.6368075
301.8657391
307.4021111
312.1941444
303.0014456
302.2142769
297.4251516
302.4777877
306.330544
302.2768836
306.4313369
300.407316
293.2932952
296.8054619
303.328094
298.1964404
293.8932665
292.8947391
303.0412035
300.0005869
312.5762826
315.2545654
304.9561377
301.4192311
300.0660538
302.2373802
304.164307
298.8770428
306.1273419
305.7689871
298.3175128
293.0727232
309.0673447
299.2706524
304.6588645
314.0277139
317.094734
300.1412591
295.4762943
289.8030152
282.881662
290.3199925
286.4950326
287.021738
290.9865579
285.2321978
289.6322034
282.2905352
290.8320266
282.8472439
287.9139417
296.0890394
295.0530425
296.9378812
299.9990242
295.8511054
298.6955615
304.010018
294.9764415
284.6320388
285.4305141
291.7805906
290.41746
285.9141764
283.3477031
286.5310989
284.4423196
285.0489568
282.5135797
287.2538275
292.0726733
290.173093
299.0878437
310.9950217
305.4769119
299.9112595
307.0901714
296.2243833
298.7610067
297.3124155
293.8399398
296.0287735
302.7077024
293.1051114
296.6170625
293.9025334
304.5651712
306.13909
301.6106134
300.4481032
300.1816343
293.7692645
291.6906151
301.8914745
295.2213529
296.4822986
306.4933395
302.0721556
301.3554435
306.100943
297.4784668
294.4885791
300.3059707
301.2809289
295.9666392
300.3440514
290.3271241
287.3658152
290.7093371
286.8271831
267.2457972
281.4585043
315.9811451
311.2386627
311.6726782
304.6198339
309.6716744
310.392668
306.1847322
293.1702896
303.5713245
304.7530079
295.4610939
292.5365105
297.2180503
311.3219233
309.3199453
309.9719107
310.0314836
304.6042443
310.9978614
315.3525447
301.0850485
298.8813193
302.4521243
294.561888
294.637077
295.3911623
299.154697
298.678166
304.1452367
299.728175
294.2894148
288.0797805
291.1691982
293.038291
306.7150489
307.4573906
307.6031261
299.707331
300.476632
301.4948341
286.652949
290.3001962
293.1351444
302.0994307
306.2297176
300.3958895
289.277674
295.3248719
291.910517
287.2891919
290.3619961
299.6150757
295.6954426
290.7386625
293.8033543
294.6561439
294.0420409
301.0450085
286.4089664
279.6068027
301.9708362
301.545471
298.8454246
295.1560486
296.0519424
308.4018624
317.2075738
309.0379847
297.4322118
296.376585
309.5672633
299.6944454
303.7254483
296.5258667
295.8463808
303.0499422
298.8612239
294.3019322
311.1977816
308.6370669
285.0055825
282.5155784
280.6824363
284.2942388
283.4013524
281.7815522
279.4067416
278.6762604
282.1626152
283.3200842
286.3879311
296.4625551
295.0019217
284.8258381
284.5254158
293.3277132
294.4112517
301.0614378
289.9104583
287.9071725
300.5134853
297.5866527
297.8153295
294.2113361
292.5979202
297.7332765
303.5242906
308.9801337
301.3017947
294.0729764
295.5891103
295.4701087
303.2867293
303.8334036
296.3163478
288.6958607
289.3948112
297.1624846
306.4534822
308.7425925
304.3959674
306.1422988
316.7860459
323.8397097
318.4130588
301.3097908
302.2703046
309.3155069
319.146614
305.767119
300.9871551
296.4813474
291.7475052
291.7349844
291.7587024
286.2616521
296.8519476
295.223101
298.3338088
297.3114763
296.0646995
307.0062221
303.6736462
319.6418624
318.5342736
310.1332748
309.0645273
306.1991511
293.0452537
299.3363368
306.6191307
298.3196782
303.8258305
311.0391963
313.7866111
321.496574
299.7958433
308.4430206
305.4602889
302.0628266
312.567535
303.2205649
315.6293677
296.6816069
302.6569776
311.4162481
309.6703925
306.1473935
311.7264017
308.7451837
298.4652977
308.3830841
310.3303538
314.5860269
307.0959912
302.2063832
304.429664
303.7435473
310.1025913
315.9479361
309.8203504
303.9339034
313.3135644
325.3952977
314.5823971
308.7774911
299.1767448
287.9940732
284.7674973
298.1743478
310.6582243
312.8374995
312.1223732
313.5700883
309.7258813
300.2770581
304.1575678
304.8620568
306.1790435
296.5070489
300.898885
301.7590185
294.2791116
286.2581582
284.2293729
292.6734495
287.427556
291.9657678
302.1121293
293.3086748
286.2860045
283.6890465
285.7912044
289.1717941
297.4260549
293.0882812
292.6567605
294.351022
290.139294
287.8702657
304.6991546
310.6692742
310.6534547
300.2481292
296.5615385
309.0938176
310.0522039
300.8762104
295.150707
291.1098931
290.2593862
293.5886557
296.8877797
298.1287852
297.6975334
294.6912316
298.2483198
294.9788554
302.9993868
313.7152104
318.1046704
303.0582564
301.7088638
304.2824282
295.2532816
288.9659002
295.3204849
293.2873394
275.0096235
274.9560389
284.1833166
283.7579498
296.926277
310.5621163
302.9984769
309.9674117
308.2352726
299.3120254
309.8070835
319.871383
306.8214764
313.5680729
308.3800661
311.0338138
310.6242096
305.7995553
290.1249143
285.2662194
285.1051003
290.4912178
290.1435139
283.9245791
281.915753
284.490887
300.8994132
300.0318981
291.8016104
296.6212337
315.0834091
302.2142105
308.9660462
302.3598501
306.0975554
303.0232276
287.0823985
285.846638
297.6890615
299.616221
297.4624502
291.9930964
282.7210526
292.2756542
305.2412922
296.3719231
292.299015
301.2019106
303.8572808
296.1248376
297.4803064
305.0022719
292.5614531
281.9515612
279.8233362
291.229613
283.5455386
286.0199722
287.6262922
298.7337627
305.0648925
310.7072874
310.1390246
300.5283649
287.8212018
290.0105681
296.5461041
300.1039313
297.0084353
304.4415381
298.9599448
292.8330355
294.9666718
296.5348702
298.2343104
298.9951467
292.4269177
286.8404974
289.9772182
291.0989201
288.9412534
285.2774274
294.1427913
305.4638396
302.8448957
303.5408645
302.2940727
307.1812075
299.2693957
311.2973468
306.5610048
296.4710896
298.9442618
298.2853832
298.0532129
299.1607498
293.314958
289.9587018
293.3114985
293.1106601
292.1339502
298.302226
293.2670872
292.7924499
290.4720306
283.3176602
297.6590177
298.4384229
308.010264
308.0613289
306.1688866
303.9883983
313.3742998
298.4727726
300.3008705
306.9458984
309.9193321
304.2559794
296.2499333
287.8079752
283.5374248
283.6831387
295.0601296
303.0055309
305.4989163
300.2355963
299.1511246
291.3275492
291.9221028
290.9763113
293.2290576
314.045438
300.5527178
304.4178235
298.2019445
291.2083712
289.5627316
279.765082
287.5073905
286.2933642
298.746661
288.6190489
281.2066077
300.4666492
305.7948449
299.0486554
294.0297331
295.8575084
298.2315366
291.4760434
292.7945325
293.0600479
306.0904579
297.5778969
293.7010945
285.599272
291.8450934
289.7324761
287.8532953
293.7217748
301.6648842
299.8592846
300.873807
293.6189348
306.0639509
303.4862692
299.3367225
305.1198449
294.3804378
289.2603946
281.6700406
297.4092479
301.1981138
305.1849648
309.6429431
302.1324734
309.5185018
315.5475266
310.3220503
300.8580134
307.6070801
314.810648
322.7571875
320.2109672
303.7936041
304.3851382
298.6595159
295.7082099
291.3008489
295.4269866
305.2737342
299.8281009
296.6648748
294.1228228
289.1788431
291.9143164
292.3324789
290.4691928
286.8480969
288.2384659
285.724672
285.1697853
282.9935194
282.1911746
276.0593737
292.3541234
297.2024991
294.110756
294.4539364
294.5477515
295.3317864
294.8028323
313.406325
310.4030436
309.5563273
307.0132737
309.5812841
304.9923896
300.1397826
298.2011088
291.0906051
297.6679229
302.8737631
291.8306081
293.1645604
290.4352804
291.3350321
310.0167493
304.3615529
299.1990605
306.0643796
311.159739
303.6609896
310.2461417
301.9366372
301.1949774
300.6442867
309.3418836
304.5784511
292.0772708
310.1607328
301.9021084
307.2857579
303.8412784
313.8061476
313.2524615
318.9271888
313.7215222
321.7427722
318.5511303
318.3497816
313.6554482
293.5940005
291.4722298
304.9937208
298.9884656
305.1169417
304.2235673
304.6411975
299.9574225
298.4064177
295.2898915
298.2279895
295.0608543
304.1469142
299.1102339
300.8010014
307.5494558
311.9216665
304.175382
307.2830929
310.6698637
296.0400137
288.1562932
293.0485745
295.8672565
299.5786812
302.2857286
304.5821368
293.492022
285.1789308
294.0944013
304.0568582
296.6507024
293.1748816
294.1756065
301.0014452
300.0293075
308.3782201
304.4938631
292.5367637
291.6904865
291.2481633
286.799048
293.5463191
300.1581386
294.9121053
284.6147143
282.9000853
301.5668981
307.4437961
299.1325019
296.9489165
290.5203586
287.5141515
291.1559949
294.3950242
306.095243
302.8258628
311.3481415
300.7253392
296.9768804
300.670008
306.4729009
300.6210165
302.7362211
305.8523803
304.2122818
305.9756166
307.9703154
298.884956
289.2792656
296.7505753
312.7686714
316.1217654
310.5775972
319.7506627
318.3624509
299.0414215
300.7713714
295.8710249
286.0094641
298.3374396
297.4256011
289.2118474
294.017015
312.551076
306.9665063
296.3539275
296.6486857
303.2175713
303.1868904
296.5193757
298.1612613
302.3386762
300.6274202
296.6499858
294.7692201
309.1668649
317.3545601
303.4299773
297.7483509
311.7405391
313.8776265
301.7114597
296.1055971
309.5640151
325.9697926
311.1541404
306.4679319
304.6174117
315.0759412
313.8198224
314.7778354
296.9705368
293.2036037
298.3208574
304.8556801
304.251436
307.7314817
315.1980148
307.491666
290.528271
284.2438016
293.0803327
298.2186681
297.2548456
287.9068578
297.2275095
301.8230339
298.1177062
294.6336748
291.3451712
294.3201505
301.6124778
306.037749
299.3143903
302.3048631
312.2673838
309.8830148
293.0408921
287.9261285
301.3737476
293.9264446
293.0641298
291.5781031
297.0762687
304.4026695
312.2630212
308.9028161
311.920479
305.499916
295.0145171
302.2164842
309.7381035
323.8135019
313.9811946
299.0745043
293.0946192
298.5919766
305.8188108
301.2257312
304.1608023
308.0574581
307.0432913
305.9815655
312.4048867
324.4002569
328.2938372
312.1627036
302.4404148
296.7794689
304.8450805
294.4692003
299.4534667
303.1645643
308.2221903
311.7177754
312.496499
306.8007369
301.909262
304.9885161
307.4166601
311.6538202
311.7246281
303.7689446
303.3628529
306.3348421
305.430696
312.9162122
327.6920425
321.1289372
319.4112275
320.025285
311.6277204
296.4939386
287.9302354
280.0475569
300.0253988
305.7445442
311.2717575
307.276763
296.9286559
298.3789801
298.8251853
300.165256
300.7677933
304.8387638
305.801822
294.4045357
291.658143
309.0512197
304.6256227
298.536332
293.6453136
294.5413708
296.7456507
290.7185488
289.2870185
296.1156919
306.9026363
301.5869795
293.1404512
299.2929418
304.3299029
312.7418531
315.7717855
305.4909096
318.0940859
316.5359465
317.8356671
302.3273721
296.6634391
298.8689125
294.9060246
292.9173048
301.7932874
304.2397422
304.2273357
307.7426607
298.6497528
297.0240798
305.2487733
308.6149627
296.6844181
293.5525755
296.880277
302.6860732
304.209324
299.8117158
289.1907682
291.4015715
288.5063431
293.9606334
305.9429686
314.7159433
305.3047641
302.9962893
309.5786375
308.1206595
313.4559561
318.9693502
316.5928514
315.1002643
312.3368219
310.6388115
297.9486783
299.7703119
305.7920501
309.5337186
313.5387962
309.8105692
304.4670556
302.0524727
299.554292
294.552385
291.9162566
307.5678578
298.3220359
305.6163589
299.6726168
309.4813013
299.6473473
304.5462914
298.7002506
304.9897734
302.4657487
304.8065026
304.8472076
296.8759378
290.014619
288.8704787
291.2776493
296.0622834
289.9557371
286.1641173
290.807539
288.9255358
287.5904854
307.6423073
317.660481
303.8103891
315.915075
307.5953856
305.9178328
307.0356613
310.5755853
307.5944249
302.1304429
296.2261458
291.5282246
296.7313936
303.7166092
305.2606007
299.9248734
301.1968225
307.6373292
301.3013272
303.4874208
293.1948966
296.1681925
306.8738133
313.105078
308.2997329
303.0417336
293.6478882
293.3137311
294.6427331
298.7540096
302.46723
307.0387462
301.8271448
303.1749126
310.6583974
314.1022319
311.2852936
298.3639816
307.1682951
311.1814533
315.6957887
325.7670867
329.110982
307.1734477
317.3007898
309.0372153
302.8570855
311.8869026
317.5205381
301.911242
299.5972596
298.1148166
292.9750226
302.1388216
287.7927186
289.7579632
294.6996362
291.8787666
288.7160533
285.7887777
288.2782233
296.569995
305.4846225
292.5698148
294.9408387
299.04191
295.2574664
296.9594022
306.8732801
302.4589075
308.1844628
305.1790534
301.1537968
313.4660612
307.7054475
285.7233037
291.6173995
283.6373711
294.6333449
300.9759126
296.3118545
305.4028569
285.56351
303.1366526
297.2179194
300.7265069
289.4099002
293.387881
297.687048
311.6848662
309.8426185
308.5659856
305.0774953
297.5490256
301.3719805
322.2609146
321.3902352
316.6368897
305.9021871
306.4732385
307.6306272
296.0458482
307.5720184
299.6968366
303.9058336
310.7134377
307.0373795
309.1459566
308.4031775
316.7223672
317.8035327
317.7445127
329.5046087
315.2826141
320.4377772
310.4099195
309.1425422
309.531526
309.2709553
302.5855558
296.1879867
305.1739173
295.2421475
315.3668715
314.1151613
317.1182429
301.6247827
293.4968971
285.57414
283.7242142
294.2048981
300.9912518
312.1839864
317.6436383
324.309271
334.5498646
330.5891386
334.2201
312.8407779
311.4834565
317.5027874
310.4208676
314.3598688
289.1834813
294.4778971
293.1268226
303.1872121
298.8387306
294.3604534
295.1139047
290.1815702
294.415135
302.0389692
309.5412162
302.8959039
298.5038644
306.4511882
297.0456438
297.4650949
298.7711409
285.9271455
287.9320521
297.890132
300.3020691
295.6578837
293.677897
302.9093833
291.2666922
299.0046651
298.4306734
305.9346029
300.1997968
307.8081818
309.7431139
305.241294
307.5846071
308.9320453
297.7241515
302.0989462
288.6992139
300.461007
298.848323
289.6385706
300.3900866
301.7102433
304.4664979
301.2597519
297.9609717
286.8873222
283.6262833
290.2985948
305.7199112
306.2934664
308.5783122
313.6205613
305.8647681
315.7836497
322.2075542
326.417583
315.6132732
304.4587293
295.9947917
303.6281504
302.1234926
301.1525495
291.7200544
297.7667182
301.9839577
300.164937
306.7744406
307.572079
304.6505663
301.7463188
311.9823297
297.3893228
287.4235325
287.4612163
290.8967871
308.0722784
308.6729016
317.6394268
297.4696785
288.1212355
295.7790385
288.7027907
291.3258022
285.4590094
290.3029154
296.3931295
302.8277894
312.0666445
308.5633684
300.5395145
290.0952227
296.2811934
302.2988179
301.0799368
298.8118822
298.1774903
289.6630562
287.3663389
288.4705035
292.3363658
300.7765208
308.4128179
309.3671482
293.6069113
303.7071953
304.0200188
302.3663771
297.7042337
297.6854913
295.2510786
296.1543091
283.2318658
288.6396944
292.5387494
285.9488731
300.0222461
297.8860106
297.0239488
302.4825477
303.1264349
324.1033464
308.2632243
303.7469161
300.6274178
291.1561106
301.9844519
284.9125839
290.6517904
292.9778491
303.4733809
302.0240622
303.1367638
291.9518526
293.3808966
300.8434158
306.9382093
315.2829563
317.953562
319.6493084
318.4960755
312.1762113
308.7113189
314.5269706
309.8314273
305.0132425
305.3904294
312.1414929
322.0000087
313.5539592
309.5769985
311.4112159
315.2488809
308.304062
299.0780016
303.6862394
306.8691993
312.5676984
315.4625378
304.1962223
298.9442499
299.5008229
311.4749313
309.262498
310.1828515
315.7786028
306.897265
303.5610258
298.1699292
300.2757854
298.5351384
297.7198386
298.4975284
308.7893287
292.0230876
297.024319
295.3435893
301.2235475
287.2039636
288.4054558
296.058993
310.9169708
302.8581656
292.5081035
288.7903956
290.123597
292.7890714
295.084137
301.321685
297.4913033
301.1239955
302.0477026
299.3756856
307.3058125
314.1802903
315.6762733
310.9932619
304.8481315
319.0539049
313.2205991
311.2902929
304.2972486
296.2250187
301.5018574
311.1006328
307.5071247
296.7739492
300.564981
312.7994745
314.2044605
307.2708585
304.2490757
304.8175895
300.4442291
296.2246456
298.8361593
300.8613336
296.5724478
281.2583908
298.3175871
305.0349521
301.844058
295.2238263
303.9363334
310.9875933
307.8082251
318.7299649
314.4316253
297.3530105
300.1550636
303.5355582
306.0803916
316.6334314
318.3935454
305.316311
311.6894295
301.3912431
300.4221306
302.7538729
295.2722372
306.0529023
300.4904313
296.6159354
300.7890183
293.101096
301.8343818
295.017362
292.5062578
297.4975052
313.6696502
309.1554929
299.7042851
309.995427
309.6923712
304.0769477
295.3851581
306.3294028
294.5042481
281.0190872
292.979632
294.5221068
311.5671943
312.1482804
306.1333397
303.1208464
306.2447627
308.3218948
302.720141
297.0411494
292.0200339
295.6116655
287.1680276
286.3080426
286.4250225
290.8177505
295.4506516
292.1087136
295.8191165
312.4714044
308.1171076
313.1361646
312.1876409
313.0261876
312.2805036
318.8462112
317.4375757
304.6785248
315.7988602
299.9884319
304.9098791
300.0930672
298.4330715
293.0983032
299.3513295
303.8138457
307.0370675
308.6881216
319.1685939
318.9310118
314.2346491
320.8321594
321.8839312
313.5900944
315.5425062
312.9985038
302.5824635
289.2161845
295.2692938
301.3595034
302.2992053
306.6422783
293.446841
290.8805527
285.3618017
301.9714458
291.7305558
306.2597592
293.8193342
299.7238417
316.409268
316.8495186
304.4042536
307.3372752
308.0537596
310.5604958
310.2022152
315.1877811
301.9898943
295.224957
311.2147053
295.6287154
299.7764296
293.1929013
306.5085785
305.1501393
306.2378429
301.465009
297.3933795
289.01097
292.0773074
296.4304697
285.9948697
287.4443312
293.873765
302.5781866
305.5196779
298.5671542
302.9721918
306.6449509
303.4509435
300.5644468
301.9440045
311.2273911
298.3888957
300.3491412
307.5635426
310.3097604
313.1743726
311.9702056
288.606475
288.3285945
302.4244385
293.9551828
294.4617948
294.1686492
295.0386915
302.0932115
290.2123937
289.1927714
297.4172521
296.4776124
304.5931057
298.6139943
298.9659187
290.0639023
302.5056007
298.2445935
297.2347539
296.545708
303.7282521
304.2395019
300.6368492
309.4668525
312.1633909
314.7391356
310.107648
299.5220093
297.5061254
301.9031899
288.3935488
291.3946338
305.015297
305.3860208
309.7465499
307.4295492
310.22295
305.7001768
305.0942657
297.3793403
295.3399302
300.015467
292.1564115
295.8349916
297.6329702
294.3597444
301.9408738
311.554826
302.9931828
305.7955018
297.1717814
289.8912587
291.2471267
295.5242627
295.9886564
300.163644
301.8749051
307.1725513
299.0956749
296.2413572
291.2058559
299.6767537
293.9179884
299.0147169
284.4463985
305.5512234
324.2046579
312.7768229
298.8538045
295.9179476
292.5561724
296.323382
303.1762741
302.2450708
294.4728845
298.1603826
306.5117882
298.8339037
306.2721804
313.9134944
317.0682193
302.7573647
285.5425251
283.5502775
290.6348629
296.4385721
294.4380718
296.9541578
301.3858282
307.1628078
306.8061346
301.034927
301.3534049
296.6397086
306.9690724
302.864192
295.094628
310.7125425
305.9179127
287.1512704
288.6769657
288.8713144
286.0803566
297.6023102
304.0623711
303.8176307
304.795755
296.428448
299.0939936
293.1583431
295.9587837
301.3084737
305.7256665
306.7539642
314.9956191
319.925519
302.6533435
288.2252612
293.6850272
296.3909
292.7779792
293.4531514
306.4812687
306.5338635
303.6094112
295.9790228
296.6949756
294.915828
297.2625798
299.598975
308.8618567
306.9349598
287.9514884
278.5148746
279.7475496
296.8202698
300.6420442
306.8961867
306.2132616
310.0401387
308.2773582
312.2782863
297.2587442
292.0780858
292.8873927
294.4820118
291.9487597
287.6967639
294.7296237
293.1871873
286.5349098
303.7830988
302.2226102
308.6411766
299.1112523
309.9170327
297.9300322
306.7708685
325.56806
316.9653957
308.1381561
308.7431563
292.8359515
295.6995302
293.4736585
298.6622847
291.1402012
292.3522045
289.7997547
299.773186
310.2812441
303.2455595
313.4483213
314.3964056
305.0319798
305.6103572
293.9655266
290.4444156
286.3036052
295.0637518
298.1568577
287.168212
300.3734206
302.8325824
297.6303573
304.2915317
310.2321009
300.9719305
303.2651881
310.3728516
302.978757
302.169826
303.6930079
314.7180735
303.7856067
293.3446104
298.5282047
296.1157123
294.3839975
290.5834776
290.3242089
294.0524352
286.6162856
282.3988494
285.896257
299.9291347
310.1015594
302.0847546
305.2133097
297.0659514
292.5695633
296.5369709
297.6238473
292.4119751
302.1870737
301.7535107
300.469806
305.5206932
288.4595434
298.5423654
287.2809516
284.8812124
294.017261
296.1030995
310.6414495
310.0186999
316.5069245
316.8013703
309.4648789
301.2148791
289.3700265
299.8134339
303.5588591
308.1577281
314.2539665
314.2562429
305.8545117
304.2493487
305.8669765
309.3119633
303.4923895
295.9840531
299.0606952
304.4062587
297.9933211
296.8964177
298.8811044
318.8733738
316.3582727
317.612962
313.6532979
307.5683833
314.5013838
306.0626282
322.27885
319.0028726
316.8203818
313.6449863
314.2593536
310.8613132
295.8335954
294.5124029
307.4635498
309.73795
303.438664
302.7375543
305.6868715
315.6553574
315.9134871
303.0418282
291.5441407
287.8918781
297.7722574
311.77615
313.9723969
296.5227224
296.904473
294.2082527
293.4650322
296.5691864
301.6863535
311.4203778
292.6660368
301.3762168
298.6511985
297.1369585
303.9839131
303.9215499
287.7477959
292.9557145
294.521076
290.0855924
295.3393079
293.4727556
286.7201328
290.8051867
298.5742426
296.7553751
302.2619875
299.8974911
297.3954493
291.716884
304.7023874
305.8979933
295.9866818
300.9641363
299.968228
294.7654364
302.7191103
301.1829244
297.5066302
304.5695239
300.6726261
296.1758785
303.6355138
292.3206028
296.3650422
295.5451234
287.0515857
291.8977466
295.95209
292.2174534
312.5929415
312.9620846
310.8009
303.1552609
297.4451718
296.1654016
284.0045414
294.2676214
308.5654618
304.5786228
313.9397952
285.9298337
283.5748947
285.1097988
289.4412087
283.7756481
289.5987055
294.2332234
303.9082874
306.707364
299.2439427
304.4841224
307.3349393
315.6198223
319.0451294
318.9068644
304.2562365
286.7376879
284.5265806
293.3960571
292.4338737
300.8938936
299.1139339
306.1630923
296.1967474
306.0228616
295.4156712
299.608418
297.8653246
295.103036
300.1093046
300.7740041
309.608298
301.0548976
304.6025181
294.7264801
306.9832392
311.9002658
299.0087646
309.4157828
306.4643543
306.704255
305.890944
301.2338517
305.5931576
299.3996384
297.7782996
296.2121334
304.2475249
306.8811878
312.6974745
314.6833384
315.3832569
319.5656554
312.4543704
300.1037612
295.0099169
287.6092996
294.3405073
294.0440346
291.9223112
299.5254534
309.4988348
309.6460641
299.7344282
296.7529984
307.9757957
305.2284567
301.9941446
306.7708618
300.2655162
300.8685818
301.3658772
290.6787907
293.1579184
302.099199
298.8772975
296.8841739
286.8680669
294.3377499
301.5802185
295.3791958
292.054619
291.9704624
296.2107706
296.0311628
286.3942923
284.155011
294.4954574
301.3631384
286.1162771
296.2517665
285.3467534
283.5407924
289.0612906
294.4861543
294.4648017
302.1047866
304.2311606
297.8766336
286.6094241
297.5350588
307.4105511
289.2087347
286.468625
288.49878
287.7956582
290.5791596
294.2363495
283.45784
289.301072
285.6071905
286.2803841
287.7055357
286.5418126
297.6430219
295.750933
285.1247318
283.1186695
281.6113075
287.1410977
295.5486866
299.9410908
305.3915521
303.8435227
294.5596989
278.3106232
277.5778544
273.4984485
282.9202977
297.9225079
293.4698465
299.3861456
294.358214
282.9365359
290.1427669
297.2284701
297.9037526
294.5280238
293.8156931
286.8513073
281.7478906
290.3860141
287.9270617
295.997074
306.2750629
296.7097785
297.2574514
299.9667953
289.2578489
284.9821577
287.4110285
305.7718995
309.9829656
306.4706074
305.0544605
297.9583333
296.9097811
291.2134375
294.8173541
289.234901
288.3500483
288.5104688
283.641084
286.0080189
278.947288
294.2871835
294.8221425
291.5441288
283.1901911
299.8675255
302.4903744
305.2556964
293.1125904
293.4004806
303.4443446
301.5141949
302.6846121
299.4794757
294.7769913
301.0216441
292.5529105
298.3364917
299.7183778
301.8657274
294.6470369
295.9568043
307.6492594
299.5659189
302.6521686
310.6860161
304.4498738
295.7235475
309.1162571
302.8899403
309.5869303
295.0531622
294.4796279
294.8650946
299.1308574
292.283318
306.1750552
310.5401208
304.2419393
305.2837509
291.1448333
288.4078399
284.5031649
296.618906
302.7595007
301.1963263
314.5911033
308.1978428
296.2517616
295.7851091
279.2957172
281.3434095
283.0705766
290.2410666
300.0701376
300.8343222
287.659779
284.4889455
286.0318358
288.3553002
299.9072476
296.3347586
282.5908681
283.1886554
294.4378557
281.6615683
282.7574694
290.2118127
286.7522303
291.4448341
295.3744586
301.1195218
316.6606213
319.3467619
317.3750103
306.0120746
303.8770685
298.0204914
300.1004977
299.6092321
308.201688
315.0984666
308.9601296
296.2330216
286.865501
295.0432153
296.0305951
302.176436
298.3255508
289.3179258
283.4190691
290.5969014
288.7215074
293.14346
299.3357609
298.9769585
294.5058641
279.0165632
278.3244241
284.4367235
284.2461111
289.646481
298.6676454
297.5781693
301.040383
294.1499222
284.1810278
279.9983853
280.3823807
279.7636342
281.5944569
287.8380776
294.1724992
299.0006429
296.4834127
304.7862626
310.7337385
310.0148262
321.0305218
313.8991296
308.4850567
293.4110236
292.5536257
295.7537181
301.595284
294.2846704
303.5612843
309.2656142
322.8810798
305.0812848
301.5076343
293.9222186
310.3974486
311.9624966
313.5619572
299.9291926
301.3826797
310.2655769
309.4974697
301.8852175
300.2603885
295.3326138
299.0465415
295.4139882
290.2548715
310.7822541
301.1840576
295.7168196
297.3108779
305.5206988
299.2260993
314.1276033
307.1842241
306.9393192
314.2062518
315.4282379
310.7578316
290.3964858
292.0153948
294.1950762
302.2844504
305.8423707
310.7617764
301.1417803
299.1618291
300.1665552
305.5753819
315.2760211
303.0672667
289.9562457
297.829581
304.5394385
303.320893
307.8186306
306.5015541
303.7540529
311.2834736
307.0477915
300.0090781
305.5200153
316.9251245
319.2119838
309.0550535
309.5066473
306.6860689
312.4097687
314.6192598
297.6353319
303.2705759
306.2425478
299.5732882
298.2309358
302.6274298
298.4835269
297.2731432
291.7831573
289.9676597
288.1448253
295.8102183
301.566995
302.5949952
296.2116189
302.4640408
313.8326442
307.0331972
285.9278631
285.7743933
278.9059424
277.0767684
271.2360762
281.0887015
291.5223626
301.9787087
289.3393553
278.2562257
286.56923
289.6736881
292.2375263
287.4784566
294.6788768
293.8932752
288.6016315
284.7577341
287.04296
284.2617177
295.65959
287.0417214
303.3176078
307.4481559
307.0642186
293.9561917
289.5394825
283.7055747
299.9979945
300.6130932
298.3334151
289.7790306
283.5851985
279.8326218
280.0984255
284.3078358
294.3894426
293.1701602
295.2055811
296.3311955
291.2511392
287.7537107
283.7468435
293.7494431
296.3102553
277.5755962
286.3300119
291.2841986
290.9498024
292.3119312
293.8818748
293.3947475
291.014742
295.3216109
300.8082894
302.2032001
296.954357
292.9305632
282.0548742
288.6121583
286.8672226
285.7005325
301.6009624
295.25452
280.296217
283.2958377
287.2572821
294.3265239
286.5018093
297.6391472
312.2068334
316.7795434
297.6687391
287.9458966
290.7097446
281.0127864
294.3642391
288.2411708
286.9956644
282.3504826
286.7176959
301.4309023
302.8198012
296.326558
305.0384456
288.4617523
289.8608834
293.4618069
296.9861502
288.8037839
301.5808342
304.2642614
300.3710908
302.3615738
300.8170689
294.8981226
288.7300928
286.1510524
280.1326353
282.325816
292.3772771
297.0725445
288.009927
296.7016789
294.2250027
307.6119357
310.692999
315.2140546
321.6767027
325.0658098
317.1970036
309.7225255
297.8394672
299.0222279
291.5444602
303.2082613
293.525518
289.2965241
285.0695418
289.2947749
294.9942042
294.0072723
302.5759508
305.5192256
302.5882925
300.320788
295.8003356
292.280016
290.3567997
295.2774347
298.6925355
303.2348261
297.0208351
301.3985853
299.884925
307.257334
305.0939847
299.3964066
310.8811257
301.4189317
299.0250404
304.0441712
288.784523
287.8239266
289.8424761
295.3305477
305.470835
304.1380899
298.5457593
289.9084994
295.929351
285.7757147
290.9867682
298.0943367
294.4412376
308.0315417
308.9284523
322.7854515
312.9773942
298.2010546
294.1260964
299.3421114
321.9975489
322.8438642
308.5096702
307.6844162
301.9483414
302.4340532
308.0888385
317.1999252
312.5537806
310.2830785
302.6205347
304.6757856
307.278989
304.0291127
299.3924985
302.0629776
299.48783
300.6596803
300.2681923
302.2147952
293.3382373
308.754089
315.1809692
312.414737
316.674494
312.5921429
304.2147279
300.0590762
301.5879121
290.0503179
285.5331446
284.6094796
278.1339715
287.5734614
297.0123653
293.2739825
306.1645124
311.3725738
284.6625542
289.0719071
294.8552301
279.1286774
289.1915857
297.937892
288.2364692
299.9382251
296.5015387
287.1163283
288.8054319
304.0625138
313.2642505
299.8388325
298.9364
290.4529771
280.9145995
287.7621047
300.5235878
284.8254443
295.2479972
286.3093127
284.8969737
290.3812491
295.8758872
301.6780482
305.5684548
304.5966391
303.525838
303.5136805
296.1338634
285.2344152
288.7622671
292.362748
286.4699666
290.3725101
294.3642695
291.6565207
288.8153063
306.7699742
291.5864303
298.5938662
297.2537099
294.9514636
297.0324845
305.8965859
301.8953021
295.3701356
298.6294957
305.6054437
310.7857832
306.9766746
309.9683652
306.097845
301.9838874
308.1245905
305.6365426
295.2546225
299.3556823
284.8846292
286.2182646
292.0139403
291.3269907
280.4514868
280.5332566
295.6066508
304.3785343
309.139383
310.2079372
319.0910988
313.6830872
308.1754336
295.7165142
294.4067227
302.7587709
292.5800031
280.2412075
284.7915294
295.0812468
291.0030541
295.2906373
294.7665842
296.2871608
304.9256033
303.7045649
307.3072963
303.6752204
303.3710429
305.5828968
310.3269428
309.2436043
301.0228214
311.9940934
302.0634213
291.3367744
300.274338
300.4844461
309.1216299
301.3770775
301.4612637
297.5365622
302.0296028
305.2525256
304.8557129
309.1575214
298.5479666
298.5127842
300.2096937
303.2665803
295.4980507
285.8692288
299.3503866
302.6779974
300.2370835
309.9349055
300.7747555
306.7134025
301.9096982
299.1242234
296.6619422
296.7528873
293.7783257
290.3559472
288.4207417
293.4087513
296.5887939
300.064624
298.5908566
316.5702932
307.5336233
304.1385703
295.8729179
302.7792868
296.8681422
296.0501272
292.3479684
297.4664088
300.2386932
293.2559358
296.789439
278.7730579
291.8523699
288.788921
283.6359951
285.3058885
289.4144799
310.4423927
309.7144027
298.5897122
290.6277547
286.3800848
281.274091
278.0843528
280.055014
285.5688055
279.6813789
277.3256536
285.7526051
286.1652815
283.7093568
297.2057347
311.3989259
303.10383
301.414285
288.5066999
296.8382317
306.7954194
301.4052906
293.6149836
304.3615333
296.3902785
292.9743034
288.4948376
277.6417714
269.6050172
278.5150564
279.3530499
292.7487219
306.6610218
291.9250602
312.7338586
298.0580553
290.7484498
290.8595826
301.062569
295.0405067
296.8183647
298.1692359
295.5574326
292.7725772
303.7038629
296.4470977
296.1609054
296.5743014
292.330797
290.6415311
299.8418304
294.527801
297.3083237
307.1516247
304.0546349
290.7060314
280.9630543
282.882166
282.5002112
293.6687447
290.2093236
289.527909
292.4993015
302.2578085
293.8651525
291.7748298
299.710119
298.6398787
286.8956793
292.3027944
290.9468457
302.9789607
307.5206655
309.9246675
291.830389
297.6021021
295.9230436
302.1165531
302.9181899
302.2562593
300.586618
301.1306384
301.799438
300.3282156
308.1336926
301.2135672
303.0540833
301.0518901
297.7791639
291.1092333
295.3518327
298.1953816
300.5280171
294.4401297
308.638702
299.1643151
299.6760455
291.1183667
281.5522869
288.2592218
296.3430907
304.4937338
305.937414
304.1028875
305.3315303
312.599958
299.5969435
300.8120574
302.3330872
311.0807235
308.4971509
295.0051813
292.2714857
306.8442241
310.3498176
315.3400507
319.8819411
307.0337118
299.9139026
287.4868532
282.8837512
284.983609
294.4719975
304.3006187
302.1604061
306.9672387
301.9227095
312.8914669
312.8272899
301.61819
301.1397688
292.4932564
306.3170541
297.4779347
301.73873
295.4785523
294.8474667
284.8997805
291.2074423
290.2683484
291.2535805
290.6652987
288.9958005
290.0683871
292.9554568
300.241164
303.1398673
297.6942098
289.1963959
290.5499386
300.2811913
305.9422322
316.0257434
309.6645925
306.8596888
306.4575571
292.2582779
297.4625735
291.0320086
284.9925224
291.6883763
294.6434138
303.9662067
300.1611445
303.1642255
297.204744
284.4676101
287.740791
301.4389727
293.8990033
292.3839364
301.6788459
299.5071628
294.6017875
295.0869854
297.8897994
296.4909268
305.2956114
298.8955876
296.3685826
297.6575363
295.1386334
297.0272345
298.9353776
292.7959724
298.9787173
293.5841459
299.1405639
309.3068591
303.2091748
300.2385667
299.1952888
290.5409297
291.3473185
285.5807063
294.5425615
282.8632714
288.5150241
293.0523206
286.309011
280.1680961
285.6532031
283.3908927
284.1097853
289.8790639
302.859023
304.7473472
305.730611
294.2662698
288.673557
279.342548
284.6299331
278.8078281
271.1303606
309.7473404
305.4055155
305.8265806
299.1454316
289.6553935
286.8327259
289.7932483
292.354433
294.871466
293.2343455
296.9214225
294.947142
290.1609902
287.0846148
285.9682633
287.7676186
295.6686365
298.956856
303.689975
317.2063477
297.9615041
290.9842747
292.7740546
303.7083239
310.1295348
291.8755291
280.5698045
291.0411829
287.1781569
288.6765714
289.5401273
286.4068921
285.1835145
293.1436014
289.988073
283.316095
293.6013076
285.4868745
278.3965697
279.3471863
300.1186141
296.1998597
287.433655
279.9704145
285.2355948
300.3163049
302.542942
303.1781668
305.8157839
291.9544035
288.0752055
286.3220744
293.2453131
283.5937664
295.5900616
298.7377999
300.1551767
302.0643017
313.3461721
305.8879211
310.6755057
314.1022632
310.6476198
311.273737
311.8435234
307.0629597
300.1362881
283.9489374
276.9526838
301.2963624
308.8382881
314.7187602
317.6267204
322.2943905
304.3243785
307.4037086
311.8749455
324.5382576
312.7388261
316.2172588
310.7877351
304.4274078
290.3647713
302.7155321
300.3268416
300.4476461
294.1202185
293.4788349
289.0538449
287.8638128
281.7777445
291.9270622
310.6060983
308.4569584
307.3974931
292.7402383
296.5955257
301.328657
312.0853519
307.1128364
286.2678903
274.2804181
286.6629398
288.3855784
293.5728459
290.1096821
279.9496402
284.953718
292.4782431
296.9646572
294.9687676
306.0247224
304.2110056
296.0398399
291.5835257
287.9387809
284.7350556
280.3074878
281.4712585
284.7288782
301.1694791
300.5677091
297.484279
296.4655841
307.3312748
305.3017782
297.6034108
295.0921448
284.7075622
284.7407455
289.4083653
284.1947751
275.9241072
279.2357141
293.8232632
300.2602473
294.0357131
297.6314523
298.9184527
296.6641428
297.7184223
303.4445154
301.9507622
312.7668879
298.1093331
300.9470338
298.0640495
287.0389925
292.039706
296.0250005
284.9333454
292.9845726
292.951761
288.4193927
296.6160421
285.0087791
272.3101362
284.94768
299.8703803
298.084523
288.8723682
291.4276349
296.277958
297.4884346
296.6589389
296.6650079
311.5772871
311.5350937
310.9600484
310.8516219
298.6757403
291.8949125
297.4336375
308.4297618
306.7843617
304.8418838
300.79451
300.2491673
297.4645976
296.9865271
296.8585863
294.3275059
289.8257435
295.2055914
305.1992936
299.4089843
301.5571407
303.2482941
296.2342779
291.427928
305.2680185
315.8296022
321.622204
316.8385649
319.8016539
310.199258
301.5700499
299.802924
302.0994787
296.2091843
294.5993219
300.9243343
311.4564019
313.0624142
321.0910497
307.4133178
311.9547805
309.9674362
308.0852709
313.2432264
310.9950685
302.7286987
306.1234826
308.3838524
319.1164096
311.6020362
310.6468731
303.6542436
300.8591577
297.5587676
324.3832047
322.2633347
305.2977185
307.4800885
311.2727286
306.0474977
314.0403804
315.8333961
312.1494609
310.0572364
310.7576588
317.2592499
304.1828079
306.5689114
314.8410413
316.3885603
311.4498655
311.0224223
304.7607079
318.7905751
300.9830864
302.9737228
286.8538209
286.7956043
287.4061491
299.9085643
300.3065499
307.4093897
300.4812323
302.0953876
311.9267635
315.0064727
309.9328149
301.9287772
297.4569457
303.954676
317.9468597
310.1043273
307.986654
301.4470483
304.8785157
307.8075548
308.3271611
310.5249424
311.4039359
303.5787682
297.085916
300.4733887
293.0274005
295.2224109
296.1950657
296.3580605
300.5886511
307.4081849
304.3550846
304.1839652
301.0020655
312.1396219
311.9049048
315.8240119
282.8123051
294.3169286
303.7522073
313.8307333
313.4281664
313.5433716
309.9834818
297.6877137
296.9106392
287.8124641
284.9163218
282.8339886
276.9058904
287.299889
284.8976403
291.0684238
301.7295815
303.5672493
290.7313292
281.0555217
310.7634655
314.3571292
306.1371807
301.4919228
288.1238802
307.8926476
296.663706
291.671994
295.9370126
304.4653671
294.2882384
287.6524853
297.5337618
301.4162456
301.5636443
309.5448027
310.8924359
304.5609883
307.8938588
309.8689044
299.6142583
285.5696494
287.7710805
287.2633016
279.5916359
277.2684418
294.8276402
298.7714519
297.9349098
285.1640754
290.1670626
305.546159
302.1148386
299.1155436
295.1617969
285.3626427
286.5958481
290.2673165
299.0622283
307.045248
300.9562453
304.4882389
303.4677909
303.392466
293.4988973
298.1639723
301.9938381
298.359498
300.6996107
311.5307157
312.3822633
304.4896469
292.0325156
290.1283706
294.8148652
297.1112095
292.295957
297.9579346
290.8353879
304.3907826
314.260775
318.2141371
310.8219604
316.5392677
320.7224252
307.565613
294.0652702
297.5255396
298.9001915
300.1558957
302.9113613
309.3364681
314.0420422
307.1545204
307.8680455
298.3685068
302.8466414
294.9763419
299.990385
308.1286067
319.1502297
306.3593043
305.7784232
297.896274
300.1586824
304.3491604
309.6984145
312.8195091
312.4664217
305.7448602
299.1976631
299.4173781
295.7613358
293.3710238
293.9699377
301.1043191
296.449455
289.2073811
307.740063
316.1530477
275.2382165
285.1675571
290.4371003
289.6249233
276.1146444
273.8938387
281.1808907
290.3560961
286.2489411
296.7200253
297.2235716
300.3499821
293.6886337
292.2557503
301.7789981
310.6828937
307.9734471
300.6647097
275.5039424
272.0249059
303.9584726
299.4845648
290.0105925
296.2610247
289.8829321
288.9182956
289.7417584
289.213783
293.582988
298.1087445
292.320329
292.9752569
289.8086929
298.286276
300.5688654
292.688795
307.43422
301.0606614
307.5852345
304.8260491
292.2589401
288.778057
298.9251826
294.0021756
288.1420371
280.4965688
299.8266103
284.8394239
291.6070188
282.7342444
284.0656686
281.0640297
290.3955862
301.5071727
313.6883996
311.6711958
308.5701129
304.5462042
284.2982146
290.1552286
304.0689278
305.8278317
309.0938696
303.4724512
297.5381597
299.0312623
287.7173772
288.0991797
289.2784771
304.9365519
303.3679931
304.0603995
300.9604554
291.6014997
294.6931321
302.1462229
304.0739337
295.9529991
290.1737534
294.7134778
302.168263
303.1885442
294.9886895
290.221691
282.8005093
290.0766075
294.9191733
299.6692141
302.5526921
314.6143342
303.6761109
287.4949182
289.5282676
298.1736713
309.051407
312.900259
313.904145
318.2873731
315.1851767
310.6917916
281.746438
282.869722
293.1056875
294.591807
298.9663311
301.3572091
302.5317208
282.5387442
287.9679846
302.4816862
308.3889191
324.9188986
323.0240661
315.1352804
306.4628109
298.6522516
310.7624143
288.4732721
280.5426819
287.2262497
312.9713042
312.999737
313.9807276
320.6763745
312.6620641
302.5549337
303.6501134
305.2375352
310.430725
299.6608696
293.3965502
297.9086577
308.427773
301.2277973
300.3142987
297.8569732
306.88524
303.7361332
306.3130403
310.2344118
322.0486807
318.2501877
316.6646449
305.1244988
299.6331509
308.2293725
296.1124163
292.5980258
298.5273127
315.9197204
306.9296026
303.4584506
314.5989988
325.2976078
325.1981466
313.9123581
311.7100033
311.6925576
314.6225911
315.2983155
307.2982241
317.7119009
312.3753697
307.3534723
301.5532633
296.6058873
292.3840467
293.3989059
302.268289
294.2145623
279.31032
282.3671017
292.1034681
299.0835631
295.0070609
308.6237978
301.4676729
307.1945506
315.1567269
312.7679783
292.4250876
296.5911768
299.6706412
298.971163
288.089449
298.5747953
315.0598686
309.4289474
310.1559823
311.4947384
310.8971382
300.8140586
297.9827279
289.2778329
297.0530998
295.7000558
295.8956572
303.0693201
313.8957867
308.74992
303.4640014
294.532305
293.0117512
309.3175999
316.0211912
301.1078818
287.5316767
291.9028193
288.7648459
279.7276323
277.2105599
289.7309195
297.0658545
303.5376134
296.3637683
306.2820499
313.2591451
306.2367441
292.3844803
298.5593527
305.4936728
299.3163576
299.1501496
294.5978273
289.2922565
299.2659219
303.1059049
297.1734181
297.0728474
302.9979549
312.0279871
302.0830804
304.7162397
301.1339732
310.633351
313.5307471
305.5430819
314.2782866
313.7261802
302.4479182
309.4693607
313.48856
294.8388911
304.8188241
299.0238161
297.9685375
302.1967665
308.8685374
305.7586679
298.5639604
287.9748629
298.0373569
289.934843
287.0152317
290.3942586
291.1995473
290.6535685
291.2226114
295.1215938
306.2323299
307.6512364
303.3283651
302.3037275
298.8523356
305.5771202
314.5951667
315.3408762
311.0735559
310.758184
306.8324902
300.7745038
301.3181294
300.8081625
300.5342312
300.2030512
305.6154853
310.2149995
303.3739602
317.5024355
307.5664622
297.3907955
298.6048404
307.2119679
296.3469113
303.5332285
325.131056
320.8302138
306.2359105
307.8986776
306.2537437
293.3240587
296.0759
294.3997359
298.3615827
300.5807736
309.4374644
298.6029528
294.3510483
302.2999805
294.4826777
291.3980196
289.8842192
300.0196412
310.7406204
292.8199884
288.0482618
293.3019221
306.0344542
308.2043938
304.0476325
299.1845786
295.7323495
297.3208287
292.1167122
293.0843242
291.0258991
294.3391497
312.2283439
307.050209
301.824774
304.7831427
302.444951
294.5195886
287.3555323
296.2828379
300.7701158
298.7991194
304.9356006
313.2552017
317.7477949
317.3008419
296.3236176
298.8119037
295.1060448
296.2910412
294.8486287
289.1279704
280.1007458
285.2134933
292.9236515
294.9870857
298.2028873
311.1471149
310.1910084
308.2898028
301.9889764
306.6685192
298.1361998
305.7854601
298.5628478
301.2063342
309.0927804
309.1599263
311.1940102
296.2530995
299.8268958
292.603222
295.8834381
298.5389089
306.9158695
307.9356931
307.66649
299.6648364
295.5386172
289.1302902
300.8848502
285.3539395
289.8527553
295.9485109
296.6459233
293.6706233
297.8515052
288.7010765
285.4763669
281.8448605
284.1611127
294.3843363
301.4824717
298.6413372
296.5676577
292.3936912
289.3062029
297.4599794
308.6309945
298.4035537
305.3430654
299.2103596
302.4909824
293.216446
288.3705529
292.0961678
286.3797486
280.453423
284.4488712
273.7799835
280.043983
289.4005022
286.6120094
289.8796141
288.5312553
298.5254897
295.9048989
289.6247497
292.2005732
302.3410301
293.5768054
296.5709614
296.7853388
297.9694027
300.1618852
289.4183729
294.2605341
298.5241381
298.1038772
301.3237099
303.9659835
303.9636778
305.0365116
307.7919522
304.4963393
303.5659695
297.9740606
296.0863344
294.4110348
300.3251352
305.9786994
308.6674222
294.7533416
285.0128943
288.937735
294.0363596
290.37472
289.7125801
296.1513362
296.4401277
304.8024248
306.8260574
319.8901167
319.0300107
314.7989645
317.7373248
304.0064644
300.2066226
303.6483514
303.1388056
305.1043569
309.0348872
307.7474615
302.338247
307.317957
308.6570889
303.160628
303.4800688
296.7176104
291.6996897
294.6565965
301.2311343
297.2009327
297.2969658
305.7125364
292.6081779
289.5203608
292.5685561
294.0512718
292.4591929
288.8187451
289.0355133
296.7850674
304.6627827
307.7560243
304.9791934
297.0471884
298.5265655
291.6553755
299.7492753
298.657721
292.9205435
291.9464396
290.4840895
297.8775396
305.2226875
303.5552752
299.4313675
308.2852474
311.6364424
298.9441516
294.2685272
296.0047668
288.6126584
296.7718091
303.3643677
307.9324074
302.9971039
306.4295034
303.4253397
303.1438797
294.9275733
292.0291019
298.5176127
288.0913131
272.8482314
297.8583788
297.1359643
304.12838
297.4811645
296.9647408
293.27045
293.2328734
290.4308736
292.517819
292.0653842
292.3845655
300.9593201
300.4262791
307.1772942
303.6796852
300.6569006
290.8035695
283.4541052
279.5662054
313.4347722
310.1885664
303.7275807
303.5427589
317.0884909
307.9884686
310.0059593
308.1691204
305.8171655
304.9917652
313.6073685
312.2715758
303.4570561
306.83765
306.9190611
307.9058274
302.1613258
305.5392547
308.1020912
304.4518918
297.9324769
289.943011
297.5347089
298.4251538
292.3215623
294.4844721
289.822528
291.6483424
290.8423787
299.8170922
300.3308583
311.0197321
299.5166589
281.8761709
292.499402
286.1748637
287.1269128
292.2173875
292.5926519
300.8459819
295.8211948
294.7888629
298.6912045
290.1386082
289.2611145
285.9663721
292.6737352
296.8119022
304.3384375
300.0604677
297.2255527
299.2426423
300.7186458
296.1769405
292.9194572
295.8103414
288.8051949
290.7774845
301.6524907
303.584851
291.3928215
302.0290655
305.5597446
313.0745345
305.2074037
304.2290224
294.439446
279.190032
278.7461223
288.3899876
292.9833221
301.3170586
300.9296353
302.1121408
293.6385671
301.3405187
316.6235211
303.3259755
286.1238754
286.3896888
305.7476873
295.4874874
296.5931589
312.8026537
319.3601099
307.2431576
294.5980512
301.722064
286.1905343
285.3598952
285.8271234
283.2751517
291.2759148
300.5807143
300.6545802
283.8688229
281.2813824
287.2496334
292.7747052
289.9842938
288.4025669
299.6834908
309.3464758
311.4550791
306.7879588
312.104269
315.5103642
300.5978416
301.3051607
299.4660687
309.4958943
308.8183525
296.0724444
280.3778436
278.2523655
282.6239885
294.1920054
285.7196519
292.3149762
288.3888407
304.7538886
307.3490251
302.9253854
297.1985367
301.6773838
314.5407746
313.2825732
308.5631339
306.6270348
293.6154418
295.650042
295.4825943
294.2919064
298.4496808
303.7157725
299.0016543
297.8407197
306.2907192
305.4846589
305.052161
301.4741513
300.6373409
298.0515744
296.8568896
305.4610596
305.7761177
304.6294751
301.973572
292.3767361
287.5085312
294.9244596
298.461671
301.4725826
312.3414237
306.6022979
302.3609242
300.4347647
301.7483371
304.2114018
299.6378822
300.6095182
294.9280991
302.631272
299.266649
289.059625
293.7243707
308.7756472
312.6506472
293.5827621
300.1799681
309.1620102
301.6363671
299.1473759
303.617339
309.8887565
308.9478395
308.6854672
308.6847916
306.7799564
305.6548411
291.2110161
305.8841445
296.7556349
289.1229229
288.2633246
288.7816376
294.229169
286.9919283
293.9662569
296.0076547
286.1760518
291.2100125
293.2675416
295.8779602
301.7894581
289.3054749
287.7298302
293.2616357
287.2179253
294.6709551
294.7874975
289.9405626
297.4454269
303.4088085
296.519365
299.6662096
290.8644001
291.3103877
290.8861087
292.7648324
292.0332445
287.2935843
283.7669928
276.5624552
287.7231222
286.2257144
293.6642298
291.3858977
292.9780575
305.3354336
288.1398566
291.756338
279.5176333
291.7896716
297.6529941
301.37608
288.1285466
288.3593222
291.5607935
300.538959
290.9341093
295.6287518
295.5966057
301.8619292
300.6159828
307.5710004
311.6078989
308.6970219
305.680169
304.2179957
)
;

boundaryField
{
    xPeriodic_half0
    {
        type            cyclic;
    }
    xPeriodic_half1
    {
        type            cyclic;
    }
    yPeriodic_half0
    {
        type            cyclic;
    }
    yPeriodic_half1
    {
        type            cyclic;
    }
    zPeriodic_half0
    {
        type            cyclic;
    }
    zPeriodic_half1
    {
        type            cyclic;
    }
}


// ************************************************************************* //
