/*--------------------------------*- C++ -*----------------------------------*\
| =========                 |                                                 |
| \\      /  F ield         | OpenFOAM: The Open Source CFD Toolbox           |
|  \\    /   O peration     | Version:  2.4.0-MNF                             |
|   \\  /    A nd           | Web:      www.OpenFOAM.org                      |
|    \\/     M anipulation  |                                                 |
\*---------------------------------------------------------------------------*/
FoamFile
{
    version     2.0;
    format      ascii;
    class       volScalarField;
    location    "0.0007";
    object      overallT_O2;
}
// * * * * * * * * * * * * * * * * * * * * * * * * * * * * * * * * * * * * * //

dimensions      [0 0 0 1 0 0 0];

internalField   nonuniform List<scalar> 
5120
(
300.2313147
323.8433304
306.2125815
295.1526941
299.9984305
296.2161709
288.1540555
289.2256106
303.6350449
297.975678
293.9221742
298.5193128
302.5025328
299.9751441
314.5441141
317.5670754
308.1906477
301.4833129
291.3577251
305.6933314
302.6898647
294.5343149
307.8963012
298.0442823
302.2526671
301.1729331
310.1066688
314.1925686
298.0017923
322.1600073
332.9480733
306.5085534
304.2222363
294.046902
290.6792507
281.3721719
309.1801756
329.8408169
312.4133674
297.0290498
287.1380047
280.3802342
296.0970757
293.555435
314.4259812
302.1282975
288.390784
289.4223022
293.8067585
319.059711
307.703288
314.9563898
320.289739
323.4464782
343.3519851
330.5824593
336.3683676
303.0347724
299.3725572
298.2281486
324.587516
318.2628048
318.5855172
295.0471814
281.5967875
296.0209765
279.8790114
283.9513015
315.4890973
314.7147842
302.7029194
306.1355138
302.3394135
308.0847341
314.1329884
313.7291044
320.3249458
331.1064958
320.9996929
332.0717262
272.9776038
277.0604298
310.2839343
316.3021076
313.8598701
299.1288269
302.1203823
306.003473
296.2805176
309.1167537
308.6160124
299.5383635
302.2259968
303.0815805
313.9215765
302.4739694
309.4335129
305.1412812
326.5470128
299.8731464
300.3013154
307.1999201
294.66215
292.2971092
300.4799501
311.0030107
309.9180754
318.5812149
320.7470081
299.6870785
290.8504775
306.6691092
297.9437281
309.3232315
319.8420315
303.9056108
307.3547385
288.686502
303.327126
304.1021666
336.0151211
330.1615839
324.8157603
330.0509868
309.2006689
292.5394337
296.8470312
284.2505118
297.6334885
316.7121672
291.9974143
301.615261
321.0030783
314.7884241
314.3264883
332.9305518
329.737903
324.6011937
318.0650928
325.4174471
305.7285094
307.0744409
298.448584
298.0815513
307.2841964
311.9841211
306.8491718
323.9685026
341.2679947
331.8632842
335.7901504
331.7309428
315.5471245
316.6409454
324.4127526
312.5419179
302.6996842
316.253855
323.4398308
314.7146092
324.0019336
324.632845
314.9598349
291.1612053
282.8859496
297.6268204
332.6824363
368.8485987
337.8247301
326.8484057
315.8742801
304.2892444
293.4643938
283.6732752
298.9915898
321.7615683
343.9136769
310.851539
297.885314
321.6776305
286.0248735
282.2671339
309.1242913
326.7080103
328.2382285
328.3988208
325.3382075
321.7076371
327.4611103
344.7485136
328.5056892
325.0689446
313.6492464
335.5003788
347.2339369
343.1204423
332.7562774
329.844694
331.3431197
300.7245689
325.9558265
308.1020976
284.5727287
298.4807677
298.469744
334.7726688
339.7132181
336.7817133
316.9420057
297.8556862
287.3929276
312.1976849
326.4162676
323.2862406
313.4531339
321.5849625
335.6491254
315.9962154
279.5428775
308.5792164
316.2673064
306.7763311
325.0526963
322.7806725
332.7682396
333.4623391
304.5396461
308.025266
301.5228226
305.2614779
312.6727413
294.0889168
283.1690116
302.0866778
314.8531188
310.8966658
296.1570704
300.166026
303.8327268
302.8206971
329.7629739
324.3897245
291.7509638
295.3310551
300.9346879
319.6272188
318.2760375
330.5113525
329.2569979
304.4458946
292.3054298
342.8310706
338.7364535
340.3122779
332.1330439
340.2874431
331.139831
333.5971188
338.7733224
332.6991647
309.2571804
312.7183463
332.5615491
296.2305622
296.9284331
299.9957888
307.0914812
305.411645
310.9098491
305.4338748
300.3408904
323.2488238
321.905687
307.0858589
320.3210567
304.4056035
315.3249914
298.0843086
304.9434012
297.3222349
274.8357655
267.7867961
270.7625961
285.7078282
295.7352907
299.2543042
277.3439662
291.3688168
289.8382945
290.5590106
311.471965
309.1294483
304.5462703
294.4270254
297.6591891
329.4856032
308.1345724
286.4433461
292.506438
286.8381845
288.1888422
303.170407
313.9377034
317.2934198
300.8665571
316.5538623
339.1503573
335.1078292
319.8098839
312.1971078
289.741948
297.8952998
275.8804863
272.1639737
280.7297993
288.3721321
290.0333241
272.095563
266.4907946
268.3240639
323.3609292
312.5939751
299.5669404
297.2588583
295.9150797
309.7731576
323.2969166
302.8461421
271.8873419
284.2372374
302.5595691
298.3969448
289.7160464
297.076851
290.9453739
284.0515787
299.6121235
301.9528478
293.1981472
309.6213854
302.3537912
305.2350528
310.8575324
300.9600391
286.7824047
286.4667098
286.5811725
304.3628409
314.2077065
294.9468737
307.1485228
298.3595001
315.3019278
340.3514677
299.6912561
284.6693606
305.0707857
300.2059385
298.1326501
296.4758923
288.2892686
280.5675598
275.3660917
275.7818075
292.032392
296.5706819
309.6982364
316.6503096
348.7326968
327.3679805
296.1699773
313.8994523
317.1984249
301.3872074
296.2992503
317.603868
299.7788191
279.8072804
274.5070878
271.5424349
313.1653681
297.4137584
290.6908141
339.0523455
288.4845869
299.5662054
295.6078378
295.5250434
329.5068631
312.2460804
301.9402343
309.3042691
296.1843903
286.0218117
284.3874734
278.7557554
284.127853
281.37196
299.81615
300.3178989
331.8796455
332.7484155
328.5101572
303.2396327
323.8907424
314.3159976
310.9704882
315.5417719
311.9462975
300.9342528
301.2375538
282.9224522
290.7426565
289.263679
290.3816909
292.9311035
285.1596907
288.7889397
292.7439591
312.394441
294.4264818
292.1121776
276.5494532
297.1416606
289.102959
287.8371307
309.4574522
294.88315
300.4482205
298.623683
293.8761175
294.366013
292.8796402
305.6415495
302.6930577
317.4198751
298.4657418
294.2475998
282.994202
273.6834042
306.2434385
319.9857278
328.7185112
319.5381983
292.4951632
295.2252944
292.1390912
295.2464688
283.2366911
294.5160614
304.1139247
305.075817
313.4068857
328.6108257
333.7797553
322.3609413
331.6015156
316.8878176
329.9633758
320.3272325
284.2472151
283.3056066
280.4267655
298.3438219
305.9730615
288.9196745
312.127924
286.7458036
286.4457625
314.0355888
327.5810517
332.1347147
336.7267442
324.8393195
304.9444395
306.165869
283.5097648
271.8597715
268.5007589
278.8552812
292.3136264
309.428354
311.5004061
307.4786142
309.6502714
313.5604827
308.539364
317.2734219
321.3102481
309.0740591
304.6957769
295.4066987
293.8354523
323.2158873
350.6010774
348.5862238
332.023033
336.2119501
327.0947814
299.9219554
338.120968
325.0634884
324.649933
328.4743141
319.9839593
316.6438318
306.4117212
294.3991129
293.1854784
303.148611
314.4861075
313.5952042
326.6303664
323.7456181
348.7353095
288.0181063
309.2605114
320.4593982
328.7130866
337.6121649
315.1922055
303.7301392
293.5945506
310.3760458
327.457457
319.9569757
292.1393826
308.4879569
313.7933577
311.2271432
310.1843895
290.2467448
303.0761216
316.9937617
305.5832932
321.4423952
318.3389201
314.1989874
323.2787879
336.566243
306.5762269
314.877137
311.0257294
312.1710117
303.2500203
318.0348234
310.3001464
284.4811386
260.4423071
274.2467441
293.0047836
290.6320196
298.6062558
301.0781948
304.2866052
290.6337176
281.4559933
277.0583577
293.9889465
303.1997635
318.9886368
311.1220466
334.2439132
337.5554799
319.33462
308.3613207
306.1758719
278.1007172
279.1733294
297.2098238
298.8417873
303.0836264
301.5025123
303.9268537
305.2626651
294.7019848
321.980496
316.8023938
323.2043541
327.8885294
304.1594681
292.8132585
300.915787
313.0700735
298.4350679
305.8848376
310.4767058
312.9071493
325.9346727
316.0054861
306.5776502
304.4898651
318.7241284
339.7257864
326.1156251
321.7483148
319.6906629
309.5100467
306.1134779
290.7104213
296.0744309
312.4707377
305.147871
319.6575395
289.6692891
291.1146416
308.4804768
311.1675154
325.4091592
325.2462601
310.6697599
323.7410262
343.8858509
350.489047
321.6231813
285.6001854
273.7211928
291.2908733
287.1438593
293.8069633
303.2869917
295.8977356
305.1191197
288.1358622
281.6744629
281.5371046
294.6985064
300.9689362
286.993454
288.6820692
284.4439746
272.247933
268.3799702
267.4878171
265.1178277
285.3242182
275.007118
277.4318823
286.9801459
293.2342981
298.8075996
296.9790113
297.64597
281.3271955
305.5631686
299.8623693
299.847097
301.1565688
317.0187136
327.1530856
308.6346957
290.4344163
309.2717782
315.9264508
293.7822564
294.1779974
287.8526981
294.9351561
304.1399317
281.7958412
317.1160031
314.4597546
313.8332024
346.3544402
362.2169324
361.4467873
344.9897576
320.4668884
313.5502037
286.8256752
274.0083362
290.6557485
293.1687676
312.1492022
352.6514517
350.6530651
353.5103568
340.9790958
348.6560273
336.7945284
316.5929338
302.0708417
304.6902417
294.8329098
306.8754259
296.3874688
298.2533021
295.0299815
283.9523346
279.1511085
283.545652
275.2515679
267.3224593
293.7524971
301.4519422
306.89213
315.7714134
329.1559188
336.7635879
324.9876608
318.7622291
326.6580436
304.4358861
298.788638
312.5816533
300.1434396
293.9236445
295.8640413
308.1979747
334.0391726
316.4694674
301.0890925
318.74779
318.8726467
336.1059114
331.0624797
318.1115484
332.8060814
333.9262457
329.5388813
303.821453
297.4936286
307.2902928
282.3871024
278.6481649
293.5124975
298.937023
283.3495663
265.4933221
273.3468631
282.0258037
289.1716297
275.4417014
284.9677649
275.2956549
271.4160102
287.4180821
308.2446473
298.2762385
295.2622202
309.5535079
310.8904755
303.3957709
304.0263433
290.9790822
296.6205017
294.0608555
307.2065151
317.0532743
304.3314949
287.4242039
295.2605369
303.1241359
285.5811851
271.5089801
274.5383877
273.0596881
296.453735
307.7070189
312.9733735
284.0637462
287.168214
298.0646754
301.8330597
305.5054974
303.6832007
278.5258373
329.6443923
333.3644364
301.5771847
319.9293991
321.3166239
313.5556479
304.2305198
301.1972966
304.5040595
302.6108383
319.1008585
315.5774707
302.8199543
285.8930373
285.4616626
293.3870333
310.2982009
314.6144021
323.7695528
312.9747262
319.5800497
296.1944125
326.3396803
319.2615105
308.9377716
314.8889203
326.8037971
307.9909299
305.75768
295.0402234
299.7391886
301.9851632
282.6835607
314.1679966
306.1064775
296.884704
291.2587028
280.7114638
299.6228302
298.4048081
321.4805323
306.5205068
309.8743679
307.8383598
322.2995175
288.5510585
303.5901554
317.3409504
315.1769758
313.1081599
298.8905658
302.4314016
295.6346884
312.3959339
321.1490074
324.6434778
329.4278507
331.7339385
309.1919404
312.5210367
310.1587269
309.7285468
308.1538694
311.315442
337.1423003
321.6621151
326.1921071
330.3010855
332.884688
336.5830529
318.8141255
315.2491374
309.3101596
285.1703432
303.9101892
346.9869846
331.8206814
319.037258
309.6909906
299.8798719
293.1743359
285.3439413
286.3640693
262.4370698
274.2529803
301.3267324
296.4320415
281.8413206
285.6038229
278.7274895
291.3277353
287.9467217
291.5637469
334.9852916
320.3911799
307.9868086
314.1023139
311.8954026
301.5728766
316.8105281
316.4411344
305.08223
290.2379711
333.5156431
338.3848
286.9264195
288.720368
286.0693276
318.0782573
323.512836
322.888651
302.0412001
304.8654048
338.8082734
341.7368316
290.5060674
278.8466325
298.0637183
300.924827
294.2698165
304.9926223
298.4100827
314.029514
317.481955
290.8065213
286.4245231
277.0653795
278.3418652
268.8004804
306.9166732
337.8271243
347.2441328
333.395378
306.3472299
299.812206
321.6478799
330.0977936
317.7230648
308.1383211
277.1657772
292.7624492
297.7746738
310.1178709
323.0255203
340.7121459
325.249882
324.827618
314.4601449
324.2042916
314.3421588
311.1664419
318.6248348
294.9531082
274.9385674
286.5042067
308.7610595
309.7082898
306.5802372
303.8945671
323.2447329
322.9936222
310.1842963
327.6851798
314.6120551
304.6518916
302.2926804
293.2125169
284.4999162
296.6032042
309.2702326
303.2164866
295.6205633
296.1930326
280.2042536
296.9819826
310.9514065
284.5968649
283.5930271
284.9956019
282.0113616
259.5344658
270.1902361
274.7883969
303.9863788
329.0120999
327.1683263
316.7256244
311.7422988
322.075755
312.1367813
311.7281575
304.5060611
300.486471
305.1914521
275.0074656
279.8122577
293.046428
283.1408569
280.7297124
301.1332654
308.6181609
289.6869628
291.0494416
312.9802509
334.285452
314.3063376
315.3947329
303.2360425
302.4178196
292.8147861
300.9997337
293.535827
302.659783
300.3751151
320.2534378
326.0321059
317.2997647
311.7338395
312.1122269
315.4947125
341.7516411
329.7398909
351.7498334
339.8041199
315.3063716
324.0168304
310.2560403
301.5862226
302.4920348
291.3284845
293.393374
287.2339669
293.035623
325.3331607
308.302404
311.7932116
305.8111792
314.5803357
308.8769713
313.3267106
315.8361728
325.6675148
316.6284856
332.9073483
332.2069234
320.3194597
321.2577012
318.6282088
307.3460037
311.2357067
285.213367
312.1420881
298.1960567
283.0812617
282.8105519
280.0877637
308.9571697
293.131581
318.3636066
307.1934068
330.9838084
313.6456584
294.9572944
311.3479087
321.5522951
309.9229662
300.3453247
295.6585663
304.7341198
315.3907709
306.7471312
288.9322158
286.9215458
292.7044327
283.3761673
288.4796376
317.8872159
326.4789988
315.4486791
312.2184319
321.7469567
336.6015772
343.5498863
335.0717861
306.3589247
314.0211447
334.3012565
320.1352876
322.6753868
304.1167317
293.7038902
300.6600576
287.604456
309.3676466
342.0357574
315.1032049
300.4522138
311.4254499
298.4016741
295.6365458
285.6215631
288.5892185
300.3223341
292.2994824
311.9844632
301.1048315
298.4292126
281.6951655
293.8525171
294.9460992
311.3940464
315.7315086
294.2901973
308.7533169
305.1351415
304.5493157
297.0765266
295.115353
302.3064124
315.6682449
305.5841657
295.526889
302.3095297
301.2488655
292.450948
275.236049
263.250576
284.8136042
295.9179389
299.2019135
285.9058063
273.7439567
304.7321171
294.2277723
287.3895653
287.3863792
291.2496097
299.1633535
291.7725946
302.6678796
321.8532188
320.3115677
307.8616449
320.5278315
311.1408024
309.3150671
286.5142679
302.6398292
302.9922636
303.5219258
313.8690091
298.6873007
295.4274518
304.1510727
290.2156341
283.0650765
266.3173877
266.4137381
263.8991232
276.4997372
298.6653627
304.3404225
290.619711
312.1538721
310.4108679
312.4577552
293.428057
294.1090469
308.7947093
317.700054
307.5648345
311.9791849
319.0463034
327.1253857
324.5387152
296.748503
310.7546768
287.4036381
278.167893
267.4787914
276.9237342
289.6681135
310.4387748
296.8455767
308.0331055
318.4757199
314.3024488
297.3690806
302.6200988
307.8334546
316.1092601
315.5898963
313.2089925
299.1842715
306.5313138
301.1237534
293.2152141
281.9730605
268.4334387
272.7584123
273.2642998
271.6445385
292.7979398
309.3387282
312.6360081
303.1258192
294.1188131
296.8971322
303.3706624
308.302837
289.6724296
290.0632782
306.7619353
289.2274958
299.859378
291.4376874
298.4846752
300.4634449
300.7474162
313.1058374
313.7595329
333.0743359
335.8905412
297.5894573
272.9016411
284.7059872
295.8692189
293.016396
281.5518092
305.2875225
312.5442259
306.1883467
307.2508394
293.334888
291.6046669
298.3434786
306.806464
302.1756476
327.3994045
352.2616572
330.456845
313.8164243
296.155386
295.7087545
300.8212773
299.034711
274.6000561
281.9030888
303.7804933
307.4194076
322.7671313
327.9463355
317.0626946
321.1090637
320.6025363
319.4716576
307.9957097
319.0795445
308.0831011
282.7287752
284.2259035
284.1866254
310.6904124
294.6846373
301.9433044
295.9698523
304.0622566
306.0349195
280.8911346
296.7993003
286.321617
289.5864153
327.5223351
277.4594592
264.6715516
267.9658322
257.5218221
250.5881708
254.7042817
278.8307238
300.8612376
294.2528841
289.9820371
290.6731467
305.3119628
304.5429546
314.2815891
305.9865614
309.9339993
321.8120024
319.1997247
301.041685
289.3634395
307.1348849
314.5982171
319.6405491
313.277516
321.7760154
326.578904
298.993711
303.7828668
327.9908427
309.2670477
286.1265563
276.7313
275.2131081
272.6807065
275.6920006
270.4129408
296.2442626
314.1842535
329.7029724
307.1707031
302.4328474
309.8096459
302.710986
308.6774702
321.7185785
337.8121115
313.3740279
307.5213957
315.2423105
320.931316
333.4277909
315.9815908
308.3516037
324.7944454
300.1636565
316.8212046
302.2014867
302.2917648
300.5758795
305.0261765
326.0585768
297.8988332
294.2364965
287.99196
311.2755939
322.3245244
343.8825868
359.9366855
320.4633356
312.2258898
319.6399062
319.5149109
305.1912814
283.608608
286.4275665
268.9457259
282.5579365
286.8001322
296.4418353
304.5740725
318.5692741
340.3868966
341.8517731
329.4039
290.593112
299.9300902
299.9013667
304.0281033
328.416477
325.3878384
309.0693962
291.7300095
293.3794459
298.9342054
299.1604138
308.8235759
306.9478948
303.3506167
306.7465441
309.2302665
281.6771015
288.7895922
295.7646041
306.3996075
295.4404938
314.0091775
301.3264176
282.6271341
286.5510703
285.7660497
282.5430555
299.1093859
302.3144048
309.9731704
317.9782017
311.2721031
296.3585512
286.1949
284.6315762
284.4081498
308.1890776
304.309545
277.5424702
282.9693268
293.7112894
295.5856836
285.3336298
299.3774322
290.1659067
297.5983798
297.7010917
286.8842243
297.9145489
265.9169946
253.6538605
242.2834803
250.445754
260.0023733
277.3374675
279.393517
305.5366698
297.4324313
306.1006735
306.4591115
320.8292986
314.7640745
320.0014726
312.7934947
321.6670191
310.6213417
302.9460911
305.4806317
301.4884555
303.4379849
310.6408441
295.5857782
313.2827647
317.7183751
312.3404547
317.6584722
254.4697107
284.9931075
300.9966386
302.8474428
306.2307899
308.7016271
307.8282344
304.0473549
308.5045605
304.7418411
312.2420772
288.3259787
303.9884243
316.0076648
298.9360001
281.3427528
279.4475935
271.3057781
275.1297904
254.2301804
292.4252454
279.5871727
298.2508454
295.7809516
289.0778749
290.7565238
282.9983841
282.0527481
290.0764208
297.7687989
267.1640832
280.8392951
283.6715011
307.9070324
299.8400836
294.5619584
294.7890985
290.7933779
289.5621287
303.8646155
282.2336817
297.8723615
304.5185051
306.8894961
302.0055429
318.3191624
316.2760786
293.7744953
285.2203024
301.0541142
310.9870264
292.1549291
291.2336422
278.5749527
272.5467109
281.5445562
277.6671024
282.5786925
280.9788309
282.3905568
304.0057749
308.6762662
316.5572112
314.205022
314.4845858
292.3359999
299.6145647
303.5563735
264.7009671
261.7406718
274.7708679
277.8342175
278.4501372
283.1311836
286.0978931
290.9583787
308.2304133
303.403498
315.9580529
309.1468737
304.1765413
279.7899043
285.8717293
303.6722753
298.0916549
322.0564205
293.6093288
281.2787035
295.8758989
289.7989024
269.642312
289.2101299
299.8962526
313.4455658
290.2191478
317.0700266
294.8622613
302.7934074
300.224081
282.6437473
278.2387708
297.3803078
306.3395238
285.9340128
290.9481249
283.9039179
319.4380971
292.638534
272.3680945
289.5553322
285.1220304
268.0351917
269.5810668
283.6809219
282.431866
269.2099971
282.4806768
286.3595316
276.2914752
278.5626744
300.3546898
310.1718196
313.8820759
323.4506978
305.6198153
321.5005975
308.2530899
316.9675543
296.0198502
302.7362803
307.2705987
313.6889788
306.5465452
304.0896183
318.1895823
302.3571621
286.3755396
287.450819
293.2867666
288.987868
324.6684839
297.0981849
287.2033471
284.0399922
305.5829208
296.7004889
278.6591982
267.4254186
282.781009
274.4797155
289.8534587
280.7767049
309.608157
305.0312105
287.9479747
307.9509358
291.5199293
301.7494392
300.896676
304.7445068
336.0278015
345.0731803
334.9247743
334.2440659
313.7256503
298.3731082
310.6341588
315.786854
273.2178483
273.9216263
278.2069776
293.1329268
302.5802048
311.8664216
291.7185928
283.6357902
280.4065351
299.4567745
299.5402927
310.2182091
300.0491634
298.9563975
291.396789
305.5058971
292.6467389
306.0846001
327.9020912
313.6535897
327.2576871
319.702806
317.4371435
291.3919662
281.8460826
281.1866727
306.2427417
321.4523552
320.8330687
300.0025767
273.4304474
299.8129032
304.9940254
310.5756771
319.5527307
323.3887424
314.9417345
296.7748511
290.3640669
305.5427057
289.7644874
298.730827
308.6587355
288.3108349
281.0941039
309.0115644
315.2614482
291.1169738
293.4964082
286.3730244
291.9350694
327.579824
298.6830593
292.3229126
293.9349905
291.2103876
307.3535432
294.6485503
291.3023238
266.6660183
278.4740415
281.7543751
292.2855733
274.5335743
285.343177
274.6977327
286.9007965
283.5177276
310.8321465
323.2897067
321.7892437
306.2727465
311.5382702
297.4603101
301.5295038
306.2941637
310.6039082
291.5080304
292.8073145
291.1807271
282.6043868
256.6193746
254.1478312
270.0910508
291.2328001
286.879805
278.2437269
282.1278311
282.1320465
299.4748769
299.0484401
293.01485
294.7273678
300.0908701
297.022861
309.2028588
333.1524563
316.8042195
292.0254342
306.6272092
298.5497389
287.9576666
301.5700554
312.4259461
310.3838474
327.3209732
312.5654408
296.8897256
282.8117875
291.852163
320.4087035
322.700664
264.4784201
277.9246433
288.6000698
273.4457075
259.4806334
263.7408609
283.633197
291.8438784
284.3498698
279.8194112
284.9185029
299.8861832
321.3781315
313.1274911
320.5984156
308.3695273
341.4928084
303.4986409
277.3355185
276.1238181
278.3564956
288.754539
293.6734272
282.6311882
304.6757793
301.4306745
278.250771
295.4455435
296.8032589
308.5690736
294.2325916
287.6239936
286.5489013
283.1298639
289.166762
300.0355843
277.5050937
277.4715303
267.0296633
285.1196723
315.0687469
310.7778127
308.6789078
310.7022216
302.6081076
320.1499841
319.0253729
302.620023
297.4968935
293.6115827
284.6800648
303.9743173
297.3358622
290.0063364
288.0311184
286.452325
276.9605761
286.4471396
303.0452172
312.6708481
296.8576555
311.7488397
300.8128272
297.7454224
294.081523
295.2526882
312.5175417
313.6174284
305.6667266
331.6537137
321.3038081
312.8540376
333.1359423
326.5978188
321.9128851
314.2792405
288.7233833
288.7121614
277.6809958
279.7708593
289.8061637
304.3957208
314.4610779
301.0942003
304.2612574
305.5937501
308.6207565
297.7507903
287.9096742
299.8046488
299.0257053
298.4093529
305.5895752
283.4954613
287.9478662
283.8842838
289.8247009
298.3340911
319.0782604
305.2572752
321.6482839
293.0825476
284.2834325
302.3477642
277.377153
273.2896067
278.7467
289.5346526
296.05627
293.9671141
277.1760091
261.4544848
275.3550241
290.5957907
283.3230067
275.5722395
271.6640051
268.5513499
278.2516375
302.748831
279.515298
307.8358404
315.2718738
305.8020668
301.2153773
294.4901533
296.8144825
307.8750737
294.9939123
285.6476456
314.0389457
329.6686184
303.0555845
293.1294523
289.0827346
286.0930703
293.3061382
313.2117669
285.7205671
288.5616088
306.3586758
305.3815444
314.7732432
327.6822407
322.1636207
317.3489517
295.8289984
311.3084602
296.8108733
273.2637702
271.4235223
269.9919188
266.8721941
260.7479009
283.2549143
285.5782601
255.9976958
278.2704971
279.9535499
280.3351594
327.5348187
300.6241843
292.1234725
280.3841156
309.323983
316.3604952
304.6792234
303.8654604
322.9243451
315.9127047
313.683741
310.4761227
310.8087628
294.8865089
298.4110186
331.0481655
323.7073878
289.5271391
298.781575
320.6455199
284.5651404
283.5341847
289.3530554
281.2284381
279.9295848
283.0818912
277.9005574
305.4790463
312.1664107
323.4172487
321.3168272
319.9808783
308.1963022
301.8048354
285.4811443
287.8279751
282.8299792
280.9335047
303.9971139
285.6491687
297.8370013
316.1398291
304.4326252
307.7275791
305.2463443
316.5921258
325.2820538
304.7701866
294.7862855
309.1858209
307.3706445
310.8752185
301.1846317
296.4606118
299.5067644
289.5269721
284.7405717
284.462762
305.4437428
316.0970065
310.6896313
311.9493373
326.7013041
311.3472567
307.1887005
307.9056245
325.6849082
321.5758796
305.0738722
276.637004
277.0557873
290.1204019
287.4724993
293.1092342
303.8665199
330.0891584
326.6852495
320.7170896
296.4840391
293.7867503
322.0463896
314.5913744
301.3872581
301.9312498
325.3329165
292.6592369
299.2322523
312.4113478
326.0066659
328.316039
320.4318166
311.2059219
317.9201673
324.0361938
301.3499718
315.073822
322.7907486
329.1319142
309.8314935
309.7872148
281.2457213
290.5032781
318.1390987
307.5155987
275.902353
299.3432574
311.1380419
335.7768989
344.3376023
349.5731517
305.6629213
301.13536
296.6359326
281.1595672
291.0503797
291.257419
294.01258
281.9517823
296.1365463
265.9929111
314.4492147
342.6896169
342.2662726
348.4364828
345.5706211
339.5350761
304.063376
289.2325198
276.4945391
273.9919853
265.9245506
289.4674963
269.229518
267.5366678
278.2775132
282.1163735
282.5447045
298.7581586
302.3068649
304.5715768
301.9131891
301.3142467
302.6432875
295.1596907
293.5689455
281.7171607
277.9967234
278.009774
285.4409687
289.3182525
294.2529184
297.1113866
317.6280391
301.727096
297.0065217
299.5257446
294.6366309
292.6093237
293.0527882
311.8523704
301.9123539
294.4897672
272.4749919
259.4975521
278.6012349
286.9768024
282.8148463
283.114696
300.3389822
290.3968704
279.1709668
283.047511
274.4811017
276.1715483
286.5452499
302.9075058
305.7385236
299.0342876
302.4611254
310.6939692
266.4258612
265.6179371
274.1491392
301.8829266
308.2017983
313.4905265
295.8988302
288.9801558
299.5982537
309.5118852
321.5967645
299.9463478
295.6413423
305.3053167
304.7395474
274.3169321
282.1974893
294.1034735
289.7812431
270.2998011
278.2458365
282.4835037
299.5657876
295.840849
277.6615482
255.1754234
265.2491685
261.3357771
268.8804248
274.9354428
283.5317717
263.1315841
265.2759211
279.6159331
258.2769939
285.7647612
309.0611945
289.0720929
284.7118372
275.7253069
298.2074932
298.102444
300.3031988
307.3525218
324.5280737
305.4710646
302.8387364
303.6273439
310.5768544
308.958387
299.936372
296.3029161
288.8888131
300.388062
292.0657078
270.6770578
268.6277541
263.9298942
284.7927567
290.1905869
324.4217735
326.4709585
321.5918923
332.7318872
316.3638109
308.4116776
313.0782387
313.1607997
308.6008048
305.0704095
299.5665791
301.8799144
291.5805515
292.1597731
312.2286532
313.2053903
330.5367496
331.0128919
332.0955876
335.7790598
300.3375789
298.3993905
291.3692671
279.758439
291.0697953
282.8687955
282.7236388
306.2305019
298.3019276
302.4637821
308.001804
290.513358
303.4034733
311.7609519
312.458369
308.6837059
316.1300631
306.5186454
299.1003431
316.784896
319.0796567
295.215714
298.3175309
304.0635409
320.7204318
306.6247182
282.0919452
289.3373017
296.6451024
311.4413052
290.8955332
295.5474374
291.3069134
268.5392335
265.3308636
291.9485018
301.8809743
301.7511874
319.4469538
311.1934822
288.1454425
302.0331275
303.3948021
299.8142532
274.1433598
264.7724397
274.5545556
278.7042939
279.996615
269.1965467
288.992867
282.6813423
307.7980695
303.0979251
303.0211705
299.6489635
285.6347436
278.0347216
279.0699616
281.895039
305.1786877
312.37227
315.5487378
309.5502678
314.6899288
322.8143879
311.1706052
292.8000939
281.9876369
293.4273417
284.3062054
294.7600065
278.2053389
310.7104964
323.7278305
314.6178561
315.9537178
308.0386964
296.4029389
310.635036
270.2891841
278.2890973
287.8265703
286.0895841
280.2964226
267.1051597
314.6119073
305.0945387
294.9625741
297.3464807
294.9788307
272.9089514
264.9487666
256.1734556
282.2222776
287.6900221
276.1282672
283.8795772
269.0921092
276.4916023
274.350153
270.0687825
269.2247094
270.6673934
284.55799
272.129756
284.6771977
260.0811576
277.4793945
283.0326355
291.0026306
296.0650112
293.9602169
286.946687
280.2783796
286.9997831
276.8729597
269.6958316
268.401416
281.5418409
317.3869891
301.7083994
301.699432
310.3142506
303.8345384
313.0146952
292.8278199
284.8566538
305.6814925
317.2427916
296.7173426
284.8841161
283.6033093
290.0405113
274.5026425
272.0686624
291.4432009
312.6962502
312.8176627
319.3748791
296.8051814
309.3999327
324.185488
327.2061963
314.4911403
330.6774486
311.2814653
310.6385054
298.9220714
310.8774547
319.4395606
335.2617709
341.9831025
344.8992782
345.4436738
354.4015038
348.245071
340.6367496
347.1200451
333.1786582
317.150806
334.4385425
325.6838166
314.8876648
306.0193745
306.1578031
301.9759747
282.6890256
306.8732724
292.1456883
312.5274549
298.0814069
297.700812
312.9410145
321.0682045
311.6782423
316.7715191
326.8185516
320.28951
330.1033011
314.2423951
296.7301197
293.9386979
292.8746448
324.7128554
344.3206524
352.6795149
331.8555677
353.6901424
345.1440577
321.9552799
326.8423493
334.4089628
308.1239616
312.7797137
322.662407
345.011747
323.8373126
304.9658703
304.8929192
295.2975252
290.1922428
302.2969374
311.9630669
299.954647
291.0319336
279.6012072
283.3856937
285.788917
331.6753966
323.7468438
306.9271423
273.6282831
277.1793884
291.1378645
300.7138286
301.1315015
306.6145858
311.5087945
302.314198
297.8635637
292.330715
288.0485974
283.5894829
259.665159
261.9661444
286.3825279
271.0919712
278.4062522
272.02193
283.302076
303.576686
306.6219996
311.4842265
307.2083696
282.882247
273.8373556
285.2397737
306.6419209
298.7553816
290.0846529
287.6063973
300.4135004
285.2833367
294.3156477
301.5294849
299.1994094
289.7148624
285.6161936
283.6986298
293.4255652
287.8683875
290.3370908
262.7008539
276.2457435
304.4341765
308.5329429
315.7321863
316.4853935
302.374528
280.3655794
272.0500673
251.7185725
279.1516119
289.5435713
295.861756
296.6541961
316.1827786
308.8510669
276.5604916
277.2680488
275.8451386
281.7088728
284.1529846
264.8100721
274.76915
257.386687
244.5667271
261.0071196
274.2268171
284.5962708
266.4904286
254.2192353
281.6743205
267.0515368
284.691848
292.218708
305.3381433
297.5554116
313.8937477
305.4475245
300.223688
305.8793918
281.347812
301.9486744
302.9952199
292.6096654
280.487146
300.2134255
287.7836219
292.4807336
265.3248339
266.9695556
266.8559061
302.1761909
297.3380392
298.6959499
312.9782562
289.0229116
272.512803
279.0349882
305.4103247
321.4782758
336.7381048
310.0950722
312.2874536
312.6144512
298.9780811
308.9890039
294.3967537
309.8554674
307.5550123
327.7296009
315.7577925
311.0319115
301.5923154
291.5716945
301.6462666
302.7401155
321.8156682
306.1600063
302.6824927
295.2314272
290.4159662
295.3324894
301.0278739
327.4046492
335.5063236
310.182265
294.0963782
296.2974887
294.8098255
287.6305693
284.7952659
265.2940416
285.8746393
289.9932154
264.3028845
259.2502045
261.1827369
283.7794597
267.4774929
278.8327043
269.7244843
261.6815274
261.7822005
262.0886053
281.0558217
307.8490654
319.3520611
289.7220103
291.8764562
322.3276073
315.306699
331.3284381
316.5956482
324.1806805
305.2517761
304.5470981
301.9177618
290.2916246
296.4123831
297.0741313
306.9361499
315.6446624
297.4742075
302.7549942
315.5225168
299.0044539
303.6239212
284.8967732
290.68734
293.6852978
291.3695824
282.813165
289.3473478
286.3877135
317.3826452
299.555451
283.5078164
291.8860732
294.4818071
298.6106323
275.5571776
272.1949376
284.72152
283.6199856
287.7050893
284.8929258
281.8302936
283.6871153
292.4181519
275.5196106
306.5984658
310.8349174
310.6479275
279.8918153
291.9343875
288.4206456
278.9913805
291.0429422
291.6448001
303.5988753
301.3433342
296.380797
302.3671234
309.969357
290.018967
280.6889809
268.406122
295.4577489
288.9023774
297.8692982
299.2645195
279.587666
295.7263355
301.6542243
316.5194044
315.9821127
311.1479079
328.0654347
324.4645005
330.1781741
327.7346524
338.6859221
339.8580197
311.7146373
293.0226222
297.1362316
301.3649542
304.0530747
305.9749351
308.336009
294.9955065
294.5250657
285.5600346
280.1916512
296.2370337
290.1487934
284.2475685
303.0036059
325.4984912
326.5588087
341.4588607
329.9561867
332.588691
301.0793872
306.7730083
306.0470399
305.7599014
341.2394418
347.223659
333.9813661
328.4318059
338.5334489
331.7147045
316.0960472
315.5573492
318.2536077
323.1399963
317.3871126
300.4388309
335.2644067
334.1334058
355.337857
349.8868692
340.9192565
348.8911976
349.3269634
341.1869275
306.7263164
301.6412818
295.6074445
288.6609219
289.5639466
291.0315127
315.3012729
305.153069
293.8472506
299.1626772
309.3961172
316.3798377
303.4288409
293.7556873
300.0007903
293.9185056
301.6172078
301.619097
335.7243802
322.9515179
306.3106743
302.1849266
305.1917607
302.6085791
296.944323
306.6769945
288.3687279
299.6328161
306.9648887
311.1027181
294.965931
300.5836227
304.2003005
310.9972631
316.0951498
291.4527707
295.0341444
324.9190669
335.2025616
316.7539087
282.9437138
295.2550868
284.6319968
289.1401903
290.3506526
297.354907
306.6517126
299.5237271
282.0661078
278.032348
284.411331
292.9052811
276.0545754
301.5657024
307.0786429
292.4916618
278.0387992
298.8544672
284.7211447
282.6927986
305.0279603
282.7377858
288.5161765
288.3833592
298.8074945
308.3412072
296.6858565
301.2219198
306.8742976
286.3675304
282.3612483
283.0983015
300.114714
279.6260378
291.7459318
303.7780413
322.5655549
324.8519316
308.2399046
307.5361853
280.7562272
291.3590158
297.0348169
291.4575999
296.8369191
320.0238903
326.3167755
348.9019193
322.257584
332.9767512
293.6973112
284.2856197
285.3315185
304.2008898
298.3734613
299.9942311
272.2530208
268.1476398
287.8142983
281.2905182
293.9899057
301.5789763
313.5600246
303.7042946
316.4749036
297.9861659
293.8982405
273.5562709
276.2364066
291.4013667
304.5767811
319.0314249
319.034822
312.0878142
301.9235703
309.1266727
338.1870274
331.9953165
323.1194358
296.0739689
293.5043481
291.2047582
280.3763527
293.2613784
286.2602014
286.6143594
275.2534356
264.0335394
278.1890769
277.1220816
284.7005871
294.4393727
284.3810128
298.6995685
309.9060383
307.9094459
309.9260458
324.6223584
303.0589253
301.2721715
295.0022351
286.6834132
293.4204488
279.9844092
270.0166157
285.4160658
282.3508983
294.0192112
297.0072102
301.5803739
288.9938785
296.5814723
288.5501372
287.7046154
309.0669573
306.1901442
295.0100073
280.764421
298.5546365
297.096121
308.8873964
323.0671771
302.5811361
338.9268183
313.780339
311.3479337
308.1685527
283.4554205
306.9957894
303.6704683
312.1693285
295.4668872
292.6860655
315.5051055
302.556976
315.6968248
296.6172897
300.4632534
292.3020899
290.6486568
302.8681287
299.4211669
306.4458904
301.6381943
299.4459857
295.4532387
304.1889568
320.9958094
322.7637319
304.5750561
295.0607093
312.3546055
299.9296432
288.6706312
302.9809005
312.4727917
303.3494415
299.581915
309.3975064
323.1280589
317.5717697
325.6407088
317.6740825
322.5240282
316.9447903
331.6441756
312.9743827
295.2950233
300.5790892
304.6604417
304.9338428
310.3884089
324.67561
324.6268331
317.7817155
309.0512321
320.2520735
316.77222
308.8560286
315.0736079
319.0587801
309.9349317
309.2820465
304.0023679
296.2637222
305.0957189
309.9963895
312.3835572
317.0080318
306.298516
309.2447244
314.0621364
297.3705376
276.6941601
281.409586
252.4478444
275.9128485
276.3174734
298.0951977
303.5635604
314.0678526
309.0594239
302.8701913
308.8759207
315.5352808
289.0201565
293.6093366
309.973404
307.6919591
334.2378589
321.6499563
315.4298679
288.9740244
304.8084321
313.6567794
306.4798454
308.4593365
309.7711667
306.5081444
323.8293878
311.8635721
309.1275608
307.3849553
288.791004
309.6730913
300.5915907
287.5524396
276.7412627
293.0934054
286.2685169
282.2218874
301.279404
297.3882771
301.4837734
295.0332991
301.4709932
299.5574876
318.8266835
307.6696423
306.4894389
306.784235
298.3486679
298.6873135
299.7894193
301.3451287
302.9232119
309.0273169
283.8076977
303.3240736
303.2301987
323.0228705
326.4745726
308.8029628
325.1798621
298.4124381
301.3931685
305.0413538
271.5135959
280.5602966
285.5175707
311.4777205
329.2175879
349.3803945
322.016291
300.0303246
296.1731544
304.8551989
316.6057755
321.5487143
300.1427171
306.087762
313.7838139
308.5306531
307.7525601
296.7404133
317.0685523
319.193607
307.849358
301.0164187
297.737776
345.7122736
341.3651459
321.5254456
327.4202773
331.1709221
307.9407617
323.223173
315.6674688
316.3740743
328.2080482
319.4886379
312.3708683
319.1005023
316.2003433
299.5193442
307.8254584
315.5287627
311.548709
301.2810864
327.660003
328.801891
343.6795304
324.7717882
308.4671564
316.8831223
310.2366809
318.5289428
315.8993453
306.4242653
302.8479746
313.5535982
325.6623076
319.8388957
318.4343463
311.018411
305.19621
300.6039768
303.0232616
313.2081864
322.3549701
290.1066119
304.1402695
314.3026144
299.8985638
290.4436476
279.8103114
277.1082849
270.5700096
277.5704881
292.8191074
302.2648941
298.9551942
289.1318999
284.4856659
280.4670476
302.7525737
299.799508
277.2929927
291.6836939
282.2397858
277.5794113
288.8568449
302.5847288
291.5980804
286.9632067
301.8498926
288.0169502
297.5251924
289.1800859
306.3278896
314.2854069
303.5583855
295.7573149
293.0466687
289.4334458
280.5990079
273.6198496
283.827637
302.9208323
304.92704
295.4265238
291.2559681
301.1020543
303.0614557
294.9244891
295.8621383
298.334061
302.2666222
317.7697235
329.3282555
309.3790627
298.5576126
295.9489289
291.9550145
294.4650626
291.489853
274.3146587
265.0039585
268.9641091
278.9017625
330.8403009
312.3715665
314.3729667
306.9012243
305.8674606
308.9819962
309.8893373
308.1788798
310.688147
310.4555588
308.8662211
292.9888039
290.9399388
286.7107221
297.5104173
301.3445761
302.0899245
280.4242164
310.8137015
319.729
277.5846128
285.9478628
291.4438885
285.238654
273.9155918
258.5885077
266.6364729
264.7040524
280.5109835
288.1753239
292.360707
300.5639462
288.1886914
277.2058212
273.3971848
277.6008165
262.7467323
257.7332763
257.7135034
275.3552952
284.3616741
283.316488
277.6872449
263.7152396
271.9591185
300.9469139
299.0435492
307.7532013
296.4298981
293.8855205
289.4573825
302.1140839
297.1197253
300.0092959
276.1959695
263.1955753
271.1924908
305.0977586
311.131291
297.3229102
268.8758039
288.2971929
276.8311123
280.0143881
297.5854744
298.6602773
299.4689767
299.9174563
290.8651352
327.7442539
330.5513748
319.9385399
307.3582153
295.5185586
310.4911512
297.9332948
305.949472
290.4748205
265.593942
268.4746725
307.0071213
289.5016051
296.6376866
306.4201511
306.9857995
312.3399489
316.8164977
317.6770244
305.5090886
309.2329461
304.8125159
300.0373769
310.3409753
321.0994211
316.2104501
323.1105084
308.1298471
292.2309034
292.6645633
295.1788201
281.9638545
272.841097
272.0259932
281.4879675
296.6596342
308.2161679
317.8520863
326.7857527
331.2744475
345.7521521
337.2875439
341.9556905
318.7911145
317.3186928
306.375427
306.952499
274.5592406
286.6554231
277.2533217
265.1853416
284.5889944
282.2275339
299.0186697
314.7722039
318.0213605
328.0428766
315.9180836
321.8117351
313.7985393
304.7570815
319.6491596
299.4293014
297.0414797
312.1406388
309.7880617
319.0207528
311.9856376
309.6852864
301.3540817
298.818725
321.915636
320.4467981
298.6489645
280.6057679
274.6063003
283.212602
284.1130196
295.7368868
298.1144313
312.2863479
302.8948298
296.9371329
301.4294525
293.5166673
297.8166238
300.3241356
293.9663783
282.9730164
299.1983938
308.1371217
266.8029593
281.7587599
278.5895985
280.9488731
272.0046243
283.5100969
295.3100773
309.9580713
294.9365055
306.6009586
296.7039981
304.5927196
285.9456264
304.4696413
298.8534765
312.6174928
334.4817456
328.3213634
297.8991368
276.1919241
327.6561679
313.1679131
313.1714537
309.2719934
315.6647714
304.4348219
315.6788238
312.6229481
310.5257449
322.3131067
320.2969064
313.661327
323.5424253
312.7966745
314.9356939
291.342624
301.9321599
309.9889801
312.2477817
315.8444201
309.6746636
303.4731151
341.6094758
344.7089673
365.4961843
349.6849605
335.5483323
327.3909784
334.1321785
343.6562288
354.0837218
328.9708358
308.8652413
318.3119512
319.5128446
336.5065017
312.9233618
306.2171999
306.772309
305.2887094
295.9916447
282.7467075
292.2849493
298.7411147
299.8722354
285.7565793
318.2915071
303.0354096
297.225364
317.9462519
326.7457272
313.6423057
317.9234678
319.622836
311.3791005
310.1179042
304.3410842
321.7655534
308.8267567
315.5181592
266.2287939
260.5164106
271.398665
288.5782502
266.0178891
237.6555196
247.230429
280.1066368
315.4483058
301.5993231
281.9311021
277.4125419
296.1480042
288.6866081
283.850736
298.8307405
298.1196805
312.289686
307.2534599
280.5801097
314.0802413
311.5481784
319.4924451
314.3623078
309.7798905
306.488346
309.8714448
299.3679815
296.9217971
291.0134541
271.8047696
256.418093
269.6811461
279.8301601
303.3293188
296.7325792
304.4289255
304.9975283
314.2765249
323.8041193
277.1388364
274.8749711
282.2611368
296.2825852
317.1246632
317.4850425
329.5165484
332.3004335
320.850354
304.4689882
293.8484446
310.2636652
292.8704165
291.332207
301.8225973
306.4742081
314.9036628
300.3075102
297.7320648
273.2915679
303.6112135
307.9761855
304.0784073
282.2798425
289.698452
297.3915506
288.2678435
288.4459308
281.4118437
275.9274446
279.8610385
285.9702932
290.6259227
290.301876
304.2587566
311.0571913
301.0419806
305.9498059
304.1776975
291.5563038
306.6399539
293.3145937
293.7283896
306.1432812
311.804925
289.4366493
297.0023774
303.4771449
308.498477
318.4229541
312.8129496
308.9627457
318.5680086
310.7534294
311.799994
287.8853004
302.1526123
315.673616
303.8161587
303.6566917
299.4337861
287.7460525
307.0901316
314.4146341
326.5369535
308.9742819
291.0209978
276.1264773
282.8650423
292.5626135
289.1213204
304.7398402
311.8591199
316.1918382
306.0359373
292.9297889
277.8913699
288.3249535
289.9683799
295.28584
304.7539199
317.7084113
321.367235
327.1267454
330.7315184
307.7055746
299.0555316
293.1745317
303.4651308
294.1971234
318.2481203
304.4295777
331.4189805
311.9121077
340.3456956
323.1775269
305.379916
297.7134226
298.6706578
309.0834276
301.174895
280.7025685
286.8493305
287.4844663
284.6907264
278.998873
284.4904583
280.9009559
274.8023369
276.2148275
292.5024973
315.9644608
336.4715651
332.671814
323.1015582
302.1374749
306.7229978
282.2624632
272.2898438
277.3318471
299.7413111
301.806114
292.8600502
280.7725956
292.9478672
286.1225821
311.3884071
315.7683813
315.4797442
291.5604808
307.4793577
301.3655984
288.0433589
288.1013705
294.5811825
285.2779268
300.9569284
325.1796407
316.9756273
320.4695588
302.4854038
293.0355569
314.5395179
309.187295
320.7992641
320.0106682
324.2934826
324.2158229
324.0808022
319.064135
294.0562719
289.8922391
299.7910807
289.0229806
276.8029578
286.7817975
290.4756568
286.4541956
302.5190917
291.1484515
301.6394644
309.710681
308.3803824
320.8798688
318.691029
299.3919065
303.74488
296.5040522
291.0407253
278.7394315
257.9559414
258.4227555
275.906869
283.5192329
274.9052094
279.0278844
304.4610004
297.9071815
282.4922379
310.3529423
272.9055522
294.015694
305.1607028
291.9097898
296.4063723
306.6109985
306.4008661
292.5578943
282.9360869
302.3494875
304.9080661
293.8720872
292.9508301
316.8972016
334.1660556
320.0015599
318.9290779
328.4386839
300.6317629
263.8138311
303.992898
292.8198189
279.6449403
272.667896
276.9371247
282.5025097
292.7367539
312.5035065
341.1300705
313.8328908
329.0997192
328.1382711
332.5417639
326.5958961
304.7828173
306.9543697
284.8688772
283.280513
291.2371751
310.9781123
302.0391181
324.9457024
300.2809897
301.3356047
301.3477503
309.5187921
299.2307089
310.1085774
320.4175056
319.0350727
324.5475543
324.0429741
308.8596421
304.6714912
298.3943518
291.5232412
304.2560109
303.0045246
314.7675626
308.3086516
299.2893333
316.8436453
301.1785211
284.9121423
320.6850805
311.457577
314.1042805
318.6416127
319.4130239
336.446956
309.8073526
301.3630667
293.3973976
289.0980768
298.1975168
290.0547876
291.013251
303.406538
284.6040571
294.4950487
287.5504083
290.7994458
300.6088448
319.4777721
307.4139756
342.591122
313.8385047
330.5657952
310.4167665
304.7554052
303.015462
315.0058699
307.5808171
280.9871723
293.3055774
280.3806228
292.5162296
279.3829405
276.6353724
276.8947512
286.0797072
302.7528516
281.1093053
281.9695797
291.7824168
280.052504
277.5237879
284.064515
286.2449678
309.7167343
320.4206785
307.2065967
320.1043257
303.2902913
316.3280874
323.2926266
315.8300546
344.4221551
333.5240739
323.3701562
267.0119456
271.8276547
286.4051626
298.0846375
308.9368218
300.6399307
306.8837948
306.0196956
291.5283636
288.3366338
301.9337301
321.0740028
339.0410751
335.5332145
296.4581779
296.1890864
273.0351298
270.64559
273.6549858
283.6722472
294.3717916
298.8714165
299.6846122
290.303195
294.5525902
309.995495
319.111187
330.4614202
322.7672899
318.9433907
334.2884446
337.8358706
342.3947961
332.6319414
328.565107
304.7724747
293.0986852
300.354265
301.1633683
294.2630305
286.8854636
292.9608333
317.4198512
313.4922144
288.4789382
278.634079
315.6613641
301.3018971
312.5079199
300.6854093
302.4754608
296.100461
298.2093148
316.9647608
307.7980305
316.0096751
306.8022524
307.6993851
294.791757
306.9178106
307.2304816
309.9566189
291.7181844
301.7285179
300.4751672
314.440785
326.2062631
304.8902047
304.3939986
286.2931757
294.1101298
285.6327143
282.3138071
307.3611815
313.2032024
316.6305093
317.3285501
299.5430576
308.007233
311.745107
298.5317324
301.317201
300.8490369
297.8088307
284.0281712
291.9459522
316.1677934
321.6369846
303.2770831
311.2420731
318.9591053
326.057069
332.614933
298.2865917
294.6617848
322.0247727
334.5918085
317.944065
313.5791822
294.7199832
283.8621115
305.0931138
309.9360148
316.8524283
324.2776805
297.0505609
308.2062596
321.1564424
345.4088418
353.8556887
328.3205816
331.2269734
300.9338228
318.724213
315.3148982
296.3435592
309.8053656
309.5000356
284.2543762
283.344431
317.1705134
298.8455171
316.1582771
297.9049965
287.5427343
301.8064942
332.7227365
306.6587248
297.2562849
315.1897915
303.4125383
301.8084529
297.1995974
297.1116192
296.4473296
310.3474428
312.3342451
315.0384413
325.6437838
322.6377927
304.9443969
307.8762053
307.7828109
296.5917022
316.968312
283.473159
281.7660285
288.6529127
289.2166476
301.9125544
319.2302171
290.3645514
281.014419
308.9623064
301.4701454
326.2083879
315.1613779
316.7968027
323.228827
291.901162
303.83212
315.7930318
317.3415685
336.4823906
302.3301894
305.8181505
316.7359594
315.566004
317.7540738
310.3291044
312.7100171
322.7491232
304.1543386
301.3740378
283.0026418
287.1199965
269.3138688
276.3917466
272.26236
289.0128639
308.3002918
294.6679053
316.2462427
297.2748897
288.4671498
307.1615316
302.4075752
309.2307335
315.2242072
310.0628528
316.5169409
302.8256538
296.806529
287.6521708
314.4579336
314.0183138
290.5074556
284.7855064
298.8944009
291.5146751
334.5010927
318.9818823
302.1499024
319.8073585
309.9272208
299.205797
296.7100722
279.8620753
288.7732716
294.6508409
289.4653045
293.0444313
322.7002189
332.6825555
338.1150419
314.2311803
317.7117847
311.7738395
339.5929555
348.3423189
312.9557842
310.3564628
342.1380675
343.05374
338.6717976
308.5532307
293.9538543
283.0236648
289.32922
315.1665561
336.5978884
322.6021613
307.854924
285.6449509
294.9695453
301.3389913
301.0295096
311.2616772
324.4891487
312.1184968
307.0328287
291.9363257
289.4578735
282.4233761
269.3018312
292.1613682
308.0420901
298.3763366
292.1615195
275.8602565
269.7713803
289.5848496
304.2295439
308.4993165
290.6622241
290.441614
278.9282151
268.9787385
273.4121743
287.3314313
317.5760694
288.9408794
282.299685
278.2859814
268.7110825
275.4653695
297.4039213
302.8467018
295.093979
274.0470496
302.5103127
305.4173563
314.0316886
308.6723083
312.4694741
326.8840518
310.0038279
303.5374265
322.8901094
316.5553712
318.2315062
335.6127995
320.4862073
323.472461
309.8249543
308.0529261
293.3322315
299.0318065
326.840696
313.6499755
300.3320427
295.4847858
307.3345949
312.9948012
308.4527861
296.7703939
303.9462528
303.9828431
304.0016696
305.1200006
309.4529365
308.3015335
350.7939887
347.4315216
320.8484461
335.064483
335.2544281
311.2316136
297.7594546
299.2961437
299.7581818
313.9991166
289.5072275
297.3317721
282.8839685
263.4086753
290.6195202
269.698419
264.9532774
301.4605342
296.1794037
277.7101914
277.7913841
304.680057
341.6937521
367.0511184
364.4529527
356.8229665
337.3698255
331.6056377
350.091918
328.3464812
298.7375833
296.4509104
310.1729705
301.0336304
277.5804165
269.1194524
281.309254
303.1886577
289.376322
298.5158972
301.6598632
301.3744329
310.0070256
320.4898244
329.8212377
322.887356
315.3773928
320.6814368
313.6403775
327.5715859
305.9539102
304.3817862
296.905572
297.098819
300.5279895
296.4951001
279.6283218
280.9229653
334.8880203
328.480939
309.8829567
308.9669201
300.047903
292.8838617
280.6093983
275.9307423
276.1405072
310.5222213
308.5759903
321.8556377
309.1325686
282.8532126
274.4085147
284.3906922
278.8508207
299.5222899
302.0659179
309.8222631
309.7707455
293.5376319
312.698915
296.3286474
290.0813603
296.7721262
298.1934391
292.8693619
279.3784587
292.3183582
268.3198193
264.9451554
284.3395991
283.1334654
295.9791996
291.2536934
313.8559098
317.6486763
323.1314657
318.1467973
307.5637174
287.368332
294.7145728
280.8270178
303.3804647
287.0782551
263.7129026
251.8328946
260.2882298
260.1352054
275.9472559
284.2638842
269.8577149
285.68159
295.6277104
297.9423938
296.3668708
307.8187942
301.4388395
323.6766048
299.5359161
294.46269
282.3881942
284.9388336
273.0362226
282.4924813
289.1801247
277.03103
258.6037607
267.907677
274.9475244
262.4200345
271.3029718
287.3717371
289.9016054
295.8485479
281.3956272
309.4049548
307.4721047
326.8269956
297.9603417
311.1651705
299.0925532
301.3486229
309.7383845
332.6641375
307.7238727
301.297465
298.8540485
291.8357018
326.2632614
322.9975957
315.3094054
296.0188563
281.5789179
291.8823983
286.9892681
294.0162804
310.1718735
307.1674569
284.168954
278.2729613
296.9920091
301.6034799
305.5086424
285.5670502
300.7712946
299.0557533
309.8047402
323.0753001
294.6466093
293.6942827
310.2317587
311.3623121
301.9395954
300.5487534
313.0572151
305.3117883
289.0928915
284.3472114
288.8775228
287.5479282
277.1374964
297.3117643
314.591405
330.0345551
307.6735962
294.6133526
299.1928685
276.785998
278.7801141
298.9709764
287.4905426
294.6262772
293.0945919
277.1836947
269.9923412
285.7788691
291.6457515
294.986989
313.6590648
319.211891
305.2146695
320.9112891
309.9790781
309.0905122
294.4228351
290.3626533
274.2021879
264.048972
268.4740107
298.5050108
320.4453644
337.7615689
321.7578521
313.4059887
339.5892756
344.3017359
343.7405336
346.398779
295.1426467
300.6869222
310.3887106
299.2381463
285.9080358
273.2059568
286.9065546
287.6159931
301.6702703
288.6463474
284.869881
294.3953191
300.3843801
298.4677986
290.5822434
309.4469032
290.4027745
300.3363883
313.8200481
298.3023166
287.5394065
274.3289769
292.0444047
293.5675467
307.7439192
320.4224205
310.0431727
323.5778828
328.504866
319.7800135
289.9874001
277.9486984
283.8745533
288.1637019
309.9113442
337.9113483
340.8989967
317.3901437
279.4192748
286.7471601
290.1201696
306.6962397
295.7612137
318.2477673
320.2999263
324.0817891
319.4928842
291.9957702
282.2796655
276.542123
285.7223505
286.2323503
285.1366057
310.8590866
320.4137752
306.4753812
314.374102
308.7207278
322.805143
302.1621486
259.7396721
261.5717083
272.0449503
284.8551292
278.7205325
292.6552185
282.2088464
279.7559084
273.6816501
283.2128775
287.7747938
286.1500049
282.3362408
283.6119692
292.450559
287.7746168
282.1369448
274.8681909
271.2653789
274.7301055
315.0057229
311.3548195
303.4704444
302.7217082
307.934299
282.8978125
291.0558621
298.6250375
295.0466792
292.2396504
289.8508846
289.1682648
297.0598073
311.3445224
309.7079204
318.9560318
306.064689
318.5788169
311.0607634
316.1888308
310.5793145
325.323755
307.5106185
291.6896529
302.4373084
307.9526983
300.9523628
288.4479444
279.0343386
277.0366751
280.363299
276.0917821
279.042108
291.3740231
293.8778957
316.3710348
299.4871273
298.9893984
311.5482022
299.4816817
306.7748287
302.0374746
294.8400451
308.1307005
294.4527152
298.7375379
291.4275526
283.8728924
297.413885
295.1418262
291.1739326
287.9373067
295.8032144
286.2419357
284.8068304
279.0199284
290.1824547
306.2683118
296.6801832
314.7753342
277.1049844
280.21421
269.1418421
274.2927619
280.7187572
285.0720554
290.3506507
285.5610588
278.0969785
304.0739556
311.1616301
313.2439995
323.7217565
313.3079456
294.3626481
292.4481724
292.1409538
283.6610555
291.8030009
292.380632
322.8514721
313.7208421
316.4897824
320.6559885
336.1130302
312.25462
295.5719977
310.8634586
337.2955477
316.4602105
306.9959571
292.5713505
290.9950546
283.4483871
282.4127923
280.102484
290.0775686
284.2505796
292.2056279
302.4184586
326.243783
333.2335561
323.5847949
325.1948148
312.4308529
310.2879913
317.4346391
310.9870134
310.8721144
314.2810377
320.7059562
313.9743576
323.0693766
335.4760323
332.9597552
320.7400434
308.7157865
301.3774035
306.9086058
315.6565232
296.1982149
293.0565217
289.2049538
311.2004177
328.8676224
332.8324862
330.5135474
333.4174072
349.7922136
326.0437667
306.0115578
320.9968895
333.3332673
331.0668541
311.5745801
304.6784776
287.9972304
310.592818
308.767873
287.808448
296.227105
284.0403655
277.4795721
285.9408714
305.8305229
271.7666567
272.2896968
286.7236628
307.4060101
296.0464994
285.4531799
289.4723846
291.8944209
287.0407287
284.1881029
298.04368
304.3401487
305.2250077
311.697642
284.5809481
269.2075151
282.4212778
293.6805064
278.4556185
273.8411011
273.8161137
286.6382223
282.5822511
300.3012176
300.5748552
291.0426428
294.9030967
304.4838125
320.0369123
329.2564442
299.9237839
262.291339
235.8376306
230.0896383
258.7569295
286.5850609
306.4166849
295.0900987
289.309779
268.323111
273.0113158
272.2949424
295.655956
286.6208753
285.9039047
290.6092245
275.7491033
277.7883121
267.8328797
267.1691781
276.1002233
266.5064421
264.6617157
289.903265
292.62189
296.3620068
276.3308476
295.6774145
297.0867508
299.7186385
323.0343583
306.9505073
318.6524227
313.1473142
306.2976565
300.5235808
282.7342953
275.4174178
277.6463551
284.4489435
268.0251252
277.7153234
279.8040281
275.0513377
275.6995626
287.2661715
298.0507817
297.6324007
299.0255658
320.7172219
313.7793331
291.4260743
304.2561283
297.4356217
276.8266094
305.2053127
296.4856628
303.1391444
290.0801961
287.9075912
323.3872382
330.0841488
317.377952
309.7145473
298.8416536
293.0746099
253.027055
269.9359153
280.9955777
265.7565886
284.1317115
285.508193
287.9192733
301.7238898
319.4893767
323.1538448
316.2249706
303.650582
292.5815392
298.100653
292.5623179
281.3173949
293.9380308
257.6937976
273.1574278
288.559369
299.9626672
275.2280887
279.4107184
270.5007803
286.216591
293.1804531
310.4175002
303.5774564
300.0491961
298.9241001
293.6884465
304.8167348
294.5972211
283.8581935
275.7187287
296.7111774
305.3715639
318.5722642
293.8396383
283.8230761
286.3893485
303.5994599
289.8126981
286.8457712
260.6921134
269.6909494
289.2973647
309.5888691
307.4373594
316.0976379
303.9032121
316.0432447
310.5980442
285.1569204
290.6734821
287.0709997
273.9957594
260.7184167
268.3349372
277.6226978
286.9550188
293.7548392
303.1919336
306.2262334
296.3173988
298.2312095
297.4298358
268.5853206
294.7073399
315.2429478
293.8096008
300.0511672
289.5622559
278.9234775
281.1805731
279.8959945
294.8997394
303.5616119
266.8182661
314.1860242
301.4903743
293.2135981
279.7218957
274.9572459
259.4939455
266.3934363
266.708722
297.4449975
298.7469784
292.2386458
308.4130637
307.4918288
312.30865
301.7911169
303.0030603
321.0176159
325.2117106
306.1552865
321.1478793
305.9721302
321.2741112
314.6045182
312.5529699
321.4782344
319.5434681
317.5612652
320.8494474
317.7060873
301.8488912
292.0662711
308.5711274
303.8546354
288.9963173
294.0326524
319.860634
332.0040904
314.1997711
321.5839212
314.9636693
277.3467018
305.4206582
305.5584104
312.7507364
307.9892438
301.4890251
292.4720206
291.6167314
294.6343285
280.680713
279.5534176
286.0100483
269.1808002
266.8152052
286.1278367
281.1768308
291.2942123
276.1244294
249.7252511
265.4446245
300.490446
327.7412646
330.502807
317.6373817
328.6577603
316.5858471
318.2314188
296.0940978
285.4403009
277.7498667
292.3508039
293.5324433
297.527333
282.0272557
263.0661681
274.4963037
285.0861983
284.9828174
301.9593079
285.9400582
286.0527978
286.0533931
284.9382336
275.9672803
265.9602923
298.841767
309.4397365
308.820229
300.1895158
299.5330208
295.2532977
298.0017469
298.8375668
303.2818789
311.9087063
297.6283808
298.2946726
305.9784883
310.5410708
298.2633748
324.7253737
309.6560545
318.9730621
300.7178031
296.3162038
295.9107663
299.7783121
302.8533883
318.1024012
314.8259611
316.4142521
287.161306
271.3051918
268.2075049
276.0429755
304.2354031
320.6311195
327.4649903
321.1462101
323.5602696
292.352515
284.0679591
281.7943159
276.6228756
293.9222165
288.6545261
263.1551307
277.3510026
278.4939237
303.2373931
323.3677448
322.5156282
315.9216043
281.4825055
287.7116517
290.5196291
321.5389398
320.1768075
318.6817274
311.6448315
293.9468517
309.6993752
324.0829979
317.0826342
301.6921805
299.7517352
300.4828572
322.1828155
283.737844
294.1263688
287.8445571
291.1571849
277.1104366
282.3958163
293.1062503
297.5288614
303.5173699
296.5146332
295.0132011
303.6510883
266.195854
295.7253657
299.8777802
285.5840444
273.3535359
266.7860554
268.0993035
257.2505834
294.2271472
303.9101234
294.2539892
302.6158631
317.8589068
309.3986454
302.776937
298.1159177
284.8907268
289.6923112
283.5100046
270.0844636
290.7937669
286.8006697
274.7211676
268.2969428
293.2039311
298.1509544
283.7403822
285.4946707
301.2452492
278.5491644
286.418668
273.3904993
267.7391253
284.2420466
271.6748854
277.7218865
269.8571817
271.3952861
264.7266821
272.3316247
301.838606
313.9052221
306.2991113
311.3232498
304.3423444
291.8353779
297.6383383
280.182525
273.9033601
267.7308209
252.7108068
273.6499292
280.795697
283.9754079
298.4282875
300.9253062
298.1624031
320.4660695
293.1620219
309.3199048
324.3991688
306.2978178
294.4968721
306.1351762
287.232074
288.6876709
264.3011477
271.8941827
278.5039466
313.97155
322.039651
322.3133842
333.0199728
341.5555179
330.4805566
313.3293487
298.1884663
291.904286
311.0990965
333.9210355
278.2734116
276.1557503
287.0565001
298.4460259
322.1440859
315.7781576
306.519778
304.0402608
312.9422845
314.8325652
313.1184118
305.7156188
317.3390678
311.6548976
312.021967
302.4700865
287.3424003
298.9200187
298.4380609
289.3228371
280.0542943
292.5630448
303.1134584
305.8817206
316.664627
298.7305775
294.8371818
294.2440976
285.1746985
331.1712607
346.1852178
329.2554912
310.7188586
286.9164654
294.2105513
302.7503951
309.0983609
288.5535872
280.4155493
282.621488
321.1119973
319.3198061
303.9960612
272.7980017
276.6674144
279.8573127
290.5391609
331.7142653
330.8108732
319.9662149
312.7150128
310.5901239
309.817395
290.35485
313.5054879
317.2381378
289.2484299
278.4920999
292.9053702
314.598806
281.3398762
279.094137
290.5291751
299.9565465
299.8251386
298.2347935
289.2467475
309.1181894
304.2123815
301.202726
285.8334178
284.3247012
279.6823286
291.7650279
311.2320807
339.663218
327.3280028
297.9984911
296.3708799
295.4696857
270.4908499
276.9321568
274.1131206
274.3591605
272.1668314
275.2199577
268.161546
259.6317827
262.6311433
269.7503667
277.085313
306.2087609
301.3890557
292.6526291
281.4412466
286.1580984
248.6269462
276.8504276
290.6825661
289.9868851
300.6539149
270.9927771
278.3378963
284.9922333
295.985252
302.1235695
310.4441808
300.4951475
310.2466127
310.3647016
323.1566418
317.4486276
311.2756918
303.0685663
287.2010448
313.4942808
322.4017286
327.6070867
333.9582085
323.1969723
322.8186204
331.5048258
303.2050285
311.4696314
317.9142158
298.4495149
318.5709036
343.6434324
324.0828872
320.4631117
301.0602868
285.896595
272.4639744
282.0318973
278.2005655
270.1118956
273.1668932
290.4190802
302.9876893
331.4734851
301.5139641
294.470716
274.7925395
260.3851775
272.7296284
290.9232239
297.9297207
299.100613
301.6436392
315.3743184
300.8461468
313.8748796
322.8986819
320.8799806
345.7636747
339.4394724
302.970599
315.611855
288.8010024
273.7417491
291.4570181
274.5814534
266.6139262
273.2403752
278.9848017
256.9205607
264.6190139
298.3433597
297.8952704
307.1024523
324.474099
326.8037666
328.9632746
308.7993043
298.4334372
285.9448388
284.4571455
280.5342216
271.5220221
286.4420794
312.9557001
318.3094994
301.1587243
302.17914
293.353552
290.1327159
289.1496965
273.9409668
284.9708318
284.9941443
280.6659206
291.5579817
295.1128202
302.1695207
306.53586
299.4070851
296.7848258
301.9939859
312.0276691
315.94121
308.3354351
304.0698207
300.5427439
304.1176908
294.7106174
284.2710557
295.7339051
303.2343356
291.4265697
300.9731783
297.7459234
294.8427823
297.4480129
311.95422
318.2495863
330.3626134
305.4728669
282.4273085
304.5399785
295.9770863
297.757771
297.7165254
307.7728037
305.3158079
303.3751946
303.8550067
291.9260663
288.0210704
307.3314128
287.4113443
282.7322279
310.6840253
317.0052926
339.1313908
304.3114929
302.4875274
312.2402321
320.728016
286.7385777
293.8553824
295.3920209
302.8968982
295.2153171
291.7856733
290.362592
299.0624945
300.95934
313.9719335
301.0316257
321.4611195
325.5218025
330.1380071
329.8454425
318.1267594
321.588164
322.6635497
307.5318481
299.9501777
319.6921695
301.5317046
312.5737812
307.3903645
306.6468215
306.9095587
309.1858348
282.6133391
299.9071756
299.8518251
311.1045744
304.8797308
323.1851125
333.4036159
313.9150811
297.3716407
279.002708
287.2410694
282.4813209
296.4969108
319.3159803
322.0199114
266.0899549
305.5662014
299.9552324
298.3717104
304.4626691
287.935019
307.7003997
301.012806
313.1515971
298.9482881
294.2144111
286.8240053
297.9438786
294.6884079
288.1705439
296.6380779
324.8951064
324.5999661
314.6178298
294.8242229
313.4217589
306.7814625
301.4843989
291.9869396
282.6397985
277.8022624
286.6986891
296.001212
288.8515251
286.2342644
298.7607575
285.6486553
264.9245556
269.4197981
277.5003595
296.5045254
284.5554841
289.7995013
292.7579361
298.8342353
330.9730007
319.9491929
319.5921088
310.4421257
310.657272
315.3899757
312.0068348
303.2319923
307.2339389
291.6874917
279.3212324
281.8541187
295.5582137
306.8858988
289.8981512
280.6377345
292.3966004
313.9454007
341.1466038
344.8232525
293.4987985
282.0836951
289.6978778
292.2863206
299.1033918
319.8194401
330.4528275
319.9214917
303.8630878
287.0002628
304.4902365
310.9369244
287.5241926
295.9505373
301.0657849
286.2357362
283.3768509
307.3722203
302.8344155
303.3530778
292.9539512
273.0496778
265.0218695
285.0428611
297.4710891
281.4306796
271.5218787
267.9234462
293.1133757
306.8258801
292.7356349
277.7601921
308.2274451
310.5202181
293.223032
268.8360987
276.7871934
305.7630161
292.7934251
291.4926342
)
;

boundaryField
{
    xPeriodic_half0
    {
        type            cyclic;
    }
    xPeriodic_half1
    {
        type            cyclic;
    }
    yPeriodic_half0
    {
        type            cyclic;
    }
    yPeriodic_half1
    {
        type            cyclic;
    }
    zPeriodic_half0
    {
        type            cyclic;
    }
    zPeriodic_half1
    {
        type            cyclic;
    }
}


// ************************************************************************* //
