/*--------------------------------*- C++ -*----------------------------------*\
| =========                 |                                                 |
| \\      /  F ield         | OpenFOAM: The Open Source CFD Toolbox           |
|  \\    /   O peration     | Version:  2.4.0-MNF                             |
|   \\  /    A nd           | Web:      www.OpenFOAM.org                      |
|    \\/     M anipulation  |                                                 |
\*---------------------------------------------------------------------------*/
FoamFile
{
    version     2.0;
    format      ascii;
    class       volScalarField;
    location    "0.0007";
    object      overallT_mixture;
}
// * * * * * * * * * * * * * * * * * * * * * * * * * * * * * * * * * * * * * //

dimensions      [0 0 0 1 0 0 0];

internalField   nonuniform List<scalar> 
5120
(
305.7134831
312.0507289
307.442346
300.1987234
298.8630226
291.5652284
293.6045481
298.6820035
287.5562137
287.2436129
286.7052583
286.2661198
278.6659829
286.7360415
299.945948
296.0398692
289.9832579
296.2850316
294.7196555
299.7707473
289.6205852
293.4091743
299.0898616
289.1141789
288.6550499
307.3211874
302.9236502
301.8176685
306.4164381
308.4934699
304.3237345
297.459982
300.6004247
301.011684
302.160561
299.7940742
306.5253453
309.8307789
295.5379138
282.9487356
286.8030262
294.0350753
294.4306181
298.7282013
303.7459467
303.9920903
299.2778188
297.203126
299.7999451
299.2350849
291.7725662
292.2433839
299.7946673
299.9096478
304.2566269
302.8388082
310.6667547
302.2964486
308.8650386
300.4314125
306.8945913
293.9990975
299.5179463
302.6222565
297.2265459
292.70479
282.7363437
292.5751651
294.5633166
306.6657985
306.732628
312.2023731
311.2955729
309.1688358
299.8121957
294.1841502
296.3131893
295.6867716
297.8285093
311.3545986
293.0651409
298.0894195
310.4497794
303.816659
290.2376004
292.7900633
298.7054847
302.8505477
297.0394582
301.6382667
302.8345233
289.6923961
291.4286827
290.204719
293.3569659
288.4694668
294.8252789
297.5130057
307.8085116
299.080107
301.2512632
309.329482
307.7649366
305.2146355
302.7988416
307.2903104
300.586243
300.469141
297.6232536
285.3173896
286.6620395
292.983625
295.2280793
302.3902603
307.0448025
311.714718
309.1684189
299.8811193
306.2902592
303.9556694
304.0621002
308.4422117
299.9571945
299.7616114
296.7956413
300.1548591
299.3508845
290.0290549
292.3430533
305.3761002
299.5558666
298.7058123
305.1357682
305.3597311
292.4267553
289.8433744
298.9488921
310.6809755
307.5988335
304.578142
283.4501327
287.1364543
292.5697215
298.891191
303.3653364
307.8793912
314.9698852
309.8525824
314.8646761
313.1881132
314.855291
302.449284
294.3312342
293.253852
310.3950857
308.1939645
293.9616695
299.0024653
303.0048908
298.3218179
312.5717813
306.0515945
296.8844741
288.4771224
288.5006827
294.4560986
305.7294106
315.3704428
309.782183
301.2999312
294.3548537
290.5415303
296.7764886
289.3848032
288.4455307
297.0509346
305.2242005
302.0105297
297.2884591
304.3898335
305.3654404
308.2334242
299.7275884
301.0698703
309.5380362
305.4107211
299.0736103
298.5928907
303.6023251
312.3131845
302.2389052
299.4499799
299.2157806
304.4717725
314.7666966
317.9265453
311.2931132
313.8893828
310.0827236
304.3265919
308.5299418
306.1307652
301.4255221
297.9831362
298.0104064
314.8085078
321.689871
322.363999
315.1530639
320.9350724
319.1028702
313.8598038
317.964555
315.3634956
306.2687906
303.5587672
310.0615389
309.525661
299.1206247
305.7291862
298.5419102
297.2776619
307.6892357
307.1948611
309.2055395
305.8752576
296.0839809
300.0586126
307.0259443
306.3974656
304.7047609
303.885076
301.0588194
303.1427919
312.0815394
300.948322
296.2584875
299.3294671
305.8701067
289.2236285
299.5073178
301.64587
294.9322978
304.2630818
309.0452034
309.0554166
310.1786267
300.0799496
302.1281426
299.9611866
288.3539367
304.6669958
315.1897863
309.412263
309.6821842
314.4353615
310.564715
309.1411487
309.3944109
311.7066654
301.2368448
301.0167852
305.6767829
299.7590138
288.1832078
301.1965877
302.4130846
301.8397676
304.4167669
303.2954178
303.2977856
314.3240557
309.9716423
300.531452
306.0356119
298.4667322
297.5172181
296.9483951
297.3324942
291.287536
294.3641935
298.1584647
293.3170367
300.8710484
308.7292399
298.9619549
300.5446092
310.3383376
312.5859202
307.4625497
304.6302163
306.0775323
303.4456189
310.8419317
306.3035091
311.0816638
307.8367283
306.7272494
301.0019382
296.5561115
292.2137263
298.9989526
304.633116
302.7412896
299.5968558
301.0767895
305.4825596
307.542866
305.2200215
306.4546119
304.4913538
311.7534364
305.5995093
302.44567
285.4188301
284.3234059
280.9846844
280.7694393
280.3114558
280.4864739
298.5046697
294.5375256
296.9837653
302.2965913
301.4016968
303.7370956
292.6243617
287.233751
290.618982
293.883559
300.1280834
308.6530194
305.4911217
302.8106627
304.0160791
297.3204516
292.7855934
306.4413318
299.2060274
298.9819318
313.5033492
308.3476845
308.115557
301.9012273
294.4542935
295.9024057
293.3694723
298.4915966
298.4796677
301.5681262
300.0683306
301.2669208
303.9095029
301.7102294
295.3148277
296.9206747
312.1778685
302.3848874
298.1885873
306.7982929
282.2015975
283.1057643
277.2070014
281.3774087
292.2877739
293.0187566
298.4884988
296.4420102
304.1640686
292.6729379
287.6493194
293.5166187
284.9329946
292.0531812
295.2622138
297.4447398
293.5278062
285.4507748
283.1298616
277.4920126
302.1927131
307.4518509
298.0088265
306.6564469
303.5089561
296.932812
294.7115381
293.3557473
290.5770565
294.0992043
289.1613208
292.4559569
290.5933512
286.9209437
286.9119598
290.060083
287.2115069
292.1294082
292.0176538
293.7891395
307.6709029
301.7153894
299.102546
290.0119592
297.723178
300.7433345
297.2467352
294.1824614
292.5933959
290.8996774
294.6558486
287.3087766
287.9165889
289.9270692
284.6356345
294.2074604
289.0491155
288.521175
297.9695927
304.6698791
309.2249466
305.0451645
299.7739317
301.6850992
301.165803
295.6471724
304.2863952
292.5898484
294.1967568
293.9750944
297.6192088
303.1563975
301.0145369
307.6215223
298.0286473
300.6966477
292.0412394
287.429897
292.359305
297.2323973
292.2766831
297.602308
300.8165233
306.2393835
304.8697336
302.326243
295.9072721
299.7279485
299.4043417
307.3848235
315.6980478
306.4895669
308.8131615
304.1882363
313.8806413
308.0496688
309.7722855
293.3341825
290.8952917
292.129339
300.8353454
297.3591002
294.4845716
294.141848
302.0517933
297.1630091
298.8460576
300.2624127
298.0887326
297.3948887
300.1224784
308.6896236
308.9093436
303.2106438
303.2710967
299.0631885
300.4975671
300.4377031
295.9351843
291.8267136
286.4117332
302.0578205
302.5051662
289.618401
297.1456893
294.9546869
294.6958953
302.5859243
307.252968
301.5964218
309.1495024
309.7676615
301.611803
308.4151653
312.8794631
312.9361066
306.3643131
297.516239
292.8468054
289.7429613
306.2259093
303.1529241
319.9146188
324.6097382
304.0459715
297.1156433
296.6092305
291.3993043
295.1004542
298.2059868
304.5009885
310.4451571
305.5787455
297.5629742
296.3003074
290.4663809
301.4371672
301.0298066
310.7518162
308.5834405
296.7184875
282.5438598
282.1864852
293.0073839
299.474803
300.1890945
297.9384992
302.2017533
311.2589795
302.5391388
318.2020861
303.37626
295.4088235
304.9650951
304.4249781
302.5699593
295.6698739
294.9980699
303.0831376
308.5948868
303.4608457
316.7295841
306.2719279
298.3791935
299.7999141
304.0862944
303.3604932
296.8960329
291.2928562
290.9504133
301.7887967
304.0535829
305.931435
298.2828541
299.4320665
297.2415499
300.2385008
287.4738528
279.5618106
287.4287955
303.5171426
301.322255
308.4127747
311.9802962
311.0565618
311.8135176
314.442999
301.9929162
295.6680553
301.0264097
299.3157206
309.8697923
301.047193
293.2124971
291.1523089
293.0297809
298.8416924
296.5025168
305.225917
308.7000406
302.3478
299.1402807
300.9095146
302.6896703
298.2072633
300.0089598
304.4091353
302.5496266
305.6060008
305.3009896
303.9929053
297.3039618
299.9629506
304.6372388
305.8324824
310.4764574
310.6577254
302.7989036
301.3745512
299.6562048
309.5267402
316.074174
305.8934968
310.7167318
304.2308278
301.349279
307.8570083
301.451039
303.3357211
306.0536243
305.5046925
296.3874128
317.4834407
323.2127885
308.6441937
305.1944512
302.1658107
312.6558069
325.2493144
326.3007541
315.6206462
319.3165933
313.2375043
304.3162436
309.708063
298.9311103
305.9457267
307.6975577
302.3139257
300.670743
299.8352377
298.9154891
301.2702724
291.0185435
291.3009879
290.6739464
294.3394695
296.2751044
302.2702838
304.726087
293.5623953
296.5456768
295.1125248
300.81036
300.8348635
299.6652852
304.0180123
306.7754216
309.9629556
314.2080918
308.4542687
303.6799886
308.264718
307.5226048
292.2247269
292.7802682
291.6278102
289.9809277
295.1447645
294.7114682
299.9410341
296.71939
300.7785826
310.7961971
317.7737188
324.3193664
314.7393087
309.3565564
309.4838861
298.1242254
292.9741103
291.6431693
304.4286299
307.8520787
311.5700052
307.3413143
307.3969367
306.3852108
307.9255316
302.7410648
299.1542646
286.7554052
290.3918488
296.5283126
293.3254948
291.6416295
294.6045627
298.6234415
290.1087846
299.8434049
296.9531285
302.2573037
302.5327213
301.939733
302.1112451
313.8155607
299.0524129
305.9252937
309.1554814
303.1228043
305.3528554
306.7080522
305.816936
291.7560265
294.5035661
296.0819048
291.3763142
295.7668334
301.7669175
302.5122909
294.130356
289.1022592
296.5663325
297.3398871
307.0824178
303.8835592
314.4894592
317.5364692
315.0549242
312.1049249
294.3081769
289.7304558
293.9929263
280.010823
279.3643572
277.1539237
284.0935897
289.5570264
293.0017789
297.177492
297.1831166
294.1326924
289.9283336
287.3573405
297.2617422
295.0600423
296.2095188
298.1773603
298.7108067
288.851492
292.5427708
292.0937067
283.6399613
294.8131039
295.6718298
294.1084573
286.2688294
287.9643075
291.3209624
298.497104
303.463538
297.6072005
293.3533072
294.7176544
285.9834078
286.7805907
293.8626043
296.7475816
297.0537705
296.3010419
294.8989169
293.3293279
301.9891726
301.3504451
295.5169493
294.3047351
295.3222528
319.8814143
310.1280143
306.7052757
302.1244671
305.541392
303.6246484
291.013413
306.3601293
307.1942605
299.5043805
310.9371306
309.3944939
296.9051003
303.4724018
304.8770373
291.3422318
293.1397686
300.734662
299.1215648
291.6226436
290.1294217
286.0168094
285.0021416
294.2069989
292.074292
290.0981401
295.1040569
290.8991491
291.4296366
296.0829475
293.4900225
292.3873763
295.6681184
301.2178215
291.9101499
297.1037137
292.7608243
286.2233567
293.5035154
296.7324022
296.9525322
293.0130467
305.9056153
300.5245297
306.0253727
306.0046675
299.8290442
299.7570375
290.192509
292.2562004
294.2316846
297.46215
296.5616853
295.7935099
301.037233
300.2072574
297.3834062
300.507269
300.8785996
296.2572252
304.3511821
304.6857961
301.3117369
302.1438708
308.5077508
309.2971883
307.4890171
304.8629532
304.7091208
301.5518107
305.2198401
292.7984683
286.8565964
301.380113
304.791582
306.3628706
306.1566408
306.5980295
311.2932403
309.3522155
299.3113222
303.9386505
299.3301846
282.4175316
285.288671
295.1225991
296.5950993
295.557071
293.8756149
303.7437168
308.5932308
317.5070446
312.7813958
317.6069093
311.9036459
308.4958895
309.1815359
308.6440493
302.6798256
310.8561393
302.4059248
306.6447464
296.1293996
307.695348
312.187029
311.6191555
315.5282168
308.3663535
319.9232767
305.2891944
297.2201027
291.2164028
294.2859696
299.7029338
306.2854797
292.1668133
289.1068647
287.7599139
292.7756403
297.0226665
303.4330107
301.2214865
297.5385101
301.7793998
295.5689472
292.4486529
293.2761809
282.6690749
283.6276823
300.7988592
306.3223389
313.9375705
307.4145208
306.5986725
298.5900091
301.5476392
299.0858524
302.2514379
295.4799061
281.0918019
298.2035039
307.4305207
311.7848679
306.8510142
305.2566888
309.7646312
305.3867583
310.4648796
303.9254063
303.3341284
306.4424324
309.8882365
301.5080062
303.9418998
301.4233554
305.7172161
302.8960123
301.2678421
305.3421981
317.2613931
322.7623092
313.4592822
310.6532437
310.6453229
308.6324905
294.5418404
294.1641536
292.7699478
301.4372876
306.3698984
302.1382363
301.8838283
303.2200861
291.0869319
289.6734142
307.1443939
306.3599422
299.8463229
296.9340558
290.0758707
294.8320771
296.5007293
302.2923145
312.4908332
321.386609
313.6233897
307.605707
315.5179871
319.3709316
312.2757613
308.407968
308.7153572
298.9161249
306.8295551
293.3521925
288.5851014
284.9528154
285.182304
286.7661525
292.6556583
304.2201174
303.1828786
293.1334097
295.7303564
311.1411572
301.3760717
306.1013229
306.450062
294.9443035
295.9075306
295.7086983
301.298319
306.0402546
302.257304
310.2326019
312.9156955
310.746447
310.1982287
308.4961377
312.1394837
319.0823566
316.6780001
326.2747497
328.094962
309.225787
315.099978
305.9572317
304.2597509
305.0589276
303.0135386
308.6203644
299.7224368
300.1534474
300.326619
294.685804
295.5760924
292.7277104
293.6713858
293.1061122
300.0654678
303.3632122
310.01383
302.7910766
309.798418
313.3787043
305.9221729
304.1337955
307.1722741
308.0233682
301.0328344
291.459503
296.2187538
299.1311852
296.4367523
304.6932211
299.715842
305.7248444
300.8993535
305.3497372
301.1412059
309.1546932
295.6776307
290.0395308
283.0630559
293.1603106
296.1824751
294.0453001
287.7032746
296.5868873
301.3322409
305.9614866
300.6614757
298.6789283
311.9586967
294.75987
292.6374371
294.8511615
300.1576615
299.3004178
301.4789523
315.0254087
316.2675207
309.7626521
308.5329693
303.7515933
306.4967395
307.4334382
311.490703
314.3697662
308.1224459
294.2498079
294.8168327
302.0777821
295.1903435
299.4832785
297.1484315
296.8510357
302.2982517
309.3419356
299.7417984
291.4672235
287.5438232
290.4322311
296.4649467
307.0168992
300.9231849
293.1089166
283.8063237
296.520715
302.2661259
312.1798258
307.6453535
291.5992686
300.383165
302.1234159
304.161644
307.3172784
303.0560903
303.0968813
307.6220011
304.1586183
302.510681
300.8394881
300.3830717
290.8762091
294.2306127
289.7632317
288.7401047
287.8955572
296.8116345
298.9146206
301.447087
304.5323898
292.9217157
294.5685166
295.3040472
294.2009548
294.3178827
295.3848485
302.9630009
309.0243966
307.42918
306.4304947
303.940427
310.7344914
305.674116
300.3043166
307.5319476
298.9824488
292.5724795
289.7451792
286.1014933
290.0453611
302.9527629
298.0116038
296.0410165
292.7817849
286.2586884
284.9649051
295.8929127
294.8797421
300.7505488
298.8878317
304.704877
299.2038142
299.7994846
297.6417877
300.6416681
311.3998554
306.4471172
296.0879794
295.6165908
300.9919727
299.0913939
295.9888776
291.5781936
298.0677596
289.0835032
275.6174107
275.502973
282.1037618
284.7636628
296.7038373
295.9509415
298.7518983
297.438841
304.228074
299.3469989
298.8951111
293.9349657
299.3874238
300.6242144
299.9598278
280.5032758
283.2303775
290.618272
285.6765557
290.5012398
289.1097984
293.0091846
298.5558528
300.5300405
304.1447895
300.0048326
295.5409751
288.3223084
290.4543282
295.1443125
300.4443509
306.2205238
295.5880621
289.4143053
284.5550604
295.2462887
296.7200488
296.8420538
299.2470444
291.8847834
305.3107621
308.5827106
305.815903
302.751652
311.2690437
309.249389
308.8457034
295.854497
302.2938622
307.4744959
300.0690864
297.2879303
307.8236529
299.2310075
301.9938009
304.8572524
303.5299399
301.519683
299.3629673
299.846037
302.8086993
305.2331049
296.6067723
295.2076771
298.4625043
300.749938
305.1440634
306.9265902
298.3403986
300.4692914
306.3952186
309.1537747
308.3355913
312.239284
317.6835255
315.6460269
316.7063241
321.8995519
317.3758049
307.6851671
311.8433379
307.8124156
300.0125806
301.5569703
305.4016955
308.323193
305.3545745
299.9797933
308.3636928
304.6536392
303.697438
309.6896718
308.4830925
306.9072593
306.8469814
300.9164483
307.1450164
290.6084863
288.1837498
295.5456698
306.5305084
301.5931796
306.6060942
303.9951523
299.6105642
302.1628033
298.315648
303.8499324
299.4161916
305.66553
304.6915417
301.5482643
296.2762178
303.6426356
304.6901818
297.2947396
300.9721191
309.5586251
304.1354591
307.8052556
312.3961708
317.7896255
311.5397484
312.6608327
312.5801487
303.6450414
298.4086461
294.2431619
298.6734139
298.7437888
296.8669001
309.7510029
311.7237688
303.0675258
292.1707711
301.3185538
291.7134347
293.5324363
292.9099098
292.3615439
297.4291591
291.7506262
297.2935314
298.95103
306.7608314
312.7621452
313.0830043
304.2119556
307.9139448
298.4068758
305.5209158
305.6558327
302.4014908
305.5436099
301.8990974
300.4821934
297.363774
302.1001366
296.8509266
297.5275761
299.1089488
311.2289705
312.6204881
314.1379239
314.7517676
308.5616398
305.7728072
301.3965021
297.6191944
300.214859
292.1328205
301.3553905
302.0123987
298.076897
295.5287219
311.2236731
308.5515404
312.9035221
317.3623824
313.0625097
300.55427
296.8361443
292.7803076
292.7598854
298.4414211
291.6440353
288.3588481
292.1616521
288.7190367
291.8177968
287.9968969
294.3231892
287.4776248
292.6836124
299.4291587
292.2803814
295.57783
299.2782768
299.0991326
298.4322607
306.6348825
296.6706718
285.0430012
287.7398423
292.3027794
289.2743102
289.0440454
288.2834522
292.394073
292.9304637
291.3359084
285.8555169
287.4190716
291.0279792
290.0384131
302.3125823
310.2221849
300.0282803
297.3288476
304.4307719
296.58109
295.6819576
297.9751061
293.1136872
296.4989571
302.0690022
292.0036753
296.994029
288.2472306
293.3400026
291.797337
290.2789671
290.7857619
295.1602526
291.1637747
295.1764383
301.3358086
297.8747364
299.4627242
310.1361598
304.6587945
305.2032821
307.5649675
303.1408501
298.5431166
301.8927052
302.4990253
297.6539376
301.0953194
295.0962154
289.69124
295.4506531
293.4352511
276.8526216
289.9950802
302.1831539
305.1326741
309.477993
304.8319361
309.0936797
310.1631741
306.9491408
296.7063481
305.0593185
304.7638049
299.8287954
291.5655769
299.1685111
312.5316998
307.2430934
303.6056884
302.8235336
297.1928824
302.3543699
300.3652041
299.6400589
294.9808568
302.3465417
295.150409
293.3524964
294.7441192
295.9428987
295.2708353
301.5190933
299.5647361
288.2076707
286.8458453
289.8280074
296.7479184
305.444502
304.6384428
305.0528588
297.752338
298.6556726
302.8167268
285.7747457
292.0585707
295.8351131
303.2212973
305.4494166
304.409842
295.7473629
295.3539457
290.939524
290.8560154
295.2521011
298.7593831
295.4572278
288.4360763
289.4140266
292.1745465
290.5410775
297.0628538
285.4569529
280.4700791
302.4845134
303.3737622
302.9371022
300.3250248
300.4877463
305.1202514
313.5228181
308.0812539
290.6537521
289.361312
303.0265911
295.9561627
298.2572513
293.4324811
294.2263283
300.9078732
301.2145246
296.6364426
312.5265095
308.9050813
288.6884602
282.0926785
281.862454
288.5772401
287.4803311
291.300833
282.8776832
279.3534477
285.4733998
284.8226166
283.2995959
295.0937636
296.5099803
291.3853616
285.7772563
298.3254556
294.855079
301.616086
292.1823444
287.0774713
296.0446467
298.1591903
300.0899294
292.8748471
293.1196797
295.8112501
307.2967508
306.4596967
296.2128367
293.4867483
293.5465954
290.244393
297.1670031
300.1899868
293.7280996
285.0651644
288.4559612
295.6074385
300.5454604
302.5779297
304.2650691
308.0542816
316.8196462
323.9082228
315.7567666
306.0854468
304.3288067
311.594487
313.7068947
305.2895668
303.1976867
301.4010843
296.0381231
295.3844079
298.5927596
291.0179979
295.2162535
293.8095184
297.3413816
295.7339075
304.2232566
304.6431614
299.9104464
310.7444234
315.3881154
307.2239322
302.0738498
297.5155603
290.8643662
294.0335543
303.2084602
294.5550362
305.1635972
309.755481
307.8219963
318.4819755
297.9631816
307.0271612
304.4920976
303.4013548
318.9515361
315.5066174
321.2812294
307.3883272
305.7419961
308.172559
310.441923
309.370849
302.3891752
300.5237141
293.8400273
305.1572701
308.704915
314.2362398
303.7029161
298.5428482
299.4519847
303.3222995
308.7328118
315.1391545
307.9195913
303.1584778
308.5137221
321.4562497
310.2462929
308.2877741
305.3061711
293.3401788
293.6108098
302.914437
312.0792213
309.316154
307.1319002
307.9035913
309.3442017
304.776042
307.8462011
304.2313661
300.3819361
298.2314594
302.0317569
304.2227833
300.3357614
294.560044
291.8443861
293.7658302
288.2542705
295.3177631
299.4932922
294.5517456
291.1752169
284.9008118
284.7930464
293.750445
302.0559589
292.9487256
293.2069015
292.7825559
290.5675654
296.510444
304.1729189
307.3235274
307.6751311
298.7891119
299.1741845
305.9137271
307.0577638
293.7109574
291.9529304
289.0291268
290.9203576
289.5096502
294.4309879
293.1462518
295.5515612
292.690768
301.4847522
302.7006259
308.8292162
312.829387
317.3894367
302.2271982
301.8418271
304.9430256
298.4052058
289.4947775
294.947428
292.9305272
277.2136629
270.7672933
277.734656
281.1225662
296.00633
306.6281287
298.492033
304.2353343
302.509007
299.4546772
307.6166457
314.5390254
304.5959009
310.6647798
305.9383849
310.9182525
315.8556565
308.5984866
291.1295359
290.2960107
288.1059695
289.9644808
293.048972
290.9554498
289.2908652
295.7407118
303.8358495
299.6802371
290.0328124
296.0054995
316.6788411
307.2392396
299.1617826
296.4986986
301.477458
294.8917306
279.2906809
280.1518836
294.5250699
297.8941441
295.2018381
289.534616
283.4311382
293.8286648
308.6492961
300.0668642
298.585158
303.3297712
313.0530942
297.8700212
293.4936637
299.0871327
289.2959931
283.7969396
283.322463
289.3789002
289.1604938
290.0792972
285.7709682
298.3103194
303.6167518
310.6520203
307.211812
298.1714029
287.6615625
288.9007878
295.283514
300.9806153
292.7733126
297.8690597
291.1329534
290.8984001
299.8734013
300.2858641
300.6473874
301.566361
294.4825826
293.5566397
296.456086
294.7091564
291.3106583
287.5333037
292.3862093
305.5122296
302.0664024
300.8599244
299.7851733
303.3241162
294.9183309
306.1975776
306.0311252
299.9587831
298.7176479
301.0475781
299.1865968
299.7038692
294.331975
292.0305164
298.6325697
298.3300135
295.9255273
306.7449111
300.1696238
297.4253216
300.5655929
293.9230387
304.2922543
302.7991394
303.5328285
303.5290072
299.7400104
298.9749891
308.3634917
300.1319039
303.8397584
306.2216952
308.959323
304.971713
298.9928187
289.9222132
284.5414869
287.5304408
296.4200137
302.7583087
306.1772474
296.8454625
296.7412147
289.7566528
291.6056974
292.9437528
299.6615296
312.5288314
306.236531
302.0466212
295.6155986
294.8638814
287.1667223
278.8749186
285.5850886
287.2586166
298.0743395
290.1572798
280.4081032
291.7442821
299.3425925
297.7736168
292.3143241
291.3931985
291.5857245
286.3192076
291.4815132
296.6106534
300.616515
300.3333203
299.6584736
290.7752549
294.4009649
291.2926928
290.3794755
297.0559368
300.3382028
296.9536523
304.3578649
302.5362034
305.6134413
301.4490942
297.2841456
301.0848514
294.2827139
294.7595826
282.6911813
295.6497537
303.0223978
305.4345214
310.9204984
308.1484468
312.3426944
316.0528357
307.3356097
303.6397613
305.2423704
305.3906628
310.9656686
309.8041552
295.9019999
294.5629805
295.6573667
293.7251373
283.9763601
292.1682727
299.7042849
295.8331722
304.2200315
295.9849156
290.644603
289.4532387
296.5303525
296.3875107
290.9484894
292.1243484
294.8859108
292.2901218
289.937088
288.8373962
284.6510385
294.685094
298.5311908
302.8017967
302.0324303
294.0427782
296.5059827
301.0886896
306.8535438
303.7117412
304.4132776
301.3217067
303.2014385
300.8791206
295.7209966
300.0343413
295.5735333
303.4046019
307.2053259
298.3031067
296.5444442
293.0054372
290.0928255
305.0798443
299.7336701
294.6123705
305.7455916
304.9311843
302.9148033
311.6083233
302.8625283
303.0549611
301.9354811
311.0460138
309.7994571
295.113374
306.8678052
304.0451169
307.3371015
305.5179214
311.0230298
309.9229171
314.4558842
308.7342567
314.2267045
311.857219
316.413417
314.6964924
297.7346273
296.3778195
310.7448196
302.4688884
306.2565397
305.6096845
309.7059861
304.7644796
299.9702293
291.5341969
293.7620067
294.2909381
300.7380951
298.0038626
301.5248906
312.8369766
315.5243554
308.1683262
305.0872182
307.3169562
301.542897
294.2368411
295.2514984
297.6590275
305.5463106
300.5911397
303.894975
298.368395
296.0258558
303.1494359
308.0896373
300.271271
298.8712614
300.7890014
301.3440315
303.2418302
311.97539
310.1577692
296.6452016
295.594112
289.4057634
288.0083349
298.8548484
301.9630698
291.1776953
288.2836411
289.1019278
308.9996246
315.2916312
309.2453214
299.0398848
293.384282
290.3265556
290.215229
294.7268672
303.3935149
301.1807464
305.1344256
299.7844464
290.7161705
303.8465345
314.8203044
310.5853244
312.8432468
314.6372142
312.6892022
306.6211874
305.1425953
294.6418106
286.3402611
290.2822906
308.2031847
306.3596034
301.314794
310.3074837
310.2606862
295.2189977
300.8211891
297.7732229
290.4083864
299.3164282
298.5697692
292.3296532
294.5310897
308.3202792
301.2170124
292.065779
292.2978135
299.1150152
299.9654558
296.081258
298.1655833
305.9119839
300.8988081
296.9616477
295.8244026
306.1727467
312.4395176
301.3888974
300.8540404
310.083317
309.6942288
295.6916662
289.0300652
303.7904265
317.6102051
305.2753468
300.7648717
303.8768049
309.5796954
305.3302259
306.2209694
291.1589535
289.4470961
295.6786275
304.6937006
305.2922184
306.0239098
312.6480279
308.9900171
285.7006876
280.5046854
289.5049366
299.0282535
299.9629257
294.3090306
297.1582157
299.4698431
298.556971
297.9600017
298.0877181
295.5534065
300.3512314
305.9695311
301.2148364
295.7689373
305.4133765
306.5317463
292.7359516
284.4874148
296.2160306
291.5717765
295.111622
293.0540862
293.3467806
294.3758644
302.0045234
299.1514915
302.5615418
298.5975901
292.4576407
293.1093657
300.2935824
315.7384228
303.61881
296.275486
296.5574928
297.1955774
302.3341856
295.9613843
303.415578
305.7820943
306.1635219
307.1606245
316.869316
320.405189
322.8435205
311.1939677
305.1094384
299.8310053
303.9560142
295.5726307
297.7075476
303.0211997
304.8712325
302.9875344
302.9936912
297.3563861
298.1194692
302.0450116
311.2162104
314.8265748
314.0900355
309.6237671
306.7006391
307.875716
308.4396129
313.2412984
324.0829143
318.8991729
316.2745265
316.376201
307.6145209
295.8394484
293.8330947
287.8241549
306.2825229
310.9746229
315.6936578
313.1592
298.0723275
298.7508195
297.9753208
296.0319071
299.2930278
300.3549282
301.0836545
297.7587016
293.4633628
307.7201966
305.7321199
297.3085267
296.7869865
299.6452471
300.4150266
294.6668301
295.6244102
298.5859283
305.5006448
305.4334854
300.1432523
298.5059867
302.8991563
310.8992451
317.2162643
306.3279231
311.2133334
311.6036222
313.6735957
305.0405219
295.9671021
298.3141754
294.3515739
287.6096025
293.910798
301.2512235
304.280376
306.5229288
303.8570964
300.598296
301.5056393
307.3744682
299.1711897
296.2253182
292.3185551
294.3291008
297.851547
295.4895333
287.4317124
286.5509479
288.6908925
291.5624927
306.6589547
312.3877249
305.20873
303.1678147
304.2828944
300.8978939
305.7905463
310.4513285
314.8606671
315.1327975
313.5753071
311.1908846
302.649905
305.992218
307.7335228
305.5825047
306.3062578
306.6127349
300.1738868
300.4673885
294.4811296
298.7974386
299.9652892
309.4296106
302.7163712
307.3092585
300.665931
310.8950419
293.8228545
299.4882903
297.4932739
301.1114378
297.6657497
296.8106956
307.4388618
299.1413213
291.5321797
291.2220369
292.7116542
291.2445793
284.9527991
279.6675721
289.3311172
288.9399074
285.2758559
302.3279315
306.2712557
298.4403005
307.1634697
300.1460474
297.9845272
299.3149916
304.7693904
298.7460025
297.9466709
287.2133008
288.4433355
293.6429802
300.6020763
303.2650523
298.8624108
297.9006732
301.231039
298.410037
298.2761745
288.2913348
290.5546454
301.4513396
314.4540178
306.7804927
303.1039815
297.6719064
295.868933
299.6186026
298.2910966
298.7383915
306.8539899
305.6641833
301.7411334
305.0504613
307.2421451
306.5580199
293.1936246
299.0684269
306.7009586
315.6097486
323.227665
326.7531933
305.9135855
315.953586
312.4837658
308.3219605
312.4897572
320.6519791
304.132308
302.3235563
298.6301641
297.6531538
306.0887902
299.7006021
302.6070011
306.1734006
304.2695799
303.4422096
299.2604635
299.0132869
307.4448369
312.2969477
298.3295906
304.5644238
305.2540376
299.9543855
299.084381
306.8041857
302.635976
303.5385289
305.5629627
299.3292669
313.4882222
306.0253678
288.3771067
296.4100821
292.4569595
298.5457215
304.8154371
303.792213
309.3880934
296.9538148
306.674853
297.7632404
299.5178092
290.2686389
300.2732515
307.4476582
320.9212963
314.7882219
318.7553837
314.5156745
302.4386002
306.8811102
324.9597839
319.4274601
315.9758414
309.8798824
314.2585866
311.6286313
298.4976762
307.4068697
298.9177873
301.3014682
309.138361
308.814257
307.073982
304.9041656
309.3198532
311.0740535
311.7369631
329.9672652
317.5951168
317.4135039
302.4042528
302.390392
305.9101777
307.9609258
302.6948993
298.4811344
306.5154128
296.900849
311.9797834
310.3555657
311.6885676
297.9001614
286.2614574
280.6004937
284.4849907
289.7787915
296.2461208
302.6659612
309.9064431
319.6287747
328.2710334
326.1599117
328.8429129
306.8909717
304.496777
310.5508014
310.2414357
311.0854934
289.4996706
293.4579099
295.4656207
299.7213413
298.3317224
296.3172689
296.3060373
290.4923093
293.1658179
297.8093504
306.2608846
300.0897842
296.8490409
297.1963891
293.3485913
299.4270721
301.5813635
292.963597
294.5017468
299.0893612
296.2976463
290.9168282
285.3441661
298.0715474
291.2730839
298.3795106
298.2677417
308.5480961
302.3864058
302.1366007
303.4120906
299.5001244
302.4155563
303.4677622
290.2551967
296.5456117
281.7709561
286.8689874
289.9243963
286.6116045
296.8332971
294.2758454
293.6827868
297.4738378
291.4978797
286.7774185
286.3063485
293.7801693
304.0334708
308.2639466
307.8249923
310.5518086
306.0111837
308.431876
318.2415357
321.5765192
311.024779
299.5326823
297.2297658
299.8176129
300.0835796
292.8700271
286.3117312
290.9658109
302.1380177
299.6818636
304.9631654
309.3646619
300.9534345
295.5108914
305.2910566
299.6811286
295.5859434
299.6956987
295.5430785
309.3590691
309.8490132
313.1168895
300.7203499
289.7897149
299.1934483
293.110307
300.0413617
292.5326153
294.7809636
297.4807999
300.7961171
310.2537659
307.8824804
305.754934
294.589784
297.9435792
301.1279317
298.7576922
298.3819975
299.4924255
298.8953566
299.787157
293.9895373
292.8673723
300.2205133
305.3831557
304.2330761
291.5337253
294.7018146
299.7629053
299.3497029
288.9630035
288.0600226
287.3541681
294.1105406
280.5763747
287.072089
286.9367744
280.0206329
291.4724734
290.3928512
293.7530148
304.2153356
307.2002308
316.4016377
305.0174235
308.0507206
303.7129922
300.1610155
305.1099025
293.3001325
293.8543526
295.7733403
303.57294
299.6907926
301.8534788
293.7481382
297.0093037
304.7069023
304.5958913
312.045289
317.4719801
314.65702
315.0483338
306.7888297
305.1509476
310.8293923
306.1519426
300.290294
301.8600558
306.7039717
321.2338868
311.0369199
304.1029978
307.2875652
310.7171162
306.3739697
293.8260749
296.6077841
301.9216797
306.8134454
309.5488249
300.1809336
295.6827904
295.8353165
307.0448784
302.4743633
309.9143363
314.8971582
308.3351846
299.0561877
296.9866996
297.757368
294.2553653
296.6311411
297.7658092
307.9129551
293.7780298
297.1359602
296.8586314
303.3026419
288.1758824
286.98437
290.2290533
308.0901479
300.6387563
294.5142352
291.471784
288.5270404
293.5713428
296.4685547
304.4775421
301.3645079
303.4168957
308.6324354
305.4999884
312.9770559
317.5789712
320.9828226
317.1632489
306.4010768
313.7785385
309.686581
309.1700336
304.5533338
298.5442169
303.2568223
307.5483344
304.5358634
294.1211651
296.1873433
309.0410809
308.4520089
301.7661027
304.1778732
309.5995174
306.7557108
306.5863288
305.7385954
308.3825165
298.3835805
288.2350455
300.3678987
305.2715983
311.2134583
307.760917
311.4211278
315.4012074
315.5941816
322.0569443
315.3522099
301.8164135
304.8733879
308.0412145
308.6738066
313.5712076
322.199691
311.825368
321.7696979
313.3615973
310.4225744
315.0258398
310.0977236
315.0723447
302.3367138
298.2315034
299.6670127
292.1444115
298.9211595
294.1294626
297.7161275
299.3831061
310.2488398
307.2416073
301.9702707
311.8910538
308.9067564
302.1671938
297.4661352
303.6127713
296.247946
285.9279789
302.7210605
301.4646147
310.9517492
310.2607482
306.064534
303.227318
304.8404526
308.4786486
299.5704913
297.6559945
295.9050943
299.8966693
289.4102655
290.2386111
290.9994199
295.9992442
300.6252589
292.4099189
295.7368163
315.6826832
314.9401163
314.260518
305.6297351
309.0439104
305.6143561
311.7102918
310.4306943
303.1605134
313.635245
300.2170304
299.856288
295.5482289
296.3457894
294.2475452
295.1185173
303.563934
307.2072034
305.1806949
310.1912364
315.7579872
307.9498155
312.4658211
318.4473411
307.0363148
309.2878745
307.4426026
301.8142708
294.3486591
295.9159166
301.4181076
303.5703932
301.83748
291.0635192
289.0746244
289.2147843
297.2911345
291.9451283
305.6674866
301.1967758
306.5263201
314.6677781
315.2548827
299.5298208
303.8025152
305.4959666
306.3627916
307.9435278
316.8854254
307.5474603
308.1326832
313.6342839
303.1121517
298.7959505
291.368062
302.2769494
305.4301224
304.5966432
301.5238691
292.71142
285.0950633
291.3102715
293.189573
288.3892955
291.387595
298.8570208
303.342707
308.8124019
298.8334629
301.0277542
300.0187962
297.9938922
299.3603092
303.13232
312.9818188
302.8176231
303.421186
306.6143086
310.365532
319.85908
317.3845293
296.9064335
290.5228671
300.6888668
293.4794832
291.4903161
294.4043244
293.420114
299.0180826
287.991081
283.8811049
293.1702854
292.5803171
300.884868
297.8142179
295.6828638
292.4175017
305.0366821
300.9332138
300.2639366
303.3792382
303.8362293
303.6264448
299.3322984
303.6831705
307.4316673
306.4880881
301.1871546
296.3094607
294.1329626
300.3806943
290.8908972
294.1154757
301.0417906
303.3258762
304.9055051
303.2363102
310.0881075
305.8884358
303.1112623
293.261225
296.3877251
299.3100982
296.6135876
302.2926492
299.9617161
304.9416806
305.3629
311.8120906
304.488918
301.221598
299.2203676
293.2519141
296.4650374
295.9640141
296.171746
304.1477803
302.1000376
309.1686114
298.7448087
297.3213439
291.6878012
297.607223
296.2943892
299.7562116
290.3077013
304.6503149
318.2357309
308.8848034
300.6057559
301.7439154
299.655534
298.1451168
301.2655468
305.3473578
296.4295449
297.0734628
305.7826203
301.8133871
305.9364107
311.4053518
316.0119941
307.7494403
293.591366
293.3861671
296.6451251
301.9016889
298.9419136
304.1114802
304.0416654
304.8158927
305.6091159
302.6741094
303.3535965
300.0751978
310.961615
307.4051307
300.7111759
310.6660943
309.6243615
294.3651753
294.3187692
295.9068081
293.0265313
300.4651755
305.4341522
304.4671823
303.3586671
299.3273066
302.0800995
297.5319677
300.9197635
302.8041768
307.1073455
309.1571029
312.0222092
310.7952935
298.4974196
280.7053589
290.1237718
292.4821514
294.5102602
295.9903004
308.509356
307.321189
303.8824052
299.1166259
300.6592497
293.9926527
296.8009604
302.5628216
309.587186
313.0348079
295.9237283
286.50285
282.6274795
299.4911676
303.9934253
307.0714389
306.8870264
310.0640238
308.0468674
315.5975528
301.2928592
296.2444383
296.6003515
293.2914483
296.6247491
291.1699467
293.3313302
289.5175336
288.4421666
300.0520737
298.0252157
308.0787068
298.9355677
308.0438449
297.5972668
305.5811993
320.0492601
317.6085486
308.7505881
309.3194845
296.0457081
296.8215342
295.0588172
299.039005
293.3030322
294.6199321
294.1535903
296.5383617
309.1556232
303.349362
315.9441793
317.2072373
306.4441256
310.8415541
295.4977628
293.6609305
291.8686554
290.4179133
294.0676278
286.9183474
303.2960169
309.7531773
309.608789
308.3917675
308.550575
300.4017638
303.9706176
311.7723439
307.1288423
301.7821468
304.5900802
314.7035778
305.215861
296.9310715
298.3838984
301.4328506
300.9107665
294.9653306
292.7194451
295.0501035
299.0241606
294.8333273
293.2094478
305.91309
314.6068055
303.5505647
309.7784017
301.5237655
298.5385759
304.2929792
302.4075939
296.5891348
305.860866
304.8873662
300.9681659
306.1156638
293.5822602
301.6352688
290.8846269
293.9139985
302.775003
308.2278724
314.1241952
309.7926838
316.8132188
315.6502288
312.5457539
305.7185124
294.0817836
300.7168418
306.1776953
312.5583065
316.0134338
315.7322217
307.1543702
304.7273174
304.7719734
308.255185
306.0729871
302.23388
297.1222179
304.4489065
302.1890442
298.2383435
297.0605364
309.2883799
306.6020723
306.068405
304.2922707
304.0980862
311.9498513
304.3279256
313.8168059
310.3372479
307.4436134
310.9935605
311.3223801
303.5017231
295.0541663
292.0285994
301.0478075
305.5113635
303.4122264
300.8011059
301.8052672
312.8003225
309.3267816
301.8700738
291.4189105
293.6704034
302.3357086
310.5815261
310.5343657
295.9218702
295.3372649
291.1861004
289.1723941
293.5994577
302.1582624
310.1611898
293.5571322
299.5102906
299.4330379
298.4871741
302.1240736
302.617103
290.7562692
295.5161062
300.0855797
299.2110757
298.7915029
294.8057349
288.8378154
291.2987438
297.812241
296.1225729
296.565776
291.6490547
290.7684849
289.0685317
310.952226
307.4763676
300.4785846
302.2760983
301.4971378
298.0082259
304.8310269
303.6558948
301.0029643
306.0740708
302.8826189
295.4635986
300.7045543
291.1792137
296.7489501
296.9921831
290.7495991
290.7735421
300.0214661
299.6180425
304.8278861
307.1371977
306.6944619
298.9573431
292.0014437
287.6952549
280.0261967
286.8433207
301.9778054
300.9901402
308.6366411
289.7824623
285.3472806
283.3590824
285.3632642
282.2441071
283.0679001
285.7625841
293.2675603
299.3810462
295.6925713
299.4946048
300.3815383
302.5754056
307.4716266
314.8101573
303.5523347
293.1066613
287.9703114
293.7144853
292.0886027
301.2419884
298.8342823
304.8671466
292.1246929
296.4356698
290.58737
301.1426254
300.9390254
295.6800337
293.4077344
298.798473
303.3033689
296.8448799
303.251434
295.7548227
305.6243405
309.8080206
297.8943046
314.0462489
312.3112465
310.1946559
306.4862004
300.0991238
306.9727001
299.383708
299.9934463
294.9037683
295.2708423
298.086245
311.5316372
308.8398935
311.295385
316.5255192
311.2210521
303.6534694
300.9087947
295.1973818
297.0932795
297.905614
295.3353974
299.8723498
309.8080945
312.0889337
303.5433004
303.5600367
308.1405174
302.3931103
300.0517664
304.2361017
296.641681
294.820587
295.011001
289.111327
294.3405459
303.3803938
302.8667666
303.7881108
296.9212436
305.624902
309.2487027
305.7097654
298.5221826
298.4509623
299.5764498
299.5351104
284.4135757
285.7012607
291.3623163
293.816753
285.9432046
293.4691919
288.4699133
290.2144152
295.9197382
303.125616
299.9580998
307.3352369
306.7659317
299.7729052
294.9252823
298.1316201
305.3567283
295.3400953
291.8925156
296.1424029
294.3377886
295.3353698
295.999744
287.4758092
296.6337339
293.816141
289.1440241
286.2412527
284.6240474
294.7326253
293.8135669
287.5458318
286.2925165
289.0085458
290.8587643
296.4910476
300.4319692
303.0562204
302.7153863
296.0637198
281.7107146
278.9225136
278.1108572
287.6383961
292.2008265
291.5293722
295.1031003
291.3756501
280.4497644
288.7994414
296.9280582
300.7675125
294.8410703
297.3866785
289.307933
287.570881
290.214247
292.4077598
296.8651263
308.0395658
305.912648
304.373592
300.0220418
287.3722769
294.2216512
293.5151212
307.4242414
309.834385
308.6552935
305.0135193
302.2726754
300.5701003
295.6632437
301.1518544
296.3168013
294.131735
296.3162874
290.8557241
293.0913807
282.1141869
295.8321024
297.989889
295.4410732
289.8043594
302.3832002
302.8509775
313.3041464
304.9066563
311.5606407
314.5061463
309.2523894
308.1887385
306.6478013
306.2871404
312.6263484
300.1646255
300.2784995
303.5248148
306.0431957
304.0605955
299.7330097
307.484114
301.7554595
303.4284769
307.5572202
299.3563459
294.9709056
306.9619962
302.4456072
304.6928775
300.9686721
296.5197254
295.5426677
303.4592022
301.0142311
308.3886973
312.5104931
307.9201796
306.5748377
295.4864246
292.1163217
293.3556383
299.8303468
306.5323474
293.375425
303.1284615
300.0729019
294.7788336
289.8342378
271.4678363
274.8762271
282.6934347
296.2976874
300.6912369
297.3301779
285.8747854
287.9188186
286.7660514
287.7298051
299.9977007
297.0342236
289.7424671
289.2611835
291.7456688
288.9164036
289.666319
297.5330684
294.1729423
297.0042738
298.7256657
303.8235395
312.0781148
313.6589597
310.8920156
298.534869
292.3122351
291.5490588
295.3736851
300.6850654
305.6887337
312.8068094
308.2499358
300.4752442
295.0782578
291.2618052
291.355804
297.8966003
298.3455473
295.8956078
292.0958651
300.5080866
299.2418532
300.0549705
300.7809667
298.8323207
299.5440539
282.928216
281.7592535
288.6847609
289.3108946
294.7120708
299.040144
297.8661501
295.2407224
298.0706956
290.4957977
286.0902792
280.8893997
282.2814728
285.2014328
287.9501452
293.5259156
295.3537243
292.277531
299.9816054
305.3885822
305.5612902
313.6916365
312.2880632
309.2935524
295.8170911
295.9601578
298.6509777
300.6484428
297.4547159
301.3266236
305.6526849
319.7244174
307.0565946
298.8761757
294.8018769
309.1933364
311.420546
315.792956
303.3982322
303.7698711
312.8216969
310.0295567
304.1627454
298.0132052
297.0823542
303.3880737
297.339074
293.7379755
308.5773572
298.6574849
299.5537188
302.5385172
311.0666874
301.6227114
309.2628664
301.1798964
302.443639
310.6497628
310.3787056
309.5237974
295.2111386
297.9272358
297.1954415
300.0777321
299.812833
306.1678416
298.824894
298.4651943
301.2367235
308.1512865
316.8308861
308.3340154
298.8741162
300.0691162
304.3188977
302.2318963
307.0660831
304.0376129
307.7686533
310.3044982
313.4276796
303.5474869
314.2535008
318.7924249
316.5120209
306.9071313
307.6257768
307.2344094
310.7455226
308.0199115
295.7184493
300.4813254
302.1809965
295.4290527
295.4705886
298.5783619
293.513216
293.0043297
292.0662409
296.2132983
299.7435717
304.016213
305.9392694
302.924656
298.4940576
298.3009266
304.8478425
301.125958
290.1263664
289.4754347
282.2289416
278.0190582
276.0989405
282.6252245
296.3591524
305.3172205
295.7230309
281.0700176
291.2949593
292.3330984
291.4282084
287.9306936
294.7852929
292.1986367
291.3973517
292.8340219
293.3609307
291.9279969
297.3265832
288.5434636
306.1805494
307.9926028
310.937737
300.6116302
298.1204619
293.2243187
305.6983724
304.6631103
297.7320708
290.1831057
287.1908278
281.96434
279.5749325
284.9397408
293.8872013
292.0103827
296.9233345
295.4170009
293.9373378
293.0229926
289.6471279
300.3869027
301.894842
282.753024
290.7094251
292.6012318
291.0933904
289.3237548
285.690114
285.119124
287.5281277
292.8592892
295.4103958
297.0222283
298.8957519
294.1287259
282.3668885
293.60439
284.1473289
287.6171309
302.6291719
294.5346665
283.9029045
288.6132835
291.434336
294.0479076
286.168245
299.5870826
310.8213363
311.7489791
296.6787463
295.7217278
301.9025574
290.1812022
299.9120001
297.0023771
290.0859246
278.6697314
291.5934675
299.4197796
298.0098151
291.4159555
298.6446679
287.4726802
291.2162873
298.3889031
308.4697073
294.2439999
307.9827887
310.2842457
307.8981584
307.5983525
301.761376
298.0893129
288.137125
285.9056978
282.8571484
289.1913678
295.1411143
304.1356913
291.5721918
298.2544208
296.6088061
309.252298
309.2363131
315.7255038
321.9580795
323.9244586
319.5263442
313.7284765
300.6466598
300.6168764
293.2598972
300.617394
296.3499302
293.0896639
292.881683
293.9351847
296.0869176
299.9646238
302.7128469
301.4961981
306.876278
303.0661689
299.8345507
298.4054036
297.2783429
305.0207093
301.2554858
303.2556478
296.3992352
298.9805046
299.6775161
303.7746819
302.1934801
300.7403831
305.4189105
300.0028676
296.931147
301.6190577
291.4942092
293.8843176
293.5889951
305.1966966
307.5068938
310.6080084
301.2538197
292.9307348
297.4115811
292.1553186
294.6706341
295.2393794
294.9038485
302.344683
306.0579899
313.5618014
305.2196628
294.7512626
292.6415096
300.2363328
313.1068392
313.3006565
304.4924344
301.1852011
296.1849714
298.3727714
303.7867598
315.709713
315.0049942
310.0935379
307.1084768
305.0052423
310.1758196
308.6660427
304.300581
311.4969746
306.74186
305.2974777
293.3662295
295.7619108
292.0596864
306.2853319
313.9205899
310.0949149
314.6315225
311.2297887
301.6260117
297.9253984
302.2669157
297.1941662
297.3251096
296.5590613
282.4995686
289.9291597
291.1847159
287.8731893
298.2946339
304.6269019
287.7736676
291.5822369
295.9704814
281.3951078
290.4100884
301.0796467
295.4355995
306.9160465
302.0968646
294.7322477
300.0342378
313.1623238
321.1963195
308.5827899
306.7243756
293.9800864
283.7605696
290.9326247
301.0072382
287.5725619
294.0090186
287.9540487
292.1317295
295.9471484
294.1848812
296.2866131
308.604765
304.0049423
305.7832669
302.9545603
298.3054239
288.3476569
291.3554798
299.7348644
292.6793699
298.094324
298.7204193
296.3153972
290.7567031
307.4530939
295.4966218
301.4849414
296.4349475
296.7598821
297.9320706
308.3509775
308.3541081
298.1578471
300.1677758
300.7545357
306.9097562
301.6928293
303.440814
306.4895234
305.1982708
310.6685458
308.8536328
296.4969556
301.9639186
292.109306
289.1169509
294.4499632
293.7217768
284.8922869
281.8199034
295.0931625
307.9197484
312.5897752
308.4869357
317.218704
315.0301664
312.7250948
304.2365846
295.3247332
301.3957848
299.5316686
293.1261286
292.4495162
299.4637999
292.2551653
294.647423
297.6760425
299.4649977
307.9703767
308.5695657
305.6786796
304.7215671
307.1114746
313.8685105
320.1202045
313.3857421
307.5653472
309.8558024
306.0346306
296.376915
299.9756335
302.5112274
309.5657262
298.0735711
298.3001262
302.0873429
301.923751
308.1238475
303.7412983
305.5919446
299.4236968
305.6093921
302.0283232
302.8137971
299.7205706
290.0655947
300.2827454
301.6413277
299.8836285
307.4250221
303.1636372
307.9952391
304.7388181
305.4565439
302.6720484
298.5055423
296.5780623
293.7673235
290.0597001
298.146934
294.4414291
296.7055279
297.0252066
310.9907452
306.5343087
307.456199
294.752304
298.0940629
299.6422509
297.7377874
299.7933619
301.5081703
303.8067409
299.9651843
296.2179115
284.5302025
297.2213314
294.7709903
295.6567361
289.3817474
293.3360338
311.7645804
311.0205745
302.6389478
295.126231
291.7479753
289.5805822
283.1143737
283.9267989
285.1409526
281.1971957
276.0441201
284.2969663
283.6371991
284.9386614
300.0619808
308.2173386
306.3991272
300.7614828
288.8600738
299.167555
305.9315114
303.1017904
298.3170174
305.8255534
301.4360588
295.7515664
290.5458253
280.2107822
280.8007603
287.4859912
281.931573
291.137286
304.8192539
291.9020286
318.6977129
303.3416379
293.0693806
296.6363167
302.9802281
296.1111763
297.0408343
294.9687942
294.8790738
293.4467143
300.8264944
295.7872444
302.4710163
305.7860883
303.6016226
296.5624847
303.8342076
299.1647313
308.6870817
317.8223282
306.0196101
294.9490871
293.7609529
296.3357807
295.9034301
297.6360624
291.3458034
288.4429806
292.0654761
305.4616034
303.7609244
299.107951
301.6778471
295.8282464
289.1190185
294.6836846
293.702484
305.1262239
312.8987399
310.681486
295.6088594
296.3493104
294.6652301
298.054945
295.5436712
300.015661
302.68942
300.5610842
299.6623047
295.0844588
299.5230485
298.4884369
303.4734118
302.8808909
296.2016342
291.0672409
291.8262129
292.4677008
294.8338646
292.8997331
310.9182408
297.3352531
295.7818142
288.3117928
278.7263499
285.565528
296.6846559
304.2312222
304.2492999
298.1583647
304.9265979
311.5818112
303.1192464
302.7034634
304.721891
314.647051
309.0102923
297.2508477
300.2293544
309.1841574
312.5018875
320.8108675
320.7274059
311.1072609
302.8330899
293.3274519
285.9779712
288.5611945
301.9597192
306.7469869
301.9440275
304.6676324
303.2960651
313.2061693
312.1709995
300.9916027
302.0347804
295.9380316
306.5245671
299.6708002
303.4962245
298.5950938
308.2225001
299.7689149
297.2795438
299.8245018
300.9454419
295.5730661
291.3824255
292.1253067
294.6662072
303.3818328
300.4799563
298.1200031
288.0327516
285.2146109
298.7949513
299.5613327
306.8594719
308.2326685
304.6534808
300.711552
289.8041085
298.9756454
302.3959902
305.2020288
308.4372371
308.1218711
311.9211194
307.0218607
313.5467603
304.9201428
288.0344651
289.9899575
303.5861514
295.6349972
289.571203
295.051763
295.6512856
296.8105059
293.8166487
298.3272955
298.6995667
305.1106129
302.1066646
302.6870004
305.4079492
301.6910619
301.6312549
304.3371554
297.772265
305.8823467
296.7259864
300.5928553
307.0221749
301.9760386
300.5031433
299.0884913
288.7720772
289.222694
299.0508144
303.4429488
290.0005112
294.1949744
295.0261836
288.1222345
280.4067335
284.1803238
282.361104
291.5740343
295.3099641
308.0894799
306.3534467
300.6265317
290.0898728
287.9718892
279.9798766
288.7175145
285.9090275
281.9009504
310.0712994
303.1170217
307.3421976
298.6284562
289.8143796
289.211525
291.7813368
292.5073625
291.6017321
293.4614393
291.2952817
288.7175351
289.1908902
286.3022168
288.5805444
288.8929123
300.3171927
303.4840355
308.3345389
317.5155418
300.6605767
290.2214021
293.4607004
299.1453094
308.8093345
290.9312372
276.5523576
282.9169084
281.4960296
282.4578686
287.0499599
287.0338256
282.7852804
292.0603053
291.5545149
286.6577908
294.2149594
290.3202026
283.0542369
288.6423706
300.2172581
295.8579017
286.4057894
281.1170228
283.2192594
297.460961
299.925976
297.439473
295.5707053
286.9822478
285.305129
281.6364474
289.003689
284.459302
294.5665683
298.4187413
296.2268233
303.9123979
312.2193746
310.8937496
307.5150202
313.3874825
307.7988626
308.9770249
311.7877104
313.7701404
302.8172525
289.3309718
282.3856054
299.5896002
312.3990342
316.7664346
317.4489432
317.0316444
300.1384571
304.5699988
306.7069724
317.9199712
312.428251
314.1697337
305.2394289
299.0711209
292.1415999
302.4946244
301.6011607
297.4527893
295.8366053
295.0352437
294.1101819
295.7947021
285.0970072
292.63435
310.7965481
309.3627963
306.6654811
294.7490006
300.7282045
302.420934
307.3171752
302.8462836
286.9252234
277.3079989
284.3981565
290.5730926
298.5335817
300.0810992
286.634828
287.2863459
294.1300625
292.5619284
291.6129496
304.8781021
301.2226068
296.534452
292.8666806
287.1767282
283.4521849
282.752786
284.6571464
287.3608051
303.8929015
304.4471314
299.2271931
302.6373116
308.064708
306.440321
297.2006076
294.0709191
282.6365312
280.6964431
285.20434
288.5098111
286.0914933
291.9159732
299.6056698
302.6890056
302.4615337
307.0207417
308.5183794
307.7072842
297.3296112
302.8458763
303.9955542
310.6180734
295.9800735
295.99734
296.2248185
288.7972424
295.0457308
295.1580214
285.1680345
293.3913186
294.4984915
290.6564991
295.6923827
290.4700994
276.3315433
288.3442977
302.8614936
298.3044226
288.7374609
287.748409
295.430746
296.9221602
299.3119027
301.8516223
311.4980468
314.7127071
315.7592813
312.8923368
296.8483581
288.868079
294.5521365
303.9458417
307.9321259
312.3843241
309.8180334
304.7256137
293.8844748
294.9032319
295.7156698
296.6486613
291.0701563
300.3118682
308.4222864
304.4631764
305.9087708
300.9724601
293.3451171
288.360859
300.9545392
309.4690312
313.1031139
315.4374681
320.018083
309.3610332
304.634077
301.7505189
306.4470819
297.7198132
287.2364755
293.5301256
304.671871
307.9706786
312.0234607
304.3726586
305.5517431
303.2797104
300.6105473
306.2814896
305.7353427
299.3057965
301.3728673
303.5816089
313.7505409
306.4364432
304.875371
297.6769509
294.5403632
293.2741007
322.5970777
320.9040994
305.5239887
307.2726383
310.8093622
301.3989798
308.8914288
312.2536797
308.3561266
306.1370775
305.8134533
310.4976621
302.6425276
308.1939668
314.705005
317.7157337
311.0131134
312.7978579
306.2447305
318.7093759
303.6747132
308.5358251
291.9712009
287.9885267
291.2794488
301.8260445
300.6828446
303.8713034
296.4893823
297.4601173
306.0532933
307.6445796
303.2103642
299.9822397
297.1590651
307.6187416
314.3671348
307.8357346
309.3297556
301.4453853
305.7264827
306.6535148
305.5660483
310.1471017
307.8440777
302.6523477
296.0148129
297.1539308
294.6817293
295.7347937
295.0571637
294.6139117
299.4777878
302.5298596
299.6741616
298.3861262
298.3776955
310.8479128
308.4653745
315.8647806
282.0428304
291.4404778
295.7319088
304.9766542
305.9772793
307.2520907
305.8144441
295.1497991
292.9948348
292.5217636
292.141827
291.085306
289.4650822
294.2334747
287.7212583
292.7219832
299.6229794
299.1340448
291.2383618
284.5260937
314.2628978
314.3804918
308.9679542
306.4223241
301.3697016
309.5244239
297.1608248
297.1231507
306.526507
307.4246075
297.2418987
289.1289322
296.0208687
297.260972
297.0920964
302.3420844
305.3370941
300.0322915
304.7933372
308.8798356
305.5708198
295.8594328
296.0089201
296.1969473
287.0585094
285.6255836
300.0257133
301.5661334
300.7487855
291.2437722
296.4994214
307.8436088
307.3675206
307.3748414
303.2684644
293.5077361
291.2276374
292.6902277
300.7832937
309.2258628
300.27573
302.5849666
300.7768386
305.4694981
301.415763
305.7795334
308.4027127
305.8861602
311.2871708
315.511323
312.1784991
309.2162501
301.7379618
299.2957808
298.4920399
298.820703
291.9369179
300.5879972
294.6393371
301.1565494
310.8671952
312.3377044
304.5957127
310.1046419
317.9000764
300.0011711
290.0324249
295.8196109
301.5821354
300.2976801
300.2725384
306.2708136
309.344849
302.5769167
302.3626952
298.45651
303.293465
297.3561318
302.6551445
303.4034298
308.2578335
300.7271196
303.1211472
293.3497346
293.6349844
297.0468788
304.1786065
305.650602
309.9276791
304.6957583
297.5122533
298.5776559
297.7043716
299.457865
301.9165242
301.048785
289.0208989
277.4889618
290.4129894
303.452458
278.3518292
291.2386557
291.7330322
289.6411426
274.4723795
273.8500463
279.3024266
291.6233302
286.4280376
294.3021673
295.8369711
294.5001872
289.9390403
286.4695038
293.991949
303.2242685
300.090248
293.7890375
278.7997003
276.8086983
303.8024151
295.6333149
291.7035598
297.1310931
292.5381863
296.6261612
293.6308965
295.9889562
298.1155611
300.4019481
295.2012033
291.479661
287.3005337
293.996148
298.0686856
287.6617017
301.1668255
297.0478818
301.8348762
299.8918291
291.3831384
291.1472587
298.7558517
295.1205866
295.3207152
287.8916308
298.4602337
289.3487419
293.4250427
281.4799682
288.9249475
284.7988583
293.894556
299.3212797
307.9555009
314.4804873
313.5326145
307.3954579
290.0573442
292.0755916
301.7344716
295.4913915
301.025836
299.4422974
291.3352371
295.9763272
287.2828085
288.1998834
292.757635
308.7001662
308.5493278
307.2617895
302.1270189
292.0428491
295.658136
299.9987989
298.9308684
295.7040029
282.822168
289.7957565
299.497408
302.6183801
290.733571
287.8673876
279.8084514
289.3333132
294.6650901
302.4858975
303.0406184
311.699685
302.8138676
289.1483722
293.4926954
297.672415
302.9528579
304.8056039
310.1692081
315.4469522
316.128598
306.8487807
282.5167324
283.8529062
295.8338515
293.7712023
296.7739311
292.6395681
295.3412281
284.4443799
293.5168891
303.6538131
310.0624322
320.2787659
321.7610421
314.1392326
301.4553833
297.0902307
305.9237862
285.8935575
276.7534449
283.6187588
305.2866163
307.7408511
309.8630738
317.2513669
311.7434696
301.4234103
302.7081094
303.7529251
302.0727341
298.7471804
298.8091893
297.1011639
306.723886
298.8967196
295.9327958
294.5527443
302.2533411
302.482126
305.978378
300.8142691
320.8453512
314.9065598
312.2560606
300.0833393
294.5307649
297.9783272
290.0341501
287.8040678
298.6953874
311.7806319
303.6089572
304.7278569
313.1347558
321.8224766
319.3363375
311.4646175
314.5546437
314.6720231
313.1330767
316.935288
307.4989222
318.8211089
313.122652
308.7855601
306.2551954
302.1944093
298.6311416
301.0351631
306.8065078
296.5477053
282.5238454
288.7144045
295.1489408
297.0232892
295.296332
311.5021803
308.9432841
309.3306146
316.713191
313.3085877
288.8453382
298.911438
301.4560829
303.3658962
294.6002919
299.692568
309.6328549
305.4150456
307.2418039
305.6207348
304.3249285
297.5112736
292.3039292
284.7736186
294.6248529
292.4438163
295.2413849
297.234073
300.2475091
299.6117887
303.1153063
302.7536924
302.5295383
312.0180931
319.6790799
305.1786034
295.5917734
293.144278
288.5209565
279.469855
280.2830381
290.8216615
297.4726496
299.3650369
288.8120292
299.7416946
307.1668876
301.677389
294.7695459
295.86364
300.8963404
296.3394076
296.2728033
290.9292336
283.9037369
299.3486688
304.6872207
299.716064
298.1829681
302.6638463
308.7561494
301.594997
303.8880008
302.1057349
311.1378951
310.4516266
304.3898033
312.5126367
313.2183136
301.5765194
312.9581756
312.7721165
300.9151192
304.163644
298.6083634
297.6253699
302.0037129
308.3305317
308.6169296
302.2478393
295.0914218
295.7745188
285.7056707
282.8865069
287.3528102
294.1737242
297.2069122
299.0098111
301.1549429
310.2975116
304.797048
299.163179
298.1670519
294.2341241
303.2782634
309.2515733
304.8369668
304.1870878
303.9565097
306.3642725
305.9029119
306.0346017
304.1643299
296.5669723
297.645745
302.9389933
312.8350738
307.6993507
318.519301
309.070055
297.3359346
301.2345192
310.9166844
301.1056078
303.3694309
320.3874806
317.2000638
309.637143
302.9205818
303.9575413
293.1891504
294.9654794
290.2472507
294.8444523
299.1672344
306.9878107
299.9347133
295.4732895
301.9209795
297.2754351
286.1051678
291.1520899
300.1787146
306.2326245
289.369438
283.4670724
287.7769534
294.9828379
305.5116444
305.377341
298.5336064
298.1599378
302.0163266
295.9309982
295.6064029
293.2669286
292.4055795
307.1626252
301.9937233
295.2156495
301.6613438
299.3763304
290.3100647
283.5696605
295.9578227
301.0346048
296.5364951
301.5865832
311.0860414
308.6419378
309.8622037
291.3601457
292.3135964
292.6501345
290.8647405
291.0840603
284.2795954
278.0350748
280.2585111
288.145355
296.7971246
302.5964904
310.280701
310.8854555
307.9743755
300.3749575
305.8556615
294.1830864
298.2013981
291.3725203
289.8397433
300.3011224
302.2803737
305.149798
296.8764203
300.1482368
294.1099584
302.3096071
297.3507713
307.6459516
311.9304448
307.7371166
298.6846754
298.5251657
289.002727
298.8208977
280.8202395
286.4543261
292.6830788
301.2651572
300.8569355
303.6404559
299.1520104
298.7919787
293.9507997
291.5611634
295.7332454
299.4139075
301.6267942
305.0925987
288.9199413
286.1225607
295.028985
306.5590512
303.8490756
307.9696917
301.1932277
303.2419005
298.193057
294.7722537
297.3541792
291.4859341
290.0466802
290.9892606
283.1653417
285.5309785
289.0483406
289.7744037
292.1791959
289.1339026
294.1142113
295.4172779
292.8207992
295.3487727
305.4720824
295.0398251
296.5693404
296.4061577
295.4274033
307.9225885
303.4288202
302.3206458
302.3402035
296.0075156
300.3162755
304.4581165
305.3633259
301.3311928
301.2031529
299.3743864
307.4468539
302.8220707
297.8505151
289.5380653
295.0890084
300.1705606
304.9098465
303.18227
295.976516
296.9422399
298.4018728
294.916922
293.8422288
295.2047823
299.7952072
307.3839398
303.8969479
312.98754
314.3192627
314.9194651
310.537042
298.7952139
298.2110995
302.9250803
302.4074896
304.0378884
305.4906285
308.5929573
303.0889511
306.7965886
304.5176009
299.4158568
298.5290588
296.3608309
296.5076908
305.0715709
306.7405322
297.5814266
297.1931366
303.6624355
287.0874303
286.7577805
288.1745573
289.7234491
287.9716512
286.0682118
284.3385054
287.4218892
294.9963754
299.3282259
298.8945246
299.8796694
299.6741526
292.1675972
295.4266119
295.562303
282.7187753
288.1961384
290.6172849
296.1081622
304.3301345
297.1095338
295.8642547
303.4227103
308.6488398
300.1948874
298.440944
297.1836516
294.025428
300.2029629
308.1874436
309.8404525
304.7446825
306.5590987
301.0113494
304.9924105
300.0273661
299.2169358
306.4152708
295.203121
284.8674246
305.9222436
298.5818242
305.7481785
301.6798588
297.3171246
298.5474142
302.8445379
296.5868462
298.2946685
294.0357859
291.1695547
295.538367
297.021691
301.4916627
297.0125714
294.7732526
291.0085005
287.8484829
291.0894517
311.0046953
307.0650654
297.8056844
294.541479
308.3464013
305.1423266
308.3572514
306.6435906
305.092287
307.6080396
310.5976694
312.7761962
307.8598402
310.0006672
315.111129
314.8620734
302.4613654
308.4790221
304.8428275
298.6452076
296.4354832
286.6050506
291.1522333
293.0478556
289.5393126
286.1697918
283.8705497
293.801432
293.3015301
301.8610311
305.6661484
314.9000102
306.4437007
288.1257227
294.2981405
286.5149495
286.8036972
289.4967382
287.786104
297.7655864
300.2898615
300.4873973
299.4951672
293.0671969
290.3064185
287.0477341
292.0347593
291.4966877
299.8671374
296.5763015
293.3748178
297.7482211
299.6849887
298.1381478
296.7929313
297.0486667
290.885667
293.8168295
304.6560039
307.0373009
296.5321728
303.0177654
304.9034438
311.8151598
303.6032449
300.6638447
295.3910378
284.8465412
281.4949658
291.2917491
294.8028025
300.0363578
300.0886985
304.7698973
300.090633
308.7583618
314.9096256
299.1545003
291.3002159
289.5652091
304.4738113
296.4932592
299.5892826
311.3579083
316.1739116
306.6770123
294.2042388
298.9553792
291.1915766
286.1429058
285.6358688
289.4297493
296.9200305
308.8903424
301.637157
288.0561036
288.4836166
294.6301185
291.9162215
291.781901
290.9205119
300.9988855
306.8626043
307.1385902
302.8782462
309.0050197
312.2496349
303.8509471
301.4799452
304.9976312
313.1601747
313.3586998
304.1114863
289.2716958
288.7009005
292.3472185
297.6268519
289.3586848
299.2365477
291.5768619
306.5646857
307.3792222
303.7597377
299.484295
303.8732372
308.2845245
310.5731967
307.3149396
307.700501
296.5209916
301.3171654
303.2646699
298.5753279
298.3145601
298.326963
296.5327293
294.6705331
304.6494596
308.5728336
308.9561305
293.4245168
302.0248409
299.1158492
297.936779
305.248849
302.3559231
306.0411979
302.7781193
297.8837015
290.2354938
294.8025023
295.7141793
300.7166569
308.5370474
303.2705023
301.9607069
306.2459031
307.2900403
306.7526456
298.6209483
304.3985803
298.3209098
302.7385018
297.9824093
287.8322686
290.7344616
304.3937993
309.1723463
292.659875
297.2309897
306.7444628
298.0225668
291.7773518
296.0652024
303.1984303
306.2191223
303.2450384
304.6659405
303.8821041
304.4645366
300.7985434
309.4513897
302.2873175
293.995051
293.5361564
294.536622
298.3810884
290.9371309
296.9531389
295.1768874
284.7824759
289.4139744
293.9244426
298.7696498
300.1533543
287.8163968
289.3271298
298.5754151
300.1233462
307.1793064
294.6736092
288.7307493
296.4990844
301.140141
297.3357305
305.179088
300.2628072
297.6905017
293.8111657
291.8492517
295.1770593
293.2242397
285.3249433
281.8945875
292.5267378
286.9955634
291.450139
295.4497176
295.3582373
305.3260581
289.5624917
287.9949663
276.5537307
290.6867859
297.7633258
297.1811976
284.9126605
284.1940298
292.1556001
302.2501555
291.9390592
292.4527214
299.1555572
304.2344196
299.1375237
299.2816505
303.7883493
308.3895206
303.3113418
301.2203915
)
;

boundaryField
{
    xPeriodic_half0
    {
        type            cyclic;
    }
    xPeriodic_half1
    {
        type            cyclic;
    }
    yPeriodic_half0
    {
        type            cyclic;
    }
    yPeriodic_half1
    {
        type            cyclic;
    }
    zPeriodic_half0
    {
        type            cyclic;
    }
    zPeriodic_half1
    {
        type            cyclic;
    }
}


// ************************************************************************* //
