/*--------------------------------*- C++ -*----------------------------------*\
| =========                 |                                                 |
| \\      /  F ield         | OpenFOAM: The Open Source CFD Toolbox           |
|  \\    /   O peration     | Version:  2.4.0-MNF                             |
|   \\  /    A nd           | Web:      www.OpenFOAM.org                      |
|    \\/     M anipulation  |                                                 |
\*---------------------------------------------------------------------------*/
FoamFile
{
    version     2.0;
    format      ascii;
    class       volScalarField;
    location    "0.0007";
    object      p_mixture;
}
// * * * * * * * * * * * * * * * * * * * * * * * * * * * * * * * * * * * * * //

dimensions      [1 -1 -2 0 0 0 0];

internalField   nonuniform List<scalar> 
5120
(
0.4011437803
0.4005054391
0.3984506486
0.3821711076
0.4018581686
0.4080014602
0.4523758928
0.4459814731
0.4348330227
0.4320150106
0.4227314
0.4039541562
0.379029091
0.4148668739
0.4360544013
0.4123540324
0.3986572975
0.3957953994
0.4062261894
0.3912934327
0.4123689331
0.4073519824
0.4377870507
0.4362658292
0.4300370726
0.4597118211
0.4337231017
0.4442299416
0.4619517771
0.4660158867
0.41668232
0.4055950889
0.4054052774
0.3904605013
0.4020560767
0.4078969329
0.4202237048
0.4254479614
0.3897220955
0.3704226709
0.4072472937
0.4402512017
0.4206601201
0.426383073
0.4375827848
0.4163311642
0.4137213116
0.3974759938
0.4076317203
0.3967161173
0.3979622032
0.3937696451
0.4191164587
0.4109722796
0.4182392527
0.4076599205
0.41343519
0.4037462306
0.4247046604
0.4122238975
0.4512531619
0.438785265
0.4512825468
0.4448724801
0.4396303486
0.4351297006
0.4143725518
0.4073195082
0.3907182148
0.4348146556
0.4370192584
0.4433596561
0.4673610868
0.4598318138
0.4306391779
0.4170627606
0.4013880191
0.3791007023
0.3867167451
0.4525630562
0.3866030193
0.3830618585
0.3865962977
0.390777878
0.3743295462
0.3859623956
0.4016210975
0.40377765
0.406290038
0.4240112035
0.4153803766
0.4117675867
0.4147650433
0.3926603159
0.3954985201
0.380472341
0.3968432245
0.4357447913
0.458509183
0.4264502791
0.4365192169
0.4214027999
0.4225263759
0.4215901481
0.4336924591
0.451508741
0.4318182915
0.4321459502
0.4191343073
0.3699204361
0.3786928995
0.3969596038
0.3984822175
0.424636304
0.444106283
0.4516930902
0.464209609
0.4271053831
0.4478986162
0.4536086249
0.4343769007
0.4551148923
0.427331658
0.4218926566
0.4086032288
0.3861257209
0.3774237374
0.3884713098
0.4212330886
0.4570733196
0.4705688448
0.4434549692
0.4327025604
0.4389461663
0.4102796376
0.3996967645
0.4161466063
0.4462719197
0.4605340332
0.4461393623
0.3911808537
0.4014389997
0.4178033868
0.4319949519
0.4285395809
0.4391930275
0.4557081853
0.4579270451
0.464743083
0.4513506586
0.4580252517
0.4558026414
0.4368654844
0.4221058386
0.4605783063
0.4501506888
0.408106759
0.4063848942
0.4122931563
0.4058102828
0.4079382005
0.4013967424
0.3819770544
0.3913552312
0.3927569239
0.3932221796
0.4341608451
0.448039088
0.4434792806
0.4265133847
0.4214431926
0.4246872491
0.436006124
0.3916555271
0.3827159723
0.4016927781
0.4205102599
0.420611856
0.378568461
0.4048451576
0.4265568851
0.4167657553
0.3972923948
0.3955321811
0.4127459235
0.4200639439
0.4270112932
0.4378662801
0.4434592538
0.4671337825
0.4069765137
0.3929230607
0.3930418938
0.3917437165
0.4029860879
0.4145864373
0.4081598832
0.4370897652
0.4315641068
0.4246981989
0.4411720982
0.4405582455
0.4214917771
0.390665903
0.4184672513
0.4507662203
0.4569048101
0.4402176644
0.4182249191
0.4300611142
0.4453920815
0.4549441829
0.4488093367
0.4270797416
0.3905725067
0.3890395819
0.3934135205
0.3833258307
0.3742040541
0.4152161526
0.3986572772
0.3981394598
0.4186988054
0.4412342687
0.4386095185
0.3998580499
0.3909398947
0.4039173534
0.4257025713
0.4220681086
0.4101786997
0.3880503791
0.371819001
0.3677115723
0.3663021153
0.3852471885
0.3762356361
0.3876169219
0.398129209
0.3745825325
0.3974022361
0.3951198214
0.3791464343
0.4007935355
0.4143998783
0.4272493998
0.4130599337
0.3857343432
0.4092814829
0.3827902615
0.3479165298
0.3850426626
0.4232520628
0.4243281036
0.4116559186
0.4170383005
0.4199394166
0.3988465898
0.4094736619
0.42074863
0.3707444811
0.3844831642
0.3963346607
0.372793601
0.3630210976
0.4027591092
0.4196414209
0.4424519315
0.4526674431
0.4314686799
0.4197624693
0.4122833827
0.3982788462
0.3680604872
0.3822371641
0.3583544057
0.3739816712
0.3778270958
0.3986006181
0.3894829161
0.3872696663
0.385785822
0.3808876879
0.4052988118
0.4208951927
0.4000047725
0.378334424
0.4026312194
0.4116969052
0.3942458066
0.3828562839
0.4027429313
0.4110667857
0.412267183
0.3879472641
0.4251611816
0.399793216
0.3988239062
0.3864696944
0.3937599522
0.4067303889
0.4033759247
0.407059231
0.3972266268
0.3749928727
0.3778279656
0.3812701179
0.3938408358
0.397235692
0.3929015583
0.3942984543
0.4037382272
0.3823631658
0.39814252
0.3849821886
0.4100946162
0.4012614525
0.4065854575
0.3969306861
0.3827994223
0.4261077696
0.4365908384
0.4168869292
0.4283305056
0.4265244589
0.4277881604
0.3811161146
0.3989598473
0.3821012388
0.3981196236
0.4259523373
0.4466235346
0.4356043993
0.4490715446
0.4251629503
0.4083193992
0.3895588485
0.4092206015
0.4072380152
0.3992031042
0.4712711289
0.4660774208
0.4470339415
0.4284630762
0.4158856675
0.4091794083
0.4344195006
0.4168587945
0.405856937
0.3859793808
0.3652381319
0.3782825958
0.3659156642
0.3783230792
0.3791585469
0.3883048089
0.440942813
0.4238837981
0.423922535
0.4425829188
0.4073453697
0.3912587967
0.3870104699
0.4140057769
0.4274063474
0.4278372497
0.4104657867
0.4195509732
0.4114458687
0.3893158843
0.3731153597
0.3847682938
0.3576560374
0.372233993
0.3543502444
0.3911925576
0.4002304622
0.4004448306
0.4004397238
0.3990228296
0.4247885327
0.3998202566
0.3780330539
0.3840861594
0.3917933648
0.403142303
0.3976536004
0.3953499886
0.3980698136
0.4050737643
0.3984278121
0.40119312
0.4039028692
0.3934319198
0.4166921154
0.4305215601
0.4457826956
0.4573676058
0.4329576079
0.3961314031
0.4298683627
0.4141756498
0.4117070503
0.3911590916
0.3950999856
0.4039914107
0.3961522776
0.3972697356
0.4130373807
0.41118087
0.4340895186
0.4000643446
0.4078772645
0.410529702
0.4106233319
0.4172268713
0.3823651892
0.3642390433
0.3842160042
0.4139752759
0.4129437569
0.4005347075
0.3995806104
0.393459857
0.4302184416
0.4171707985
0.4306524996
0.3870322911
0.3844664665
0.4086358002
0.4168500725
0.439316576
0.4394361222
0.4452105846
0.4088047226
0.4056848886
0.3814363402
0.3718202232
0.3648151075
0.3894267358
0.4227637774
0.4211008649
0.4216336188
0.4071873851
0.402089713
0.4025111694
0.4147517763
0.4225602728
0.4220261198
0.4026763815
0.4047169814
0.3959355266
0.390451678
0.4175222903
0.4483106673
0.4483855714
0.4536969315
0.4036908104
0.4222255525
0.4202463307
0.4264847479
0.4388538898
0.4235491952
0.4118755374
0.4198805735
0.3999999414
0.4019350624
0.3871442593
0.3929102183
0.4004211194
0.4062785248
0.4260255961
0.4463139308
0.4313817635
0.416596605
0.4073689043
0.4132484435
0.4303531154
0.4173469235
0.4180165386
0.3660855031
0.3934804853
0.4099219782
0.3826402026
0.4265178206
0.4307400485
0.3986428994
0.4157025881
0.4357827032
0.4022392939
0.4084935853
0.4253781555
0.4215269359
0.4267565281
0.4332866105
0.4285351111
0.4261733833
0.3785159832
0.3904674639
0.3824558618
0.4088147605
0.4074863159
0.437276333
0.4519412526
0.3925693793
0.3931080393
0.4069697367
0.4196149322
0.4243448975
0.4232147802
0.4384062771
0.4485545389
0.4145954343
0.424846444
0.4124736133
0.4037276394
0.4405136629
0.4474172017
0.4377735328
0.4357331164
0.4044432209
0.3839939698
0.3861560744
0.4229493869
0.4248054793
0.4000533227
0.40613523
0.3837249314
0.4043195662
0.4070311432
0.4511640588
0.4304721641
0.4334735715
0.446335076
0.4627590287
0.4343251182
0.4062860276
0.3632640924
0.3842497731
0.4134347767
0.3501518002
0.3813801117
0.3854789222
0.3822926268
0.3696922762
0.3980559815
0.4112094617
0.4081706729
0.386404553
0.4006584618
0.414493337
0.4333014004
0.4332963996
0.4404814658
0.4245582644
0.4120266765
0.3990028783
0.3703912576
0.3498020799
0.339343946
0.3723539811
0.3811792182
0.4003863494
0.4282630576
0.4354830922
0.4498600702
0.4584067995
0.4286527766
0.3943089615
0.3906883707
0.3995195328
0.4214110413
0.398058587
0.3687650128
0.3982866989
0.3996103411
0.4165141238
0.3911268428
0.387166699
0.4049889239
0.4441803948
0.41615186
0.4094207302
0.411678328
0.4247717605
0.4293671418
0.4377314539
0.4174364315
0.3962356226
0.4061202582
0.4463634302
0.4188268887
0.4172124282
0.4276952289
0.4257585107
0.4304378627
0.4157543157
0.4123164616
0.4178079625
0.4282180687
0.4008644497
0.4316268189
0.4167487323
0.4199796268
0.4029934866
0.4008130879
0.4222078349
0.4122077513
0.4186088578
0.419742916
0.4049535389
0.3793336557
0.4359182309
0.4284093038
0.3965629996
0.3938254963
0.378913471
0.4014610646
0.4364145061
0.4497742283
0.451101862
0.4199973991
0.3998535177
0.4017779949
0.4018333281
0.395508914
0.4205280322
0.4273290189
0.426961565
0.4081982487
0.4099389846
0.4256548589
0.4197120682
0.4177742815
0.421402309
0.4228400865
0.4184795111
0.4239384674
0.4266278352
0.4344052238
0.3800476941
0.3904545821
0.4160826531
0.4234697673
0.4157841701
0.4085922537
0.3995522686
0.4092094724
0.4231031326
0.4292449724
0.4320782077
0.4427661934
0.4524679635
0.4532265863
0.3886512654
0.386548539
0.3853970194
0.3967651335
0.4059760692
0.398195456
0.3851375884
0.3863304787
0.3846160656
0.4047377877
0.406356659
0.4193143853
0.3865292956
0.4040796276
0.4071886644
0.4214213371
0.4358635013
0.4350781635
0.4673442046
0.4803171356
0.4909234613
0.4826095434
0.4455876535
0.3908968493
0.4028282317
0.4143398887
0.3964400247
0.3702884679
0.391840096
0.4150627452
0.4201501635
0.4231691049
0.4378493309
0.4206937812
0.4116660005
0.3968729085
0.3907121903
0.402369092
0.394995562
0.387988751
0.3909943472
0.4125605676
0.3943444796
0.415177101
0.4225360385
0.3904893033
0.4566886386
0.4445134917
0.4274870992
0.4097784503
0.4128145628
0.4140869386
0.3899856374
0.4075626807
0.4157770151
0.4252729415
0.4187394066
0.405906238
0.4337090196
0.4238824
0.4108693663
0.3837442219
0.4075528432
0.4299156239
0.4731210081
0.4844086663
0.4462318347
0.4121065792
0.4009390633
0.3569009213
0.3589634213
0.3779289505
0.4014257626
0.4062222794
0.4144750833
0.4307327775
0.4147594313
0.4052162224
0.3890367421
0.3662232226
0.4064367233
0.411452351
0.4302373553
0.4454177475
0.4433738903
0.4376990958
0.3789673328
0.3863521231
0.3986579746
0.432080013
0.4261092636
0.4282458503
0.3959959263
0.4275560719
0.4254084153
0.4215138219
0.4281085783
0.4153515162
0.3982833939
0.3871545028
0.3775826305
0.3911571596
0.3956666683
0.4077918147
0.3933049714
0.3699651184
0.3825806107
0.3822380481
0.4357092811
0.4616380037
0.4554756119
0.4340443517
0.4050148831
0.4400841501
0.4141119463
0.4199209979
0.4083175702
0.4368464803
0.4457420633
0.4415661068
0.4283442101
0.397773415
0.3885728554
0.4279813758
0.4046485693
0.3820668264
0.446508001
0.4516914218
0.4200811508
0.4078396838
0.4105860626
0.409338459
0.3883056168
0.3919872208
0.3892736011
0.4024531596
0.4174656308
0.4194067693
0.4020051679
0.435527925
0.420204931
0.4049027109
0.4225632826
0.3932127438
0.3956628282
0.4165952271
0.424298607
0.3850533408
0.4034745947
0.4130587364
0.3830318988
0.4026981308
0.4112728487
0.3935879236
0.3807828407
0.4011371767
0.4010909251
0.4027631469
0.4119470268
0.4287695324
0.4200892394
0.4041554657
0.4125666181
0.4168127333
0.4348074686
0.4243664936
0.4405876606
0.447434205
0.4391812921
0.4222803522
0.4404284251
0.4165350478
0.4122879665
0.3961125078
0.4026923282
0.3887372636
0.4073983736
0.4192952165
0.4234877092
0.4120994313
0.4293231204
0.4444345472
0.4207634204
0.4478768163
0.410107649
0.4150602232
0.4135906933
0.401989341
0.4079904861
0.401113134
0.3973284815
0.4017431414
0.4084717774
0.4117093492
0.4413489305
0.4565621543
0.4075742363
0.4111762713
0.4217819223
0.4103197672
0.3916930897
0.3826245422
0.4133877417
0.4265708668
0.4433422296
0.4261104993
0.464290837
0.445946216
0.4310557884
0.4166543488
0.4404679507
0.4296862282
0.448834908
0.4073426482
0.4152931779
0.3717890829
0.366544226
0.3854251113
0.3869799563
0.3883834314
0.3968807505
0.4371847494
0.3878951041
0.3621684641
0.368801559
0.3990141434
0.4327314759
0.4637637624
0.4165654361
0.4000874281
0.402572156
0.4113454128
0.3932686923
0.3937499372
0.3794551443
0.3868190174
0.3974610757
0.3873237816
0.3795813407
0.3783807752
0.3454690327
0.3439390021
0.3946131395
0.4250992149
0.4439663488
0.4454945925
0.4177851988
0.3800556263
0.3855953687
0.3793366254
0.380790672
0.3625508543
0.3537715315
0.4187136894
0.440889463
0.4371813919
0.4017033088
0.4039387943
0.4071694704
0.4071475712
0.4206105065
0.4119723919
0.4233050246
0.4514302322
0.4285034314
0.4222310777
0.4778536334
0.4510607671
0.447434203
0.4243474906
0.4154201557
0.390994097
0.4253138125
0.434304535
0.4065417348
0.4055760275
0.4247048374
0.4171321682
0.3824599609
0.3952311348
0.4045851261
0.4197004884
0.4410319248
0.4331076936
0.4449365485
0.447185915
0.3851476127
0.3918484883
0.4503002164
0.4655419439
0.4523047157
0.4455089796
0.419121689
0.4273087101
0.4306447073
0.4414271793
0.4481755386
0.4381973569
0.4152031055
0.3805524421
0.404824987
0.4073216773
0.4135917923
0.3985675941
0.4166102605
0.4130280461
0.4224139561
0.3947565324
0.3822301001
0.3859581152
0.4076879583
0.4129343058
0.4359312147
0.4574075758
0.4541215959
0.4291666274
0.4325738224
0.4781374887
0.4414056338
0.4372879592
0.4297174505
0.3901256442
0.3715258783
0.3640661521
0.3819521282
0.4184588622
0.390954635
0.4011962983
0.4149073269
0.4086157294
0.4026556343
0.4077986925
0.419087533
0.4294807888
0.4311611176
0.455306241
0.4459586148
0.414900047
0.4205876975
0.4285262177
0.4308471435
0.433004272
0.4324931632
0.4613793395
0.4353857723
0.40623158
0.3934291379
0.3899750718
0.4144403285
0.4268840415
0.4134447612
0.406977781
0.4236530551
0.4291238417
0.4441817175
0.4159252481
0.4396650113
0.4322687609
0.4188005933
0.4107391168
0.433907575
0.4254833053
0.3942663625
0.3949947446
0.3943390176
0.402993665
0.4160865546
0.44949577
0.4350628028
0.4138947536
0.4025350155
0.4389351813
0.4424405736
0.4465213096
0.4195581745
0.4306566225
0.4103384496
0.4231009388
0.4253497358
0.4146081847
0.4200726234
0.4479870166
0.4534917116
0.4350105534
0.4146812969
0.4104778221
0.4060155093
0.3987080527
0.4099932305
0.4347473568
0.4357220532
0.4010332057
0.4043683256
0.4452891841
0.4314681553
0.4295219215
0.4053906144
0.3940541275
0.3921127701
0.4029007465
0.4261473932
0.4179296141
0.3977211301
0.3740735208
0.3989780388
0.4088998656
0.3909938001
0.3834931096
0.3764023102
0.3960066027
0.4140781141
0.4293594873
0.4195138549
0.4117040752
0.3990500176
0.3980260208
0.4068827093
0.4397172615
0.4309085039
0.3890737548
0.3684486939
0.3837393944
0.3757438385
0.4071373774
0.4030574009
0.3886420052
0.4089897387
0.4059211278
0.4251230308
0.4314857262
0.4099913742
0.4416465795
0.4440700528
0.4416123368
0.4371556817
0.4218426501
0.4277127801
0.4110237213
0.4296161005
0.3987117073
0.3954224491
0.4002086836
0.418087313
0.4208068739
0.4143387371
0.4264177554
0.4280247613
0.4101014849
0.4067563196
0.3843414544
0.3890185612
0.4020388824
0.4382462472
0.4466214
0.4284858449
0.4267683708
0.4038649104
0.4061868571
0.3978619348
0.3905493892
0.4217268671
0.4158688462
0.4176759024
0.4026979841
0.4141954194
0.4089997769
0.4180191744
0.4280067389
0.41335605
0.3907926649
0.4027826369
0.3885193492
0.4067778912
0.4245407277
0.4244120343
0.4223779628
0.431856619
0.4053731795
0.3769696407
0.3755465394
0.3763312292
0.4125780832
0.4263274613
0.4154817763
0.4021637383
0.4028846588
0.4456903143
0.4278127679
0.4219752425
0.4123727349
0.3845457044
0.3637611047
0.3557910883
0.3897643076
0.4017259631
0.4298779039
0.4316486954
0.417744731
0.4172347415
0.447427078
0.4501521707
0.4248708007
0.4063518666
0.4289611387
0.4383518395
0.452146412
0.3317990619
0.3610180922
0.3652252727
0.3873403286
0.397256431
0.4098230258
0.4256266922
0.4176229546
0.4205426103
0.4384343704
0.4190289155
0.4249311308
0.4134850133
0.41904607
0.4480542725
0.4514068419
0.4514643651
0.4032595644
0.3873095598
0.3587458033
0.401138564
0.4059030385
0.4002071601
0.4055583925
0.3753091867
0.4207415239
0.4247251232
0.4184137093
0.3996288755
0.4036507594
0.4260681976
0.4052807925
0.3975319477
0.415509226
0.4102238723
0.3845845678
0.4019281688
0.4235044541
0.4136895647
0.4257761439
0.4247920815
0.4359913757
0.4500143729
0.4704124505
0.4475105689
0.4253251
0.3936442882
0.3784630142
0.4046634305
0.4213558047
0.4036670405
0.4137189242
0.4351088388
0.3998100117
0.4258323827
0.3980808231
0.4014207776
0.3863804338
0.413029693
0.4312293478
0.437265526
0.4149467832
0.401501059
0.3907343352
0.3936438354
0.4026384847
0.3955542262
0.3929450669
0.3793043662
0.3875742433
0.3943597547
0.4107919906
0.3948447511
0.422095978
0.4039712521
0.405474955
0.4348375179
0.4235768852
0.4107847994
0.4259354334
0.3837344602
0.4280345919
0.3795947681
0.3797198682
0.3838801198
0.4267802716
0.4139968772
0.4133441468
0.419420239
0.3893516749
0.4063796163
0.4084418341
0.4175184565
0.4022986404
0.4108084178
0.4150873995
0.4013844217
0.3966640814
0.3950821153
0.3833867452
0.368058967
0.3781928061
0.4069233815
0.3802502492
0.3875345292
0.3950980973
0.4470779477
0.4312367986
0.4294186239
0.4439466581
0.4131316903
0.3912303206
0.3818434673
0.392410252
0.3858053116
0.3978827537
0.4156606247
0.4313715082
0.3943181843
0.3716152486
0.4123771343
0.4025325526
0.4039375776
0.3987965329
0.4003486033
0.4171328626
0.4039080101
0.4024952117
0.4065951544
0.4092096328
0.4409368072
0.4558022619
0.4364767219
0.4596592301
0.4355075237
0.4354344559
0.440526896
0.4347442261
0.4360735771
0.4310816874
0.414111115
0.4117451888
0.4254992442
0.4271712421
0.4243533515
0.3988995774
0.4046218234
0.4131770239
0.425845458
0.4262536685
0.4287885588
0.4349187791
0.4063864605
0.4021109255
0.4121344136
0.4005792321
0.425092552
0.4178071263
0.4162169775
0.4321155892
0.438749737
0.4569247008
0.455310611
0.4565942496
0.4411095768
0.4210841599
0.4018846283
0.4017883171
0.4107891642
0.4289391558
0.4323050331
0.4213455221
0.4359812057
0.4138468668
0.4185915872
0.4247471757
0.4365420372
0.4136065575
0.402717455
0.4284020082
0.4322619892
0.436457539
0.454697166
0.4406041375
0.4579957799
0.451921388
0.4194561689
0.3776138884
0.392961311
0.3814550357
0.381398211
0.3857675336
0.390833997
0.4159211556
0.4256739986
0.4278916918
0.4285199624
0.4514756707
0.4348967864
0.4300112211
0.4347416862
0.4533103447
0.3974820802
0.3976856014
0.4072173767
0.4056741223
0.3772774643
0.3954420952
0.4041331011
0.4196583546
0.4572329685
0.4214669306
0.4394547225
0.3922530197
0.3942338755
0.3666587799
0.3907654944
0.3811960443
0.3845665949
0.3878538028
0.390085325
0.3968054849
0.3903347805
0.4115480762
0.4284610277
0.4189286987
0.4288698916
0.4346514632
0.3997528378
0.3927260889
0.4096176004
0.413720237
0.3936921747
0.4186300989
0.4193782798
0.4013137043
0.4241412462
0.4054143849
0.3677403369
0.3954600632
0.3858555065
0.3986995576
0.4139297165
0.4441629075
0.4332325032
0.4228155606
0.4131461632
0.3760691155
0.3745872943
0.3965012204
0.3689908778
0.3607501287
0.3623501238
0.3954864445
0.4028553991
0.3995538066
0.3851094768
0.3445786503
0.3686060376
0.3694451795
0.4239090302
0.4028834668
0.3975817838
0.3988534867
0.3922960285
0.396396638
0.4023318293
0.4014338601
0.421977799
0.4012709341
0.3928330432
0.3746489646
0.391830804
0.4013326804
0.4271791317
0.407328432
0.3841821192
0.3785691697
0.3980386747
0.4047185004
0.3992754737
0.4429662048
0.4279066511
0.4502583142
0.4431833829
0.4575103033
0.4394863226
0.4219164226
0.4081024628
0.3958728097
0.4012708254
0.4284933662
0.4140953215
0.3949911564
0.3979192859
0.4022508232
0.4174605475
0.4303845572
0.4331653973
0.4045296532
0.4317445915
0.4249016128
0.4380194559
0.4181869976
0.3956542011
0.3858875009
0.4059949829
0.388499304
0.3713682503
0.3834838135
0.408898965
0.4243087259
0.4606258043
0.4268661391
0.4274411456
0.433050425
0.4537234606
0.4243648697
0.449049455
0.4431438283
0.4014153643
0.3970702421
0.4005494494
0.4058174528
0.3935213798
0.4067881968
0.3894853186
0.3948071853
0.4281337093
0.4184315312
0.4028483461
0.420414146
0.3952068002
0.3952689807
0.3906515379
0.3987587811
0.4220562518
0.46899345
0.4548681287
0.4292973901
0.3776928938
0.3889013889
0.3865955478
0.3966892484
0.3975308932
0.3965929303
0.4271315056
0.4474640982
0.4299491496
0.4250733168
0.4214853965
0.3859624034
0.3726071468
0.400609727
0.4204362835
0.4215155108
0.3912979011
0.405904381
0.4109009645
0.3987925224
0.4039982073
0.409611106
0.4390678204
0.4469549734
0.4510695155
0.4184674618
0.4236298309
0.4325996996
0.4422267815
0.4119910233
0.4300560676
0.4328319816
0.4090099018
0.4134298509
0.4022697892
0.4125809999
0.3927739432
0.3822528413
0.3809653885
0.3681734108
0.4036060597
0.4240179368
0.4223424683
0.4145833722
0.4367026285
0.4205046955
0.3924964294
0.4103163581
0.3753645502
0.3885675545
0.4073949641
0.3980280869
0.4053111282
0.4251774861
0.429773748
0.4485574825
0.4215974821
0.4194730883
0.4066746637
0.4086798166
0.3936797968
0.3782043046
0.40024425
0.3943099592
0.3923675112
0.408412753
0.4159432514
0.4178730031
0.4018159025
0.4013013713
0.40025718
0.3970192642
0.4275146947
0.4268661518
0.4033691503
0.3905419271
0.4022411688
0.4221310198
0.4421808129
0.4238887383
0.4587043003
0.4523585729
0.4434120956
0.4388118778
0.3944566358
0.4080106548
0.3850746914
0.3677353583
0.3893543644
0.416383829
0.3937763505
0.3831687621
0.3786413409
0.3906275494
0.4210393259
0.4222713316
0.4281322381
0.4178864487
0.4054133722
0.4072053679
0.4537103186
0.4490193342
0.4475700464
0.4151520304
0.4105249557
0.4189623177
0.398659948
0.4189169954
0.4239504888
0.4321469072
0.4168965855
0.3973638533
0.3882693548
0.4201797903
0.4548622223
0.448470695
0.4533241034
0.4428592877
0.4242526092
0.4192412211
0.4718028889
0.4365430408
0.4133694982
0.3935298596
0.4056110156
0.4431857599
0.4505472617
0.4072555948
0.3958767562
0.3726662893
0.382021145
0.3732593513
0.3828238277
0.3922065711
0.4022743169
0.3791884743
0.40863609
0.4339552726
0.471265039
0.4792914421
0.4423668918
0.421207211
0.4174931634
0.4236380839
0.4256925282
0.4002541031
0.3913285403
0.3664627843
0.34317339
0.352014776
0.3715192627
0.3855857781
0.4240028466
0.4455238617
0.408612776
0.4273673863
0.4174208128
0.4142260183
0.4247515004
0.432026056
0.431848862
0.4256351317
0.4390879709
0.4212070308
0.4314091034
0.4215825135
0.4125373608
0.4239461969
0.4157771583
0.4081881495
0.4062105676
0.3999726381
0.3803139888
0.4036876984
0.4422198212
0.4260263256
0.4184997285
0.405575163
0.4755362602
0.4415407298
0.4453626926
0.433392071
0.4470507485
0.4296721923
0.3924422186
0.3681297224
0.3923662523
0.4162792984
0.4213209785
0.4316112486
0.4154178879
0.4347182294
0.4563013996
0.4311587186
0.3991982896
0.411442601
0.3986511369
0.4004016072
0.3992441716
0.438041583
0.3905323393
0.3758153342
0.38068816
0.3939150547
0.3775977631
0.361202618
0.3629504992
0.392176893
0.4086857471
0.3958763849
0.4100380604
0.3662953494
0.339440764
0.3589583112
0.3756207518
0.3952173622
0.4027791233
0.417204943
0.4067683615
0.4017374421
0.4292082588
0.4318990478
0.4195654833
0.4299500687
0.4026091312
0.4241115016
0.4357222194
0.4250843207
0.4061347669
0.3787208047
0.3828950756
0.3942409049
0.3979989141
0.4015608544
0.4101473014
0.4118808251
0.4025688458
0.4336973865
0.4188924818
0.4079508152
0.3966271191
0.3989690151
0.3887939025
0.3821079942
0.3870365008
0.3725806475
0.3997716897
0.3964414464
0.392984061
0.4407878534
0.4217185815
0.3977491391
0.4175771468
0.4041215609
0.3960024984
0.406480488
0.4234729424
0.4242565567
0.4183438244
0.4239375801
0.3906048763
0.371771803
0.427346804
0.4345317642
0.4334567273
0.4217558606
0.4135638351
0.4076368765
0.3948413742
0.4060477962
0.4247015776
0.4585083419
0.4678802765
0.4689794188
0.457155276
0.4287105092
0.4319766075
0.4211446059
0.4073474302
0.4242458948
0.4617928815
0.4536355748
0.4185406747
0.4106830095
0.378704105
0.3705890405
0.3963763446
0.4289372107
0.4567794971
0.4213405529
0.3934420848
0.4250398625
0.4262271998
0.4117246945
0.4175640878
0.4058462946
0.3763563908
0.3916105347
0.3986838627
0.4226700051
0.4268724191
0.402931572
0.3926519916
0.4081527112
0.411003309
0.4222574235
0.4064423764
0.4150303362
0.3929512344
0.3830869914
0.4121029997
0.4113522849
0.4328943141
0.4189917994
0.382682671
0.3853100442
0.3876326334
0.3956038837
0.3702241789
0.4078122205
0.3920841365
0.3975616815
0.4180758122
0.4003574139
0.4108194569
0.4246813834
0.422045417
0.4175763004
0.414602121
0.41599921
0.4163495279
0.4026652201
0.3743149566
0.373038332
0.4023786558
0.3847960668
0.3917587711
0.3939735276
0.4039149278
0.3821985599
0.4480028422
0.4332562437
0.3873221603
0.3941466884
0.4374898263
0.4315025818
0.4365431628
0.4394902043
0.4444694476
0.4271319878
0.4147531761
0.4195619688
0.3872695365
0.3958718505
0.394839303
0.4289774141
0.4113944252
0.4008599445
0.4072298584
0.4491500301
0.4255306361
0.405792471
0.4260490875
0.4300920966
0.4192645063
0.4116643345
0.4175965638
0.4115921989
0.4111989437
0.4346679378
0.4406747669
0.4148752149
0.4471927898
0.4166499247
0.4151023188
0.4388439274
0.4084122435
0.4021872666
0.4339562998
0.4413831188
0.3726284946
0.3905020078
0.3833925666
0.414735539
0.4129012869
0.4281966835
0.4357768992
0.421082165
0.4249783783
0.4190660983
0.4141088575
0.4311421824
0.4269518136
0.4501215946
0.4488343956
0.4177858782
0.4035942248
0.4121961839
0.4166562115
0.4097650953
0.412637499
0.4219574704
0.4648901119
0.4383461086
0.4376828305
0.4311415284
0.4396939737
0.4498907059
0.433664857
0.4311519476
0.4217735469
0.3963619736
0.4075958781
0.3932281564
0.4046337154
0.4274324155
0.4265805566
0.4298353946
0.411419235
0.4374227457
0.4295180034
0.4147654146
0.3910244305
0.4188022267
0.461675311
0.4532916598
0.4692595557
0.4556655097
0.4368333109
0.4425573764
0.4478179694
0.4577578629
0.4427369223
0.4208943983
0.4060550788
0.4029488821
0.4219627448
0.4240752706
0.4050839164
0.4056659004
0.4096431739
0.4229896399
0.4381703062
0.4235304019
0.4121735116
0.3932723842
0.3919050242
0.4299781666
0.4491977686
0.4257118465
0.3967597825
0.3819844242
0.3901208467
0.3753443746
0.400319995
0.4406097047
0.4277987749
0.4189933567
0.4233841698
0.406186803
0.4045198388
0.4288918861
0.4318105403
0.4334198739
0.4504036002
0.4472557711
0.406273139
0.4150717246
0.3957745144
0.3827588427
0.3762459165
0.4216671888
0.4220696901
0.397943667
0.4281968922
0.4016737867
0.3697938557
0.3794573087
0.3748116008
0.3738574312
0.4102581025
0.4091251408
0.410771039
0.4322009095
0.4595627736
0.448347323
0.4293999031
0.3869007343
0.4075842629
0.4268886647
0.4470942355
0.4516644611
0.454442035
0.4403182765
0.4191555326
0.4142882164
0.4438979799
0.4445685637
0.4474716782
0.4231933366
0.4103458608
0.3967383997
0.3590527126
0.3426668626
0.3819264052
0.41388255
0.3980320617
0.3879765734
0.3961174248
0.416723899
0.427128241
0.4185069981
0.4115073725
0.4012325372
0.4090216666
0.4360682305
0.4336356527
0.4507462572
0.4438751197
0.4126691724
0.3826335435
0.3673974649
0.3773575929
0.4071334014
0.4172223941
0.4110714387
0.3987802581
0.4041489912
0.3834503058
0.4095574735
0.3948945174
0.4096115047
0.4166840706
0.4299607663
0.4109815055
0.4007849748
0.4267878573
0.4221934288
0.3735144057
0.3660338802
0.4192429749
0.4009071742
0.4097854581
0.3985517618
0.4091488599
0.3895818717
0.3906098049
0.4023225624
0.4228986838
0.4227049417
0.4149972372
0.4162082948
0.4464336584
0.4578457675
0.424633172
0.3988768437
0.4109140138
0.415934482
0.4061201406
0.4105241256
0.3945697626
0.3790219296
0.3765370796
0.365849688
0.3802159946
0.4078744461
0.4368499898
0.4145798875
0.3832119144
0.3717541741
0.4025340663
0.3984461609
0.3905236475
0.4268652699
0.4225143481
0.4291802444
0.4050659153
0.3796927279
0.3949364209
0.3968877673
0.40617009
0.4230614485
0.4076572124
0.4045181627
0.4231036095
0.4207197229
0.4056621387
0.4201013181
0.4322603549
0.458209827
0.433241742
0.4149737446
0.3778009137
0.3604312255
0.364764404
0.3589273258
0.407957098
0.4258989467
0.4378402836
0.4155150284
0.4249047436
0.4180110882
0.4028541009
0.4050100459
0.3981490188
0.4066751721
0.4186615116
0.3895193887
0.3557167467
0.382989402
0.3940445002
0.396013288
0.3914851966
0.4083983421
0.4206245918
0.4246018967
0.4153873136
0.3929957036
0.4139453589
0.4332462863
0.3799216799
0.3993478321
0.3951286279
0.4405617547
0.4583826742
0.4319142931
0.4289735565
0.4226978148
0.4230778789
0.4320158378
0.4126542046
0.4193910527
0.4091353359
0.3848702912
0.3792158403
0.3775248714
0.3824509537
0.417232817
0.4203754135
0.3906900306
0.3993812239
0.4289338701
0.4217485839
0.3950507677
0.383480613
0.38724021
0.4172226284
0.4076212057
0.396129755
0.3900844746
0.3994726291
0.3922110858
0.411880291
0.4352344044
0.4357300125
0.4558752154
0.4454365171
0.4270335327
0.4177705885
0.4300686031
0.4701114087
0.4736629492
0.4534915413
0.4145896227
0.3753132094
0.3890768684
0.3959110317
0.3791986777
0.3759957986
0.3964584274
0.4052312317
0.4026608391
0.4037260107
0.4166903982
0.4144416354
0.4077747742
0.4072672463
0.4342411325
0.4300301162
0.4507237845
0.3870035794
0.4101058748
0.4146114998
0.448771401
0.4119128998
0.3982427255
0.4047648411
0.3863585731
0.3752774954
0.3591563337
0.3765822409
0.4028021223
0.4136321571
0.4060704863
0.4348184969
0.4258541005
0.4162098457
0.4486160535
0.4338968486
0.4071601382
0.4650971897
0.4450709378
0.4354008403
0.4126312923
0.4221096323
0.41178775
0.4222653207
0.4016951142
0.4165377524
0.4440911089
0.4451695455
0.4417507968
0.4114732224
0.4130154547
0.4228072603
0.4232355347
0.4307565864
0.4014974558
0.4194033182
0.4382344213
0.4190418593
0.4316632116
0.4229750783
0.4197151083
0.4210247503
0.4142018505
0.4160015562
0.4115604607
0.411020311
0.3996226966
0.3966267548
0.4021227621
0.4383637689
0.4200577655
0.3860053714
0.394575562
0.3997005743
0.4245953686
0.4190593412
0.4450467088
0.4031270854
0.417584075
0.4199087327
0.4045573234
0.4325922383
0.4485119372
0.4216284843
0.4358057653
0.4212471533
0.4045675899
0.4033935094
0.4052552977
0.4232653846
0.4377014076
0.4509401641
0.4397962019
0.3911325525
0.3988221719
0.4032390935
0.4083510547
0.4066034607
0.3848915645
0.3868850362
0.3803614199
0.375868696
0.4070675871
0.4142439554
0.4163680195
0.4406631667
0.4581764707
0.4771463443
0.4495371576
0.3867706962
0.4044073004
0.3896720079
0.3974756427
0.4139879938
0.4441895266
0.4348557121
0.4071403571
0.4203803476
0.4304906672
0.4758143333
0.45789955
0.4614403731
0.4813693609
0.4919962018
0.4779043669
0.4654453992
0.4464039746
0.4075442279
0.3871240998
0.4409861559
0.4188892739
0.4097760321
0.4106861831
0.423611865
0.4135086901
0.4193899589
0.4361703257
0.4081325899
0.3894963773
0.3961890232
0.3867982446
0.4065053684
0.4177506519
0.4099570891
0.432168331
0.441176084
0.4635421383
0.4612893004
0.4658339539
0.4335533093
0.427950579
0.4473685296
0.4595617955
0.4393133073
0.4285829852
0.4255260272
0.3934508259
0.4531946809
0.4587339243
0.4486351063
0.4153425719
0.3826216077
0.3804494214
0.4031346368
0.4191434482
0.4320957866
0.4375428883
0.4341999469
0.4608330696
0.4629682693
0.4427935712
0.4425099768
0.3898037362
0.3726124342
0.405639708
0.427465131
0.4496491679
0.3799912621
0.38179629
0.4176509864
0.4306491697
0.4191231587
0.4150062024
0.4155434668
0.398827409
0.4247871955
0.4255640154
0.4376513733
0.4167386361
0.4212787141
0.4279657468
0.397458575
0.4038987559
0.3961654277
0.3848795583
0.3790991153
0.3879195635
0.3897909409
0.387593596
0.3646660122
0.3907413287
0.3948980029
0.4267416272
0.4261596096
0.4563315659
0.4224425942
0.4132042231
0.4371314036
0.4299779347
0.4323885631
0.4254201856
0.4122304677
0.4428851374
0.3858098823
0.3914572299
0.4151293673
0.3719559363
0.4110660974
0.4235311237
0.4099606544
0.4117729173
0.3714115979
0.3865865066
0.3944597756
0.4034713649
0.4292615197
0.4322288538
0.4006500063
0.406087656
0.3948840298
0.3905916539
0.4262115676
0.4321458646
0.4057640226
0.3846055769
0.3894329632
0.4146462182
0.3909242875
0.3856068751
0.3697973432
0.3707378115
0.4022507827
0.3870839385
0.4012172227
0.4230901759
0.4221373832
0.4232626167
0.4505746196
0.4173561278
0.41234534
0.3938911153
0.3962066989
0.4148410145
0.4401294057
0.4465774274
0.4053824916
0.3676215943
0.4423039792
0.4361218169
0.4421540762
0.4137979062
0.4073599675
0.4022601231
0.4147112537
0.4301716984
0.4278699059
0.4169778709
0.3763725013
0.368484239
0.3766549956
0.3875384108
0.4079163209
0.4170781202
0.4446869992
0.4175399611
0.4194110932
0.4172576841
0.4312594643
0.4433706448
0.4409871654
0.4053568995
0.4033675826
0.4363259122
0.4160140514
0.3653957918
0.3671853435
0.3815120191
0.4028360819
0.3936132641
0.4205835634
0.4212007673
0.3943455512
0.4038473651
0.3864464538
0.3936888018
0.4071998262
0.4199886331
0.3659458438
0.3585372704
0.3731529774
0.3986373185
0.3958061128
0.3944345785
0.3716936472
0.3884218315
0.3894042883
0.407910623
0.4119531095
0.4081168036
0.3948350575
0.3861416461
0.3962351326
0.4075093051
0.395188079
0.4060783765
0.4018771219
0.3966195373
0.4279664694
0.4311582266
0.4280520407
0.4246998398
0.4247430558
0.4212568776
0.4272566345
0.458082136
0.4012571652
0.3817194757
0.4024542356
0.4112140766
0.3847445666
0.3908693085
0.38319381
0.3764410985
0.3955180269
0.4132244905
0.4021098267
0.3918735355
0.405823082
0.4277514713
0.4224866606
0.4107877695
0.4132232272
0.3949993233
0.3764021518
0.3698443591
0.3920587673
0.4044899857
0.4078832305
0.4125425665
0.4390737263
0.4016806841
0.42446563
0.4437573203
0.4739100002
0.4471334234
0.4395087301
0.4154697773
0.4412736736
0.4350601076
0.3945553851
0.4021284245
0.402946948
0.4316573131
0.4441846073
0.4471185889
0.4136173169
0.4068638575
0.3933576488
0.3824971734
0.3950786062
0.4309350946
0.4377688406
0.4149014482
0.3978442882
0.4105108845
0.4082919284
0.4435190597
0.4344443523
0.4069225806
0.423779325
0.4494955054
0.4334568775
0.3777703274
0.3785521676
0.4186036047
0.4173302558
0.4204561437
0.4232603845
0.4487526023
0.4191391936
0.4099850786
0.3868843252
0.410672693
0.4040937148
0.3832724428
0.411912536
0.4395138738
0.4247189373
0.4314843356
0.4249258597
0.4297080843
0.4328855942
0.4607874709
0.4370630371
0.4073598525
0.4214204185
0.4450316092
0.440011982
0.467998317
0.4665707385
0.4552536072
0.4343978817
0.4019706888
0.4066391587
0.4189131913
0.4184424714
0.4448825825
0.4147823367
0.4004141672
0.4062743515
0.3789239415
0.4041745871
0.4139560871
0.4470099833
0.4356513601
0.4391765223
0.4153880872
0.406884405
0.437793865
0.4370419356
0.4251303567
0.4208958061
0.4254943421
0.4139995793
0.4110604969
0.4437777561
0.4225314206
0.4394881463
0.4492253722
0.4560541857
0.461809269
0.4620845203
0.44474693
0.4166744071
0.4115906102
0.3835313105
0.3896352642
0.3786400801
0.4081002609
0.4117670045
0.4407849996
0.4377255642
0.4192614571
0.4157579185
0.4422306049
0.4257435747
0.4192357163
0.4436411185
0.4356633358
0.4250491969
0.4376955116
0.4408024341
0.4059996306
0.4185028151
0.4058308712
0.408685045
0.4085504036
0.386866373
0.3941504806
0.3748684195
0.3930890783
0.4095695908
0.411323495
0.4402291852
0.4432135974
0.4252379336
0.4415754002
0.4589477282
0.4671294884
0.4701292436
0.4562587403
0.4467925426
0.4251381177
0.4345837916
0.4392102083
0.427555257
0.4100367128
0.4093169168
0.4103614274
0.40533273
0.4317964204
0.4043161904
0.4260204774
0.4081463755
0.4191830569
0.4354740791
0.4448733729
0.3767687747
0.3899196973
0.3914637413
0.3957063668
0.3976298013
0.4073000278
0.3911908654
0.4160771472
0.4340089338
0.4199427355
0.3984633077
0.3816395167
0.4045855382
0.4030102712
0.4260547117
0.4022797413
0.3777061925
0.3709198013
0.382921832
0.3734897438
0.4243814844
0.4021542183
0.4123311433
0.4348785218
0.4349319276
0.420021027
0.4391809038
0.4326504808
0.4120644046
0.3921440934
0.4037301923
0.4191957315
0.4056812772
0.3973776579
0.3973936599
0.4182424808
0.4511383029
0.4629980558
0.4268027678
0.4294898199
0.4059766583
0.4010297177
0.3976245653
0.4145183822
0.4135916633
0.4014032488
0.3694399981
0.3619676742
0.389689389
0.4161017099
0.3985213441
0.3935326118
0.3924510993
0.3910178294
0.419047265
0.4101872691
0.4072442113
0.4058252233
0.4196837434
0.409659586
0.3963356232
0.3890586006
0.403939183
0.3997699885
0.3758639646
0.3885152439
0.393547477
0.4036985437
0.3753874718
0.3870705636
0.4356421399
0.4415675997
0.4577380432
0.4755295961
0.4748518006
0.4529863346
0.4465030158
0.4022384738
0.3853345887
0.3874870862
0.3740537201
0.3949442947
0.3982671019
0.4071043521
0.3989017506
0.3998035496
0.4043128892
0.4185309052
0.4399280788
0.4227896719
0.4575464972
0.4447899493
0.4323465
0.4333701082
0.4237123232
0.4046497993
0.368637259
0.3934727123
0.3726167869
0.386842899
0.374691534
0.3899095922
0.4020482433
0.4321683854
0.4636660769
0.414497234
0.4076055088
0.413167494
0.4116442115
0.4149087768
0.4049516805
0.4022016402
0.390314791
0.3704065791
0.4040064711
0.4010237082
0.4028467785
0.3964156453
0.4155382514
0.3987081871
0.3920356608
0.397481893
0.3813687094
0.388584462
0.3980797471
0.4216956256
0.4175862447
0.4115493217
0.4109449657
0.402151333
0.3977319034
0.3958362497
0.4079479132
0.4103195811
0.3912015895
0.4199332062
0.422468349
0.4052395275
0.390568238
0.3934301113
0.3902275543
0.4017293593
0.4362032038
0.3993873253
0.4146090534
0.4144459859
0.3921880181
0.3902757349
0.4145447042
0.4245269461
0.425873722
0.4201476526
0.4382888919
0.4599830522
0.409623759
0.3824558341
0.3905610639
0.39429062
0.3902926591
0.3976273526
0.4592777812
0.4497580902
0.4415791023
0.4357691151
0.4256303885
0.4048644525
0.3988933656
0.4000844572
0.4341559904
0.4310530945
0.4010345791
0.3812022306
0.3615444631
0.3838356508
0.4043051761
0.4131217428
0.400363163
0.445046136
0.4589965003
0.4729246022
0.4089789749
0.3945490385
0.3873954384
0.3987221207
0.4238961942
0.4094434795
0.4015171692
0.3935536382
0.3715593111
0.4080959241
0.4169902606
0.4359458593
0.4205864057
0.4259039571
0.4067690969
0.4290695462
0.462419113
0.4513295282
0.4183949681
0.4350137225
0.4038419973
0.4085444549
0.4031768627
0.4238477648
0.3943840806
0.4123837018
0.4113787655
0.404870134
0.468256737
0.4259989967
0.4369786822
0.4206495217
0.4139063099
0.4453960598
0.4491554956
0.4341486753
0.4294959705
0.4484599018
0.4182320453
0.3861226694
0.4160380287
0.4383073088
0.4472059519
0.4443686864
0.4356828985
0.4060946368
0.432034436
0.4405839831
0.456958855
0.4569514265
0.4577554907
0.4805861209
0.4591103534
0.4287957407
0.4360091699
0.4451983301
0.4280996621
0.4067207889
0.3750397666
0.3780712502
0.451411636
0.4331392796
0.4128475341
0.4381579096
0.4222616963
0.3947148778
0.4252636146
0.4193348955
0.3972486384
0.4104392528
0.3893225271
0.3732543963
0.3935120875
0.3911324963
0.3712947521
0.3961583034
0.3691340117
0.3755741835
0.3950796105
0.4182148288
0.4135422168
0.4166411537
0.4241285761
0.4269454338
0.4472424955
0.4569581144
0.4384024902
0.428624426
0.4260859563
0.4323541311
0.4241482011
0.4298961487
0.4295180283
0.4502157772
0.4294926523
0.4249986952
0.4112331998
0.4243753485
0.4108514363
0.4165030476
0.3888513596
0.4257987795
0.4047123942
0.3874699557
0.3761385025
0.4163936559
0.4357226925
0.4254694016
0.4216480404
0.4219283473
0.4249445541
0.4023842522
0.4146950741
0.4124622917
0.4134453211
0.433396794
0.4233170825
0.4036096629
0.3961912683
0.3926279445
0.4163463284
0.4325702809
0.4162597811
0.3958027853
0.405015974
0.4531910038
0.4600128162
0.4208635988
0.4222718965
0.4297192441
0.4414234735
0.430083148
0.4426366406
0.4331552621
0.4374206828
0.4120957105
0.4279457841
0.4463664278
0.4451442803
0.4495804834
0.3957733993
0.388179308
0.386862939
0.4004977468
0.4282691849
0.4398420207
0.3986671709
0.401475373
0.4068134619
0.4140319333
0.4102266485
0.4108367686
0.4224451415
0.4234547109
0.432851267
0.4234035344
0.4054839906
0.3690477947
0.3833978536
0.3983230472
0.4449872614
0.4405486071
0.4363352403
0.4434723284
0.4426784552
0.4340675426
0.4257213788
0.4096814061
0.3966462593
0.4015177973
0.4191463449
0.4198795073
0.4233243597
0.3949321762
0.4078862077
0.3946538877
0.378686536
0.3851045294
0.4138347334
0.412070952
0.4214810422
0.4397782918
0.4528768015
0.4232970256
0.3940653191
0.3632571615
0.3833756193
0.3914837671
0.4405415629
0.4374803393
0.4441980937
0.4133330959
0.3923993081
0.3823239081
0.3891352371
0.3852726771
0.4145455186
0.4010617056
0.4011033776
0.4196785435
0.4116142111
0.4089916495
0.4053195475
0.3978286608
0.3957513489
0.4137666207
0.3996330179
0.4010879102
0.3834482592
0.3866336068
0.3953094276
0.4349733696
0.4413315285
0.451776265
0.442752536
0.436563876
0.3887028731
0.4066466856
0.4052406836
0.4012289258
0.3867346471
0.4161141295
0.4098731242
0.4178054614
0.4298410126
0.3915059851
0.4233500326
0.4353409459
0.4008563417
0.438595254
0.413792452
0.4273656079
0.4433902407
0.4294707685
0.4310366686
0.4204289185
0.4361801226
0.4038506717
0.4043244803
0.3980820893
0.4400142881
0.4125672983
0.4317575734
0.4477944819
0.438627213
0.4366797138
0.4424588164
0.4356421915
0.4550954215
0.4460686832
0.4254765826
0.4117087124
0.4400079379
0.4392432328
0.3989158201
0.4102577589
0.4323273779
0.4314095326
0.4312702594
0.4416840105
0.384690758
0.3935283761
0.4035694624
0.386864863
0.3985360296
0.4389758156
0.4371052261
0.449511199
0.4217587387
0.4173235415
0.4320183523
0.4224249621
0.3913189152
0.4053957843
0.4102157803
0.4202958892
0.3881937513
0.3988935185
0.3948030641
0.3860451879
0.3835480322
0.4073577718
0.4149573775
0.4315763575
0.4189859072
0.4133125517
0.4120891839
0.4172064747
0.4115918995
0.4162989265
0.3995209051
0.4263728904
0.4279933198
0.4040264413
0.4117960305
0.4353995421
0.4033755279
0.4065319867
0.4209239421
0.3936581745
0.4500556183
0.4526873735
0.4246898789
0.4065843795
0.3980736856
0.4344252046
0.4534891198
0.4396859771
0.4203512471
0.415229551
0.4121989479
0.4098991325
0.4417309433
0.4591005208
0.4719994901
0.4385751207
0.4052132916
0.3638495364
0.3625387997
0.4153733471
0.4066122515
0.4045275453
0.3952643376
0.3777476776
0.3669051476
0.4141915487
0.4206163647
0.4391779855
0.4459582966
0.4507906111
0.432385098
0.4127575758
0.3865498306
0.3779344013
0.3924325518
0.4430773016
0.4313395031
0.4329295539
0.4342430264
0.4021489127
0.3798580792
0.3910714269
0.4190742494
0.4513368523
0.4364110687
0.4368922482
0.4194733024
0.4323271792
0.3950381235
0.42358158
0.4094028426
0.4236898656
0.4349628536
0.4411392031
0.4434410103
0.4384781778
0.4478745498
0.4174332668
0.4176667589
0.4002255879
0.4281266517
0.4248486742
0.4412105336
0.3981214429
0.4421624198
0.4469966933
0.4628093979
0.4401575032
0.4129485037
0.4182746565
0.4315431379
0.4135400303
0.4062116854
0.3942338252
0.3890812905
0.3821556851
0.3778641877
0.4047379464
0.4080765294
0.4326227141
0.4032787014
0.4128277813
0.4146973188
0.4401310437
0.4419993366
0.4450960177
0.4083245293
0.3802354857
0.3824062645
0.3970653315
0.3942059961
0.4016331762
0.4146034811
0.4205399928
0.4331457955
0.4142012123
0.40698428
0.3981824318
0.4135880207
0.4154099588
0.4074753084
0.4241523926
0.4249701106
0.4198020303
0.4196472755
0.3765473142
0.3808788078
0.4147853641
0.4326687336
0.4375904424
0.4243879668
0.3965769585
0.407597388
0.4104668703
0.4084703815
0.4204936664
0.4259043801
0.3970000867
0.39757042
0.3790148791
0.3903664166
0.3623570107
0.4053958617
0.3931688326
0.4030208302
0.4036965962
0.4187270826
0.4455802995
0.4404738209
0.4248433656
0.4091769461
0.4116350004
0.415856932
0.4063904593
0.444203704
0.4179658593
0.4415577814
0.4659275764
0.4217239655
0.4101147655
0.4007669677
0.3765578266
0.4084844423
0.4083987703
0.3991436562
0.3696876743
0.4033436346
0.4082788834
0.4215457378
0.4137916872
0.4595888162
0.4540276957
0.4016562601
0.4094460353
0.3945884959
0.4318624349
0.417876813
0.4033234493
0.4151869465
0.4126223409
0.3958332461
0.3701497108
0.3686213818
0.3587860671
0.3514476917
0.3806273416
0.3928058993
0.4063389569
0.4222516098
0.4330231543
0.4221623555
0.4294839391
0.4180766222
0.4270081567
0.424304039
0.3987264526
0.3661436648
0.403720544
0.4050078133
0.3872679832
0.3840783392
0.3838013119
0.4014697705
0.4162285564
0.4029248284
0.3903954365
0.4000651726
0.4311780391
0.4329939001
0.4544121042
0.4234228641
0.4002887556
0.4334118577
0.4313129455
0.4068559386
0.4013836435
0.4172909765
0.4073335442
0.3856446829
0.3876869793
0.4141554025
0.3991259152
0.3860483101
0.3997840139
0.4190934884
0.4167263941
0.4179221286
0.4010286278
0.4026934067
0.4196119857
0.4350037566
0.4325498096
0.3943230988
0.4036109004
0.4203632409
0.4212053158
0.4353230703
0.4664577034
0.446234064
0.4094908184
0.3882344516
0.3941415934
0.4100167964
0.4012400551
0.3857964167
0.3979940284
0.4223300265
0.4231362129
0.4485290352
0.422923202
0.4275396813
0.4126394238
0.4256391359
0.4004628238
0.4072202068
0.4018895255
0.4040807996
0.3846134966
0.3898560903
0.3947539456
0.4258085142
0.4281264715
0.4004755705
0.4027324768
0.4386956471
0.4433202412
0.4193809766
0.4228207909
0.3986721219
0.4111935586
0.402410874
0.4133556211
0.4559451375
0.4514038361
0.4839144999
0.4520330594
0.4277146535
0.4182456469
0.4254883026
0.4314248623
0.4424924945
0.4405351765
0.4014384592
0.4133921468
0.3871825035
0.3969182396
0.4074511671
0.4099756908
0.3875229342
0.363860223
0.3981330614
0.3901754432
0.4109161657
0.4366135591
0.455868475
0.4332307271
0.4445121027
0.4311665397
0.4424884182
0.4398476478
0.4103009959
0.3943609708
0.4147067144
0.4279853595
0.4424489287
0.4373161276
0.4131717016
0.3917630256
0.4064018774
0.4055443212
0.3980338982
0.3874886681
0.3895069989
0.3752024537
0.3630283698
0.3717462585
0.3899576464
0.3996576555
0.3896763524
0.4007191224
0.4228154547
0.4003552508
0.3960115423
0.4248139904
0.4222815827
0.3868671933
0.4054058493
0.4237374891
0.4273824028
0.4237303075
0.4012837918
0.393261691
0.3742901505
0.4031139189
0.4058009184
0.3886079876
0.408936865
0.416063002
0.3986731439
0.4180602028
0.3809772952
0.3945150096
0.4474715826
0.4337470172
0.4036786612
0.40461631
0.4151897778
0.4106778257
0.3903782146
0.4178374328
0.4489184915
0.4654954029
0.4257519325
0.4151227151
0.4262368035
0.4206989422
0.4300591852
0.4129655044
0.4163221313
0.3947431326
0.4212038466
0.4223214446
0.416595984
0.3880513561
0.3990328648
0.3774347557
0.4087459462
0.4304555842
0.4379462502
0.4418278689
0.4688890254
0.4685208398
0.4529781544
0.4537593943
0.4289560808
0.4001211753
0.3967653186
0.4007252666
0.3925556925
0.3809871295
0.4115829537
0.4294307641
0.3950544886
0.4050648226
0.4156144121
0.4436973884
0.4361974836
0.4522756933
0.4611480267
0.4625039259
0.4522711099
0.4609722656
0.4415787467
0.4531558128
0.4227432752
0.431814577
0.4181939495
0.4116941371
0.4163311054
0.4219785647
0.4227314221
0.4200996125
0.408101476
0.3993241299
0.4240635294
0.4346706743
0.4191538718
0.3994168787
0.3816131345
0.4088096073
0.4019086799
0.4042931947
0.3844327336
0.4010149495
0.4160684442
0.4314578754
0.4239955908
0.4369555149
0.4523150393
0.433927178
0.4286706813
0.4392387797
0.4034980225
0.396824015
0.4059374469
0.3806087287
0.3757455692
0.3939946213
0.3860955301
0.3603217019
0.3706966403
0.3812264923
0.3962579811
0.4087555232
0.4070197547
0.4174698475
0.4399362962
0.476606297
0.4453701559
0.4147323196
0.4092815051
0.4174994079
0.4573723769
0.4584886106
0.4492264438
0.4334889474
0.402236684
0.4233308055
0.4363248794
0.468707746
0.4501421939
0.4168068643
0.3932143968
0.3827203376
0.4021856087
0.3989987108
0.3882837017
0.4084459792
0.4340144429
0.4339172736
0.3901598175
0.4110823412
0.3803538046
0.4115237487
0.434443337
0.4257300061
0.4406507676
0.4286380374
0.4126532348
0.3884203887
0.4211192363
0.4305590414
0.4044861872
0.3988402904
0.3804812787
0.402573483
0.4299456822
0.4119597427
0.4176742149
0.4350699355
0.4016672232
0.4184485951
0.4088921258
0.3891882223
0.4015116296
0.4388094001
0.4041649312
0.4298442747
0.4284967831
0.4108336655
0.4192719588
0.4410459755
0.4529809757
0.4198465331
0.4342773411
0.3948005357
0.3553370708
0.3872922404
0.4067283107
0.3770492371
0.3729132745
0.3937517204
0.4086498496
0.4391298976
0.4294000075
0.3994760412
0.4143594576
0.4286575983
0.4345291329
0.4410286272
0.4354619826
0.4099063335
0.4058273348
0.4085754361
0.4169332493
0.4200581043
0.4106362904
0.385619488
0.363504428
0.4100019756
0.4255711545
0.4199908709
0.4193406081
0.3944674805
0.4041137079
0.4256484571
0.4435573814
0.4136475224
0.4379796669
0.4481122453
0.4622342452
0.432440661
0.4216269354
0.4256838029
0.4158887117
0.4272103456
0.4375170075
0.4086611651
0.4239880525
0.4041502563
0.4664756269
0.4552124159
0.4397249178
0.4398514713
0.4233442096
0.4342635919
0.4316299055
0.4320832864
0.4392759568
0.448943809
0.4520645227
0.42895332
0.4258745564
0.4358034024
0.4374314962
0.4392934398
0.4311663024
0.4336345274
0.4634799021
0.4862872462
0.4073840379
0.4049994054
0.3988135102
0.4157721075
0.4309362403
0.4039684187
0.4198627899
0.439110564
0.4351621277
0.4379317913
0.4411775303
0.442963465
0.4382228794
0.4151060479
0.3983521397
0.4191802247
0.4382593477
0.4572700807
0.4420311393
0.4188347883
0.4291847664
0.4467785777
0.4668095893
0.4390297266
0.4321535042
0.4019235809
0.4148959196
0.4350881155
0.449363761
0.4089314535
0.3868705685
0.3919672239
0.4002554215
0.4079436341
0.4471623697
0.4472036482
0.4581615071
0.4525093562
0.428787833
0.4193748561
0.4034623715
0.4114986409
0.3983694133
0.3945317425
0.4043468603
0.4060527947
0.4109863602
0.3912293723
0.4357751079
0.4232228664
0.4116047852
0.3904603996
0.3786459067
0.3683474236
0.3635515003
0.4026339385
0.4087065108
0.4135363489
0.4137865618
0.4076579468
0.3921298633
0.4193644345
0.3916422662
0.3705376731
0.3723900592
0.3693072877
0.4343247942
0.4406252284
0.4292965767
0.4028402295
0.4109569629
0.3810680707
0.3745288193
0.3813240132
0.385452186
0.3784335911
0.3724334827
0.371957362
0.3941480876
0.3854839764
0.3925937282
0.4140160519
0.4353199769
0.4070002707
0.3706060701
0.409811964
0.4057180442
0.4049907741
0.4056437295
0.4203390949
0.4041360188
0.4120541205
0.4059124916
0.3669644476
0.3824626883
0.3843272117
0.3624416746
0.3511261239
0.3842833433
0.3711694705
0.4422628945
0.4276313288
0.4168140526
0.4280592754
0.4175919032
0.3936853426
0.3860450349
0.4087089096
0.3919764472
0.4066277308
0.4367942759
0.4078967365
0.4082206711
0.4284882679
0.4192524231
0.4102969512
0.4036810066
0.4047838107
0.4107179483
0.4441672478
0.4060067739
0.3851623541
0.3839081305
0.4059612952
0.4337387637
0.4475940268
0.4293419599
0.4222783386
0.4237388727
0.4379637072
0.4343895404
0.4500448311
0.4469556961
0.4291348961
0.392217203
0.4084590697
0.3997623015
0.409032163
0.4277612999
0.417663955
0.4405131186
0.4300670561
0.439720272
0.4205232566
0.4084157604
0.3934353443
0.4024272634
0.3919664857
0.4016331149
0.4157067491
0.452071423
0.4278079485
0.4446669012
0.4688284514
0.4575262838
0.4222498349
0.4368079611
0.4499813621
0.4391721632
0.4431693525
0.4306578985
0.4020303226
0.4054554579
0.4016725258
0.3713113504
0.3808760074
0.4093318715
0.4336403175
0.4228164691
0.4259009747
0.4152132876
0.4425072882
0.4374707329
0.4297655398
0.4400182596
0.4669443969
0.4505938871
0.4072949507
0.4198861947
0.4466055006
0.4070582177
0.4275975598
0.447394183
0.4177789956
0.3868467473
0.3843507162
0.394122003
0.4169276168
0.4561115112
0.4673817726
0.4777134086
0.4604381372
0.4522329484
0.4708284947
0.4631798769
0.420980182
0.4064760466
0.4193080608
0.438997103
0.4047954517
0.4374848009
0.4600354305
0.4654218075
0.4488946644
0.4390332378
0.4644592661
0.4851660443
0.4407398543
0.4342525527
0.4248278768
0.4441702075
0.4650859183
0.4596451129
0.4500845455
0.3916627837
0.3745193173
0.4134563817
0.4136672327
0.4148941471
0.4289908952
0.4268850676
0.397577582
0.374903145
0.409649913
0.424399441
0.4151614864
0.4297094431
0.4359848024
0.4353961535
0.4149058654
0.4176618343
0.4008236315
0.3839164595
0.3946454253
0.4427991914
0.4284458042
0.3867927285
0.4189150804
0.4259520762
0.4285408009
0.4013042455
0.4072710747
0.4194932938
0.4284039276
0.4324066655
0.4264150876
0.4314470275
0.4206560149
0.404174824
0.4466329776
0.4271659787
0.4200040919
0.4209095492
0.4389441383
0.4610453484
0.44379856
0.4297070469
0.406163221
0.3622549282
0.3678747336
0.4341177082
0.436461786
0.4132141349
0.3986581084
0.4198079066
0.4293641911
0.419610471
0.4167903371
0.3708688218
0.3972617296
0.4210432737
0.4331118923
0.4342550422
0.4163338485
0.3889933199
0.3963985429
0.3812019307
0.3769775399
0.3913043832
0.3838663674
0.4277939752
0.4404030727
0.4394852136
0.4332270305
0.4234298246
0.4114378744
0.4159209175
0.3998700143
0.4203134653
0.459280128
0.4360866837
0.4463992987
0.437500991
0.4295452847
0.4193717103
0.3909562586
0.3938484692
0.4066684576
0.4165911425
0.4330805153
0.4243962962
0.3750582516
0.3946788459
0.408491225
0.4429622705
0.417025814
0.4115660654
0.4269158185
0.4178737318
0.4158199708
0.40993553
0.4185480558
0.4125905651
0.4326201899
0.4242097439
0.4262502927
0.4290307701
0.4038698058
0.380504806
0.3875460477
0.4552323938
0.4541093323
0.4341810561
0.4046185884
0.3851459533
0.4128196754
0.4134338329
0.3967856635
0.3845093138
0.3988888111
0.4043536582
0.4015609927
0.4326931087
0.4211710652
0.425089914
0.4330409461
0.4189534433
0.4396748103
0.4580197233
0.4784320532
0.4237369695
0.432250893
0.4222806265
0.441642834
0.4505373107
0.4662831954
0.4430278641
0.4093187675
0.3796682923
0.383471815
0.4231514842
0.4544177712
0.4564950021
0.4645488137
0.4146412595
0.4078043237
0.4006767939
0.4267625371
0.4116476525
0.4297109915
0.4350191755
0.4206803638
0.4156493635
0.4303584456
0.437928607
0.4192644113
0.4309338343
0.4442516992
0.4396974231
0.4292899328
0.3992115889
0.3996216554
0.4454419222
0.4460798395
0.4236127897
0.3715028581
0.4027519693
0.4019529916
0.4139476256
0.4229761609
0.3905502981
0.3505366127
0.3678394856
0.3906399877
0.4211160571
0.4276406884
0.4002385308
0.4019156897
0.3956580245
0.4074100199
0.4109715905
0.42475576
0.4044285919
0.3968529783
0.4191848599
0.4086102488
0.3897293107
0.3838540757
0.3973243894
0.393079808
0.4170663045
0.4114911206
0.3901798389
0.3884903545
0.4239752124
0.4126295523
0.4053378552
0.3999933156
0.3721075604
0.3808260198
0.3852826116
0.4138634661
0.4251625557
0.4206490821
0.4275842973
0.4325592293
0.4192471504
0.4477319822
0.4488915481
0.4289350053
0.4411660834
0.4497899934
0.4598870462
0.4662684449
0.4546034566
0.444715021
0.4332307733
0.4002272317
0.4043745353
0.3847698517
0.3804409087
0.3958339035
0.4043314083
0.4280224876
0.4269516428
0.4245983981
0.434326424
0.4666382736
0.489294551
0.468407488
0.4410261447
0.4234201377
0.428053663
0.4168456488
0.424515307
0.4000136213
0.4031753816
0.3883849236
0.3928690318
0.4037020847
0.4006347906
0.3898230735
0.408856654
0.3999598425
0.4284210386
0.4639608703
0.4540033404
0.4407249202
0.4318079517
0.4287944473
0.4264252336
0.4206509656
0.3996869173
0.426551061
0.4461386523
0.4556983723
0.4442819069
0.450839188
0.4384309225
0.4133944148
0.436094736
0.4392829782
0.4523466037
0.4440991163
0.4700095677
0.46239117
0.4406408319
0.4160293355
0.4479640179
0.4209891167
0.3787497577
0.3954585622
0.4310365758
0.4215033548
0.4371838795
0.4189858528
0.4018390517
0.3883632635
0.3993427703
0.404743861
0.4349664978
0.4264935418
0.444910647
0.4788241434
0.4849491091
0.4566126484
0.4431562254
0.4274499646
0.4049007714
0.3853355507
0.4603574237
0.4412665598
0.387023522
0.3946468063
0.4302090168
0.4077612671
0.4248370935
0.4436715203
0.4596108166
0.4723184109
0.462123609
0.4800116108
0.4309428333
0.4228267217
0.4389055232
0.4438107568
0.421472352
0.4202266852
0.4000411795
0.4540642756
0.4465973047
0.4672307837
0.4322422484
0.4155053174
0.399083611
0.4208191829
0.4359483023
0.4394237857
0.4003220859
0.3956552872
0.4399396167
0.4302484993
0.4318233918
0.4096018241
0.3993930185
0.432510172
0.4474750594
0.4364375362
0.4527588334
0.4234591794
0.4355377189
0.4503805908
0.444670314
0.4498128254
0.4444564039
0.4342227531
0.412197347
0.4439421559
0.4428065519
0.447142558
0.420199715
0.4185446276
0.4372270625
0.4408525486
0.4254566955
0.4210586206
0.4387813228
0.4509110402
0.4426941241
0.4341146576
0.3801045759
0.4014758981
0.4187579893
0.443476416
0.4406356465
0.4259490954
0.420592918
0.3698352086
0.3802004153
0.3774279492
0.379971564
0.3791271773
0.3718232531
0.3925122291
0.3936777767
0.3950359458
0.4052109135
0.4188506099
0.4104865316
0.3883940725
0.3912700684
0.3948027239
0.405188575
0.4082652923
0.3977110917
0.4241012302
0.4140542985
0.4221767365
0.4496501126
0.42101787
0.3957861242
0.3672385641
0.3691311357
0.381876991
0.3885681719
0.4226339702
0.4050868093
0.3792840837
0.3866031524
0.3871118717
0.4128069088
0.3977251963
0.4038167907
0.4121939118
0.40775524
0.3931481593
0.4402900278
0.4401620321
0.4106877327
0.3706122055
0.3844432994
0.4206579969
0.4212341684
0.4151623518
0.4099843208
0.3887063244
0.3850596117
0.3984738982
0.4210861008
0.4436225177
0.4128717317
0.4192643593
0.4017334527
0.4150736775
0.4170591585
0.4230727264
0.420544609
0.4336645773
0.4370963124
0.4585168491
0.4560738457
0.4453373404
0.4218015762
0.4118590884
0.4029465166
0.4239252684
0.3914871816
0.4196655416
0.3910116165
0.4102258149
0.4379558235
0.4354185991
0.4440068817
0.4421022877
0.4529449231
0.408009959
0.4037611686
0.4352412085
0.4398233797
0.425922825
0.4186953081
0.4071111243
0.4259783935
0.4132558715
0.4232854082
0.4294479574
0.4319672359
0.4275953997
0.4520358539
0.4452849255
0.4279749942
0.4154340071
0.4116889825
0.4032163792
0.4064533687
0.4252360487
0.4250408379
0.4167651539
0.4438943855
0.4543718444
0.4349494177
0.4415042621
0.4187819958
0.4245569014
0.436862594
0.4143061217
0.419114171
0.362216438
0.3561028415
0.4081778194
0.3811992095
0.4197858525
0.4485531131
0.449477205
0.4200997604
0.3948983587
0.3969246946
0.4069301178
0.3914776918
0.4051529742
0.4135830034
0.4105222303
0.4104324975
0.3976721512
0.4082215942
0.4430548325
0.4297582182
0.42447653
0.3908605135
0.3598225576
0.4375231729
0.4394735712
0.4256779316
0.4456026551
0.4259808089
0.4246357336
0.4225072117
0.4090747757
0.4062189687
0.4233171683
0.4195039105
0.3892576639
0.3903886013
0.4237338389
0.4125189669
0.4126130147
0.4146326411
0.4223010496
0.4181400084
0.4337055951
0.4247342247
0.4343186251
0.4526102032
0.4452200182
0.4112600548
0.4012544962
0.4198870037
0.4027672059
0.3949063411
0.3862654479
0.4081107378
0.4109145473
0.4024230486
0.4039679643
0.4139197257
0.4312465315
0.4433627739
0.4221760641
0.385420012
0.4207032578
0.3921564909
0.3802365308
0.4035576489
0.419284404
0.4105204786
0.4152182426
0.4006625722
0.4206532508
0.4444985878
0.4542097315
0.4343855653
0.4339961489
0.409236846
0.4079762796
0.4334880782
0.4579530887
0.4618156751
0.41591109
0.3631677927
0.3688444173
0.3893829626
0.3951668036
0.3845225761
0.3807627262
0.356733488
0.3981143056
0.4161210226
0.4308372572
0.4341755883
0.4598751656
0.4180037373
0.3872051912
0.3944121404
0.4211619874
0.4209742803
0.3969976258
0.3976340298
0.4404082776
0.4287051077
0.4011776177
0.3989582171
0.374528991
0.4021867272
0.4096307466
0.4053572535
0.3885105824
0.3700021983
0.3521765027
0.3871114898
0.4047438737
0.4337213201
0.4712339045
0.4655281563
0.4535460412
0.4113901607
0.4058051637
0.4104108544
0.3952870972
0.3869360825
0.4048704702
0.4186687593
0.4302862554
0.4554875736
0.484772016
0.4434964295
0.4357013518
0.4184071253
0.4190766802
0.4151146252
0.3967442392
0.4029089116
0.4084412782
0.4342275697
0.4186258471
0.4312541588
0.4184097442
0.4394599638
0.4420318844
0.4137369677
0.3885304756
0.466566135
0.4311274013
0.4261698691
0.4154582299
0.3980987703
0.4021361705
0.4013300352
0.3831038
0.4231925599
0.4062550412
0.3909682377
0.3939935216
0.4195710922
0.4524360589
0.4526859382
0.4528157341
0.4921895645
0.5177380336
0.5112692493
0.5025669349
0.4425363528
0.4204089678
0.4364703535
0.4240919158
0.4130096249
0.386011058
0.359530864
0.3875589321
0.405728761
0.3916373327
0.3580535977
0.3803759211
0.415295773
0.4236102857
0.4421626482
0.4724262466
0.4221231722
0.430917969
0.442843866
0.4335554954
0.387253117
0.3928180005
0.4092482249
0.4171423837
0.4003513663
0.4081855571
0.4436719874
0.4162042147
0.4128803528
0.4155177224
0.4141596907
0.3795854259
0.376518957
0.373254119
0.38091608
0.407363447
0.3978377276
0.4267200756
0.4382990265
0.4158405327
0.4036267147
0.4023592906
0.4056670612
0.4017741918
0.4116625083
0.4043443812
0.3763169143
0.3776858395
0.3900558383
0.3613723501
0.3827562585
0.4434455703
0.431489295
0.4343147215
0.3962788931
0.4070682656
0.4280416487
0.3964152328
0.3603140758
0.3822683556
0.4182169778
0.3991130438
0.391435793
0.3783614785
0.3946056556
0.4255919458
0.4302407654
0.4003318822
0.3931309881
0.4000806155
0.4048565959
0.3937311107
0.4024217384
0.3850488469
0.3845600635
0.3849765493
0.3823858541
0.3995964287
0.421215595
0.4053603888
0.4487815303
0.4520357542
0.4154329449
0.3932388656
0.3516583735
0.3684347029
0.3865954321
0.4352067669
0.4317277963
0.4397557511
0.4178500023
0.4320408649
0.3859749853
0.3720081062
0.3762110384
0.4092104753
0.4178104012
0.4169650905
0.4224478147
0.4425292882
0.4123811459
0.4003457631
0.4106067532
0.4018789593
0.4120734593
0.4294466906
0.411353553
0.4013177718
0.4282994006
0.4356043379
0.4232231894
0.4132025426
0.445868693
0.4370873319
0.4480425509
0.4460699289
0.4546323026
0.4474265768
0.4663424624
0.439220382
0.4351345142
0.4353290886
0.4314780056
0.4085300228
0.4283147209
0.4699199776
0.4637211139
0.428049614
0.4294299777
0.4091673973
0.361424368
0.3845909089
0.384235822
0.4131218459
0.4204017221
0.4411275467
0.4352722047
0.4357143753
0.446332516
0.4545328943
0.4418733796
0.4489331503
0.4585546302
0.4560642193
0.4155176513
0.4122419206
0.428708458
0.418596749
0.4262517475
0.4274938398
0.4250155237
0.4430841878
0.4198244142
0.3926553716
0.3936908055
0.4012066369
0.4001259579
0.4584128191
0.439008655
0.4508170124
0.4003421934
0.4101897023
0.3947107029
0.3872214618
0.4030653281
0.4106456426
0.4036049427
0.4292735911
0.42712749
0.4468937395
0.4456572775
0.3912821461
0.4111195229
0.4148159609
0.4231597292
0.4256078865
0.4173262214
0.397123904
0.3978122543
0.3877272639
0.4458578673
0.4468784718
0.4579978173
0.4514192456
0.4367631768
0.4437156782
0.44379001
0.4143587246
0.419448685
0.3818384093
0.3716214005
0.3920728721
0.433794501
0.4130286388
0.4067559004
0.4147561511
0.3848273317
0.4258614606
0.4294514785
0.4727793498
0.4767943789
0.4636045309
0.4476904075
0.4258562847
0.3990482166
0.4096518852
0.3644054274
0.3827099275
0.3679180703
0.3690818286
0.3905848519
0.408307509
0.4111220045
0.4312632063
0.417877678
0.4116667071
0.4487552092
0.4445095647
0.4486028461
0.4305337136
0.4352763357
0.4081051752
0.4183946607
0.4506871225
0.4141983399
0.4272799626
0.4173662688
0.3980568475
0.3966696232
0.4043206731
0.4302279172
0.4041694458
0.4189105302
0.4181848178
0.4078757931
0.395764878
0.4105229504
0.4333320159
0.4476240384
0.4262802625
0.3981237843
0.3912990659
0.4023637658
0.4284976018
0.4626736839
0.4305018062
0.4585837238
0.4479972694
0.4162548234
0.4276311267
0.4066409619
0.3990651352
0.388385199
0.3759430748
0.3981515436
0.3914320088
0.4012538172
0.3651557194
0.3792074326
0.4181625489
0.3902491548
0.3975990263
0.4171094877
0.384192081
0.4003300447
0.4215011726
0.4424632011
0.4562911381
0.4307018544
0.4235992235
0.4299509502
0.3953118109
0.386836256
0.3923200248
0.3932951118
0.3957379148
0.395819512
0.3990822338
0.3962937094
0.3847519401
0.4331449567
0.4044447248
0.4095222615
0.4125420888
0.4225528669
0.3997442429
0.3911716072
0.3983490625
0.3881466086
0.3998709285
0.4108207746
0.4081034764
0.3843589869
0.3710757255
0.412218359
0.4247101656
0.4158495606
0.3821664126
0.387240846
0.4022161698
0.408350178
0.4164774601
0.4068922173
0.3967658142
0.4057365491
0.4192167536
0.4134860478
0.4087786918
0.4164450793
0.4266324113
0.449704374
0.44014438
0.4284528089
0.4069624451
0.3964323758
0.3933774988
0.3908890734
0.4236816088
0.4269155929
0.4298072883
0.422895807
0.4184244382
0.4056577285
0.4033858532
0.4087142075
0.4049298917
0.4046554084
0.4058643652
0.4020168415
0.4288004725
0.4346905201
0.4441628233
0.4168245015
0.4240071973
0.4314297158
0.4316003002
0.4120349485
0.4247358531
0.4226612518
0.4137502893
0.3617404813
0.3939369951
0.390965941
0.4228233959
0.4225607845
0.4232350922
0.4171681898
0.4366287714
0.3937018413
0.3946809329
0.4099957587
0.3801918974
0.4029458949
0.3978139664
0.4079759268
0.3901490384
0.4014705453
0.3856851162
0.3761891993
0.3678486392
0.4285126228
0.4384810984
0.4165761672
0.4061539987
0.4423679368
0.4200466423
0.4281131178
0.4113765878
0.396526984
0.3831928212
0.3880205839
0.4052562473
0.4042072372
0.4299780095
0.446749796
0.4435311912
0.4073138601
0.4080798585
0.4183172441
0.3970926864
0.4140465473
0.4056874646
0.4223353067
0.4282432142
0.4144097334
0.4019144046
0.4083301797
0.4144821684
0.4013283247
0.4203607852
0.4227262324
0.4281202628
0.419672679
0.3889060706
0.411264292
0.3971442161
0.3897843758
0.4257799728
0.4200879759
0.4251213175
0.4077113597
0.4177319129
0.4311927966
0.4416602926
0.4417730658
0.4170661225
0.405160111
0.3917389088
0.4172715068
0.4127008976
0.4200159088
0.4137229812
0.4101104512
0.4167375829
0.4111052838
0.4088510707
0.4071311359
0.4089034964
0.4158662858
0.4410692837
0.4041583138
0.4149642594
0.4247518142
0.443473715
0.4249942108
0.4076981191
0.4366083269
0.3962926389
0.3882801902
0.4038887066
0.4151934834
0.4196744899
0.4187563841
0.4186621294
0.4248839575
0.4191375257
0.4250313903
0.3943461299
0.3799369554
0.377031951
0.4441306879
0.4076329457
0.4235486725
0.432342532
0.4521088182
0.4496397429
0.4257088467
0.4517985872
0.4203459707
0.3869199577
0.4011547484
0.3905409459
0.4076835237
0.4392698988
0.4529911061
0.4229039521
0.4087572026
0.4320783537
0.4386742998
0.4212236837
0.3818368702
0.4098267094
0.4436993192
0.4588834682
0.4214289731
0.4325862039
0.4243415908
0.3950266599
0.39938488
0.4044279014
0.4326926367
0.4505704831
0.4429661011
0.4111125996
0.4231162226
0.4217499083
0.4461630153
0.407113443
0.4168165625
0.3935054667
0.3925024615
0.3948118835
0.3887935603
0.386138732
0.3997929825
0.4116597072
0.4341318901
0.4196774945
0.429873728
0.3995755433
0.4215042811
0.4327087859
0.4080165966
0.4077586962
0.4110600498
0.4214245778
0.395188546
0.4224087361
0.4414460734
0.4355836235
0.3910192055
0.4065385029
0.3826490903
0.3919843674
0.4022040784
0.41223325
0.3939210518
0.3976523397
0.3875087505
0.394240505
0.4014508995
0.3906222991
0.4030971568
0.4441117444
0.4363484723
0.4016253395
0.430642168
0.4267497117
0.4330754864
0.4015468418
0.4640012573
0.4380331427
0.4198506732
0.3990333798
0.3463522139
0.3394254843
0.3634746718
0.3857597399
0.3591152587
0.3745085822
0.4117970824
0.4199992418
0.4000098929
0.4089018444
0.4495189543
0.4659006325
0.448692344
0.448963945
0.4653286762
0.4585100892
0.3860411231
0.4015392563
0.4195340637
0.4001589392
0.410395408
0.4119964439
0.4339550418
0.3926736296
0.420717424
0.413816649
0.3793789545
0.3850896137
0.3918453805
0.3959545195
0.4044862187
0.3976879603
0.3818247105
0.3984009949
0.3624224213
0.3645832637
0.3826406464
0.3836252556
0.397177794
0.4057997213
0.4186529815
0.4102696706
0.3884041998
0.4003439434
0.401656735
0.4060288613
0.4223379562
0.4076542896
0.3758168496
0.3627053319
0.3756290131
0.3619140698
0.3742791779
0.3813630022
0.3847990712
0.3896010892
0.4129914634
0.4206356165
0.386141832
0.4038590946
0.4212451016
0.4231858027
0.4075454754
0.3767428781
0.3790493424
0.4068645355
0.3769123974
0.3862249861
0.4052733316
0.396326357
0.3567502168
0.3538514447
0.403537522
0.4284780408
0.4369355019
0.4356501924
)
;

boundaryField
{
    xPeriodic_half0
    {
        type            cyclic;
    }
    xPeriodic_half1
    {
        type            cyclic;
    }
    yPeriodic_half0
    {
        type            cyclic;
    }
    yPeriodic_half1
    {
        type            cyclic;
    }
    zPeriodic_half0
    {
        type            cyclic;
    }
    zPeriodic_half1
    {
        type            cyclic;
    }
}


// ************************************************************************* //
