/*--------------------------------*- C++ -*----------------------------------*\
| =========                 |                                                 |
| \\      /  F ield         | OpenFOAM: The Open Source CFD Toolbox           |
|  \\    /   O peration     | Version:  2.4.0-MNF                             |
|   \\  /    A nd           | Web:      www.OpenFOAM.org                      |
|    \\/     M anipulation  |                                                 |
\*---------------------------------------------------------------------------*/
FoamFile
{
    version     2.0;
    format      ascii;
    class       volScalarField;
    location    "0.0007";
    object      p_N2;
}
// * * * * * * * * * * * * * * * * * * * * * * * * * * * * * * * * * * * * * //

dimensions      [1 -1 -2 0 0 0 0];

internalField   nonuniform List<scalar> 
5120
(
0.3152581137
0.3135923919
0.3184281639
0.3012438869
0.3045226208
0.3111765274
0.3511364547
0.3458578406
0.3273543793
0.3263930045
0.3247129299
0.315019356
0.2846809761
0.323740573
0.3418548739
0.3167208766
0.2962336762
0.310444398
0.3231541018
0.3012385355
0.2997127029
0.2965790873
0.327268148
0.3331133099
0.3306192257
0.3565812655
0.3267175047
0.3386522108
0.3705284203
0.3563200565
0.3054003798
0.302952837
0.309323695
0.2997224261
0.3053707131
0.3168969906
0.3176043487
0.318487615
0.293438507
0.2775052945
0.3249385746
0.3514979778
0.3295459652
0.3346629374
0.3329661986
0.329815737
0.3305078302
0.3183779566
0.3275186168
0.2994523193
0.305730802
0.3000044308
0.3275213139
0.329608675
0.3200539295
0.3145717497
0.3170648448
0.3141884736
0.3348417722
0.3277469196
0.3557586942
0.3393177313
0.353735359
0.3606523972
0.3574979516
0.3504462759
0.3304457237
0.3154383929
0.2834026097
0.3255208501
0.3271280465
0.3408848532
0.3590057232
0.3539487927
0.3270532045
0.3221646065
0.3117732091
0.2847880245
0.2991474373
0.3607536473
0.3113824712
0.3102056534
0.3027085098
0.2955992564
0.2733884359
0.2862946752
0.2953113039
0.2961198139
0.3064915189
0.3158054412
0.3092216772
0.3130091154
0.3221314478
0.3057024267
0.3063861073
0.2867680196
0.3079927668
0.3411829581
0.3522195348
0.3366908339
0.336093237
0.326240428
0.3313582597
0.3329245196
0.3363894118
0.3417025451
0.3253625253
0.3221539456
0.3107735892
0.2747938769
0.2920302911
0.2897223886
0.2959236976
0.3088790484
0.318740364
0.3477004601
0.3652298362
0.3366197343
0.3501442482
0.3509963367
0.3295227532
0.3475753954
0.3211207976
0.3124868038
0.3134007594
0.308389152
0.2973173316
0.3042886301
0.3213107061
0.345033027
0.3691316229
0.3487349739
0.3287169149
0.3554728258
0.3374965455
0.3066049666
0.3142117835
0.3400850095
0.3588103371
0.3440006495
0.2902942503
0.2900817356
0.3116754107
0.3295742933
0.3214380427
0.3251499371
0.338756885
0.3407238124
0.339813341
0.3425464353
0.3427955175
0.3493652398
0.3384057922
0.3196715749
0.3508449396
0.3555722635
0.3257263651
0.3204403495
0.3260195806
0.3077087625
0.3116651536
0.3062474352
0.2932207846
0.3104730582
0.3200075734
0.3150965932
0.340789576
0.3276887095
0.3206670428
0.3119725972
0.3132780547
0.3180308839
0.3398254403
0.3078282595
0.2978661127
0.2949683847
0.3004147715
0.3232847042
0.2862077306
0.3085217853
0.3432745055
0.3427308543
0.3249355349
0.3084457569
0.3181801479
0.3181631931
0.3190963055
0.3363254012
0.3539991726
0.3720167905
0.3130389899
0.3047339548
0.3004484404
0.2829800964
0.2932580022
0.3092734554
0.3090748709
0.3333618355
0.3320301225
0.3309724727
0.3284180174
0.3357526279
0.328900844
0.30562669
0.3268666864
0.3433760049
0.3472232724
0.3376828079
0.3289813025
0.3528272509
0.3684537777
0.3498624372
0.336206584
0.3281384521
0.2915982303
0.2866375948
0.2904411264
0.2876134607
0.2929987736
0.3205514008
0.3053256241
0.3068643228
0.3206414564
0.3371248994
0.3394709591
0.3193688983
0.3140181462
0.3182358722
0.3450396855
0.3295340287
0.3139152656
0.3018925198
0.3004973275
0.2889872336
0.2900849264
0.2994426672
0.2914854973
0.3066623219
0.3214895633
0.2900995344
0.3008079566
0.300719681
0.2960231238
0.3150423833
0.3257631788
0.3294485946
0.3220623139
0.2919267182
0.3102316909
0.3060227985
0.2756039711
0.3035760305
0.3307934829
0.3329028632
0.3199813924
0.3290350242
0.334986041
0.3133215118
0.3193858366
0.3275185544
0.2907802553
0.2923608864
0.2981747422
0.2929861979
0.2775752647
0.3194291815
0.3244195722
0.3390657207
0.3549160838
0.3337372269
0.3290567709
0.3135640625
0.2968288517
0.2665912102
0.2790710332
0.2628634437
0.2752836745
0.2892748589
0.3074148149
0.3018655128
0.2971481854
0.302402734
0.2921701739
0.3101777037
0.3256439833
0.2971072356
0.290376127
0.3155066902
0.3193802642
0.3081118881
0.2877169658
0.2948544797
0.3061164271
0.3264715545
0.3133448733
0.3388580688
0.3200973949
0.3260865222
0.3022939093
0.3012641968
0.3185147636
0.3003563151
0.3021514432
0.2972238682
0.2835528558
0.2843497781
0.2710893308
0.2753447233
0.2817181556
0.2875022177
0.302155226
0.3117427356
0.2959169332
0.3132423579
0.2937882034
0.3187188231
0.3074657942
0.3134310574
0.3068442059
0.3004393139
0.3417732848
0.3370571918
0.3138554877
0.3336251673
0.3257231314
0.3332071082
0.2838157084
0.2986870414
0.3002142439
0.3068022621
0.3246551776
0.3458581967
0.344481267
0.3577919295
0.3328249223
0.3165077505
0.3019269885
0.3205282312
0.3214106158
0.3189532658
0.3617916522
0.3549189137
0.3440299444
0.3297986106
0.3327790715
0.321558291
0.3368766604
0.3177621714
0.3097514236
0.3051920887
0.2824808476
0.2966452993
0.2803493066
0.2783873297
0.2854349788
0.3075269723
0.342775581
0.321632103
0.3149528938
0.3419567325
0.3139912942
0.3066090131
0.3036206986
0.3362368452
0.3380780844
0.3337420631
0.3167910933
0.320331904
0.3095295023
0.2971649855
0.2923368873
0.2991224269
0.2719640182
0.2908830698
0.2771248563
0.2964819183
0.3059799665
0.3093802652
0.3174491715
0.3204960669
0.3224588317
0.3139055636
0.2995158663
0.2927635849
0.3244870986
0.320147445
0.314111602
0.3222826597
0.3179207731
0.3258074052
0.3223175059
0.3212993329
0.3204233246
0.3144773174
0.3302430876
0.3319310321
0.3399251383
0.3526376014
0.3301989824
0.2945732874
0.3263862616
0.30508471
0.2941274614
0.289831788
0.2843325834
0.3059841988
0.3003360457
0.3017012173
0.3143228757
0.3231062839
0.3379373987
0.3166769116
0.3187080428
0.3254937742
0.3230189645
0.3248970115
0.2945128888
0.2730086271
0.2899559218
0.3160252292
0.3163671269
0.305243298
0.3044931356
0.304420251
0.3331717809
0.3209481919
0.3247835851
0.2827775458
0.2829177921
0.2948347059
0.295544321
0.3102971677
0.3315339106
0.3304805076
0.3079098294
0.2992638079
0.2915050595
0.2853710246
0.2831796607
0.3082730918
0.3237869403
0.3242483115
0.31879665
0.3176908486
0.3200381352
0.3123120703
0.3179090604
0.3245801292
0.3309122849
0.3161623098
0.3156612761
0.3166303039
0.3101582897
0.3065110901
0.3184025175
0.3277257126
0.3354018225
0.3058324738
0.3198535881
0.3190821622
0.3351366893
0.3498660231
0.3316014111
0.319028966
0.3225759743
0.3215309086
0.321084999
0.3140824503
0.3185231076
0.3094305742
0.3031718583
0.2988077366
0.3089213691
0.3153754858
0.3210792433
0.3152107261
0.3197067893
0.3412532706
0.3273070948
0.3241152636
0.28605289
0.3097707955
0.3225592795
0.2848716694
0.3190150515
0.3192568514
0.3022547629
0.3199369802
0.3371718779
0.3159483624
0.3264873773
0.3550301054
0.3439759378
0.345318929
0.3345377151
0.3317002644
0.3243997088
0.2825919383
0.2910517787
0.3016520385
0.3114867631
0.3110963218
0.3374274857
0.3451883371
0.2947011664
0.2876253754
0.2944756723
0.3176978411
0.3242620028
0.3159676484
0.3319780557
0.3429034456
0.319338576
0.3336063537
0.3105710655
0.3269509485
0.343034924
0.3497875225
0.3346619005
0.3326635093
0.3200065179
0.3067894822
0.2972256049
0.326791701
0.3212779386
0.3134519439
0.3316211326
0.3017433997
0.3089627566
0.3084229496
0.3565725068
0.3565490788
0.3453630929
0.3459502295
0.3627512731
0.3325722399
0.3125909802
0.283896709
0.2990926687
0.319881287
0.28143985
0.3030633403
0.3096034339
0.3009318223
0.2972934972
0.3085574646
0.3156754535
0.3252169653
0.3231659504
0.324728616
0.3185757672
0.3274669541
0.3419032979
0.3448433555
0.3458896177
0.3328847524
0.319304723
0.2915109837
0.2586426861
0.2589466343
0.2801996254
0.2932869214
0.3026270835
0.3214874235
0.3302925612
0.3451437332
0.3563224054
0.3423506367
0.2976765307
0.2855389429
0.2904309032
0.3201440529
0.2999125063
0.2822210504
0.3017268912
0.3116587578
0.3246528301
0.3061857036
0.3007082908
0.3076575823
0.3507339456
0.3320246692
0.3121627475
0.3027197657
0.3208464845
0.3295149165
0.3246569824
0.3028131529
0.2916509217
0.297081866
0.3401111043
0.3187263879
0.3187753059
0.3193700817
0.327976307
0.3328688971
0.3173525819
0.3203030761
0.3270219423
0.3453449269
0.3103252295
0.3186942478
0.3071426188
0.305321923
0.311326575
0.3026444355
0.3234792427
0.3171686089
0.3176210198
0.3243319981
0.3218378742
0.2930038899
0.3233208475
0.3292544791
0.3107872542
0.324300443
0.3101068731
0.3134193462
0.3525431195
0.3564386021
0.3542332224
0.3301466782
0.3070384634
0.3082303659
0.3114897518
0.2985726993
0.3186964047
0.3243834576
0.3298418642
0.316249409
0.3186720721
0.3363323781
0.3362590318
0.32296557
0.3235021508
0.3195754556
0.3227690875
0.3357407639
0.3326650965
0.3427575944
0.28078727
0.2907754226
0.3217694617
0.3348920961
0.3126445232
0.3075207164
0.3031151606
0.3161461662
0.3160502488
0.3173613026
0.31680601
0.3452473868
0.3558241441
0.3511913724
0.3019934396
0.2973146564
0.3000984559
0.3122575959
0.3121791493
0.3028744753
0.3057289799
0.3067071898
0.3016395427
0.3057679467
0.2922349338
0.3091276406
0.2832876069
0.3104670444
0.321005085
0.3398772719
0.3520062021
0.3393098399
0.3658541238
0.3684702535
0.3560657363
0.3486635561
0.3279295115
0.2937427585
0.3026021427
0.3121320103
0.2876324424
0.2598752515
0.2698614862
0.300363262
0.3050906561
0.3162163856
0.3328799846
0.320992853
0.3060783415
0.3087786821
0.3059845196
0.3275781077
0.320141158
0.3029623739
0.2965580152
0.3302083376
0.3099838766
0.3135155312
0.3099982004
0.2772834026
0.3446348184
0.3243407142
0.3251001924
0.3112037263
0.2996549626
0.3092986798
0.29870528
0.3092062936
0.3259191366
0.3254648283
0.3269897119
0.3157744203
0.3308212221
0.3316653731
0.3206408192
0.3008813023
0.3214786771
0.3322556021
0.3679778811
0.3707919474
0.3546503104
0.3246557958
0.3146575823
0.2746716627
0.2758170816
0.2781638498
0.2946758378
0.3164652485
0.3338517274
0.3486093275
0.3326542609
0.3096746745
0.3040545412
0.2803141386
0.3212401036
0.3377711174
0.3433396653
0.3523992146
0.3549425976
0.3433624898
0.2773703955
0.2775169205
0.2952555667
0.3334122103
0.3284573819
0.3342162507
0.3048010391
0.3250870186
0.3181783115
0.3233301839
0.3294605842
0.3151596415
0.2951000267
0.299517081
0.2883678371
0.3002780158
0.3153342045
0.3165579528
0.2933852297
0.2737588774
0.3021854565
0.3016581186
0.3497095688
0.3643449121
0.3587809461
0.3424703131
0.3359738342
0.3501348474
0.3267614488
0.3432253659
0.3274323621
0.335150043
0.3415461074
0.3349549877
0.3337178564
0.2987063865
0.2894970328
0.3161965449
0.30332168
0.2904581355
0.3662204061
0.3739441227
0.348888909
0.326943246
0.3258620578
0.3317889028
0.309966833
0.3138373759
0.3093561736
0.3086037742
0.3217753851
0.3327490357
0.2994632939
0.3282190063
0.3311545261
0.3168134459
0.3259255462
0.2972955201
0.3040732057
0.3361596006
0.3215532423
0.2935652714
0.3117664771
0.3152109513
0.2960410953
0.3031589743
0.3225880633
0.2951436306
0.3042341254
0.3241115834
0.3117073646
0.3031080099
0.3374134743
0.3332213268
0.3131086957
0.3051857577
0.3381185173
0.3443918104
0.3502570785
0.3361073376
0.3373468614
0.3370857329
0.3301697951
0.3166256135
0.3367224759
0.3284501426
0.3244388337
0.3134029
0.3133091534
0.3051957451
0.3283831682
0.3234940455
0.323237865
0.3157212446
0.3339807436
0.3412103946
0.3207559128
0.3395013365
0.3064084873
0.312792218
0.3222636258
0.3064293669
0.2974225644
0.3032629954
0.3091553848
0.3123923814
0.3238792923
0.3300279006
0.3550822546
0.3718305518
0.3244388445
0.3270837029
0.3346357697
0.3217712209
0.3055515785
0.2970485625
0.3387026032
0.3485604365
0.3624503293
0.333857959
0.3464607978
0.3342899865
0.3313039535
0.3193665372
0.3350884746
0.3290190261
0.3452841926
0.3093709354
0.3306280449
0.2894348462
0.2709595432
0.2940176248
0.3099807795
0.3024257388
0.3095385427
0.3478945367
0.2973064177
0.2761527479
0.2869889148
0.3051979581
0.3354947868
0.3620381511
0.3292779998
0.3257879863
0.3036771689
0.309531632
0.3002122157
0.2882573711
0.282873367
0.2836245431
0.300063056
0.3068651963
0.293017705
0.3017983357
0.2779993612
0.2718522517
0.3049950019
0.3143913962
0.3369954335
0.3516895933
0.3201428877
0.2899898263
0.2924765371
0.2923608586
0.2985401325
0.2847263685
0.284206971
0.3404640687
0.3574944939
0.3418408293
0.2968679956
0.2914615168
0.3015775825
0.3057412539
0.3180750446
0.3064637812
0.3239511236
0.3519992427
0.3260283603
0.3290985433
0.37935027
0.3584977915
0.3471353216
0.3230055865
0.3247663959
0.3054018161
0.3331593373
0.3433826028
0.3207206295
0.308539956
0.3262234796
0.3314520857
0.3038961928
0.3158585373
0.3181407079
0.3321283215
0.3426647247
0.3343894514
0.3510035909
0.3426576505
0.3043595192
0.2993836897
0.3385377535
0.3559204945
0.3558705161
0.3424426115
0.3174449007
0.337817427
0.3445538965
0.349556024
0.3521850068
0.3392527253
0.3237224744
0.303914725
0.3217444095
0.3107921014
0.3196221219
0.3022611579
0.3161076435
0.3237996058
0.322667713
0.3161833289
0.2969235226
0.2929204619
0.3157253067
0.314842812
0.3360116255
0.3521203651
0.3523921111
0.3294046416
0.317765509
0.3530303142
0.3241967938
0.3322618647
0.3410784762
0.298933234
0.2957488031
0.2836587376
0.3033708437
0.3184008923
0.3127348279
0.310903374
0.3157032653
0.3086013826
0.318886057
0.3168765925
0.3207386133
0.3296039398
0.3262028983
0.3350037738
0.3367863271
0.3099252854
0.3148190825
0.3202986337
0.326276865
0.3333622497
0.3388161974
0.3615222853
0.3372108864
0.3237190848
0.2979517689
0.3004594698
0.3225734796
0.3366322044
0.3226985243
0.319566526
0.3303884894
0.3367956955
0.3462032873
0.3133626238
0.3281476354
0.3293111473
0.3256303325
0.3179574318
0.3412479463
0.3300316082
0.2923249573
0.3078651622
0.3049775242
0.3246072233
0.3414491359
0.3694634292
0.352703245
0.3231703432
0.3167890881
0.346654373
0.3427059398
0.339061285
0.3189770002
0.3322809491
0.312142211
0.3151421951
0.3226661507
0.3230962642
0.3203811023
0.3472268912
0.3543828232
0.3425396957
0.3279203361
0.3268922795
0.3314730179
0.3220928282
0.322216748
0.3246263521
0.3174641149
0.2950728326
0.3072835637
0.3471730337
0.3322650908
0.3209510929
0.3091281324
0.324569209
0.318798454
0.3131724749
0.3431118898
0.3394742713
0.3232627609
0.2981930581
0.3210686491
0.3396107342
0.2943033349
0.275408703
0.2800152157
0.3015488913
0.3189662885
0.3414622032
0.320966181
0.3217292123
0.3018958654
0.2951863297
0.3088770371
0.3340696829
0.3197612195
0.2915737992
0.2886083084
0.2949735284
0.2844333687
0.3033055588
0.3059774939
0.2960220336
0.295547259
0.294950408
0.3031917908
0.3247441852
0.3102137123
0.3202679504
0.3236432755
0.3326855058
0.3348512867
0.3149674593
0.3081373143
0.3011213479
0.3295923584
0.3048155275
0.2849746007
0.2934211762
0.3140651323
0.3265087661
0.3292831817
0.3162922236
0.3497500755
0.330039715
0.3313293906
0.3143917922
0.3067218624
0.3186045174
0.3417035264
0.3391257854
0.3211981458
0.3286033381
0.3058878248
0.3144462962
0.3120138318
0.3178829771
0.3366676453
0.328614094
0.3330769864
0.3121850407
0.3181435677
0.3260873797
0.3272227213
0.3474574036
0.3360171898
0.3152133178
0.3181930031
0.308923866
0.3252774996
0.3257614645
0.3264301896
0.3255398233
0.3282153992
0.2992954109
0.2813667563
0.2982289519
0.3007733597
0.3243121339
0.3227517604
0.3157289742
0.2994665685
0.3014825777
0.3274749354
0.3142900574
0.325396381
0.3237565581
0.3048209263
0.2855808066
0.2824604327
0.3085841266
0.3114215862
0.334113542
0.3359402215
0.3179872754
0.3119566702
0.3356676605
0.3441696738
0.3183174717
0.2954895705
0.3156966265
0.3349246335
0.3409688991
0.2624451397
0.2916656097
0.29305488
0.3141285887
0.3295820644
0.342645526
0.3534839012
0.3462297545
0.3501838467
0.3589684884
0.3375795788
0.339096035
0.3206434613
0.3312276774
0.3508628644
0.3463584235
0.3431208437
0.3081554752
0.2990334373
0.2768546039
0.3156434907
0.325228732
0.3226766953
0.3210771132
0.2884225402
0.3416823344
0.3395529812
0.33752457
0.3224455471
0.3340647087
0.3489505864
0.3400578011
0.3179397937
0.326399545
0.3264019169
0.3084164724
0.309862952
0.3262970273
0.312063527
0.3250668153
0.3209003713
0.3331352587
0.3479944092
0.3601345845
0.3510307844
0.3222339769
0.2819047835
0.2788375481
0.3097509967
0.332929187
0.3238550265
0.3290368165
0.3541897702
0.3306367256
0.3430128337
0.3199314047
0.3148467095
0.2930142572
0.309061777
0.3302700107
0.3278657441
0.3252831556
0.3189865944
0.3222246437
0.3072580738
0.313126511
0.3122582381
0.3128274639
0.3046770064
0.300992102
0.3066223658
0.3238970124
0.2946156019
0.315309258
0.2946531965
0.3138372459
0.3324121201
0.3231556903
0.3122521454
0.3061358724
0.3032740339
0.3463207529
0.2944043555
0.2996969575
0.3036191648
0.3411892362
0.3245399994
0.3092615109
0.3229747029
0.3007393575
0.3193521678
0.3131172324
0.3299878578
0.324217905
0.3246150986
0.3264901194
0.3102125534
0.3075563195
0.3120383913
0.3090804476
0.2791918688
0.2862405081
0.3113975422
0.3075511135
0.3023692624
0.3035969351
0.36117859
0.3381656299
0.3275779236
0.3486362587
0.3326454474
0.3172250901
0.3106765795
0.3189131368
0.3150373655
0.3214681967
0.3226866025
0.3238364006
0.2921462819
0.2801504693
0.3290381743
0.3046436912
0.3067008384
0.2939758898
0.2873386553
0.3040029643
0.3027007298
0.3164501025
0.3215933481
0.321806254
0.3483761763
0.3635201312
0.3456348628
0.3528729566
0.3519101056
0.3522513541
0.358200552
0.3448049413
0.340985561
0.3439473718
0.3179367125
0.334030389
0.3487310677
0.340760765
0.3322939984
0.3117578395
0.323049051
0.3207533746
0.3533626409
0.3533110079
0.3320128821
0.3323991081
0.3132392174
0.3095540463
0.3156743375
0.3119455287
0.3358219502
0.331786986
0.3235550604
0.3334521502
0.3507154651
0.3487097235
0.3501972895
0.3675662518
0.3731066082
0.3496690372
0.3273034543
0.3189240797
0.3088906939
0.3211569106
0.3296458111
0.332601467
0.3499344888
0.3261350843
0.3297371072
0.3302676273
0.3425076351
0.3238352966
0.3153304721
0.3395074778
0.3364040119
0.3481018945
0.349388831
0.3324179005
0.3509859387
0.3447024041
0.3263879263
0.2914776642
0.3006390005
0.3013406611
0.3032182701
0.299693857
0.2911135986
0.3086843665
0.3053626073
0.3130363966
0.3198144064
0.3417951236
0.3294850021
0.3342634246
0.3232501136
0.3541196124
0.3186804603
0.3163615001
0.3176178193
0.2960876515
0.2759906859
0.284837298
0.3068923387
0.3259136611
0.3590757376
0.3307614961
0.3489781609
0.3187136737
0.3205701709
0.296424138
0.3136599271
0.2921092614
0.2904722256
0.2832765743
0.3041328262
0.3218018953
0.3101494889
0.3285574886
0.3458713619
0.3467608023
0.341951439
0.3421035698
0.3044193739
0.3023418308
0.3035966542
0.3114295158
0.3008047884
0.3210964292
0.3161479257
0.3102064339
0.3345169318
0.3124549616
0.2763931256
0.3002083618
0.3130225212
0.3095617571
0.3162843807
0.3321686544
0.3139205256
0.3080904775
0.2999518937
0.2657080515
0.2701759374
0.2997786682
0.2784516112
0.2796200235
0.2709196047
0.3046237497
0.3130563244
0.3035134996
0.2945607682
0.268275772
0.2843548737
0.2903472074
0.3269636426
0.3158332445
0.3016532117
0.2999352186
0.2879601654
0.300088165
0.3095270422
0.3102045243
0.3262258232
0.3116409591
0.3120522195
0.2979904416
0.3103206006
0.3051067488
0.3233060793
0.3199081058
0.3003816074
0.2928061016
0.3097743188
0.3138315278
0.313482722
0.3428822219
0.3260490174
0.3516439179
0.3567733843
0.3591832305
0.3360453341
0.3322005866
0.3271421089
0.3115295717
0.3157624516
0.3452983455
0.3345521521
0.314338985
0.32208799
0.3207422859
0.3295958706
0.3435787967
0.3430045382
0.3151791611
0.3395248881
0.3427498042
0.3490094347
0.3202377029
0.3067672573
0.3024297854
0.3206518039
0.3022848585
0.2941712259
0.307748469
0.3301673544
0.3403501953
0.3609424238
0.3306989856
0.3316237491
0.3432832704
0.3548563347
0.3307260495
0.3584495374
0.3456842441
0.3212779214
0.3250185347
0.322994217
0.3187898714
0.3079912206
0.3107520211
0.3025447102
0.3157602578
0.3338824111
0.330275944
0.3281755363
0.3394835408
0.3214363913
0.3107211844
0.3146371201
0.3142568975
0.3397387185
0.3823149441
0.3583857196
0.3473494329
0.3053101949
0.2994907563
0.2999887023
0.3156593994
0.3205894354
0.3233780344
0.3360427038
0.3537670355
0.3424013034
0.3259061826
0.3302958674
0.3031571248
0.2924527322
0.3193240895
0.3336891926
0.3358804511
0.3023593297
0.3206465236
0.3335459286
0.3248282761
0.3036714195
0.3034074957
0.3267119382
0.337169065
0.349475388
0.3196164792
0.322407008
0.3236773095
0.3419947135
0.3212540151
0.3198910505
0.3214116072
0.303898258
0.309090069
0.3059556979
0.3157758757
0.3125240946
0.2980841797
0.2987486234
0.2894090843
0.2791073178
0.3104088036
0.3210662333
0.3156264919
0.3226394366
0.3135125297
0.3086200459
0.3243083096
0.2903952369
0.3080292217
0.324591302
0.3165908313
0.3106221038
0.3256671876
0.3411027713
0.3441273724
0.3108148936
0.3123155869
0.2978200552
0.2895365092
0.285170433
0.2571145295
0.2763126897
0.2703037301
0.2890991112
0.3121879925
0.303023542
0.3026870675
0.3099876105
0.3101374653
0.3082110989
0.3034555434
0.333518318
0.323967806
0.3087523712
0.3012810214
0.3153688681
0.3159735186
0.3360473094
0.3196549744
0.3486731574
0.3459255594
0.347637997
0.3511741416
0.3202498406
0.3297977287
0.2938619762
0.2849217472
0.2893810069
0.316166394
0.3122806173
0.3152678534
0.313264523
0.3169013712
0.3362210281
0.3230924338
0.328910367
0.3322783572
0.3323266886
0.3184162935
0.3577200477
0.3373706071
0.3331276259
0.3140132289
0.3079613471
0.3182106944
0.3027734698
0.3168028409
0.3381714693
0.3490390395
0.3216189634
0.3074417214
0.3016920464
0.3239919994
0.3362292858
0.3415931858
0.3467922705
0.3500267054
0.3371903008
0.3240248163
0.3743234933
0.3560134117
0.3493524959
0.3184884047
0.313671997
0.3393085922
0.3486913697
0.3220178875
0.3060283366
0.2903396831
0.2886501323
0.2864473316
0.2976287522
0.3104311131
0.3213259022
0.3040127767
0.3210634437
0.3277153214
0.3528997058
0.3682278931
0.3638373326
0.3431810381
0.3350784248
0.3372136837
0.3376942431
0.321999928
0.3128531783
0.2889213307
0.2546132753
0.2681215837
0.2933989626
0.3058261102
0.3268652734
0.354725694
0.32116935
0.3344541834
0.3297826835
0.3209865207
0.341139553
0.3505131586
0.3302104209
0.3286863545
0.3443551911
0.3383297231
0.3340723801
0.3216615779
0.3187432457
0.3260321767
0.3259064373
0.3208550493
0.3038676147
0.2945635953
0.2860182739
0.2942983733
0.3453913364
0.3446136519
0.338418747
0.3211274608
0.3751048676
0.330010727
0.3618549065
0.3328626123
0.3278717073
0.3118794733
0.2875755611
0.277762164
0.3023737841
0.3236937434
0.3380917508
0.341299922
0.3243616172
0.3520230119
0.3598904875
0.3390777705
0.3106681968
0.3271267134
0.3017164341
0.31855327
0.3277629982
0.3576765904
0.2966228411
0.2941149586
0.2914894343
0.3080254911
0.2833064908
0.2760011029
0.289968867
0.3179652928
0.3278835007
0.3085644465
0.3227842751
0.2874533489
0.266126111
0.281100745
0.2913711512
0.3067430861
0.3105314465
0.3224275456
0.3188365426
0.307429797
0.3234723844
0.3271413084
0.3237661539
0.3305159108
0.3194201652
0.3262666306
0.3335629855
0.31923285
0.3063429202
0.2875803884
0.3006973185
0.3071265028
0.3058285378
0.3075615164
0.3165062221
0.329872437
0.3192296736
0.348183337
0.3323638585
0.315869485
0.3096648293
0.3198991851
0.3069047044
0.2967227975
0.3107535219
0.29164452
0.2996319151
0.3028392568
0.2963851522
0.3282963347
0.3143486025
0.3011154585
0.3058577024
0.2937191132
0.2938457705
0.2984552425
0.3260200018
0.3285393018
0.3338032434
0.339903682
0.315193637
0.2970256398
0.3370235132
0.3513360384
0.3466703602
0.3244073221
0.3258205398
0.3306942785
0.3211491875
0.3127002437
0.3210889872
0.3574681512
0.3690834518
0.3734370411
0.3578487992
0.3351028199
0.3398213191
0.3274014502
0.3092474966
0.3409082436
0.3473940395
0.3459139252
0.3223292718
0.2991764735
0.2872771139
0.2752193695
0.2997306157
0.3147155811
0.3353429619
0.3077329045
0.2973735115
0.3400654451
0.3438815275
0.3267558557
0.3316052172
0.3130012236
0.2865887973
0.3035750566
0.317556529
0.3217157301
0.3364253532
0.3002138291
0.2814052139
0.2971538151
0.2986526638
0.306423628
0.2995479483
0.3180403637
0.3192389661
0.3106010808
0.3151864948
0.304572529
0.3434288698
0.3387875854
0.3061258069
0.3101512964
0.3053048448
0.3062231996
0.2893517502
0.3145988438
0.2911194771
0.3028379679
0.3181959296
0.2984604924
0.3142016695
0.3220883111
0.3263225057
0.3102545321
0.3081203591
0.3300001585
0.3316727546
0.3245398322
0.2959190596
0.296571131
0.3115928729
0.3083588626
0.320345353
0.3032759585
0.305906183
0.2915043039
0.3377167127
0.3331458668
0.2796142656
0.2897747129
0.3229046088
0.322273559
0.3291545064
0.3432880669
0.3345697725
0.3259620162
0.316135373
0.3275414619
0.2929459249
0.3132557307
0.308590528
0.3202289684
0.3028317283
0.3146821855
0.3247780093
0.345074799
0.3150926441
0.3012457194
0.3167640266
0.3345609459
0.3258980734
0.3257457824
0.3307423186
0.317583642
0.3196381867
0.3329767269
0.3386366717
0.3189438248
0.3566663527
0.3281800451
0.3257511824
0.344430485
0.3169050371
0.2912416694
0.3139277829
0.3297895044
0.294262127
0.3111617439
0.3013955655
0.3192265309
0.3174439281
0.3325050477
0.3304147513
0.3236319755
0.338737736
0.3163408712
0.3153400307
0.3281593677
0.3255279587
0.3397216401
0.3317559783
0.3232693538
0.3190894888
0.3195503662
0.3172893856
0.3073632174
0.3098658068
0.3150781997
0.3413490214
0.3137237119
0.3177320375
0.3262086529
0.3397625628
0.3471603832
0.3332989788
0.3457218841
0.3303815747
0.3005060797
0.3179764792
0.317189248
0.3206637829
0.328433008
0.3297991336
0.3350302023
0.3177007195
0.3363821868
0.3399848637
0.31865189
0.2975173261
0.3111196458
0.343696161
0.3502416212
0.3643938319
0.3425069922
0.3086856211
0.3184732607
0.3462160548
0.355376844
0.3402867397
0.3247775663
0.3177209959
0.3167319073
0.3281386242
0.3311317964
0.3177656717
0.3164983796
0.3199315056
0.3174397629
0.3355384012
0.3253151433
0.3281944681
0.304326096
0.3066743039
0.3319980602
0.3528724033
0.3288161857
0.3152234948
0.2945919028
0.3005505558
0.2970412349
0.3092749197
0.3437501321
0.3300731348
0.3328377942
0.3281169103
0.3304778174
0.309815335
0.3277074658
0.326106647
0.3311832359
0.3487596798
0.3365705173
0.3103023729
0.326528056
0.3210399192
0.3077534858
0.3030781506
0.3398109913
0.3452097061
0.3183899392
0.3398456292
0.3196513558
0.2866164674
0.2955518034
0.2934391758
0.2842182603
0.3116280402
0.3077954792
0.3146708698
0.334533603
0.3596457497
0.3557333556
0.3397912665
0.3059335858
0.3188327718
0.3272894523
0.3523463713
0.3498623386
0.3439228521
0.3325696667
0.3114429869
0.3162858456
0.3470128826
0.3511395078
0.3486605589
0.31891176
0.3056214589
0.2994748703
0.2852107596
0.2818718374
0.3106320987
0.3295945051
0.3148725377
0.2959815765
0.2886668425
0.3198987235
0.3271185752
0.3109815322
0.309812966
0.3077432916
0.3156158738
0.3255640766
0.3230996848
0.3485336637
0.3406183807
0.3057171878
0.3095263822
0.2951911174
0.3056338308
0.3202104349
0.3180752527
0.3072312605
0.3094959773
0.3217355307
0.3043376942
0.3244580319
0.3052644494
0.3234525828
0.3264653945
0.3264867378
0.2976136821
0.307619808
0.3333627843
0.317465766
0.2925462697
0.291019194
0.3226915883
0.2988381259
0.3009179101
0.3011829794
0.3194822418
0.3197016466
0.3111933822
0.3250942851
0.3368909027
0.3263097183
0.3118385482
0.3231298578
0.3590264247
0.3810712977
0.3596672235
0.3145025146
0.3152479781
0.3205369177
0.3107523678
0.3181152449
0.3033139808
0.286646018
0.281635881
0.2661014747
0.2725407435
0.317604938
0.3458727668
0.3257028461
0.2950732347
0.2866252185
0.3132123551
0.3026163128
0.2938594254
0.3282667181
0.3340565399
0.3387067568
0.3157609436
0.2965899285
0.2977200233
0.3081402945
0.3153453724
0.3307600168
0.3276347873
0.325210958
0.3368743993
0.3345732169
0.3176337236
0.3335321716
0.3400047537
0.3669733345
0.3533435187
0.3304499307
0.295881161
0.2736518569
0.2676187618
0.2664193991
0.3147308807
0.3325530561
0.348413524
0.3228123601
0.318783303
0.3209485607
0.3117674057
0.3129502187
0.3018191058
0.3181779646
0.3311560967
0.2954171416
0.2776517868
0.2958774216
0.2988867184
0.3037619519
0.2975949277
0.3133535794
0.3314482389
0.3344039814
0.3219116934
0.3120522704
0.3180451709
0.3261253381
0.2741888836
0.292852993
0.2923688783
0.3372659586
0.3388814683
0.3239192177
0.3406082859
0.3323779525
0.3138742765
0.3220440734
0.3219287752
0.3222352422
0.3175812977
0.3039293119
0.3017337295
0.2887672729
0.2911024939
0.319087058
0.3149766213
0.2921652429
0.3083524251
0.3240778037
0.3064915467
0.2899192536
0.2948616419
0.3072462029
0.3288258368
0.3205957379
0.3074906986
0.3079451558
0.3025113981
0.3044823477
0.3153164217
0.33914321
0.3325831396
0.3444229592
0.3384254028
0.326144663
0.3241530167
0.3353108722
0.3672674044
0.3598518004
0.3447860412
0.3260121696
0.290616707
0.2985326654
0.3010773506
0.2921146171
0.2917265995
0.3001523649
0.308870554
0.2980420013
0.3121868274
0.3021698066
0.2936680952
0.2983106704
0.30565848
0.3361323205
0.3328338995
0.3410751397
0.3159395988
0.3374735749
0.3305470618
0.3557689456
0.3272379766
0.3162819761
0.3045645121
0.2869640454
0.2812202588
0.2736204858
0.2891800185
0.3160279305
0.3333520755
0.3249274263
0.3369775588
0.3216494799
0.3124533093
0.3459790772
0.340999595
0.3279721518
0.3711630483
0.3567724446
0.3490076554
0.3298257494
0.3235052098
0.3137554586
0.3237471224
0.3059774674
0.3163697981
0.3381959119
0.3389136913
0.3231731198
0.2981942218
0.3083012906
0.3249451872
0.3283898013
0.3409517842
0.3171563113
0.3373753544
0.3452635678
0.3040782598
0.3258562858
0.3204884233
0.3171945258
0.3212423262
0.3064644063
0.3167225688
0.3215276668
0.3149933271
0.2937489529
0.297067522
0.3158449463
0.3412985453
0.315845701
0.2960486456
0.3023915175
0.3003709564
0.3145639439
0.3104236802
0.3335159976
0.3227679356
0.3366626314
0.3307980522
0.3144523984
0.3401719181
0.3485069172
0.32799109
0.3403610573
0.334281985
0.3128825666
0.3118958532
0.2949705423
0.3163994082
0.3377435606
0.3451414527
0.3368746337
0.3024697948
0.3122338626
0.3096529526
0.3108608904
0.3173760588
0.2905311804
0.2979536884
0.295093452
0.297689665
0.3316110947
0.3363483536
0.3450158476
0.3537043813
0.3603625697
0.3742443734
0.3673978924
0.3099394315
0.3157123788
0.2984153669
0.3103768727
0.3144549051
0.3302643034
0.3359777629
0.3003021024
0.3080007716
0.3264498502
0.383665717
0.3636964384
0.3561519144
0.3700260786
0.3783783961
0.3678108512
0.35253842
0.3373385414
0.3281163632
0.3018519993
0.3555777032
0.3466539409
0.3322684797
0.3186430435
0.3305931491
0.3136758323
0.3161423114
0.3319761012
0.3201837808
0.3064772432
0.300203061
0.2811871437
0.30287422
0.3257751894
0.3293000866
0.3493583821
0.3626942069
0.371742505
0.3505964608
0.3639192763
0.3485615971
0.3418714701
0.3591151942
0.3615048561
0.3405150551
0.3345679694
0.3375112919
0.3095571961
0.3417804253
0.3490860251
0.352546822
0.3256036196
0.3039431565
0.3057112817
0.3161884162
0.3291615294
0.3326037313
0.3402304451
0.343623491
0.3564493777
0.3621982803
0.3405437865
0.3461118686
0.3100919083
0.3019342032
0.3189160435
0.3237141006
0.3338948959
0.2942389258
0.2963701896
0.3200039801
0.3416995286
0.337053113
0.31887483
0.3228678095
0.3045341637
0.3252373883
0.3267152939
0.3407242356
0.3167707701
0.3220701766
0.3439401754
0.322986471
0.3089047333
0.2995167741
0.2867074027
0.2824284988
0.296863226
0.3091848513
0.3083207102
0.2935827367
0.2996351128
0.3034871116
0.3336924274
0.3352830165
0.3489456845
0.3225884147
0.3329085462
0.3516732491
0.3498430001
0.3560941928
0.3415306164
0.3269803469
0.3545420582
0.3068571717
0.3075544815
0.3220280825
0.2792443541
0.3150925563
0.3355530373
0.3281082439
0.329237715
0.2936312336
0.2947042802
0.2880529791
0.3083886204
0.3303011201
0.3246762334
0.2994355054
0.3110740218
0.3057512997
0.3064365112
0.3326577137
0.3410247841
0.3243135365
0.3106142009
0.2913706849
0.3153225621
0.2951196645
0.2986009979
0.2873906656
0.2879643742
0.3016736413
0.2910967921
0.2980294183
0.3095289458
0.3175947807
0.3346854879
0.366470461
0.3236841703
0.3074429115
0.2835906139
0.2877551279
0.3029179327
0.3192827122
0.3351037885
0.2988113031
0.270944294
0.3463107373
0.3395830711
0.3298442984
0.3106803747
0.3148264365
0.3194972124
0.3287956252
0.3374243542
0.3352030307
0.3183069916
0.2850428414
0.2791700366
0.2962487571
0.30672805
0.3201534221
0.3260532252
0.3271067511
0.300676268
0.3162399272
0.3288487074
0.3267130975
0.3443946717
0.3338092283
0.3048321519
0.3177680646
0.3280478057
0.3010142667
0.2787595119
0.2824273993
0.286696684
0.2860333069
0.2860644363
0.3083352629
0.3152578179
0.3010931339
0.3199389203
0.3108643005
0.3075799254
0.3078263667
0.3079347371
0.2841945136
0.2811677394
0.288818168
0.3209055367
0.3028455436
0.3145756143
0.2856745794
0.301002703
0.2985791052
0.3210303791
0.3216853465
0.3195625285
0.2903919169
0.2847525172
0.2878463825
0.3018107006
0.2872509401
0.2914943431
0.3024401481
0.3030784283
0.344740409
0.341368558
0.3418558378
0.3319641764
0.3381413387
0.3340913919
0.3477360828
0.3561321115
0.3151984041
0.2967519771
0.3144977629
0.318846143
0.2911949528
0.296865708
0.2924723686
0.2830295082
0.315435074
0.3295539101
0.3175900457
0.314856969
0.3136002226
0.332436567
0.3347202671
0.3133854624
0.3219732115
0.3067171822
0.3065054473
0.2958698242
0.3011744241
0.3103473131
0.3130241749
0.3227233501
0.3495400891
0.3228318844
0.3420659494
0.3533690589
0.3651585065
0.3427839054
0.3439244635
0.3338835295
0.3452026522
0.3356405592
0.3016700886
0.3147499111
0.3218331027
0.3412199306
0.3533036682
0.3547088024
0.3322463251
0.3215366298
0.2900774239
0.2884841737
0.3097066422
0.3417036738
0.3453197182
0.3203297604
0.3058807176
0.331966607
0.3213316967
0.3458723875
0.3327771023
0.3132375184
0.3274077765
0.3525658746
0.3336853747
0.2862637245
0.2954696829
0.3205691944
0.3196569493
0.3239328419
0.3271040112
0.346639842
0.3182830841
0.3080642695
0.2976223814
0.3146452147
0.3160496699
0.2836423339
0.3100014169
0.3377357916
0.3113711111
0.3150579183
0.3219367986
0.3340409378
0.3318448306
0.3581088288
0.3403769521
0.3122570166
0.3234329204
0.3512975067
0.348591621
0.3802300111
0.3675196558
0.3592167888
0.3381269762
0.299917684
0.3073063267
0.3069114229
0.3011011554
0.3268769535
0.3123285831
0.3019369411
0.300583641
0.2842339129
0.313769532
0.3196763696
0.3420405951
0.335751839
0.3609130625
0.3320518176
0.3141585021
0.3395745153
0.3329982297
0.323097415
0.303391065
0.3263307309
0.3129894207
0.3064064413
0.3290956953
0.3150529612
0.340305876
0.3534534561
0.3548184039
0.3608073643
0.3672898337
0.3557234296
0.3343900353
0.3203819233
0.2855821978
0.2876415754
0.2813826857
0.2982036549
0.3022436403
0.3284024367
0.3256873622
0.3186486255
0.3085346308
0.338044697
0.3135885245
0.3189484999
0.3463813108
0.3275042366
0.3216538826
0.338478052
0.3347627934
0.3076974888
0.3118322621
0.3069254001
0.3234638234
0.3325996864
0.3226217656
0.3151625014
0.3005177598
0.301307434
0.3117646627
0.3207133827
0.3509923004
0.3447978161
0.333794508
0.352810425
0.3638549083
0.3744116487
0.3690553466
0.3587038019
0.3409712546
0.3136123764
0.3297148766
0.3331759371
0.3160749888
0.3197073311
0.3133246634
0.3090749216
0.2974715613
0.3359143412
0.3038983543
0.3259928418
0.2940642107
0.294904275
0.3368130014
0.3438131929
0.3046160516
0.3013413205
0.2989320295
0.3103729495
0.3136799612
0.3271300645
0.3087071084
0.3059106598
0.3364261303
0.3239297241
0.3208422726
0.3008076208
0.32399304
0.3115321857
0.3351469244
0.3153833731
0.3010764674
0.2997476948
0.2994251674
0.2939088614
0.3221823591
0.2991001982
0.3114687489
0.3298256442
0.3264390233
0.3094294725
0.3338713913
0.3443433022
0.3243083367
0.303443121
0.3163265398
0.335755576
0.3181478603
0.3045310597
0.3057724081
0.3123626675
0.3250447274
0.3439491721
0.3200815292
0.3363918671
0.3110793236
0.3101178319
0.3120551003
0.3110133885
0.3278380156
0.3206335848
0.2956057768
0.2841458427
0.2994918177
0.3264540619
0.3137398292
0.2959225849
0.2980160259
0.2947334173
0.3050501655
0.3054354031
0.309236043
0.3009617129
0.3272129169
0.3182325878
0.2916610857
0.2907244169
0.2991651536
0.3035138053
0.2954511717
0.2957456854
0.302012881
0.3159487878
0.283160872
0.2836451224
0.3259546544
0.3342622438
0.3498292714
0.3712481534
0.3668673803
0.3496044245
0.3495505794
0.3098794605
0.2828655843
0.2864092668
0.2823054161
0.3021706505
0.3084717812
0.3086710363
0.3031832612
0.3103769909
0.315865873
0.3282008542
0.3453071735
0.3217730241
0.3480607351
0.3470382247
0.3358935978
0.3325698851
0.3359459608
0.3137699549
0.2907910885
0.3098660839
0.28910123
0.3017456775
0.28346217
0.2820111778
0.2864435748
0.3096361446
0.3506885617
0.3167317006
0.3146481112
0.3166252705
0.3067650224
0.3273258648
0.3064966836
0.2867819715
0.272518972
0.2790204937
0.310379241
0.3079506671
0.3170453607
0.3160493289
0.3315617705
0.3024029886
0.2965680396
0.3030564643
0.3049019514
0.3093026911
0.3129966299
0.3255407277
0.3195745145
0.3200354838
0.3177926984
0.3042167606
0.3097556789
0.3104478286
0.3210755839
0.3228417298
0.300272171
0.3295018775
0.3199800099
0.303585269
0.2854695168
0.290489829
0.30243027
0.3132336224
0.335412334
0.3081977387
0.3132680978
0.305580429
0.2956145794
0.2996201268
0.3209585051
0.3345199696
0.3310733803
0.3143029639
0.3392943172
0.3642275244
0.3165256849
0.3049885051
0.3064169111
0.3094577652
0.3044160459
0.3171226989
0.3447673583
0.3495438765
0.3590607871
0.3491952272
0.3399596282
0.3307048244
0.3193767724
0.3152479238
0.3531128263
0.339572677
0.3048373083
0.2942075104
0.2815379534
0.3022077079
0.3164795898
0.3280256328
0.3133971416
0.340488381
0.3529272537
0.3520736387
0.3240821664
0.2958735444
0.284162083
0.3036316307
0.3163893702
0.3128771168
0.3181470442
0.3081847277
0.2819503448
0.3150457014
0.3168138109
0.3291434094
0.3148129763
0.3226091304
0.3136553004
0.3314085161
0.3718925095
0.3604367293
0.3374446244
0.3547223518
0.314674653
0.3222167575
0.3165133862
0.3309135503
0.3118034997
0.3259788064
0.3206269383
0.3242133181
0.3677210338
0.3386676291
0.3365276296
0.3305902727
0.320564922
0.3276537948
0.3363693081
0.3218897786
0.3185132862
0.3557428616
0.3278249234
0.2976929907
0.3294103364
0.3352160117
0.3410358194
0.343096289
0.3544313153
0.3270003331
0.3537491252
0.3498466568
0.3464198479
0.3611130986
0.3516432463
0.3803298556
0.3693238904
0.3359756516
0.3445810891
0.3351596526
0.31711791
0.306950395
0.2953166833
0.2981157264
0.3463965128
0.3305284565
0.3240494275
0.3452256192
0.3359793535
0.3137624027
0.3236312917
0.3240641892
0.2984086045
0.3052027495
0.3020821045
0.2987171761
0.3114706927
0.3169756258
0.3092510021
0.3264811422
0.2999590496
0.3034343454
0.3245640732
0.3332307425
0.3055213529
0.3008882097
0.3227034577
0.3376704798
0.3544827235
0.3482156298
0.3238757611
0.3173170321
0.318405304
0.3252892838
0.3102222664
0.3110568763
0.312176263
0.3485989784
0.3352797135
0.3428063674
0.3305107199
0.3360583539
0.3241073481
0.315398608
0.3005096008
0.334964459
0.3088916852
0.2960996277
0.2878637341
0.3175149261
0.3348848873
0.3262498112
0.3164863615
0.3117330143
0.3135020283
0.2978424363
0.3157279151
0.3158559432
0.3151158564
0.3290316559
0.3348376528
0.3249321926
0.3122006722
0.3086777412
0.338878528
0.3496324887
0.32737319
0.3016453053
0.3080276027
0.3398652379
0.3567323846
0.3199552441
0.3209067928
0.3065477166
0.320018173
0.3311656276
0.3500118941
0.3410796187
0.3469988802
0.321513022
0.3414831367
0.3504654338
0.3410087899
0.35691486
0.3031252256
0.3058475476
0.3053807663
0.3132504764
0.3376681817
0.3443496277
0.3025603688
0.3002675865
0.3112612817
0.3119214968
0.3240904658
0.3320734508
0.3323978756
0.3359249757
0.3386497049
0.3334112059
0.320936825
0.290761397
0.3000392287
0.312272051
0.3313754571
0.3319933964
0.3302991045
0.3479298613
0.340191681
0.3304698145
0.3286074092
0.3084269321
0.2884801565
0.2963128846
0.3166138308
0.3203327224
0.3294216459
0.3123231578
0.3202183298
0.3127127681
0.2991910836
0.3101512861
0.3248539088
0.3010444307
0.3222854421
0.3381952036
0.3600165791
0.3303697374
0.3112902606
0.2921364794
0.2988406796
0.2965767399
0.3361180124
0.3192819516
0.3268042903
0.3096918381
0.2908758624
0.2808608252
0.2937007044
0.28462982
0.3165002399
0.3112291689
0.3172650065
0.3215799914
0.3144724999
0.3119730166
0.3172980688
0.3101426326
0.3076145457
0.313530718
0.2929090962
0.2832044018
0.2720760102
0.2904372322
0.3037468125
0.3292241847
0.3276277857
0.334060955
0.3482424844
0.3433448054
0.307111549
0.3045919416
0.3045233038
0.3071560192
0.3025381425
0.3291182803
0.3284107692
0.3293637006
0.3289321418
0.3036286996
0.3320666826
0.3548250747
0.3239919629
0.332985923
0.3138113149
0.3274714261
0.3514076885
0.3402699238
0.3291113649
0.3165857345
0.3272387689
0.3094039934
0.3219965571
0.3123094843
0.3365686016
0.3213681282
0.3448395918
0.3510012884
0.3328700278
0.3233719771
0.3259530752
0.3211134808
0.350701425
0.3387698084
0.3294333334
0.3304453656
0.352135421
0.3521632074
0.3142999538
0.3050459815
0.3310891967
0.3367342068
0.337276643
0.3490333425
0.3010030334
0.3104773747
0.3106957355
0.2934079335
0.3077646253
0.3467319721
0.3449171469
0.345756437
0.3187840462
0.3166373254
0.3388911407
0.3280883347
0.2998458116
0.3162544401
0.3137476499
0.3168898748
0.3056461429
0.3062413009
0.3166371315
0.3134000642
0.2944020526
0.3261693114
0.3221052258
0.3319774907
0.3182551807
0.3065071224
0.3033450345
0.3166719728
0.3141245328
0.3118355698
0.2955431019
0.3301331497
0.3410747065
0.3057536681
0.3236890129
0.3280246741
0.2991763463
0.306696219
0.3220968488
0.2896828366
0.3566338133
0.3516977529
0.3430272241
0.3268895065
0.3195932128
0.3446403115
0.3640828808
0.3451258881
0.3290952199
0.3170855176
0.3290986004
0.316377951
0.3474637752
0.372328489
0.3761842629
0.3551915278
0.3305304266
0.3046737994
0.2985386718
0.3374981937
0.3268855342
0.3236035015
0.3175273843
0.2950678522
0.281342941
0.3150784104
0.3248487003
0.3386656887
0.3411746558
0.332541457
0.3260090127
0.3066143257
0.2971150954
0.2722233964
0.2934555129
0.3367693599
0.3291072784
0.3292899075
0.3411452156
0.3215740649
0.2835620279
0.2984725198
0.322569625
0.3496331867
0.3403490775
0.340997512
0.3139467299
0.3287299053
0.3043184025
0.3202839313
0.3107641429
0.3205753911
0.3265649621
0.3323635335
0.3374816416
0.3460856096
0.3620209084
0.3302192678
0.3397610625
0.3136048737
0.3361259399
0.3372048648
0.3379984105
0.2953256128
0.3098339268
0.3305792409
0.3503260015
0.3365470421
0.3226027387
0.3136331908
0.328633866
0.3203863499
0.3296045766
0.311339808
0.3048080788
0.2893818378
0.2942097999
0.3218236734
0.3046248056
0.3343894302
0.3074069778
0.3262177379
0.3163066264
0.3336899382
0.3256082734
0.3505374677
0.3080065894
0.2996035654
0.305602431
0.3051745496
0.2954630183
0.3069549784
0.3194059735
0.3253933126
0.3433449894
0.3186865384
0.3086793223
0.2994808811
0.3200842386
0.3164878169
0.3191973207
0.3445626557
0.3370395009
0.327646766
0.3352047196
0.3095645161
0.3092831863
0.3271264323
0.3255447373
0.3369451814
0.3432533026
0.32301729
0.3034731482
0.3033129354
0.3063000022
0.3051993362
0.3243660479
0.2899954243
0.2903735813
0.2870651883
0.2978255568
0.2762951838
0.3007678995
0.2798397659
0.2876152605
0.2912345054
0.304012655
0.3282680091
0.3301009891
0.3191630405
0.319064081
0.3267126174
0.3311935298
0.3161431357
0.3336123853
0.326728243
0.3479135564
0.358563034
0.3216227899
0.3091981294
0.3043954676
0.2784980082
0.3183567636
0.3183662377
0.3011763211
0.2716492479
0.2942522078
0.3003294418
0.3160342808
0.3212465644
0.3519559523
0.3396094054
0.3038680237
0.319373309
0.3067502223
0.3351446287
0.3314882644
0.3295734116
0.3254694168
0.3258463261
0.2955456172
0.269374316
0.2673869979
0.2750404855
0.2621989208
0.2890516557
0.3086704735
0.3178342403
0.3294749163
0.3360439377
0.3290940014
0.336607292
0.3155579071
0.3308211739
0.3236952327
0.2982002275
0.2721252372
0.3046245737
0.3078997107
0.2994092111
0.2838927247
0.291385342
0.300885902
0.3106767839
0.2986861618
0.2999024822
0.3028055988
0.3351403299
0.3364223086
0.3423950482
0.3173042465
0.2920657104
0.3271101745
0.3221353628
0.3069469488
0.3159132256
0.3142228229
0.2992880678
0.2946320349
0.2887680186
0.3251758703
0.3174376541
0.2928072477
0.3012231534
0.3104452388
0.3200729348
0.3375949813
0.3317497793
0.3260629617
0.3443922965
0.3536964253
0.3332857807
0.2997343451
0.2985830806
0.3105677234
0.3224664463
0.3427625541
0.3661020779
0.3530121817
0.3178828975
0.3110634965
0.3096804043
0.3203047977
0.3110514474
0.2889161444
0.3124159042
0.3384802863
0.3419382874
0.3590770897
0.3315685049
0.317482331
0.3151647499
0.3214058244
0.2999818428
0.2956701733
0.3052237843
0.3180067897
0.3140846732
0.3130034729
0.3199271813
0.335503606
0.3539604707
0.3219911883
0.3244201932
0.3569579065
0.3527383506
0.3348242745
0.3388577978
0.3197963321
0.3321567661
0.3139900859
0.3110796023
0.3312805006
0.3452721088
0.3866616509
0.3709901602
0.3365956811
0.3338505981
0.3416467192
0.3363958654
0.3427149707
0.3431746353
0.3036597628
0.3083016566
0.2916025373
0.3074474698
0.3170429751
0.319531531
0.2928096324
0.286317764
0.3101873117
0.2999505424
0.3204551614
0.3313222753
0.3519121317
0.337256841
0.3451475949
0.3403020076
0.3491123147
0.3495576984
0.3196066334
0.3004251927
0.3129659676
0.3285205519
0.3356172994
0.3256550395
0.305386051
0.2909173744
0.3064825652
0.3173429465
0.3232267684
0.3086289544
0.2995681891
0.2900113778
0.2908297459
0.2972173755
0.3124753863
0.3181383181
0.3048014355
0.3212933169
0.3331062623
0.303498751
0.2922324739
0.3218153454
0.3168309773
0.2968117893
0.3046458824
0.3235451121
0.325161414
0.3302325456
0.3167455766
0.3081625938
0.2783899622
0.3043321853
0.3179477726
0.3009348309
0.3099888595
0.3136303588
0.2995032226
0.3163946918
0.304939357
0.3028955428
0.3372607353
0.3337594742
0.3108342574
0.3099527543
0.3235345876
0.3246906658
0.3046214434
0.3102145411
0.3399147535
0.3675329155
0.3324054001
0.302274703
0.3030572037
0.3108350571
0.3259697261
0.3128437377
0.3210689264
0.3131261549
0.315391646
0.3182097005
0.3304975523
0.3033157124
0.3063696482
0.2827661289
0.3106682697
0.314937181
0.3175802567
0.3512703853
0.3658636802
0.3585073701
0.338550147
0.3509424171
0.3359315069
0.3003398241
0.3041886397
0.3048073103
0.298551662
0.2881726051
0.3174469519
0.3209106273
0.294797705
0.3099022792
0.3121809375
0.3317703285
0.3299999559
0.3256263859
0.3384047266
0.3360131199
0.3272013768
0.3362337006
0.3291560254
0.3416740094
0.3224005522
0.3368915146
0.3204426442
0.3126914835
0.3039689145
0.3178628137
0.3153905182
0.3042431243
0.3099736699
0.3140439974
0.3379119297
0.3365732293
0.3313913168
0.3023676226
0.2800398399
0.298126057
0.3106513012
0.3185874101
0.2978383619
0.3198189786
0.3304764852
0.3468517357
0.3279948238
0.335097817
0.3641119507
0.341545681
0.3381013333
0.3574331236
0.3236075716
0.3131070653
0.3144779952
0.2885705889
0.2874250948
0.3006905317
0.304031735
0.2869440342
0.2970483158
0.2929031312
0.3098282366
0.3291016014
0.3196072202
0.326835925
0.3409831431
0.3780312582
0.3462256044
0.3192077095
0.333118164
0.3229518931
0.3581461366
0.3554117195
0.3378259553
0.3312688971
0.3111149272
0.3293197288
0.3521216825
0.3807965611
0.3397978704
0.3103831426
0.3010392713
0.3043646887
0.3204934827
0.3134893975
0.2978907725
0.3099165817
0.3364896596
0.3518810792
0.3137049733
0.3276024042
0.2949967373
0.3216285075
0.3385302924
0.3297248257
0.3447151263
0.3308172177
0.3147996773
0.2959510368
0.3266448881
0.3259059891
0.3053751296
0.2971503666
0.2857085663
0.3028576256
0.3357340124
0.323507197
0.3276855507
0.3410993671
0.3234105408
0.3377423298
0.3353906513
0.3128269442
0.3120257916
0.3325668569
0.3064625057
0.3227802531
0.3366775664
0.3074020871
0.303927695
0.3186624893
0.3387345912
0.310635033
0.3350263687
0.3105082216
0.2815423616
0.2946786399
0.3243976751
0.2956271943
0.2998084552
0.3122924016
0.3152059118
0.3341450161
0.335084464
0.314919235
0.30744245
0.3217982323
0.3276934145
0.3401087408
0.3383983301
0.3209654211
0.3024484704
0.2878008336
0.3051769768
0.3089825153
0.3074102911
0.2847723482
0.2755821297
0.3221683082
0.3219194662
0.3143868005
0.3274509045
0.2987314657
0.3072749081
0.3294075973
0.3292407349
0.3049820397
0.3221824642
0.3309657489
0.3435285021
0.3159209502
0.3219167645
0.3142790733
0.294107528
0.3046042295
0.3113015996
0.2998393211
0.3088239995
0.2946214445
0.3607802349
0.3488506362
0.3330578186
0.3297070994
0.3177509936
0.3278877962
0.3170162816
0.3105455685
0.330002027
0.3421832921
0.3443487465
0.3175608659
0.3222718421
0.3424153634
0.3396536686
0.3306324941
0.3159215161
0.3297545302
0.3555555164
0.3764019521
0.3269341
0.3189573941
0.3085987349
0.3282533177
0.3360751047
0.3294276447
0.3423181276
0.3547257286
0.3343981859
0.332593618
0.341994188
0.3357951944
0.3474689305
0.3144150217
0.3137548163
0.3395106065
0.3508901983
0.3629899067
0.3606720247
0.3419915363
0.3303057696
0.3549604593
0.3661755207
0.3545302085
0.3585309781
0.3220158624
0.3220458801
0.3434995242
0.3553220687
0.3226160079
0.3014289177
0.3080394004
0.3213384633
0.3394084373
0.3681888905
0.35264567
0.3591518657
0.3518502193
0.3207136146
0.3170626514
0.3204549679
0.3299343171
0.3159310324
0.3182717106
0.3121065086
0.3280781424
0.3283538033
0.3083476417
0.3481886827
0.3356656269
0.324716107
0.3185956313
0.3085283692
0.2887418556
0.2930754463
0.3176940373
0.3264015605
0.3208604229
0.3131807128
0.3207024392
0.3042520572
0.3254114063
0.3129588343
0.2824787171
0.2909139848
0.2919837874
0.3441701093
0.3494899833
0.3387223356
0.319723354
0.3236323295
0.2943696548
0.2947019714
0.3070614787
0.3118556385
0.3004360481
0.2920583424
0.2923762488
0.3163446202
0.3064083226
0.2919837999
0.3272484417
0.3359047512
0.3157039734
0.2840618702
0.3152394215
0.3252697743
0.3239470824
0.314533399
0.3215921082
0.3057663407
0.320145134
0.318809567
0.2847255253
0.276796252
0.2809607114
0.276413843
0.2807242668
0.2970350309
0.2821220094
0.3278070249
0.3222581985
0.3237510314
0.3314450572
0.3351218425
0.3172304424
0.3135156175
0.3351064079
0.3145189124
0.3236479613
0.3482016501
0.3184508369
0.3097696172
0.3119782824
0.3052467395
0.3129257569
0.3160333876
0.3096876089
0.2985821679
0.3262329929
0.3172083834
0.3027641482
0.2939273851
0.3025088804
0.3265990561
0.3537911257
0.3437395684
0.3506292918
0.3526448988
0.3405418268
0.3256189242
0.3380866755
0.3446994008
0.3385281691
0.2905792727
0.3000277523
0.2903443763
0.3061655757
0.3197214326
0.3161476163
0.3417590143
0.3415712906
0.3466712999
0.3368682236
0.3239684177
0.301210789
0.2927977881
0.2932591541
0.3041461391
0.3332369029
0.3668585587
0.3309345826
0.3362218362
0.3520295019
0.3449595308
0.3258336485
0.3470740171
0.3742894445
0.3630691937
0.3570127272
0.3422367034
0.3209820018
0.3184550561
0.317622065
0.2932566288
0.3021593783
0.3288263876
0.3527727384
0.3482728113
0.3471186389
0.3241727674
0.3353595977
0.3301397368
0.3279572602
0.33348081
0.3591885057
0.3523569418
0.3131007917
0.3183357182
0.3600148363
0.3108727145
0.3177169882
0.3442954329
0.3211627344
0.2923589158
0.2876815102
0.3021418395
0.3181851468
0.3422702201
0.3439546816
0.3696898149
0.3689874481
0.35107805
0.3697510004
0.3625972837
0.3258870962
0.3146392994
0.3176110082
0.3323294852
0.3072300307
0.3464606286
0.3693245762
0.3560649447
0.3399582126
0.3557959752
0.3709920407
0.382728552
0.3481999037
0.3449966621
0.3293173399
0.3444701487
0.3607775298
0.366113748
0.3575044641
0.3174477567
0.308564742
0.3450014808
0.3475526048
0.3451423283
0.3442470667
0.3392656599
0.3223835914
0.3010568121
0.3206529345
0.312708982
0.2888354235
0.3115635787
0.331406757
0.3342701013
0.3243165047
0.3215916339
0.3016648609
0.2944468465
0.3117155241
0.3480239236
0.3355336141
0.3130053671
0.3357194641
0.3334043884
0.3313212413
0.2981251581
0.3041821249
0.3154082091
0.3287145368
0.3378368835
0.3299692425
0.3287734576
0.3188070949
0.3038120894
0.3293406132
0.3180125609
0.317247846
0.3191970237
0.339310315
0.3676993307
0.3424867325
0.3329484072
0.3313679577
0.2946521765
0.2887810775
0.3073126604
0.3137199243
0.2929563642
0.2813721025
0.3117675274
0.3150956756
0.3197039149
0.3191893415
0.2836477596
0.2865188774
0.3050303309
0.3145903707
0.3200326623
0.3209889124
0.3074705476
0.3167604372
0.3068642935
0.294431802
0.2900061784
0.268368347
0.335139416
0.3398760505
0.3440767599
0.339953664
0.321908553
0.3091887072
0.3194237717
0.3107163475
0.339115863
0.3560499263
0.3480541623
0.3564631477
0.3313337924
0.3308355077
0.3106839375
0.2943933101
0.2907837302
0.3021849988
0.3079924774
0.3336374713
0.3297545625
0.2918338035
0.298094001
0.3269376282
0.3456447403
0.3188332686
0.3135049113
0.3468619573
0.3344074453
0.331145762
0.3220036977
0.3290053424
0.3267352104
0.3386514632
0.3276939944
0.3270516963
0.3358711178
0.3144096516
0.3010000617
0.2970818247
0.3520405025
0.3544584125
0.351350439
0.3252989862
0.3143282977
0.3254142243
0.3315130846
0.3101563087
0.3144797329
0.3127086833
0.318099716
0.3258499062
0.3495759637
0.3348898888
0.34210234
0.3463324314
0.3287363167
0.3312223644
0.3522639513
0.363576939
0.3191204558
0.3189381535
0.3171765957
0.3327080491
0.3456183163
0.3512450229
0.3426075326
0.3080235069
0.2920862615
0.3051054764
0.3338510574
0.3539303487
0.3506255832
0.3705012852
0.3302777541
0.324102338
0.32222976
0.3367915254
0.3240168075
0.3313656165
0.3312716922
0.3267339317
0.3068499941
0.3249462959
0.3283700751
0.3219807158
0.3240297073
0.3450564538
0.3244099139
0.3207372828
0.3054855542
0.3122426842
0.3668790848
0.3657604431
0.3473538324
0.2914867678
0.307405043
0.3081012125
0.3190948492
0.3303898595
0.302300448
0.2667416496
0.2819685122
0.2991846426
0.3175647531
0.3062411964
0.2977670248
0.3019198956
0.2976800076
0.3118020468
0.3238152324
0.3385727402
0.329194015
0.311874931
0.3252269017
0.3297288614
0.3191831727
0.2942317592
0.3032470433
0.3043129034
0.317697312
0.3162598829
0.2967287371
0.2852538612
0.3249003831
0.3213808509
0.3088245879
0.3074246933
0.2960602102
0.304371297
0.3003496171
0.3192629916
0.3245317672
0.3179891267
0.3324594463
0.3473737407
0.3287335187
0.3400507573
0.3357173659
0.3142314636
0.3497054934
0.3403954829
0.3541815033
0.3772503556
0.3674313686
0.3671203225
0.3366821812
0.2999763067
0.3102501265
0.2956844105
0.3007424333
0.3201377545
0.3214504966
0.3417296849
0.3447954323
0.3291971982
0.3338201479
0.3604504309
0.3865029406
0.3670121056
0.3405481305
0.3325219061
0.3324874227
0.3285302956
0.3238357284
0.3034586977
0.3167069411
0.3054869015
0.3043269416
0.3187303232
0.3212091159
0.3056850037
0.3154693856
0.3150445298
0.3329653837
0.356186529
0.3458519036
0.339329091
0.3474483998
0.3358277468
0.3573905284
0.3448031989
0.3229299859
0.3306439754
0.3475776141
0.3526979899
0.336848504
0.3463460313
0.329808427
0.3037839549
0.3311777002
0.3492159793
0.3595173037
0.3436357061
0.3618675723
0.3543253204
0.3357503196
0.3228923956
0.3557309308
0.342959878
0.2994848545
0.3200900518
0.3554609409
0.3412348903
0.3540203699
0.329223515
0.3143506176
0.3038161016
0.3204426144
0.3110285905
0.3287058048
0.3279182908
0.3451826765
0.3801294147
0.377519927
0.3505344279
0.3382454338
0.331890434
0.3174091712
0.2963161287
0.3684015052
0.3540857185
0.3000803717
0.2921381133
0.3233871795
0.3209581343
0.3275608703
0.3415299833
0.3484244587
0.3643528449
0.3574168071
0.3717679005
0.3332611835
0.3238549161
0.332231724
0.3448335707
0.3193775403
0.3259486433
0.3154246933
0.3492266419
0.3377749654
0.3509625677
0.3184209757
0.3184242881
0.3014898247
0.3222773148
0.339466355
0.3546804159
0.3212051054
0.3216359223
0.3548182379
0.3541796726
0.3419963454
0.3128658613
0.3056020924
0.3214475922
0.3455822061
0.341356714
0.3554422504
0.3306587822
0.3429413272
0.3518570745
0.3462077442
0.3470314653
0.3508961987
0.3233762809
0.3107659544
0.3428384031
0.3355173247
0.3377501315
0.3127353233
0.3202724214
0.3335074949
0.3413359188
0.323708341
0.3293399204
0.3318640062
0.3466782953
0.3349906924
0.3398170343
0.2939103144
0.3087461702
0.3250880073
0.349769722
0.3424862871
0.3360928019
0.3340313059
0.2888763774
0.2917672819
0.2792333421
0.279394614
0.275908227
0.2636593142
0.285388682
0.2983059452
0.2973077747
0.3064125627
0.3267363041
0.3075868725
0.2873194474
0.2888004571
0.2917095945
0.3004645269
0.3052761711
0.2784244451
0.3133717087
0.3074941671
0.3078502514
0.3252196605
0.3205890611
0.3005373986
0.2773234337
0.2818971837
0.2983968533
0.2961509839
0.3196002329
0.2964537341
0.2792059314
0.2973365959
0.2958603035
0.306205037
0.2973258689
0.3019270163
0.3106101764
0.3065728986
0.2848356495
0.3312820605
0.3307528958
0.31349577
0.285697188
0.2969810566
0.33735946
0.3392685519
0.3242971726
0.3223908775
0.2966194428
0.2965266967
0.3093942033
0.3242675674
0.3306224803
0.3208165952
0.3333247183
0.321170639
0.3141200245
0.3133898704
0.3207047842
0.3308848065
0.3462013771
0.3389990875
0.3669943934
0.3664687907
0.3447453788
0.3145526081
0.3093485056
0.315998384
0.3396077086
0.3138458283
0.3249358154
0.2951160553
0.3210289624
0.363643442
0.3676324705
0.3661157073
0.3502420281
0.3492444592
0.3226051626
0.3113331685
0.3354851843
0.3291585666
0.3314937637
0.3266434091
0.3254368157
0.3299748421
0.3168883697
0.3276336502
0.3297348903
0.3415148482
0.3470890976
0.3617916496
0.3648601738
0.3461160804
0.3165519988
0.3134017372
0.3079375204
0.3188498192
0.3357535301
0.3282412139
0.3289390365
0.3585335432
0.3632946168
0.3449368109
0.3453590472
0.3252549228
0.3199793432
0.3331487734
0.3258678217
0.3363302242
0.2960178348
0.2931133029
0.3309541212
0.2873821336
0.3081066535
0.3385720695
0.3525762009
0.3289284457
0.3078012
0.3132701005
0.3115877203
0.3091659754
0.3129160493
0.3129248505
0.316448112
0.305593263
0.3030161242
0.318635669
0.3561324422
0.3605215531
0.3538846038
0.3047465366
0.2724723478
0.3468084701
0.3562977826
0.329693492
0.3352937274
0.3319977981
0.3232410119
0.3257528984
0.3074808135
0.3135965466
0.3327902878
0.3296699117
0.299990692
0.3072626683
0.3359065453
0.3258520536
0.3272508789
0.3291622713
0.3427738576
0.3396013575
0.3466301743
0.3304164334
0.3284415253
0.3585728622
0.3596735845
0.3154005262
0.3031264184
0.3379760324
0.3102560285
0.3084569495
0.3047380787
0.3152257512
0.3179047308
0.305917606
0.3189759583
0.3242850915
0.3357684703
0.3394648905
0.3281819404
0.298834695
0.3375660339
0.3043769398
0.3186950386
0.3310440481
0.3311775628
0.3234667684
0.3156374753
0.3094848805
0.3306644097
0.3383733775
0.3444675713
0.3199223667
0.3309909283
0.3195583701
0.3243614884
0.3368099315
0.3579873144
0.3643063698
0.3222878075
0.2862768598
0.2863333939
0.3088774389
0.3125648913
0.3055361503
0.2806581142
0.2622000024
0.292711777
0.3146313828
0.327608918
0.3369989493
0.3698319134
0.3276415966
0.2948496138
0.2994526501
0.3268995433
0.3270953777
0.3194013641
0.3108230723
0.3409107994
0.3132308386
0.3050088921
0.2982712856
0.2824050298
0.2998063248
0.3138871801
0.3144119221
0.3125488262
0.3004398923
0.2722290762
0.2961147419
0.3222797483
0.3479552079
0.3752369186
0.3634207132
0.3440727624
0.3171273989
0.3165241501
0.3202216415
0.3029418878
0.3030908191
0.3185048257
0.3390047187
0.3510053555
0.3686644401
0.3880551311
0.3551662531
0.3539806091
0.3387605275
0.3340241789
0.3402719566
0.3103543174
0.3019702791
0.3144571583
0.3341748041
0.3246083738
0.3383217199
0.3322531139
0.3564146095
0.3484252785
0.3261081095
0.3094955555
0.3629107015
0.3273495868
0.3371533866
0.3291770611
0.3116733476
0.3154943284
0.310792865
0.2964686869
0.3250070401
0.3076007923
0.2998799914
0.2919780542
0.309526484
0.3238562929
0.3390856277
0.3408672516
0.3694437256
0.3973217832
0.4079304855
0.3976194189
0.3465032338
0.3170188164
0.3366972692
0.3338994436
0.31914912
0.290188701
0.2678166387
0.2761670613
0.2977592374
0.2993020426
0.2766472326
0.2886539616
0.3131966677
0.3324676756
0.3401622127
0.3668584479
0.3133857581
0.3271383682
0.3364691506
0.3308207965
0.2832971878
0.2808649959
0.3001781566
0.2972905514
0.2779479106
0.3074743311
0.3444663658
0.3254345114
0.3218074996
0.3340780143
0.3264504024
0.2886130803
0.2955105193
0.2955013281
0.2977999612
0.3181297189
0.3090449164
0.3339562659
0.3528718679
0.3290783021
0.3185659025
0.295850688
0.288141257
0.3052882095
0.3133320178
0.30459768
0.2851766378
0.2988921061
0.3133137173
0.2887389814
0.304066752
0.3427948275
0.3299063353
0.3380512878
0.3080454915
0.3251107417
0.3392828414
0.3125248784
0.2737041349
0.3009157213
0.3182985318
0.309333849
0.3014201178
0.294907084
0.303832095
0.334625164
0.3344226661
0.3196867996
0.3200388748
0.3200813316
0.3300006288
0.3165724392
0.3200202332
0.2907144973
0.2999761202
0.30444288
0.3004949995
0.3128954162
0.327463858
0.3019233371
0.3530214996
0.3551627253
0.3112489733
0.2993465135
0.2689238511
0.2887628845
0.3011941614
0.341095084
0.3341005479
0.3432575345
0.315105129
0.3337029258
0.3072158534
0.2971631351
0.2962143624
0.314272265
0.320414033
0.3193428122
0.3233090096
0.3468072825
0.324329639
0.3137203178
0.3192856644
0.3194093584
0.3320427291
0.3461698712
0.3396283516
0.3261778796
0.3433111368
0.3362395892
0.3265624555
0.3156195139
0.3439058487
0.3416528605
0.3517895561
0.3446175539
0.3592398692
0.3368200007
0.3630018908
0.3360429745
0.3406071486
0.3406192216
0.3392855336
0.3158675772
0.338606486
0.3854511726
0.3795282245
0.3412802484
0.3442638832
0.3173397294
0.275186187
0.2820625632
0.2908874033
0.3220905145
0.3370746511
0.3511983309
0.3369786697
0.3335699658
0.344246644
0.3529638976
0.3586254473
0.3627720029
0.3701382115
0.3758436316
0.3326512346
0.3184955792
0.3357457238
0.3321974981
0.3222801519
0.3348804058
0.3272667919
0.3402429644
0.3281831407
0.3043111252
0.3030093063
0.2948370432
0.2980880986
0.3519378196
0.3476299928
0.3682736317
0.3102499163
0.3273548612
0.3121805338
0.314421308
0.3184311246
0.3176621784
0.3151236968
0.3457168356
0.3396837207
0.353252013
0.3464984786
0.3119865012
0.3348231592
0.322207074
0.3306919295
0.3151418846
0.316394536
0.3008068806
0.3070717559
0.3028908898
0.3414550641
0.3342991187
0.3520109902
0.3425547468
0.3281035958
0.3348517862
0.328591092
0.3120003743
0.3161322452
0.2907825425
0.2878838525
0.2959518848
0.3316844036
0.3244527756
0.3092586086
0.3167517915
0.2929729498
0.3091095079
0.3297378789
0.3657868521
0.3761483328
0.3670875464
0.3458454557
0.3202404736
0.3093906753
0.3229416675
0.2871422398
0.3037523632
0.2903675882
0.2764629608
0.295742306
0.3206383159
0.3095838559
0.3168252916
0.3093074307
0.3065126044
0.337176975
0.3381772961
0.3381828965
0.3251378209
0.3295033758
0.3117899365
0.3173477743
0.3572645184
0.3198356206
0.3345700728
0.3166419276
0.3004591122
0.3009524451
0.3097723431
0.3224430298
0.2947974108
0.3037663471
0.3120919909
0.3037835758
0.29765218
0.325848747
0.3371893671
0.3472896749
0.3315504183
0.3046137559
0.2984603168
0.3084749394
0.3344116873
0.370855167
0.3477716377
0.3623397377
0.3484052393
0.3245865466
0.3172483257
0.2916196198
0.3056115063
0.2954497275
0.2992385657
0.3181513449
0.3023519903
0.3020373759
0.2760882666
0.2903464876
0.3225918661
0.3048994075
0.3077450895
0.3271516435
0.3077731572
0.3228540918
0.3366723168
0.3591756643
0.3495901328
0.3212934308
0.3129391384
0.3247289781
0.3037968744
0.3043149965
0.3176989478
0.3146703835
0.315731776
0.3226903811
0.3358429797
0.3202091021
0.310058685
0.3564075841
0.3270064698
0.3256541213
0.317426901
0.3238505347
0.3049062949
0.3026768225
0.3060936256
0.3005081775
0.3181393268
0.3269255623
0.3213504343
0.3055254846
0.2849617648
0.3130256887
0.3110958041
0.3215450191
0.3061749753
0.3121322213
0.3241814112
0.3143697267
0.3225068587
0.3114764386
0.3011699532
0.3146093912
0.3191793007
0.3138686343
0.3097484849
0.320649198
0.3287220505
0.3418238305
0.3241864345
0.321895047
0.3057111376
0.3065381718
0.302233831
0.3170316171
0.3206429023
0.3163631966
0.3188518852
0.3305723272
0.3390785982
0.3303602665
0.3179214445
0.3197995882
0.3127608651
0.3146286073
0.31595465
0.2995751368
0.3272296382
0.3295635913
0.3499063532
0.3316802564
0.3383521205
0.3572405634
0.3606029667
0.3371689087
0.328149183
0.3126976429
0.3169207883
0.2680521166
0.3054817172
0.3089836727
0.3349067578
0.3282047541
0.331365721
0.3246995695
0.341221061
0.3156859464
0.3108326131
0.3214846646
0.3113482837
0.333916213
0.3251827308
0.3216306851
0.2993646751
0.3005630365
0.2908919514
0.2909469191
0.2702804446
0.3272413458
0.340436952
0.3265453651
0.3235766869
0.3557659081
0.326278938
0.3432044964
0.3269661594
0.3123629131
0.2906044022
0.299601919
0.3104841998
0.3160096153
0.3386478068
0.3518878982
0.3459523742
0.3223623221
0.3133033148
0.3277987692
0.3137844484
0.3170864277
0.3181126521
0.3336434996
0.3397529904
0.3271651444
0.3202790832
0.3215035038
0.3151801756
0.3056486525
0.323859463
0.3272557537
0.3301464741
0.3152395062
0.2962524292
0.3168442283
0.3044355948
0.2925075523
0.3147025923
0.3163252488
0.3311291754
0.306373949
0.3184007224
0.3441444026
0.342365899
0.3442210929
0.3304079937
0.3182820656
0.3083826534
0.3155708522
0.3174098231
0.328019401
0.3134740921
0.3124855081
0.3174472174
0.3103049543
0.3144494148
0.3121297527
0.3116147791
0.3102851782
0.3309551
0.3077584
0.3279069284
0.3416225826
0.3529359661
0.3358854635
0.3270044721
0.3432065635
0.3003817866
0.3072048099
0.3142220652
0.321542976
0.3267619837
0.3149308498
0.3068026257
0.3085993478
0.3069792356
0.3289677033
0.3060927241
0.2760054806
0.2783521197
0.3407556716
0.3075866177
0.314927545
0.3369778792
0.3687879107
0.3600586555
0.3366440403
0.3580209188
0.3242918083
0.3036869158
0.3227551707
0.2987818876
0.3078219465
0.3356650132
0.3514337128
0.3235777946
0.3095862683
0.3324315221
0.3452406121
0.3294483341
0.2895759132
0.3126777597
0.3338335433
0.3510197633
0.3177649299
0.3340741428
0.332343263
0.3084301514
0.318165628
0.3156785596
0.3399245614
0.3587953187
0.3371014723
0.3079654839
0.3147913266
0.3160427324
0.3427391245
0.3055607173
0.3090491155
0.3004451319
0.2968636619
0.3030366633
0.3013721438
0.298280137
0.2992007237
0.3293222136
0.3487663615
0.3385668385
0.3483959591
0.3164620063
0.3293507743
0.3347767582
0.3108604662
0.3132702741
0.3191432184
0.3310730097
0.3144284932
0.3474841197
0.3432836705
0.3305555234
0.3009123741
0.3003015405
0.2732068241
0.2874058902
0.3046282152
0.3193013587
0.3053423854
0.3102334948
0.2882764363
0.3003309524
0.3131909745
0.3014549821
0.3081064872
0.3459057987
0.3427827053
0.3187344816
0.3217578575
0.3187483343
0.3238093293
0.2958409243
0.338721561
0.3246232282
0.3295833396
0.3208313692
0.2718040433
0.27287014
0.2889284403
0.3045281914
0.272073555
0.2788422492
0.3098648114
0.3229708946
0.3218541847
0.3260069238
0.357012153
0.3549157577
0.3436681971
0.3453245494
0.3560854128
0.3394801616
0.2959104226
0.3125118252
0.3199752518
0.3034398098
0.3137948729
0.3142274145
0.3365346183
0.3063669625
0.3274057501
0.3344948531
0.3020849452
0.3034076918
0.3068019993
0.3048722172
0.3073014562
0.3102085768
0.2959869054
0.3044339669
0.2722074934
0.2740333679
0.3073531307
0.3093679372
0.3232039566
0.3244008644
0.3300225405
0.3054272628
0.2910406244
0.3102680412
0.3109660345
0.3200636226
0.3342049386
0.3091350959
0.2884489164
0.2710589765
0.2700627876
0.2655275145
0.2795683279
0.2796307179
0.2954039391
0.312342165
0.3010964782
0.3245149078
0.3000109192
0.3127549352
0.3261037643
0.3374411716
0.327403159
0.2992548307
0.2907332419
0.314235684
0.2906365757
0.3019316235
0.3072161713
0.2982616547
0.2791682544
0.2804155976
0.3169278738
0.3250378183
0.3338031091
0.3298882214
)
;

boundaryField
{
    xPeriodic_half0
    {
        type            cyclic;
    }
    xPeriodic_half1
    {
        type            cyclic;
    }
    yPeriodic_half0
    {
        type            cyclic;
    }
    yPeriodic_half1
    {
        type            cyclic;
    }
    zPeriodic_half0
    {
        type            cyclic;
    }
    zPeriodic_half1
    {
        type            cyclic;
    }
}


// ************************************************************************* //
