/*--------------------------------*- C++ -*----------------------------------*\
| =========                 |                                                 |
| \\      /  F ield         | OpenFOAM: The Open Source CFD Toolbox           |
|  \\    /   O peration     | Version:  2.4.0-MNF                             |
|   \\  /    A nd           | Web:      www.OpenFOAM.org                      |
|    \\/     M anipulation  |                                                 |
\*---------------------------------------------------------------------------*/
FoamFile
{
    version     2.0;
    format      ascii;
    class       volScalarField;
    location    "0.0007";
    object      rhoM_mixture;
}
// * * * * * * * * * * * * * * * * * * * * * * * * * * * * * * * * * * * * * //

dimensions      [0 -3 0 0 0 0 0];

internalField   nonuniform List<scalar> 
5120
(
4.6314432e-06
4.7031824e-06
4.6096784e-06
4.5352528e-06
4.7142912e-06
4.8747936e-06
5.2802352e-06
5.1755456e-06
5.3126304e-06
5.2892512e-06
5.295128e-06
5.0076928e-06
4.8556896e-06
5.0783728e-06
5.0326864e-06
4.9093712e-06
4.8391952e-06
4.7414672e-06
4.6984288e-06
4.507624e-06
4.953392e-06
4.7658032e-06
4.9720048e-06
5.0570352e-06
5.06928e-06
5.006544e-06
4.9278816e-06
5.0490784e-06
5.091096e-06
5.0581328e-06
4.7987664e-06
4.8248064e-06
4.9082352e-06
4.7743408e-06
4.8928128e-06
4.885928e-06
4.83492e-06
4.7871024e-06
4.6872176e-06
4.669664e-06
4.7468272e-06
5.0560656e-06
4.8838864e-06
4.9354112e-06
4.9529392e-06
4.8360816e-06
4.8913392e-06
4.7090592e-06
4.8297008e-06
4.6548096e-06
4.7754512e-06
4.6925392e-06
4.8349712e-06
4.8084272e-06
4.7627024e-06
4.632528e-06
4.6256176e-06
4.5416848e-06
4.6325536e-06
4.6224784e-06
5.0566208e-06
5.0066464e-06
5.119848e-06
4.9801024e-06
5.0427872e-06
5.01676e-06
5.0029136e-06
4.9401648e-06
4.7918688e-06
5.0256992e-06
5.0703392e-06
5.0331904e-06
5.1867312e-06
5.0427616e-06
4.9040752e-06
4.9157904e-06
4.6649872e-06
4.593752e-06
4.5916336e-06
4.947152e-06
4.589528e-06
4.4784448e-06
4.2430128e-06
4.3779536e-06
4.4693392e-06
4.5043952e-06
4.5925776e-06
4.6138512e-06
4.7610752e-06
4.8763696e-06
4.7057792e-06
4.8360048e-06
4.7807856e-06
4.6776848e-06
4.7218208e-06
4.7876704e-06
4.791416e-06
4.994944e-06
5.0587008e-06
4.8584016e-06
4.8067872e-06
4.6649104e-06
4.7892464e-06
4.8136976e-06
4.9927744e-06
5.119216e-06
4.9858512e-06
5.0671488e-06
4.9757376e-06
4.7111264e-06
4.6670416e-06
4.6691088e-06
4.6398784e-06
4.7482624e-06
4.9857872e-06
4.97628e-06
5.1691904e-06
4.9157392e-06
5.014048e-06
5.0384864e-06
5.1388752e-06
5.2047504e-06
5.1022048e-06
4.96884e-06
4.8041392e-06
4.4508032e-06
4.4098704e-06
4.590536e-06
4.8376064e-06
4.9646032e-06
5.32596e-06
5.1952688e-06
4.9428256e-06
4.9508848e-06
4.859512e-06
4.7042928e-06
4.8344416e-06
4.9901136e-06
5.1160512e-06
5.101688e-06
4.7324e-06
4.7041776e-06
4.7169264e-06
4.943304e-06
4.9018416e-06
4.9948032e-06
5.0203136e-06
5.0835792e-06
5.113352e-06
4.9029648e-06
4.8753104e-06
5.0182976e-06
5.05232e-06
4.9252976e-06
5.0034048e-06
4.981136e-06
4.774456e-06
4.6958064e-06
4.5666784e-06
4.689904e-06
4.5761728e-06
4.442808e-06
4.363112e-06
4.534232e-06
4.5863376e-06
4.4571968e-06
4.7451872e-06
4.7472672e-06
4.8481856e-06
4.8774416e-06
4.9523712e-06
4.9996464e-06
4.9773392e-06
4.6330192e-06
4.5363248e-06
4.7041904e-06
4.6797392e-06
4.7408736e-06
4.4868672e-06
4.6361968e-06
4.7829168e-06
4.7276848e-06
4.7510896e-06
4.6426288e-06
4.8758784e-06
5.0225216e-06
5.0788512e-06
5.0990528e-06
5.0581712e-06
5.1506416e-06
4.7541904e-06
4.6776848e-06
4.6197408e-06
4.5926032e-06
4.681896e-06
4.75472e-06
4.7191472e-06
4.9401776e-06
4.8535712e-06
4.77332e-06
4.9938336e-06
5.0480448e-06
4.8610112e-06
4.6368032e-06
4.8461696e-06
4.9210736e-06
4.8998e-06
4.8434832e-06
4.811088e-06
4.791984e-06
4.9396992e-06
5.12508e-06
5.1048784e-06
4.839776e-06
4.5687328e-06
4.5469552e-06
4.574584e-06
4.4433248e-06
4.5225168e-06
4.7441152e-06
4.6208256e-06
4.6431456e-06
4.64848e-06
4.8737856e-06
4.7956912e-06
4.6586192e-06
4.6532848e-06
4.7520976e-06
4.852008e-06
4.8179728e-06
4.8572912e-06
4.6229696e-06
4.47528e-06
4.4083072e-06
4.180896e-06
4.372696e-06
4.3418384e-06
4.43644e-06
4.536376e-06
4.5432608e-06
4.6096912e-06
4.454536e-06
4.3535792e-06
4.54432e-06
4.5597296e-06
4.6590848e-06
4.6553904e-06
4.5246608e-06
4.684608e-06
4.4248144e-06
4.1665584e-06
4.3041984e-06
4.582088e-06
4.67616e-06
4.5640176e-06
4.5512816e-06
4.7462976e-06
4.5406384e-06
4.6586064e-06
4.7935728e-06
4.3732128e-06
4.5155936e-06
4.5113568e-06
4.354096e-06
4.3923424e-06
4.6378752e-06
4.8280608e-06
4.9577056e-06
4.8955632e-06
4.8472032e-06
4.8626128e-06
4.6771168e-06
4.5086576e-06
4.2764032e-06
4.2657856e-06
4.1526096e-06
4.254664e-06
4.4539424e-06
4.5963872e-06
4.5783168e-06
4.5931328e-06
4.4501968e-06
4.4863248e-06
4.6212912e-06
4.7073808e-06
4.7195616e-06
4.5288208e-06
4.6250368e-06
4.63776e-06
4.4060736e-06
4.3470704e-06
4.509136e-06
4.6313664e-06
4.4991248e-06
4.4306144e-06
4.6740032e-06
4.55548e-06
4.5002096e-06
4.5092128e-06
4.640976e-06
4.7111392e-06
4.6664608e-06
4.7669008e-06
4.7169648e-06
4.5745456e-06
4.4592384e-06
4.3832368e-06
4.4533616e-06
4.5474208e-06
4.657432e-06
4.6611776e-06
4.6797776e-06
4.469352e-06
4.6452512e-06
4.670736e-06
4.9895968e-06
4.9343392e-06
4.941224e-06
4.7222864e-06
4.5352528e-06
4.9004192e-06
4.9545664e-06
4.738768e-06
4.8456016e-06
5.007112e-06
5.0358384e-06
4.805728e-06
4.8142144e-06
4.7435728e-06
4.8376064e-06
5.029432e-06
5.035296e-06
5.0252208e-06
5.13416e-06
4.9901264e-06
4.8657776e-06
4.7069024e-06
4.7281632e-06
4.7696384e-06
4.8222736e-06
5.1515984e-06
5.3232096e-06
5.118648e-06
4.9438336e-06
4.9220944e-06
4.9438848e-06
5.1718384e-06
5.0453584e-06
4.8397376e-06
4.5846848e-06
4.4183312e-06
4.508696e-06
4.3402368e-06
4.4438288e-06
4.532024e-06
4.6877472e-06
4.8891184e-06
4.9002528e-06
4.9836432e-06
5.0995312e-06
5.0017904e-06
4.7148848e-06
4.6181776e-06
4.7983648e-06
4.7605968e-06
4.7738496e-06
4.6186944e-06
4.6978736e-06
4.497032e-06
4.4800592e-06
4.3844112e-06
4.5369056e-06
4.3599472e-06
4.3679168e-06
4.1500384e-06
4.476288e-06
4.6537504e-06
4.8051728e-06
4.914112e-06
4.9741744e-06
4.8503552e-06
4.5421888e-06
4.509264e-06
4.4540064e-06
4.560336e-06
4.6161104e-06
4.5804992e-06
4.5486464e-06
4.5103872e-06
4.6883792e-06
4.6952768e-06
4.7627536e-06
4.9205312e-06
4.8610112e-06
5.2143856e-06
5.2510048e-06
5.4003216e-06
5.3854288e-06
5.0910704e-06
4.7568128e-06
4.8811744e-06
4.81632e-06
4.9347792e-06
4.8880464e-06
4.8247808e-06
4.989016e-06
4.8492576e-06
4.7738368e-06
4.917328e-06
4.9492704e-06
5.0725088e-06
4.8169136e-06
4.8546304e-06
4.8275184e-06
4.9284752e-06
4.8678832e-06
4.6797648e-06
4.5431968e-06
4.6781504e-06
4.8205824e-06
4.7190832e-06
4.4879392e-06
4.6531824e-06
4.6898784e-06
5.0108064e-06
4.9348304e-06
5.0400368e-06
4.865184e-06
4.5936496e-06
4.8247552e-06
4.8274032e-06
4.9591792e-06
4.9815632e-06
4.8827248e-06
4.59848e-06
4.5299184e-06
4.3918e-06
4.4390752e-06
4.3854064e-06
4.6213424e-06
5.1022432e-06
5.1277792e-06
4.9784496e-06
4.7903696e-06
4.6165888e-06
4.6197536e-06
4.7488688e-06
4.797216e-06
4.8546048e-06
4.5666016e-06
4.5506624e-06
4.5836512e-06
4.4773856e-06
4.9056e-06
5.14784e-06
5.2892128e-06
5.2451152e-06
4.9258272e-06
5.0400752e-06
4.9353984e-06
4.7228416e-06
4.8557024e-06
4.8025376e-06
4.6946704e-06
4.7255024e-06
4.646904e-06
4.6209024e-06
4.4210816e-06
4.4285088e-06
4.6080896e-06
4.6298288e-06
4.8321952e-06
4.9522688e-06
4.8944016e-06
4.6553136e-06
4.5931584e-06
4.6925136e-06
4.8253744e-06
4.8774544e-06
4.8864832e-06
4.345584e-06
4.4965024e-06
4.6553904e-06
4.6117584e-06
4.8306832e-06
4.9411984e-06
4.5719104e-06
4.7106096e-06
4.8338992e-06
4.7786288e-06
4.7642912e-06
4.758e-06
4.9009232e-06
4.729312e-06
4.7059072e-06
4.6665632e-06
4.7143296e-06
4.4114464e-06
4.563928e-06
4.4072352e-06
4.7882128e-06
4.8051984e-06
4.7918944e-06
4.90932e-06
4.5989968e-06
4.6244816e-06
4.7604688e-06
4.9996336e-06
4.9395968e-06
4.837568e-06
4.9704672e-06
4.8418816e-06
4.7515424e-06
4.8775184e-06
4.7000176e-06
4.7292608e-06
5.0283856e-06
5.0342624e-06
4.8806576e-06
4.9725984e-06
4.7138512e-06
4.7733712e-06
4.7882e-06
5.0225728e-06
4.941792e-06
4.7361712e-06
4.8111136e-06
4.6383664e-06
4.8296368e-06
4.874264e-06
5.0379568e-06
5.014112e-06
5.1889008e-06
5.0916128e-06
5.2372224e-06
5.0437952e-06
4.8338992e-06
4.4927696e-06
4.5485568e-06
4.7058432e-06
4.2617024e-06
4.26488e-06
4.394008e-06
4.4625312e-06
4.470488e-06
4.6303968e-06
4.7898016e-06
4.8148208e-06
4.602832e-06
4.825464e-06
4.8944656e-06
5.1696816e-06
5.01512e-06
5.0868592e-06
4.9625616e-06
5.0635184e-06
4.8328656e-06
4.7462464e-06
4.6590848e-06
4.4030112e-06
4.3120528e-06
4.4417232e-06
4.5995392e-06
4.6840272e-06
4.7626896e-06
4.8918304e-06
4.8854624e-06
4.8227648e-06
4.6383024e-06
4.521368e-06
4.6951104e-06
4.7838992e-06
4.7142784e-06
4.5240928e-06
4.813672e-06
4.7764976e-06
4.8589056e-06
4.5687584e-06
4.4454688e-06
4.4996416e-06
4.9534944e-06
4.743624e-06
4.7419712e-06
4.7111264e-06
4.7791584e-06
4.7488688e-06
4.7408608e-06
4.7519696e-06
4.549048e-06
4.6430688e-06
5.00232e-06
4.8461056e-06
4.8642016e-06
4.8679088e-06
4.8960928e-06
4.8323104e-06
4.7201936e-06
4.678744e-06
4.6845952e-06
4.7372304e-06
4.5974208e-06
4.739776e-06
4.6239264e-06
4.6993728e-06
4.6042928e-06
4.6425392e-06
4.7716928e-06
4.6941408e-06
4.7079488e-06
4.7398528e-06
4.4991504e-06
4.427928e-06
4.7137744e-06
4.6872304e-06
4.5958448e-06
4.5682416e-06
4.51084e-06
4.59104e-06
4.568216e-06
4.6957424e-06
5.0915872e-06
4.8955248e-06
4.7191216e-06
4.9130528e-06
4.7727648e-06
4.8014144e-06
4.8508464e-06
4.9974896e-06
5.04904e-06
4.8280224e-06
4.8646928e-06
4.8801024e-06
4.786056e-06
4.9050576e-06
4.974136e-06
4.9342752e-06
4.8901776e-06
5.0166704e-06
4.94652e-06
5.0937184e-06
4.5718976e-06
4.7100544e-06
5.0225472e-06
4.9125488e-06
4.8529904e-06
4.80516e-06
4.6202448e-06
4.6787184e-06
4.7212016e-06
4.7584016e-06
4.876344e-06
4.9242128e-06
4.9635568e-06
4.998096e-06
4.7069152e-06
4.760016e-06
4.7456912e-06
4.7138256e-06
4.6686432e-06
4.6175968e-06
4.7212528e-06
4.6920224e-06
4.6229056e-06
4.6531952e-06
4.5564368e-06
4.6297776e-06
4.4475232e-06
4.5867776e-06
4.5660848e-06
4.9029776e-06
5.0294576e-06
5.1032896e-06
5.2733248e-06
5.3609648e-06
5.3295904e-06
5.3811408e-06
5.184032e-06
4.701568e-06
4.678176e-06
4.8753232e-06
4.656864e-06
4.567584e-06
4.8162432e-06
4.9320928e-06
4.9911216e-06
5.03416e-06
5.066064e-06
4.8657392e-06
5.0251056e-06
4.6903824e-06
4.6686176e-06
4.5985056e-06
4.6112544e-06
4.5889344e-06
4.7010256e-06
4.7627152e-06
4.7488944e-06
4.9422576e-06
4.9007824e-06
4.5298544e-06
5.3376624e-06
5.2701216e-06
5.18832e-06
5.1458368e-06
5.0464176e-06
4.9688528e-06
4.8647184e-06
5.024072e-06
4.9911728e-06
4.9550576e-06
5.0608064e-06
4.944944e-06
5.1022304e-06
4.8902544e-06
4.5634752e-06
4.3275392e-06
4.4964896e-06
4.724456e-06
5.086872e-06
5.3222656e-06
5.1538448e-06
4.9348944e-06
4.7664224e-06
4.5533232e-06
4.5070688e-06
4.6680624e-06
4.7323488e-06
4.7589568e-06
4.897656e-06
5.0363424e-06
4.9056256e-06
4.9162176e-06
4.740344e-06
4.5145088e-06
4.7408864e-06
4.8897248e-06
5.0746144e-06
5.1644368e-06
5.1288512e-06
5.2106656e-06
4.5941536e-06
4.6430304e-06
4.8455248e-06
5.0687504e-06
4.9752208e-06
4.984288e-06
4.7053008e-06
4.9258144e-06
4.7797008e-06
4.6612032e-06
4.7281248e-06
4.7281632e-06
4.71752e-06
4.671304e-06
4.8317552e-06
4.8726624e-06
4.819032e-06
4.7520848e-06
4.7509616e-06
4.4624032e-06
4.6033104e-06
4.6149872e-06
5.0395968e-06
5.166568e-06
5.1394816e-06
5.0751824e-06
4.8079104e-06
4.7834464e-06
4.822248e-06
4.9094096e-06
4.758504e-06
4.9784368e-06
5.0156368e-06
5.0703648e-06
4.8333824e-06
4.6250496e-06
4.5830704e-06
4.8184384e-06
4.4592512e-06
4.5294144e-06
5.1777664e-06
5.1788512e-06
4.9727008e-06
4.7973184e-06
4.680384e-06
4.7681008e-06
4.8047328e-06
4.8424752e-06
4.7988688e-06
4.9003552e-06
4.8844032e-06
4.907808e-06
4.7855136e-06
4.9932912e-06
4.9146928e-06
4.7999024e-06
4.8912368e-06
4.7897376e-06
4.874264e-06
4.9800512e-06
4.678176e-06
4.4523408e-06
4.4985696e-06
4.63032e-06
4.4347872e-06
4.5697536e-06
4.6776848e-06
4.4342832e-06
4.372696e-06
4.4577264e-06
4.5926672e-06
4.6606352e-06
4.7111648e-06
4.9560912e-06
4.8891056e-06
4.864176e-06
4.9169008e-06
4.8568512e-06
4.8791328e-06
4.746776e-06
5.0692672e-06
5.0873248e-06
5.049608e-06
4.9290048e-06
5.0209584e-06
4.9348816e-06
5.0129888e-06
4.747848e-06
4.820104e-06
4.7196896e-06
4.67988e-06
4.67824e-06
4.7138128e-06
4.70636e-06
4.8668624e-06
4.946016e-06
4.7297392e-06
4.9157136e-06
4.7568384e-06
4.908816e-06
4.6962848e-06
4.5852272e-06
4.6686432e-06
4.6133728e-06
4.5724912e-06
4.5342064e-06
4.6601696e-06
4.8275824e-06
4.9263952e-06
5.1049808e-06
4.8482752e-06
4.7164992e-06
4.7499664e-06
4.6420864e-06
4.5039168e-06
4.4720512e-06
4.5693392e-06
4.698984e-06
4.75264e-06
4.6766256e-06
4.8434448e-06
4.9412112e-06
4.8094608e-06
4.676096e-06
4.9279456e-06
4.947088e-06
4.9348816e-06
4.6543056e-06
4.7276592e-06
4.416768e-06
4.2605408e-06
4.3137184e-06
4.3599472e-06
4.34716e-06
4.3662768e-06
4.5624288e-06
4.3509184e-06
4.1442256e-06
4.3318016e-06
4.5809648e-06
5.1060144e-06
5.155976e-06
4.8918688e-06
4.75056e-06
4.8562064e-06
4.8104944e-06
4.667016e-06
4.5633728e-06
4.474648e-06
4.6638256e-06
4.6558944e-06
4.5570816e-06
4.4991376e-06
4.4885328e-06
4.354664e-06
4.4396432e-06
4.6075216e-06
4.8439744e-06
4.9710096e-06
5.066696e-06
4.7047712e-06
4.503904e-06
4.5788464e-06
4.5868416e-06
4.597472e-06
4.4821904e-06
4.4859232e-06
4.8175328e-06
4.9025376e-06
4.8472288e-06
4.7398528e-06
4.6505728e-06
4.6749856e-06
4.7929664e-06
4.7823104e-06
4.8041136e-06
4.8859664e-06
5.0581328e-06
4.906672e-06
4.8859664e-06
5.4359328e-06
5.3137408e-06
5.2010688e-06
4.8716032e-06
4.8105328e-06
4.5533488e-06
4.6335744e-06
4.5868416e-06
4.4656448e-06
4.55756e-06
4.8136848e-06
4.7717568e-06
4.669224e-06
4.8111008e-06
4.9566464e-06
5.077288e-06
5.145824e-06
5.1527216e-06
5.2207536e-06
5.2616096e-06
4.64312e-06
4.7483264e-06
5.0384224e-06
5.3301456e-06
5.241976e-06
5.3317472e-06
5.177664e-06
5.086808e-06
5.0198864e-06
5.0798976e-06
4.9008336e-06
4.6824256e-06
4.6144192e-06
4.3455584e-06
4.4736016e-06
4.4177888e-06
4.52036e-06
4.5750752e-06
4.7833568e-06
4.7780992e-06
4.896016e-06
4.6936112e-06
4.6537376e-06
4.8822464e-06
5.0411216e-06
4.966696e-06
5.0820416e-06
5.1936288e-06
5.2132496e-06
5.2074112e-06
5.1404128e-06
5.3062112e-06
5.127664e-06
5.0867952e-06
4.9848304e-06
4.7159056e-06
4.430072e-06
4.4465152e-06
4.4831984e-06
4.8556128e-06
4.4704624e-06
4.5352528e-06
4.649488e-06
4.6468016e-06
4.5416336e-06
4.6048608e-06
4.6771296e-06
4.7186048e-06
4.7488688e-06
4.8593584e-06
4.7610496e-06
4.7429536e-06
4.7249088e-06
4.873696e-06
4.9252464e-06
5.0198224e-06
5.0581328e-06
5.1622672e-06
5.0294064e-06
4.6718592e-06
4.826976e-06
4.7892464e-06
4.82168e-06
4.9152224e-06
4.9051344e-06
4.8498896e-06
4.8902416e-06
4.8551728e-06
4.9465584e-06
4.7977328e-06
4.9002784e-06
4.8317552e-06
4.8397504e-06
4.8758784e-06
4.94816e-06
4.7913648e-06
4.57824e-06
4.7685152e-06
4.7600416e-06
4.8854752e-06
4.7409504e-06
4.914176e-06
4.8275568e-06
4.6070432e-06
4.6298672e-06
4.9125872e-06
5.0565312e-06
4.9720304e-06
4.9428256e-06
5.1118144e-06
5.0294704e-06
5.0421936e-06
4.988512e-06
4.8827888e-06
5.037376e-06
5.148472e-06
5.0342496e-06
4.9327632e-06
4.8020336e-06
4.8062704e-06
4.5762112e-06
4.7488944e-06
4.8110368e-06
5.098472e-06
5.1749776e-06
4.8577568e-06
4.7924368e-06
4.8418816e-06
4.6867136e-06
4.7712016e-06
4.63732e-06
4.5475872e-06
4.5311056e-06
4.7069536e-06
4.9030416e-06
4.7850736e-06
4.633096e-06
4.5374096e-06
4.6936624e-06
4.7345952e-06
4.8429152e-06
4.7148464e-06
4.6069792e-06
4.8174048e-06
4.8981856e-06
4.9667344e-06
5.0565056e-06
5.0873632e-06
4.9932784e-06
4.8960288e-06
4.6887936e-06
4.9273904e-06
4.843936e-06
4.5920864e-06
4.5453536e-06
4.5256816e-06
4.46084e-06
4.5559328e-06
4.694128e-06
4.841856e-06
4.8146672e-06
4.716888e-06
4.8077184e-06
4.8003168e-06
4.6945808e-06
4.9867952e-06
4.812536e-06
4.9964048e-06
4.9230768e-06
4.9193568e-06
5.0750032e-06
4.9220048e-06
5.0490272e-06
4.8906688e-06
4.7508976e-06
4.8322336e-06
4.8311872e-06
4.9024096e-06
4.7887168e-06
4.84072e-06
4.8759296e-06
4.875904e-06
4.9545664e-06
4.6973952e-06
4.820104e-06
4.8817424e-06
5.0958624e-06
4.96884e-06
4.855664e-06
4.8445296e-06
4.7196512e-06
4.7345184e-06
4.6457936e-06
4.544888e-06
4.7637872e-06
4.8046688e-06
4.9396608e-06
4.789272e-06
5.040592e-06
4.8344672e-06
4.7887168e-06
4.8488048e-06
4.9029776e-06
4.7164352e-06
4.9985872e-06
4.7754384e-06
4.796208e-06
4.87376e-06
4.922624e-06
4.8636464e-06
4.8530032e-06
4.6664608e-06
4.5187456e-06
4.582528e-06
4.6479248e-06
4.850368e-06
4.965624e-06
4.9326864e-06
4.7567744e-06
4.7254512e-06
5.3163504e-06
5.150552e-06
5.1000864e-06
4.8248576e-06
4.70636e-06
4.6564112e-06
4.5708512e-06
4.79936e-06
4.861528e-06
5.0235808e-06
5.0873376e-06
4.9762672e-06
4.9938208e-06
5.1473872e-06
5.2361248e-06
4.9799744e-06
4.8880592e-06
5.0065824e-06
5.1282832e-06
5.3604608e-06
4.2786496e-06
4.366896e-06
4.4306528e-06
4.719728e-06
4.606552e-06
4.6905104e-06
4.837696e-06
4.6766512e-06
4.7340272e-06
4.9099392e-06
4.8052496e-06
4.9758144e-06
4.9205184e-06
4.8657776e-06
5.1718384e-06
5.2504752e-06
5.0745888e-06
4.6771296e-06
4.670232e-06
4.5347616e-06
4.7329296e-06
4.7526272e-06
4.7526528e-06
4.8105584e-06
4.5836384e-06
4.7005984e-06
4.615568e-06
4.602832e-06
4.49552e-06
4.3956352e-06
4.6766768e-06
4.5938032e-06
4.812664e-06
4.8631296e-06
4.8047072e-06
4.5820496e-06
4.7106096e-06
4.7616048e-06
4.8487408e-06
4.8439744e-06
5.1085728e-06
5.1415104e-06
5.126656e-06
5.288192e-06
5.085232e-06
4.9082736e-06
4.6526528e-06
4.616008e-06
4.8795984e-06
4.8631424e-06
4.8041648e-06
4.8695104e-06
5.0921808e-06
4.8201552e-06
4.9062064e-06
4.6623264e-06
4.805224e-06
4.6782016e-06
4.8290944e-06
4.9396224e-06
4.8104944e-06
4.6133984e-06
4.4869312e-06
4.488584e-06
4.6277616e-06
4.6564368e-06
4.5687584e-06
4.61872e-06
4.5246608e-06
4.506048e-06
4.6043056e-06
4.7392976e-06
4.754656e-06
4.8189552e-06
4.8582736e-06
4.7902928e-06
5.033656e-06
4.9363936e-06
4.7382e-06
4.960832e-06
4.3917616e-06
4.741416e-06
4.5389472e-06
4.462984e-06
4.5676608e-06
4.7036992e-06
4.782336e-06
4.7658288e-06
4.885424e-06
4.6803072e-06
4.8636592e-06
4.9667344e-06
4.9141504e-06
4.8313024e-06
4.8365728e-06
4.8907584e-06
4.7095504e-06
4.7000048e-06
4.6048736e-06
4.3285728e-06
4.3944096e-06
4.4162128e-06
4.4799824e-06
4.4067312e-06
4.4587856e-06
4.5618608e-06
4.9046176e-06
4.8828016e-06
4.845576e-06
4.9141248e-06
4.7138256e-06
4.5400576e-06
4.422632e-06
4.4481168e-06
4.4353808e-06
4.5501456e-06
4.5261984e-06
4.7201296e-06
4.4278896e-06
4.4618992e-06
4.677168e-06
4.69892e-06
4.6957296e-06
4.644696e-06
4.68612e-06
4.780192e-06
4.8859536e-06
4.7031952e-06
4.7988688e-06
4.7069408e-06
4.8982368e-06
5.038512e-06
5.1139584e-06
5.1718768e-06
4.9343776e-06
4.813232e-06
4.85308e-06
4.8679344e-06
4.8541008e-06
4.81216e-06
4.7919456e-06
4.8010128e-06
4.870104e-06
4.947656e-06
4.8599776e-06
4.6601824e-06
4.6150256e-06
4.7892848e-06
4.9737088e-06
4.8626384e-06
4.8684256e-06
4.8397376e-06
4.6877344e-06
4.7626256e-06
4.9029136e-06
4.8317424e-06
4.9035072e-06
4.797784e-06
4.878552e-06
4.98164e-06
4.7669776e-06
4.9651584e-06
4.8631424e-06
4.8212144e-06
4.6650128e-06
4.6846592e-06
4.6766896e-06
4.8456272e-06
5.0422064e-06
5.2552672e-06
5.4194896e-06
5.340336e-06
5.2468192e-06
4.9556128e-06
4.8939744e-06
5.0948288e-06
5.1474384e-06
5.046456e-06
4.746776e-06
4.7643168e-06
4.9645776e-06
4.8955632e-06
5.0926592e-06
5.0490656e-06
5.2701216e-06
5.1516368e-06
4.9800384e-06
4.7202064e-06
4.8200784e-06
4.5145472e-06
4.620296e-06
4.6819344e-06
4.7127024e-06
5.0118528e-06
5.143616e-06
5.1463024e-06
5.27224e-06
5.3609648e-06
5.2073984e-06
5.0645008e-06
4.9937952e-06
5.0289152e-06
4.6558944e-06
4.6489968e-06
4.6495008e-06
4.759952e-06
4.542616e-06
4.6706592e-06
4.8030288e-06
4.9879824e-06
5.2882176e-06
5.0671616e-06
5.0666448e-06
4.7117072e-06
4.7966992e-06
4.573512e-06
4.8126128e-06
4.686624e-06
4.8030032e-06
4.7429408e-06
4.605416e-06
4.5964128e-06
4.6378496e-06
4.7824e-06
4.7388448e-06
4.733032e-06
4.8009872e-06
4.856232e-06
4.712728e-06
4.633032e-06
4.7860048e-06
4.7238496e-06
4.6526528e-06
4.7408992e-06
4.8992448e-06
4.7924752e-06
4.9487408e-06
4.9327888e-06
4.66708e-06
4.7286928e-06
4.588392e-06
4.6638128e-06
4.6500048e-06
4.9571248e-06
4.782272e-06
4.5718464e-06
4.586184e-06
4.465e-06
4.2933888e-06
4.5623008e-06
4.3311696e-06
4.4613568e-06
4.4188224e-06
4.5660592e-06
4.6410016e-06
4.5538144e-06
4.3147008e-06
4.0926112e-06
4.32692e-06
4.3354192e-06
4.934856e-06
4.752072e-06
4.5793504e-06
4.651064e-06
4.7211632e-06
4.833848e-06
4.9682976e-06
4.9396224e-06
5.0315504e-06
4.7531184e-06
4.8572656e-06
4.6224272e-06
4.6707744e-06
4.6452256e-06
4.8104816e-06
4.69892e-06
4.5203856e-06
4.569792e-06
4.693624e-06
4.693624e-06
4.7998896e-06
5.0613232e-06
4.9980832e-06
5.164424e-06
5.0406432e-06
5.3238288e-06
5.3508896e-06
5.177664e-06
4.9624848e-06
4.7956144e-06
4.7632064e-06
4.9810848e-06
4.8291328e-06
4.6378368e-06
4.54804e-06
4.5783168e-06
4.7488688e-06
4.8461184e-06
5.0788768e-06
4.8907712e-06
4.9810976e-06
4.937568e-06
4.9619936e-06
4.8790432e-06
4.6133728e-06
4.3827456e-06
4.4895536e-06
4.4598064e-06
4.5076368e-06
4.5719616e-06
4.5629328e-06
4.7446576e-06
5.1186864e-06
4.8875296e-06
4.9194464e-06
4.9449696e-06
5.2255456e-06
4.988008e-06
5.0129888e-06
4.9842624e-06
4.8621472e-06
4.955664e-06
5.0199376e-06
4.8631552e-06
4.734544e-06
4.9444144e-06
4.7557792e-06
4.9885504e-06
5.1155216e-06
4.9332672e-06
4.8041648e-06
4.8089312e-06
4.5741056e-06
4.6405104e-06
4.7064368e-06
4.6899424e-06
5.080504e-06
5.4254048e-06
5.495504e-06
5.19532e-06
4.4178528e-06
4.5012432e-06
4.4523792e-06
4.5995904e-06
4.615568e-06
4.6495648e-06
4.8116176e-06
4.9981088e-06
4.9688912e-06
4.9332416e-06
4.9375296e-06
4.650056e-06
4.4061504e-06
4.6368032e-06
4.9768608e-06
5.0098112e-06
4.6378112e-06
4.6117968e-06
4.6059712e-06
4.5214832e-06
4.638832e-06
4.6430688e-06
4.8168112e-06
4.859888e-06
4.9300512e-06
4.7706592e-06
4.8582992e-06
4.8349072e-06
4.9985616e-06
4.838136e-06
4.9358768e-06
4.8848816e-06
4.6515936e-06
4.7977072e-06
4.6075088e-06
4.7828656e-06
4.5751392e-06
4.4454688e-06
4.4603488e-06
4.3886096e-06
4.6701296e-06
4.8922576e-06
4.9124848e-06
4.7158672e-06
4.8981216e-06
4.9039728e-06
4.612288e-06
4.881704e-06
4.4985952e-06
4.6596144e-06
4.7457168e-06
4.708504e-06
4.716448e-06
4.8061936e-06
4.8019824e-06
4.8503168e-06
4.7551472e-06
4.5043696e-06
4.5585552e-06
4.663736e-06
4.351888e-06
4.1940336e-06
4.4389728e-06
4.6222864e-06
4.4352784e-06
4.579816e-06
4.6988176e-06
4.715312e-06
4.6717696e-06
4.6579616e-06
4.6314048e-06
4.4108656e-06
4.6484416e-06
4.6728672e-06
4.660648e-06
4.6978608e-06
4.8004192e-06
4.8396992e-06
4.9720304e-06
4.695704e-06
4.9289792e-06
5.012408e-06
4.8774672e-06
4.62616e-06
4.362608e-06
4.47156e-06
4.2711968e-06
4.1803408e-06
4.3509056e-06
4.5278512e-06
4.2292432e-06
4.2521184e-06
4.3461648e-06
4.4433888e-06
4.6782656e-06
4.7637872e-06
4.7690832e-06
4.7521104e-06
4.6277872e-06
4.6734608e-06
5.0379568e-06
5.1027344e-06
5.1351552e-06
4.9529264e-06
4.8455632e-06
4.9072016e-06
4.807808e-06
5.0878544e-06
4.9082864e-06
5.073064e-06
4.8780096e-06
4.8833312e-06
4.840784e-06
5.040592e-06
5.2971696e-06
5.3019872e-06
5.36524e-06
5.2818496e-06
5.143176e-06
4.9407328e-06
5.3429584e-06
4.9040752e-06
4.8254768e-06
4.853584e-06
4.9544896e-06
5.2227952e-06
5.12508e-06
4.860456e-06
4.6569152e-06
4.5421376e-06
4.6728416e-06
4.5527552e-06
4.593688e-06
4.7483392e-06
4.759008e-06
4.534232e-06
4.7515552e-06
4.9311232e-06
5.2445984e-06
5.31688e-06
4.8052624e-06
4.892928e-06
4.8116176e-06
4.7818448e-06
4.9481856e-06
4.8636976e-06
4.569288e-06
4.3721152e-06
4.353464e-06
4.4384816e-06
4.5570176e-06
4.7207104e-06
4.8546048e-06
4.8142528e-06
4.6654528e-06
4.732904e-06
4.6053904e-06
4.7169648e-06
4.7812896e-06
4.7520848e-06
5.0049552e-06
4.897592e-06
5.0012352e-06
4.808944e-06
4.8131936e-06
4.723888e-06
4.8811872e-06
5.0283984e-06
4.980568e-06
4.91096e-06
4.8428768e-06
4.7706208e-06
4.6005856e-06
4.7047072e-06
4.9725856e-06
4.8604944e-06
4.9556128e-06
4.8227392e-06
5.1267072e-06
5.0655216e-06
5.2834384e-06
5.262656e-06
5.2546224e-06
5.1307776e-06
4.8820928e-06
4.6382512e-06
4.579312e-06
4.7557536e-06
4.8700528e-06
5.037944e-06
5.0134928e-06
5.0316272e-06
5.012472e-06
4.9635824e-06
4.6208256e-06
4.6893616e-06
4.5745456e-06
4.7478224e-06
4.7908992e-06
5.2042976e-06
4.6930048e-06
4.6277104e-06
4.6675456e-06
4.8120704e-06
4.607496e-06
4.4975104e-06
4.4688736e-06
4.5358464e-06
4.6128944e-06
4.4630096e-06
4.5724784e-06
4.3684208e-06
4.2764928e-06
4.394448e-06
4.4757456e-06
4.5490864e-06
4.7669136e-06
4.806736e-06
4.7344672e-06
4.6781376e-06
5.056544e-06
4.9518672e-06
4.8190448e-06
5.0193824e-06
4.891352e-06
5.146392e-06
5.1468832e-06
4.9114256e-06
4.7950464e-06
4.5979248e-06
4.5070944e-06
4.511344e-06
4.6032592e-06
4.644696e-06
4.7833952e-06
4.7977968e-06
4.8907584e-06
4.9433808e-06
4.930632e-06
4.846144e-06
4.5373968e-06
4.5417104e-06
4.567712e-06
4.4821392e-06
4.5555056e-06
4.4932864e-06
4.773824e-06
4.7403568e-06
4.792928e-06
4.947024e-06
4.8311872e-06
4.6872176e-06
4.8678704e-06
4.82004e-06
4.6292608e-06
4.7280736e-06
4.821112e-06
4.7993216e-06
4.731328e-06
4.822752e-06
4.4343088e-06
4.3243488e-06
4.7563728e-06
4.8031312e-06
4.8254256e-06
4.7839376e-06
4.7361584e-06
4.7866624e-06
4.710144e-06
4.8827888e-06
5.0251696e-06
5.3679264e-06
5.2632624e-06
5.4120496e-06
5.3285952e-06
5.0820288e-06
5.1479296e-06
5.0352704e-06
4.784984e-06
4.727104e-06
5.0527856e-06
5.2445856e-06
4.9932528e-06
5.0362528e-06
4.8014144e-06
4.7514784e-06
4.7918688e-06
5.1010816e-06
5.2668416e-06
5.0968192e-06
4.9034304e-06
4.9337712e-06
4.8694976e-06
4.8710992e-06
5.00024e-06
4.8907072e-06
4.5819472e-06
4.80144e-06
4.7101056e-06
4.8460928e-06
4.9369616e-06
4.7945168e-06
4.7280608e-06
5.070288e-06
5.064424e-06
5.1212832e-06
4.8784752e-06
4.8684256e-06
4.5475232e-06
4.5756816e-06
4.7632064e-06
4.7121728e-06
4.7866112e-06
4.7813152e-06
4.4943456e-06
4.442808e-06
4.4518496e-06
4.5315456e-06
4.5549248e-06
4.8120704e-06
4.4863376e-06
4.5469424e-06
4.727608e-06
4.6447088e-06
4.6612032e-06
4.798288e-06
4.8450592e-06
4.829624e-06
4.8396736e-06
4.8673408e-06
4.8258912e-06
4.6686432e-06
4.6006112e-06
4.6298288e-06
4.8646928e-06
4.6638768e-06
4.8046944e-06
4.8142144e-06
4.7493728e-06
4.5644704e-06
4.9167856e-06
4.958248e-06
4.5612288e-06
4.7201168e-06
5.011336e-06
4.9119936e-06
5.1203008e-06
5.14904e-06
5.0825712e-06
5.036368e-06
4.8966224e-06
5.0523456e-06
4.8461312e-06
4.7441408e-06
4.7148848e-06
4.9327248e-06
4.8131424e-06
4.7478352e-06
4.720232e-06
4.9492192e-06
4.7259296e-06
4.6292352e-06
4.675464e-06
4.7010256e-06
4.682968e-06
4.6500688e-06
4.8163968e-06
4.747848e-06
4.7452e-06
4.9327376e-06
4.9332544e-06
4.8227264e-06
5.0331776e-06
4.8456016e-06
4.8774672e-06
4.9374912e-06
4.719096e-06
4.8141248e-06
4.9708816e-06
4.950176e-06
4.3036048e-06
4.3084096e-06
4.3243232e-06
4.640472e-06
4.5889216e-06
4.6346464e-06
4.6707488e-06
4.8769248e-06
4.8254e-06
4.9257888e-06
4.7929536e-06
4.9661792e-06
4.9039984e-06
4.9273648e-06
4.8534688e-06
4.6436496e-06
4.5188096e-06
4.5804096e-06
4.581456e-06
4.541608e-06
4.9135696e-06
4.9884864e-06
5.1229104e-06
4.954968e-06
4.9985488e-06
4.8258912e-06
4.8556896e-06
4.964112e-06
4.9380464e-06
5.00768e-06
4.9380464e-06
4.6718208e-06
4.622944e-06
4.4540192e-06
4.5804736e-06
4.6883152e-06
4.6697024e-06
4.794064e-06
4.6946448e-06
4.9273904e-06
4.713296e-06
4.7021104e-06
4.5777616e-06
4.8306576e-06
5.1017008e-06
5.0655728e-06
5.11764e-06
5.0453712e-06
4.8858896e-06
4.9847152e-06
5.104336e-06
5.2334896e-06
5.1362528e-06
4.804152e-06
4.6734352e-06
4.5278512e-06
4.5267664e-06
4.6133856e-06
4.591608e-06
4.638896e-06
4.7366496e-06
4.9183488e-06
4.9130912e-06
4.7132832e-06
4.7021488e-06
4.6431584e-06
4.5613312e-06
4.690976e-06
4.8227904e-06
4.7282016e-06
4.4667552e-06
4.4523664e-06
4.477864e-06
4.4667296e-06
4.6245328e-06
4.8370768e-06
4.8094224e-06
4.6877728e-06
4.7663968e-06
4.5708896e-06
4.5071072e-06
4.5044592e-06
4.5575856e-06
4.5591872e-06
4.7414544e-06
4.7297264e-06
4.4725424e-06
4.5368672e-06
4.4598448e-06
4.3742976e-06
4.3115744e-06
4.5252032e-06
4.6638768e-06
4.5841552e-06
4.7323872e-06
4.481584e-06
4.2796448e-06
4.2669216e-06
4.262672e-06
4.4311056e-06
4.6521744e-06
4.65056e-06
4.7350736e-06
4.9178448e-06
4.9688272e-06
5.0591664e-06
5.1053824e-06
4.8290688e-06
5.003896e-06
5.0793424e-06
5.2186096e-06
5.2090384e-06
5.15112e-06
5.082584e-06
5.0209072e-06
4.9093584e-06
4.9715392e-06
4.7648464e-06
4.9635824e-06
4.741984e-06
4.6435856e-06
4.4459344e-06
4.2796832e-06
4.2334928e-06
4.4901472e-06
4.6872432e-06
4.6819216e-06
4.6993984e-06
4.6526016e-06
4.7174688e-06
4.8423344e-06
4.7880848e-06
5.0096832e-06
4.8901648e-06
4.8572528e-06
5.003896e-06
4.9534304e-06
5.2058608e-06
5.0039216e-06
4.7514656e-06
4.560272e-06
4.5767408e-06
4.5523024e-06
4.6569664e-06
4.8152736e-06
4.8179216e-06
4.6006112e-06
4.6341168e-06
4.4502608e-06
4.7409248e-06
4.6883152e-06
4.8222224e-06
4.9252848e-06
5.0384352e-06
4.9682208e-06
4.8635952e-06
4.8960416e-06
4.7807088e-06
4.4343216e-06
4.5097808e-06
5.014552e-06
4.8752976e-06
4.796648e-06
4.7509744e-06
4.79564e-06
4.58152e-06
4.5953152e-06
4.7324384e-06
4.9938464e-06
5.1213472e-06
5.1016752e-06
5.0214368e-06
5.046456e-06
4.9838096e-06
4.8902928e-06
4.7722608e-06
4.87748e-06
4.8535584e-06
4.8408096e-06
4.9391184e-06
4.482592e-06
4.3709792e-06
4.300312e-06
4.2657472e-06
4.4086704e-06
4.647344e-06
4.8120832e-06
4.768528e-06
4.5304864e-06
4.503904e-06
4.7871152e-06
4.862032e-06
4.8301152e-06
5.0102768e-06
4.913608e-06
4.9369872e-06
4.6856288e-06
4.5432096e-06
4.6313792e-06
4.5580768e-06
4.7542032e-06
4.7999152e-06
4.71172e-06
4.684104e-06
4.7595376e-06
4.5836384e-06
4.4757712e-06
4.604912e-06
4.5693008e-06
4.7021744e-06
4.5927184e-06
4.5018112e-06
4.2467584e-06
4.3370592e-06
4.4188736e-06
4.4002992e-06
4.5310544e-06
4.6745456e-06
4.832904e-06
4.616072e-06
5.0325968e-06
4.932712e-06
4.6797776e-06
4.8141888e-06
4.6638e-06
4.7578464e-06
4.829056e-06
4.6032208e-06
4.2881696e-06
4.4804864e-06
4.6202448e-06
4.7780608e-06
4.6744688e-06
4.72496e-06
4.8456272e-06
4.9699632e-06
4.9136208e-06
4.6660208e-06
4.79936e-06
5.02836e-06
4.4660976e-06
4.5840656e-06
4.5580512e-06
4.9151968e-06
4.8551216e-06
4.7286672e-06
4.7042544e-06
4.634104e-06
4.6234096e-06
4.7504448e-06
4.6516704e-06
4.75844e-06
4.7334592e-06
4.5942432e-06
4.5182672e-06
4.492176e-06
4.496968e-06
4.7743408e-06
4.8529648e-06
4.666448e-06
4.6462848e-06
4.8460672e-06
4.9464688e-06
4.7041904e-06
4.6473696e-06
4.6372688e-06
4.8200784e-06
4.666512e-06
4.6957296e-06
4.6186816e-06
4.6914416e-06
4.565e-06
4.5288848e-06
4.7531312e-06
4.8397376e-06
5.071928e-06
4.9512736e-06
4.9162048e-06
4.7807216e-06
4.732904e-06
5.1043616e-06
5.1425952e-06
4.9242128e-06
4.5575984e-06
4.3014608e-06
4.4656448e-06
4.3773984e-06
4.2403008e-06
4.40876e-06
4.5724016e-06
4.6383024e-06
4.6483648e-06
4.845008e-06
4.8386144e-06
4.7822848e-06
4.6356288e-06
4.7520336e-06
4.8413264e-06
4.9768224e-06
5.0256864e-06
4.6575216e-06
4.7988816e-06
4.8126896e-06
5.0581584e-06
4.7765104e-06
4.7430304e-06
4.7642656e-06
4.700496e-06
4.639904e-06
4.4449008e-06
4.521432e-06
4.8062576e-06
5.0029008e-06
4.992232e-06
5.1128224e-06
5.0399984e-06
5.0017264e-06
5.0979296e-06
4.8715776e-06
4.7377472e-06
5.2048144e-06
5.0698608e-06
4.9890672e-06
4.7132832e-06
4.705792e-06
4.7801536e-06
4.8747552e-06
4.7907712e-06
4.9969856e-06
5.1919888e-06
5.1962256e-06
5.0708048e-06
4.791288e-06
4.860392e-06
4.832776e-06
4.847152e-06
4.9523968e-06
4.8456016e-06
4.9694208e-06
5.0097856e-06
4.6228416e-06
4.8348944e-06
4.8285392e-06
4.8567232e-06
4.9130528e-06
4.787632e-06
4.7089952e-06
4.580952e-06
4.5942176e-06
4.5415952e-06
4.611216e-06
4.645264e-06
4.9768224e-06
4.8413136e-06
4.6856416e-06
4.7121856e-06
4.5623264e-06
4.6308496e-06
4.5282784e-06
4.6552624e-06
4.5273216e-06
4.4858592e-06
4.4741568e-06
4.3333392e-06
4.5761856e-06
4.6378112e-06
4.6760704e-06
4.8376064e-06
4.7520592e-06
4.5729824e-06
4.477864e-06
4.62288e-06
4.8035712e-06
4.9348688e-06
5.1410448e-06
5.047528e-06
4.6144704e-06
4.723952e-06
4.5671696e-06
4.471496e-06
4.7276208e-06
4.4342704e-06
4.4576752e-06
4.4066672e-06
4.318472e-06
4.5087344e-06
4.6734608e-06
4.6086448e-06
4.917896e-06
5.1155344e-06
5.050176e-06
5.0337328e-06
4.6978864e-06
4.6643808e-06
4.4959216e-06
4.4709536e-06
4.6388448e-06
4.8901904e-06
4.7334464e-06
4.7153504e-06
4.6553008e-06
4.8365344e-06
5.154904e-06
5.140528e-06
5.1686736e-06
5.13044e-06
5.0868464e-06
5.1266816e-06
4.9056256e-06
4.8004064e-06
4.485368e-06
4.2430384e-06
4.440224e-06
4.3658368e-06
4.3652816e-06
4.3918256e-06
4.3833392e-06
4.4528832e-06
4.7036992e-06
4.819536e-06
4.6404848e-06
4.552264e-06
4.5926032e-06
4.4862992e-06
4.6324384e-06
4.742488e-06
4.6166016e-06
4.8583888e-06
4.8026144e-06
4.8015168e-06
4.95024e-06
4.9284496e-06
4.7749088e-06
4.7515168e-06
4.8200912e-06
4.9662176e-06
4.982712e-06
4.8621216e-06
4.6968784e-06
4.5831216e-06
5.1319392e-06
5.0883712e-06
4.936432e-06
4.7440768e-06
4.6723504e-06
4.676096e-06
4.8302048e-06
4.8705696e-06
4.9481088e-06
4.856168e-06
4.8322848e-06
4.852448e-06
4.7663712e-06
4.6877216e-06
4.5665888e-06
4.3822416e-06
4.2924576e-06
4.6447088e-06
4.7754e-06
4.991096e-06
4.437512e-06
4.47736e-06
4.7499536e-06
4.868968e-06
4.7452e-06
4.7887296e-06
4.8891568e-06
4.836496e-06
5.0394816e-06
4.9390416e-06
4.8838096e-06
4.8173664e-06
4.835992e-06
4.8764208e-06
4.7494624e-06
4.6845696e-06
4.6616944e-06
4.709008e-06
4.5607632e-06
4.517208e-06
4.63732e-06
4.6761088e-06
4.6054288e-06
4.6675712e-06
4.775464e-06
4.9162944e-06
4.9247936e-06
5.012976e-06
4.7839376e-06
4.8758912e-06
5.0097856e-06
5.0523072e-06
4.999168e-06
4.8668112e-06
4.8413008e-06
4.9364576e-06
4.6601312e-06
4.6133216e-06
4.8471264e-06
4.5559456e-06
4.8439616e-06
5.012976e-06
4.947088e-06
4.9301024e-06
4.7494112e-06
4.9359152e-06
4.943304e-06
4.8742896e-06
4.8280224e-06
4.7472288e-06
4.50012e-06
4.5224912e-06
4.4970192e-06
4.475216e-06
4.6606608e-06
4.6298416e-06
4.5836384e-06
4.5490992e-06
4.5671056e-06
4.843936e-06
4.4640304e-06
4.5272704e-06
4.424208e-06
4.4029472e-06
4.570296e-06
4.5511664e-06
4.6882384e-06
4.7652736e-06
4.95604e-06
5.15484e-06
5.1362656e-06
4.8572912e-06
4.858312e-06
4.6096144e-06
4.6824128e-06
4.7031184e-06
4.8210736e-06
4.8869744e-06
4.642552e-06
4.3471088e-06
4.9694336e-06
4.842424e-06
4.9746912e-06
4.8737216e-06
4.8498512e-06
4.7574192e-06
4.7478352e-06
4.7855648e-06
4.8397632e-06
4.7961824e-06
4.5150512e-06
4.4002608e-06
4.4109296e-06
4.5963616e-06
4.711152e-06
4.9077696e-06
5.181384e-06
4.9310976e-06
4.9141248e-06
4.9311616e-06
5.126656e-06
5.2212448e-06
5.1691392e-06
4.9151328e-06
4.7520208e-06
5.069216e-06
4.8268736e-06
4.4703472e-06
4.515e-06
4.6781248e-06
4.8088288e-06
4.8646544e-06
5.0872992e-06
5.0925952e-06
4.8901648e-06
4.838136e-06
4.6867264e-06
4.7579104e-06
4.7302432e-06
4.866256e-06
4.1053728e-06
4.124528e-06
4.1750192e-06
4.4232e-06
4.564496e-06
4.4593152e-06
4.4210432e-06
4.6282784e-06
4.6819472e-06
4.7542288e-06
4.8631296e-06
4.89236e-06
4.8386144e-06
4.6329808e-06
4.5861968e-06
4.6287056e-06
4.437384e-06
4.4007264e-06
4.422568e-06
4.3280048e-06
4.8774928e-06
4.9082864e-06
4.8020464e-06
4.7611008e-06
4.6569664e-06
4.578304e-06
4.602768e-06
4.7977584e-06
4.4226064e-06
4.3779536e-06
4.5267408e-06
4.6712784e-06
4.4698816e-06
4.6377856e-06
4.6361968e-06
4.5601952e-06
4.6665376e-06
4.7255024e-06
4.745704e-06
4.6176736e-06
4.7562832e-06
4.8184512e-06
4.7881872e-06
4.589968e-06
4.648984e-06
4.7186048e-06
4.6187328e-06
4.520424e-06
4.6346208e-06
4.7249472e-06
4.7531312e-06
4.7520976e-06
4.9248192e-06
4.7415184e-06
4.8982624e-06
5.070416e-06
5.2223168e-06
5.2132752e-06
5.1521792e-06
4.9465584e-06
4.9592816e-06
5.0894688e-06
4.8105072e-06
4.9099136e-06
4.991224e-06
5.0130016e-06
5.057112e-06
5.0985616e-06
4.8206464e-06
4.6293248e-06
4.465064e-06
4.42736e-06
4.6197408e-06
4.8482496e-06
4.884416e-06
4.7154272e-06
4.6277232e-06
4.6553904e-06
4.69148e-06
5.004968e-06
4.8806192e-06
4.69148e-06
4.7488688e-06
4.9072016e-06
4.910896e-06
4.5649616e-06
4.6085808e-06
4.8428896e-06
4.77912e-06
4.8365088e-06
4.7403568e-06
4.921048e-06
4.6925264e-06
4.7042288e-06
4.4422784e-06
4.5777744e-06
4.7116816e-06
4.6117328e-06
4.731832e-06
4.949168e-06
4.6696768e-06
4.8003936e-06
4.7302688e-06
4.7749088e-06
4.6935856e-06
4.8067744e-06
4.7573552e-06
4.7467248e-06
4.8466096e-06
4.9417792e-06
4.834984e-06
4.9933168e-06
4.946016e-06
4.9693952e-06
4.6558688e-06
4.4501968e-06
4.495896e-06
4.5782272e-06
4.6382768e-06
4.81632e-06
4.705792e-06
4.6080256e-06
4.6573936e-06
4.7084016e-06
4.7179984e-06
4.8338608e-06
4.982144e-06
4.8854368e-06
4.6957936e-06
4.6218976e-06
4.6101696e-06
4.7833952e-06
4.877416e-06
4.8481984e-06
4.9082096e-06
4.9295216e-06
4.9210224e-06
4.9619296e-06
4.9986128e-06
4.7653248e-06
4.9693824e-06
5.0586752e-06
5.1033024e-06
5.1373248e-06
5.0672e-06
4.9561552e-06
4.8307088e-06
4.7913648e-06
4.58568e-06
4.5208384e-06
4.4778e-06
4.8205184e-06
4.9358512e-06
5.1861504e-06
4.9911344e-06
5.0049424e-06
4.8513376e-06
4.8110112e-06
4.722248e-06
4.769032e-06
4.9358896e-06
4.8269248e-06
4.7530544e-06
4.7838992e-06
4.8539856e-06
4.640408e-06
4.6616304e-06
4.7397632e-06
4.8864704e-06
4.8296496e-06
4.5932224e-06
4.6989584e-06
4.6017216e-06
4.6309008e-06
4.7095504e-06
4.6840528e-06
4.8657776e-06
4.9752336e-06
4.8429152e-06
4.9465328e-06
4.8360304e-06
5.0873632e-06
5.0719152e-06
5.0437696e-06
5.063416e-06
4.8827376e-06
5.0357744e-06
5.0559504e-06
4.886432e-06
4.8115408e-06
4.925776e-06
4.8742256e-06
4.8370384e-06
4.8104944e-06
4.7615664e-06
4.8875168e-06
4.7955632e-06
4.8391056e-06
4.7695744e-06
4.7578976e-06
4.5735376e-06
4.6654144e-06
4.6744304e-06
4.614936e-06
4.681896e-06
4.6718592e-06
4.560272e-06
4.6962464e-06
4.7520848e-06
4.7893104e-06
4.6325664e-06
4.5990352e-06
4.5746096e-06
4.5851888e-06
4.6797904e-06
4.516136e-06
4.4183696e-06
4.453464e-06
4.5570432e-06
4.511344e-06
5.2026192e-06
4.938512e-06
4.9194208e-06
5.0230256e-06
5.0182464e-06
4.9316144e-06
5.011336e-06
4.9072528e-06
4.820608e-06
4.6101952e-06
4.6367648e-06
4.5958832e-06
4.511912e-06
4.4236656e-06
4.5230208e-06
4.64892e-06
4.9262672e-06
5.196768e-06
5.1914976e-06
5.2462512e-06
4.7563088e-06
4.8259296e-06
4.7302816e-06
4.7722096e-06
4.78448e-06
4.5889216e-06
4.491168e-06
4.5565008e-06
4.7626512e-06
5.041664e-06
4.8982112e-06
4.8933808e-06
4.8965584e-06
4.8992192e-06
5.0484848e-06
4.9980192e-06
4.858312e-06
4.7855008e-06
4.8519696e-06
4.8264592e-06
4.88536e-06
4.723824e-06
4.7594224e-06
4.8173664e-06
4.62824e-06
4.8088928e-06
4.8731792e-06
4.8795856e-06
4.7180112e-06
4.8088544e-06
5.1632752e-06
5.2281168e-06
5.4364368e-06
5.6846048e-06
5.5384912e-06
5.2441072e-06
5.1994544e-06
4.938512e-06
4.8614512e-06
4.912472e-06
4.3912064e-06
4.5830704e-06
4.5442688e-06
4.5389728e-06
4.576664e-06
4.5905232e-06
4.8169136e-06
4.9810976e-06
5.157552e-06
5.1022688e-06
5.4093888e-06
5.2632496e-06
5.1048912e-06
5.0007184e-06
4.9385888e-06
4.7403696e-06
4.509768e-06
4.6373072e-06
4.5108016e-06
4.5687072e-06
4.5990224e-06
4.7142528e-06
4.9066208e-06
5.0107296e-06
5.0447904e-06
4.7923984e-06
4.917832e-06
4.953456e-06
4.869472e-06
4.7308368e-06
4.6967504e-06
4.6026784e-06
4.6488688e-06
4.3965664e-06
4.5809648e-06
4.6357056e-06
4.6585808e-06
4.6091744e-06
4.6224656e-06
4.5745968e-06
4.6112288e-06
4.6516448e-06
4.5289488e-06
4.5688096e-06
4.6639152e-06
4.7834592e-06
4.842928e-06
4.8514272e-06
4.8322848e-06
4.8402544e-06
4.6930816e-06
4.6665248e-06
4.6234864e-06
4.7420096e-06
4.6101952e-06
4.9008336e-06
4.7972032e-06
4.8604304e-06
4.7190448e-06
4.7312768e-06
4.6649488e-06
4.6707744e-06
4.9757504e-06
4.6351376e-06
4.8423344e-06
4.9528496e-06
4.674456e-06
4.6952e-06
4.9290048e-06
5.0368848e-06
4.9311232e-06
4.8072784e-06
4.8540624e-06
5.026216e-06
4.8652096e-06
4.692552e-06
4.686688e-06
4.7021104e-06
4.6580256e-06
4.7053392e-06
5.210576e-06
5.1218768e-06
4.993872e-06
5.1214112e-06
4.922688e-06
4.8998512e-06
4.8312768e-06
4.6963104e-06
4.9147056e-06
4.7925008e-06
4.7871536e-06
4.63732e-06
4.4391136e-06
4.4593024e-06
4.6272192e-06
4.7388064e-06
4.7202192e-06
4.9667216e-06
5.104336e-06
5.2297056e-06
4.6479376e-06
4.6600928e-06
4.6053392e-06
4.739272e-06
4.9199248e-06
4.700496e-06
4.5926416e-06
4.6579872e-06
4.588896e-06
4.798792e-06
4.9677552e-06
4.9566208e-06
4.8413008e-06
4.7637232e-06
4.738768e-06
4.778616e-06
4.9136208e-06
4.8599648e-06
4.6267024e-06
4.8318192e-06
4.6914928e-06
4.6925648e-06
4.615504e-06
4.7441024e-06
4.524144e-06
4.6766384e-06
4.8429536e-06
4.64848e-06
5.0066208e-06
4.7016192e-06
4.7095504e-06
4.530512e-06
4.7196384e-06
4.891224e-06
5.1000608e-06
5.0155472e-06
5.0245888e-06
5.1330496e-06
4.8854112e-06
4.6340912e-06
4.7972288e-06
4.9008336e-06
4.9343264e-06
4.9141376e-06
4.8291584e-06
4.7260704e-06
4.8089952e-06
4.8578336e-06
5.1341216e-06
5.1564544e-06
5.2095552e-06
5.2882304e-06
5.086872e-06
4.9588032e-06
4.92584e-06
5.0198608e-06
4.9231152e-06
4.7993344e-06
4.5735248e-06
4.5862608e-06
5.1240848e-06
5.066696e-06
4.9083504e-06
4.9997232e-06
4.8381872e-06
4.7648208e-06
4.9704288e-06
4.9741744e-06
4.7451232e-06
4.7435344e-06
4.5645088e-06
4.383352e-06
4.3828096e-06
4.455104e-06
4.3913472e-06
4.5411808e-06
4.5252544e-06
4.4970832e-06
4.7654272e-06
4.97584e-06
4.781768e-06
4.8120448e-06
4.7499152e-06
4.8009616e-06
4.8998128e-06
5.0352576e-06
4.9247296e-06
4.76588e-06
4.9407072e-06
5.0092432e-06
4.85724e-06
4.7695488e-06
4.7163968e-06
4.8599392e-06
4.76216e-06
4.74892e-06
4.6346464e-06
4.6388832e-06
4.5538784e-06
4.803584e-06
4.4948624e-06
4.7961824e-06
4.668088e-06
4.5485184e-06
4.5150256e-06
4.7211632e-06
4.8688912e-06
4.7668624e-06
4.6738496e-06
4.635616e-06
4.4820496e-06
4.45548e-06
4.4560096e-06
4.4794016e-06
4.5048992e-06
4.6956784e-06
4.5942432e-06
4.6075216e-06
4.6883024e-06
4.5947728e-06
4.7345312e-06
4.7239264e-06
4.6277488e-06
4.5278256e-06
4.5942304e-06
4.9103408e-06
4.995384e-06
4.7424496e-06
5.0533152e-06
5.1053312e-06
5.1111824e-06
4.87212e-06
4.9512992e-06
5.181384e-06
5.2589872e-06
4.9831776e-06
5.036872e-06
5.1197456e-06
5.0878544e-06
4.904024e-06
4.7525632e-06
4.6224144e-06
4.5857568e-06
4.8073296e-06
4.85144e-06
4.9837328e-06
4.730256e-06
4.8056768e-06
4.7749088e-06
4.823256e-06
4.8121216e-06
4.8291456e-06
5.1213728e-06
5.0528496e-06
5.1277536e-06
5.0788768e-06
4.9550448e-06
4.7270528e-06
4.8163328e-06
4.8832928e-06
4.8312128e-06
4.9077184e-06
4.9720304e-06
5.0889648e-06
5.0862912e-06
5.1070224e-06
4.928488e-06
4.8971008e-06
4.816824e-06
4.7605072e-06
4.840784e-06
4.9002912e-06
4.8715904e-06
4.7674816e-06
4.7616432e-06
4.6282656e-06
4.5496288e-06
4.5347744e-06
4.6479376e-06
4.7211888e-06
4.8604176e-06
4.9645648e-06
5.0921296e-06
4.9698864e-06
4.791352e-06
4.5501328e-06
4.818464e-06
4.8327632e-06
5.0591408e-06
5.0468576e-06
4.9570608e-06
4.8667856e-06
4.7264848e-06
4.6626896e-06
4.7142528e-06
4.7758784e-06
5.0187376e-06
4.8168496e-06
4.803584e-06
4.9300256e-06
5.0246144e-06
4.9693312e-06
4.8407584e-06
4.7955632e-06
4.7243536e-06
4.7812e-06
4.668528e-06
4.8295216e-06
4.7269632e-06
4.7280864e-06
4.7552368e-06
5.0166832e-06
5.0788256e-06
5.1425824e-06
5.230312e-06
5.0809696e-06
4.8376192e-06
4.90188e-06
4.8678832e-06
4.9220944e-06
4.6994496e-06
4.9253232e-06
4.8227648e-06
4.9598496e-06
4.955032e-06
4.7642784e-06
4.8779968e-06
4.8844032e-06
4.7223376e-06
4.779688e-06
4.574584e-06
4.65428e-06
4.8116048e-06
4.7016192e-06
4.6882896e-06
4.869976e-06
4.9635056e-06
4.7259936e-06
4.6717952e-06
4.7233456e-06
4.9592688e-06
4.8338608e-06
4.9550448e-06
5.0623312e-06
5.0883584e-06
5.075584e-06
5.1122672e-06
5.1930608e-06
5.3355056e-06
5.1314352e-06
4.9550448e-06
4.8296752e-06
4.96304e-06
4.9662304e-06
4.7637488e-06
4.7971776e-06
4.9321824e-06
4.999672e-06
5.0607936e-06
5.0538832e-06
4.6925392e-06
4.679248e-06
4.7190704e-06
4.7722096e-06
4.8004192e-06
4.9805936e-06
4.9205568e-06
4.9997104e-06
4.7951232e-06
4.7217824e-06
4.940216e-06
4.9444528e-06
4.7616304e-06
4.8227648e-06
4.8243408e-06
4.8801152e-06
4.7759808e-06
4.89444e-06
4.7839504e-06
4.7621728e-06
4.818464e-06
4.8785392e-06
5.1256224e-06
5.099608e-06
4.957176e-06
4.8328016e-06
4.8072656e-06
4.6962464e-06
4.6367136e-06
4.7854752e-06
4.7461568e-06
4.9098368e-06
4.8572528e-06
4.8237472e-06
4.9056256e-06
5.0719024e-06
4.8471136e-06
4.877416e-06
4.9682848e-06
4.9071504e-06
5.1867568e-06
5.2074496e-06
4.8918304e-06
4.8859664e-06
4.8748064e-06
5.0857616e-06
5.3631728e-06
5.2999328e-06
5.2717872e-06
5.1500736e-06
5.1086496e-06
4.9741488e-06
5.2116992e-06
5.3897296e-06
5.3902464e-06
5.2329984e-06
5.0576672e-06
4.7048608e-06
4.680952e-06
5.0566336e-06
4.8849456e-06
4.8254256e-06
4.7696128e-06
4.5819984e-06
4.6627536e-06
4.9640352e-06
4.905096e-06
4.9773648e-06
5.0501504e-06
5.0447904e-06
4.9959264e-06
4.8800768e-06
4.5830704e-06
4.4480528e-06
4.5532848e-06
4.8551216e-06
4.794568e-06
4.8684256e-06
4.9795088e-06
4.7978096e-06
4.5012688e-06
4.6691856e-06
4.778112e-06
5.0012736e-06
4.8982112e-06
4.9279456e-06
4.7998512e-06
4.9284624e-06
4.6760832e-06
4.8652608e-06
4.7728288e-06
4.8737728e-06
4.9285008e-06
5.0422064e-06
5.1102384e-06
5.2011328e-06
5.1262416e-06
4.8722096e-06
4.9301664e-06
4.7584912e-06
4.8976688e-06
4.8211376e-06
4.7382512e-06
4.5432224e-06
4.8407584e-06
4.9162432e-06
5.163352e-06
5.0985232e-06
4.7621984e-06
4.831768e-06
4.7372176e-06
4.7292608e-06
4.7208e-06
4.5863248e-06
4.4922656e-06
4.5177504e-06
4.4072352e-06
4.543816e-06
4.716448e-06
4.9592944e-06
4.643056e-06
4.8056896e-06
5.0474384e-06
5.1659488e-06
5.1430608e-06
4.9895584e-06
4.7589312e-06
4.5575728e-06
4.6505984e-06
4.7063728e-06
4.7068896e-06
4.7084656e-06
4.7908352e-06
4.8907456e-06
4.939144e-06
4.9380464e-06
4.9598112e-06
4.8785136e-06
4.914112e-06
4.7918816e-06
5.0065568e-06
4.960896e-06
4.9858512e-06
4.9194464e-06
4.8780352e-06
4.621936e-06
4.6012176e-06
4.8993088e-06
4.8386784e-06
4.8604688e-06
4.9056768e-06
4.8212016e-06
5.0788384e-06
4.999104e-06
5.0357872e-06
4.9060912e-06
4.9592816e-06
4.798792e-06
4.8529776e-06
4.6542544e-06
4.6803328e-06
4.4831856e-06
4.7100416e-06
4.7259424e-06
4.7450464e-06
4.6865984e-06
4.7636592e-06
4.9166832e-06
4.8869488e-06
4.8407328e-06
4.614936e-06
4.6175712e-06
4.6733968e-06
4.6005856e-06
4.881136e-06
4.6404592e-06
4.867896e-06
5.0145392e-06
4.688832e-06
4.7611008e-06
4.7982752e-06
4.6255536e-06
4.7823488e-06
4.7164608e-06
4.7647952e-06
4.539464e-06
4.7525248e-06
4.8428896e-06
4.8774416e-06
4.800936e-06
5.2563008e-06
5.2175248e-06
4.9752336e-06
4.9465712e-06
4.6691856e-06
4.9625104e-06
4.82332e-06
4.6415952e-06
4.8891824e-06
4.8057536e-06
4.6930816e-06
4.5155808e-06
4.5942048e-06
4.5357696e-06
4.2456224e-06
4.5230336e-06
4.641544e-06
4.6325152e-06
4.7711888e-06
4.9476176e-06
4.7382512e-06
4.7642656e-06
4.749864e-06
4.7142784e-06
4.716952e-06
4.5373584e-06
4.3285344e-06
4.731328e-06
4.640472e-06
4.6415568e-06
4.499616e-06
4.4767664e-06
4.627672e-06
4.6345952e-06
4.6175968e-06
4.6149616e-06
4.67288e-06
4.707432e-06
4.7074192e-06
4.77168e-06
4.7626768e-06
4.585176e-06
4.6712912e-06
4.8790432e-06
4.8014912e-06
4.8094736e-06
4.8152736e-06
4.65636e-06
4.489024e-06
4.4725168e-06
4.6462976e-06
4.6457808e-06
4.4937648e-06
4.581456e-06
4.6903696e-06
4.7265232e-06
4.7106224e-06
4.6081152e-06
4.6325536e-06
4.644824e-06
4.8770016e-06
4.9051088e-06
4.7940512e-06
4.8104688e-06
4.909824e-06
4.794e-06
5.0256992e-06
5.1914848e-06
5.0395328e-06
4.793496e-06
4.4301104e-06
4.537952e-06
4.5793888e-06
4.708504e-06
4.6187072e-06
4.6857056e-06
4.730888e-06
4.7877344e-06
5.0252336e-06
4.9290176e-06
4.940656e-06
4.765312e-06
4.8556768e-06
4.788704e-06
4.6941152e-06
4.5660592e-06
4.5347488e-06
4.5767664e-06
4.5815456e-06
4.4380928e-06
4.7313536e-06
4.716512e-06
4.6081024e-06
4.6341552e-06
4.8674304e-06
5.1160896e-06
4.934352e-06
4.8105328e-06
4.712224e-06
4.849864e-06
4.8971392e-06
4.8375936e-06
5.1537424e-06
5.023064e-06
5.3217744e-06
5.141664e-06
4.9497616e-06
4.8355136e-06
4.82168e-06
4.8827504e-06
5.1516752e-06
5.1660256e-06
4.8939232e-06
5.0963536e-06
4.8381488e-06
4.8482496e-06
4.7749344e-06
4.7595248e-06
4.6245328e-06
4.5406128e-06
4.715944e-06
4.7005088e-06
4.9359024e-06
5.2626816e-06
5.2446368e-06
5.1489888e-06
5.246264e-06
5.0911344e-06
5.2537168e-06
5.1395072e-06
4.7722352e-06
4.7785904e-06
4.7897504e-06
4.82004e-06
4.9619168e-06
5.0060144e-06
4.8923088e-06
4.7541776e-06
4.760016e-06
4.7414544e-06
4.7824256e-06
4.8865728e-06
4.8732304e-06
4.943368e-06
4.831264e-06
4.802576e-06
4.7791968e-06
4.9210608e-06
4.6946832e-06
4.800432e-06
4.9396736e-06
4.846648e-06
4.93908e-06
5.1691648e-06
5.116e-06
4.969912e-06
5.0644752e-06
5.0506544e-06
5.044816e-06
5.0575776e-06
4.8705184e-06
4.83492e-06
4.5468784e-06
4.6616816e-06
4.7281376e-06
4.5570304e-06
4.7036992e-06
4.8205952e-06
4.7392848e-06
4.8301792e-06
4.805224e-06
4.8748064e-06
5.0761648e-06
4.9188912e-06
4.9237088e-06
4.9135952e-06
4.9614384e-06
4.778112e-06
4.6224144e-06
4.7976944e-06
4.9773136e-06
5.1479168e-06
5.0023328e-06
4.9347792e-06
5.0341472e-06
5.0581072e-06
5.0310336e-06
4.8466608e-06
5.0278688e-06
5.0241488e-06
5.0559632e-06
4.9401136e-06
4.8004192e-06
4.6766128e-06
4.6521232e-06
4.4863376e-06
4.6983776e-06
4.9374528e-06
4.8566848e-06
5.1336176e-06
5.128296e-06
5.1452816e-06
4.9847792e-06
4.995448e-06
4.8243408e-06
4.7148336e-06
4.8147312e-06
4.9730896e-06
4.8731792e-06
4.7132448e-06
4.711152e-06
4.8184512e-06
4.7280992e-06
4.7153632e-06
4.938512e-06
5.0389392e-06
4.9401136e-06
4.9087008e-06
4.868336e-06
4.8507824e-06
4.8869232e-06
5.0452816e-06
5.0878288e-06
5.2323792e-06
5.0288768e-06
4.9970112e-06
4.8971008e-06
4.7759424e-06
4.6866624e-06
4.7972288e-06
4.7461952e-06
4.7116304e-06
4.7153632e-06
4.679248e-06
4.8504064e-06
5.0214624e-06
4.9843136e-06
4.8742768e-06
4.6436368e-06
4.7350352e-06
4.6872432e-06
4.6065008e-06
4.4879648e-06
4.5028576e-06
4.6468656e-06
4.7287184e-06
4.7876448e-06
4.9614e-06
4.9805808e-06
4.8519824e-06
4.965688e-06
5.0024096e-06
4.8233456e-06
4.778176e-06
4.8854752e-06
4.6341296e-06
4.502328e-06
4.4428336e-06
4.4726064e-06
4.168664e-06
4.3041728e-06
4.5246608e-06
4.66336e-06
4.8387296e-06
4.7637744e-06
4.754152e-06
4.8503168e-06
5.1372864e-06
4.9018672e-06
4.9321824e-06
4.8222608e-06
4.8663072e-06
4.9842496e-06
5.0341728e-06
5.1032256e-06
4.9305424e-06
4.8051472e-06
5.0251696e-06
4.9253104e-06
4.991224e-06
4.8237472e-06
4.6813024e-06
4.4178016e-06
4.3848768e-06
4.49968e-06
4.556552e-06
4.5028576e-06
4.6011664e-06
4.964112e-06
4.9057024e-06
4.6447088e-06
4.758944e-06
4.6298032e-06
4.7100544e-06
4.906168e-06
4.9130784e-06
4.9364704e-06
4.8078592e-06
4.8041008e-06
4.6701808e-06
4.8657648e-06
5.0825712e-06
4.84772e-06
4.812096e-06
4.832272e-06
4.8237472e-06
4.9932528e-06
4.9087648e-06
4.7780352e-06
4.8747424e-06
4.7909248e-06
4.9349072e-06
4.7914288e-06
4.914176e-06
4.8360304e-06
5.00232e-06
4.7892592e-06
4.8997744e-06
4.8009872e-06
4.7796752e-06
4.8030288e-06
4.7939744e-06
4.8806192e-06
4.8354368e-06
4.914112e-06
4.7935216e-06
4.51828e-06
4.758944e-06
4.735616e-06
4.6027808e-06
4.5076624e-06
4.7887552e-06
4.7983136e-06
5.04324e-06
5.0612848e-06
4.7902928e-06
4.6967504e-06
4.845512e-06
4.8885632e-06
4.9677552e-06
5.0294064e-06
4.9369616e-06
4.8471008e-06
4.841728e-06
5.0463536e-06
4.9512608e-06
4.8359664e-06
4.6393616e-06
4.4725296e-06
4.5815072e-06
5.0145264e-06
4.8418048e-06
4.949168e-06
4.7573296e-06
4.7881616e-06
4.8009488e-06
4.893368e-06
4.8099264e-06
4.9496848e-06
5.0251056e-06
5.0171488e-06
4.899168e-06
4.8646672e-06
4.827984e-06
4.738136e-06
4.8369616e-06
4.8454864e-06
4.7674176e-06
4.9183104e-06
4.8641376e-06
5.5969392e-06
5.4162608e-06
5.2137664e-06
5.3216336e-06
5.1813328e-06
5.1186352e-06
4.8019312e-06
4.8194464e-06
4.8800384e-06
4.8497616e-06
4.9146032e-06
4.775904e-06
4.8312256e-06
5.1192544e-06
4.9757504e-06
5.0331392e-06
5.0889264e-06
5.08416e-06
5.3790736e-06
5.6224496e-06
4.9901904e-06
4.904088e-06
4.8195744e-06
4.7420352e-06
4.799928e-06
4.6038784e-06
4.7887936e-06
4.9476816e-06
4.8594352e-06
4.7345312e-06
4.7749344e-06
4.92956e-06
4.9370128e-06
4.7531312e-06
4.7935728e-06
5.1219664e-06
5.2415232e-06
5.2734016e-06
5.1825328e-06
4.9896352e-06
4.9603792e-06
5.0310848e-06
5.1198096e-06
4.9986768e-06
4.922184e-06
4.7574192e-06
4.7866368e-06
4.9933296e-06
5.0735552e-06
4.7621856e-06
4.7345312e-06
4.7106352e-06
4.7303072e-06
4.866384e-06
5.040656e-06
5.016192e-06
5.032648e-06
4.991728e-06
4.9603408e-06
4.9364448e-06
4.739904e-06
4.8424624e-06
4.821744e-06
4.8121984e-06
4.79356e-06
4.831328e-06
4.8934704e-06
4.7436112e-06
4.999168e-06
4.9688784e-06
4.8578208e-06
4.8658032e-06
4.6558944e-06
4.6112416e-06
4.5347616e-06
4.883344e-06
4.8382e-06
4.8982112e-06
4.7637616e-06
4.7271168e-06
4.8020208e-06
4.8604688e-06
4.6591104e-06
4.4008288e-06
4.5304992e-06
4.4991632e-06
4.8562448e-06
4.8844032e-06
4.825968e-06
4.574648e-06
4.7101568e-06
4.511408e-06
4.5475488e-06
4.6171824e-06
4.649048e-06
4.6500944e-06
4.6293248e-06
4.6038272e-06
4.8408224e-06
4.743056e-06
4.5277872e-06
4.6165632e-06
4.7488816e-06
4.595832e-06
4.5304608e-06
4.6755408e-06
4.6032976e-06
4.7186176e-06
4.8429536e-06
4.9178576e-06
4.7403696e-06
4.7021488e-06
4.7446576e-06
4.470992e-06
4.608568e-06
4.4682928e-06
4.3397072e-06
4.1797856e-06
4.2822928e-06
4.3970704e-06
4.7408864e-06
4.9236832e-06
4.951376e-06
4.9981472e-06
4.7415056e-06
4.6750624e-06
4.6251264e-06
4.8264976e-06
4.744128e-06
4.8270144e-06
5.0554848e-06
4.8237856e-06
4.7329296e-06
4.8997488e-06
4.8652224e-06
4.8870256e-06
4.755792e-06
4.7483392e-06
4.6925392e-06
4.7196384e-06
4.3360128e-06
4.28928e-06
4.3673872e-06
4.6617456e-06
4.9433808e-06
5.0725216e-06
4.9306576e-06
4.930696e-06
4.8834208e-06
4.8865216e-06
4.856232e-06
5.071424e-06
5.0060528e-06
4.918904e-06
4.6595376e-06
4.7562448e-06
4.8555872e-06
4.7828144e-06
4.894944e-06
4.6048352e-06
5.3003984e-06
5.2217872e-06
5.3015088e-06
5.0002272e-06
4.8902032e-06
4.642048e-06
4.6680368e-06
4.6893232e-06
4.7100544e-06
4.81424e-06
5.0756608e-06
4.8625488e-06
5.0261904e-06
5.3041056e-06
5.3662608e-06
5.02464e-06
5.1266816e-06
5.274448e-06
5.0857872e-06
5.2653552e-06
4.9226624e-06
4.7101056e-06
4.745136e-06
4.8003936e-06
4.6882896e-06
4.7047712e-06
4.8413648e-06
5.0018544e-06
4.8350224e-06
5.01884e-06
4.858312e-06
4.9204544e-06
4.9741488e-06
4.9120064e-06
4.989584e-06
5.0464432e-06
5.0002016e-06
4.7956144e-06
4.906672e-06
5.0321312e-06
4.4746224e-06
4.641984e-06
4.7939872e-06
4.7467248e-06
4.7047328e-06
4.7345056e-06
4.8493088e-06
5.0251824e-06
5.209568e-06
5.3184688e-06
5.3604992e-06
5.1910192e-06
5.0448544e-06
5.0209328e-06
4.9842624e-06
4.8184768e-06
4.70636e-06
4.7568128e-06
4.8056768e-06
4.605352e-06
4.9837712e-06
5.342984e-06
5.295128e-06
5.234536e-06
5.1448032e-06
5.335544e-06
5.5055792e-06
5.209064e-06
5.3105632e-06
5.1251056e-06
5.3764512e-06
5.3488224e-06
5.3610672e-06
5.2973104e-06
4.8063088e-06
4.5857824e-06
4.863736e-06
4.8329168e-06
4.784544e-06
4.932272e-06
4.7983136e-06
4.5905616e-06
4.4853424e-06
4.781328e-06
4.816888e-06
4.7031312e-06
4.859384e-06
4.90352e-06
4.9747168e-06
4.8259552e-06
4.751568e-06
4.7525888e-06
4.8360304e-06
4.8844032e-06
5.0384992e-06
5.1075776e-06
4.7329808e-06
4.9603792e-06
5.0453712e-06
4.9736448e-06
4.8811232e-06
4.8710352e-06
4.8800768e-06
4.8205696e-06
4.9794704e-06
4.9183744e-06
5.0262416e-06
5.0628864e-06
4.9284368e-06
5.1675504e-06
5.1734144e-06
4.9146544e-06
5.0310208e-06
5.1261392e-06
5.2914208e-06
5.2260112e-06
5.0347408e-06
4.8764592e-06
4.542744e-06
4.6590592e-06
4.9937312e-06
4.8869488e-06
4.916696e-06
4.8104048e-06
4.8481856e-06
4.9905664e-06
5.0001632e-06
4.953392e-06
4.6393616e-06
4.7865216e-06
4.9310464e-06
4.8311616e-06
4.9098112e-06
4.949168e-06
4.774392e-06
4.7924752e-06
4.7637744e-06
4.5379008e-06
4.7636848e-06
4.763104e-06
4.8769504e-06
5.0342112e-06
4.8913136e-06
4.9832416e-06
5.040592e-06
5.0172128e-06
4.9832288e-06
4.7807728e-06
4.9327504e-06
5.1973488e-06
5.005536e-06
5.0634672e-06
5.064488e-06
5.0544128e-06
4.960328e-06
4.718024e-06
4.679752e-06
4.7344928e-06
4.8381104e-06
4.909888e-06
4.8302048e-06
4.663864e-06
4.8838224e-06
4.9795216e-06
5.113416e-06
5.0161408e-06
5.105912e-06
5.0167088e-06
5.0655856e-06
5.1128608e-06
4.9566464e-06
5.0432784e-06
4.998096e-06
5.0241232e-06
4.962472e-06
5.0012736e-06
5.0491168e-06
4.8631424e-06
4.695264e-06
4.7037504e-06
5.2005264e-06
5.1925568e-06
5.1059888e-06
4.8902416e-06
4.690472e-06
4.8014912e-06
4.9093968e-06
4.8115664e-06
4.6256048e-06
4.8078592e-06
4.8891696e-06
4.8562576e-06
5.0921808e-06
5.079432e-06
4.9503168e-06
4.9449952e-06
4.8976688e-06
4.9720304e-06
4.9693824e-06
5.2505008e-06
4.8625104e-06
5.0006544e-06
5.047968e-06
5.1297952e-06
5.1107168e-06
5.196264e-06
5.0958496e-06
5.0411088e-06
4.8317808e-06
4.5820624e-06
4.6957936e-06
4.9460416e-06
4.8344032e-06
4.9465584e-06
4.8025504e-06
4.708504e-06
4.6123136e-06
4.6659696e-06
4.6909504e-06
4.7775312e-06
4.9783856e-06
5.0299616e-06
4.9603152e-06
5.0081456e-06
5.0984848e-06
5.026216e-06
5.1138816e-06
5.2643088e-06
5.3025296e-06
5.196832e-06
5.0937312e-06
5.0119168e-06
5.1538704e-06
5.1326096e-06
4.9715776e-06
4.6064752e-06
4.8168624e-06
4.7711632e-06
4.9470368e-06
4.9688528e-06
4.7228288e-06
4.2929488e-06
4.4576496e-06
4.6952e-06
4.899232e-06
4.987944e-06
4.96512e-06
4.9592688e-06
4.6622368e-06
4.7908352e-06
4.8323232e-06
4.6724144e-06
4.5050528e-06
4.6182032e-06
4.857304e-06
4.8557408e-06
4.7962464e-06
4.6691728e-06
4.6872432e-06
4.7329552e-06
4.8280608e-06
4.7866368e-06
4.6654656e-06
4.5007008e-06
4.6957296e-06
4.594256e-06
4.6484288e-06
4.7403696e-06
4.6532592e-06
4.782904e-06
4.73612e-06
5.063984e-06
5.2606144e-06
5.0666704e-06
4.9752848e-06
4.9806448e-06
4.779248e-06
4.8424496e-06
4.9752592e-06
4.850368e-06
5.2244992e-06
5.253136e-06
5.2138304e-06
5.0587008e-06
5.1644496e-06
5.036936e-06
4.9555616e-06
4.7908096e-06
4.6314304e-06
4.3678656e-06
4.5586576e-06
4.5719872e-06
4.6623008e-06
4.9710352e-06
4.8679344e-06
5.0161664e-06
5.3514576e-06
5.5512656e-06
5.4838016e-06
5.463032e-06
5.2637664e-06
5.1118016e-06
4.9874784e-06
4.8089568e-06
4.7398528e-06
4.5166784e-06
4.4507904e-06
4.3344368e-06
4.4311056e-06
4.5320752e-06
4.6213552e-06
4.6165504e-06
4.7780608e-06
4.7398272e-06
4.8051856e-06
5.1596192e-06
5.0942608e-06
5.0607936e-06
5.017768e-06
5.1250928e-06
4.9907328e-06
4.8727776e-06
4.720232e-06
4.8727136e-06
4.9301152e-06
5.0953712e-06
5.0469728e-06
5.0958496e-06
5.16436e-06
5.0320288e-06
5.002824e-06
4.9295344e-06
4.9008208e-06
4.9050448e-06
4.9417408e-06
5.0750928e-06
4.9077312e-06
4.7728032e-06
5.0597728e-06
4.9285392e-06
4.6920096e-06
4.8466864e-06
4.955664e-06
4.8004704e-06
4.87748e-06
4.8450592e-06
4.705288e-06
4.5453408e-06
4.8078592e-06
4.7185408e-06
4.984224e-06
5.0214368e-06
5.1420784e-06
5.4614816e-06
5.2998944e-06
5.0921168e-06
5.0910448e-06
4.9162432e-06
4.7531056e-06
4.6563984e-06
4.9976048e-06
4.83448e-06
4.6218976e-06
4.683472e-06
4.886496e-06
4.8015168e-06
4.9539728e-06
5.0384864e-06
5.161208e-06
5.1654576e-06
5.1484208e-06
5.1372608e-06
4.9364064e-06
4.7801792e-06
4.887e-06
4.76588e-06
4.6276848e-06
4.7233712e-06
4.710648e-06
5.1160512e-06
5.2095168e-06
5.207928e-06
5.1244992e-06
5.0379056e-06
4.7684896e-06
4.8901904e-06
5.0049808e-06
5.0167216e-06
4.8477328e-06
4.7000304e-06
4.9487024e-06
4.8158928e-06
4.865248e-06
4.7472672e-06
4.8524864e-06
5.1340832e-06
5.239832e-06
5.1372992e-06
5.238256e-06
4.9858256e-06
5.1001632e-06
5.1511456e-06
5.0608064e-06
4.969408e-06
5.0050192e-06
5.0740336e-06
4.8769376e-06
5.0932016e-06
5.2021152e-06
5.2658848e-06
5.036304e-06
5.0374016e-06
5.2350528e-06
5.2175248e-06
5.0442608e-06
5.0543872e-06
5.1792272e-06
5.1585344e-06
5.159064e-06
4.976344e-06
4.6117712e-06
4.7323744e-06
4.7886912e-06
4.914112e-06
4.9162304e-06
4.75472e-06
4.6596144e-06
4.4662e-06
4.5602208e-06
4.5771936e-06
4.6313664e-06
4.6908736e-06
4.579816e-06
4.7296752e-06
4.8104816e-06
4.6930432e-06
4.722248e-06
4.8211248e-06
4.8009104e-06
4.744568e-06
4.3566672e-06
4.44804e-06
4.5601696e-06
4.6074704e-06
4.5500304e-06
4.6037248e-06
4.8189296e-06
4.9379568e-06
5.132456e-06
4.8455888e-06
4.84028e-06
4.6202704e-06
4.6229056e-06
4.658504e-06
4.6356416e-06
4.8035328e-06
4.6164608e-06
4.4592e-06
4.4762496e-06
4.4103616e-06
4.6712912e-06
4.651128e-06
4.7191216e-06
4.7600288e-06
4.79192e-06
4.7998384e-06
5.0002016e-06
5.0336816e-06
4.6824768e-06
4.3774752e-06
4.4242464e-06
4.669224e-06
4.5757072e-06
4.6357184e-06
4.5708896e-06
4.5060352e-06
4.5570816e-06
4.6537888e-06
4.7839632e-06
4.8582992e-06
4.7744048e-06
4.7420224e-06
4.6139664e-06
4.6553776e-06
4.6899296e-06
4.7452128e-06
4.68732e-06
4.8764976e-06
4.989648e-06
5.1506416e-06
5.1973744e-06
5.1649408e-06
5.0161536e-06
4.9460288e-06
4.7430944e-06
4.8940384e-06
4.6697792e-06
4.7483904e-06
4.6017088e-06
4.657496e-06
4.8833696e-06
4.8541776e-06
5.023128e-06
4.9523968e-06
4.9082864e-06
4.7499152e-06
4.8987024e-06
5.0693056e-06
5.005536e-06
4.924264e-06
4.8440128e-06
4.5969424e-06
4.7563088e-06
4.7010128e-06
4.8131296e-06
4.918336e-06
4.9284752e-06
5.0422448e-06
5.1463792e-06
5.0039728e-06
4.800936e-06
4.803016e-06
4.8694208e-06
4.893872e-06
4.8747424e-06
4.9794448e-06
4.884856e-06
4.794e-06
4.9736704e-06
5.2032256e-06
5.070352e-06
5.1017008e-06
4.9640992e-06
4.9651456e-06
5.0087392e-06
4.8657904e-06
5.1591024e-06
4.6697024e-06
4.4661744e-06
4.7663968e-06
4.802008e-06
4.9257888e-06
5.3423904e-06
5.3323408e-06
5.196832e-06
4.9178448e-06
4.8487792e-06
4.7302816e-06
4.6856672e-06
4.9194208e-06
4.9571248e-06
4.9826352e-06
5.076656e-06
4.9587136e-06
4.9002912e-06
5.046456e-06
4.96468e-06
4.9391568e-06
4.7286928e-06
4.5889216e-06
5.00396e-06
5.1176912e-06
4.8976688e-06
4.9922192e-06
4.9598624e-06
5.0512352e-06
5.1123568e-06
5.0299872e-06
5.0097984e-06
5.087376e-06
5.0018416e-06
4.7313408e-06
4.7547456e-06
5.027856e-06
4.9492192e-06
5.1091536e-06
4.8328272e-06
4.990152e-06
5.060832e-06
5.119784e-06
5.0772496e-06
5.121864e-06
5.0980064e-06
5.0682976e-06
4.8094608e-06
4.8184896e-06
4.7542288e-06
4.7408992e-06
4.6239904e-06
4.7079488e-06
4.8041392e-06
4.8742896e-06
4.6696896e-06
4.6171056e-06
4.6787056e-06
4.6723632e-06
4.8540752e-06
4.8020208e-06
4.6978736e-06
4.9519056e-06
4.3763776e-06
4.3036304e-06
4.5746096e-06
4.7993344e-06
4.7817808e-06
4.7700528e-06
4.7669008e-06
4.823256e-06
5.0458624e-06
4.951816e-06
4.8901648e-06
4.9172896e-06
4.741416e-06
4.9194592e-06
5.1043488e-06
5.2765024e-06
5.2626944e-06
4.8822464e-06
4.6468272e-06
4.4959216e-06
4.5719488e-06
4.6319856e-06
4.7350608e-06
4.6760064e-06
4.4831088e-06
4.8715392e-06
4.9491424e-06
4.8577824e-06
4.8790688e-06
4.8541136e-06
4.7855264e-06
4.6245072e-06
4.5633856e-06
4.7387424e-06
4.784416e-06
4.562352e-06
4.5766896e-06
4.9194208e-06
4.8359536e-06
4.6207872e-06
4.7918688e-06
4.5984544e-06
4.6781632e-06
4.8923344e-06
4.7956144e-06
4.70264e-06
4.475216e-06
4.5352272e-06
4.655856e-06
4.7350864e-06
5.0193824e-06
5.1102e-06
5.0544128e-06
4.8673408e-06
4.6866752e-06
4.7435728e-06
4.6638384e-06
4.8030416e-06
4.7988048e-06
4.8365472e-06
4.8599392e-06
4.8339248e-06
5.04488e-06
5.0916256e-06
4.8573168e-06
4.9938976e-06
4.749992e-06
4.73404e-06
4.7760192e-06
4.676096e-06
4.7222992e-06
4.8211504e-06
5.0655728e-06
5.0135056e-06
5.076216e-06
4.9471136e-06
5.014616e-06
5.0523328e-06
4.8604944e-06
4.7222992e-06
5.1798592e-06
4.9885248e-06
4.8456272e-06
4.740408e-06
4.6888576e-06
4.7701424e-06
4.7882128e-06
4.6760832e-06
4.9566336e-06
4.6005728e-06
4.544256e-06
4.542112e-06
4.6882256e-06
4.9591792e-06
5.106416e-06
5.275392e-06
5.4916944e-06
5.7340624e-06
5.5720224e-06
5.42432e-06
5.0172384e-06
4.7254512e-06
4.9581968e-06
4.9029776e-06
4.8062704e-06
4.619728e-06
4.474648e-06
4.690848e-06
4.6733328e-06
4.7073808e-06
4.4571328e-06
4.6531952e-06
4.9661664e-06
4.999672e-06
5.0087008e-06
5.2202368e-06
4.8604688e-06
4.9029776e-06
4.8742768e-06
4.8455632e-06
4.663232e-06
4.6908736e-06
4.8082992e-06
4.8991296e-06
4.8326864e-06
4.90768e-06
5.0410704e-06
4.716952e-06
4.5745584e-06
4.6431584e-06
4.7531312e-06
4.5708384e-06
4.6256048e-06
4.7637616e-06
4.7690576e-06
5.0049808e-06
4.8259296e-06
4.9677936e-06
5.0097856e-06
4.7307984e-06
4.7462464e-06
4.7063344e-06
4.74564e-06
4.5251776e-06
4.5607888e-06
4.6356928e-06
4.4513328e-06
4.494384e-06
4.7536992e-06
4.63732e-06
4.7282144e-06
5.1623056e-06
5.0692928e-06
5.055472e-06
4.8790432e-06
4.8317936e-06
4.8971264e-06
4.7403696e-06
4.4651152e-06
4.570864e-06
4.8774288e-06
4.771176e-06
4.6707488e-06
4.5841552e-06
4.8519312e-06
4.9024608e-06
4.872688e-06
4.6134112e-06
4.5948368e-06
4.651128e-06
4.5761984e-06
4.5342064e-06
4.61128e-06
4.4645728e-06
4.4300592e-06
4.4656576e-06
4.4895792e-06
4.6314176e-06
4.7541776e-06
4.7057792e-06
5.0406048e-06
5.0661024e-06
4.9475792e-06
4.6138896e-06
4.3986848e-06
4.58152e-06
4.6117968e-06
4.8700528e-06
4.7786416e-06
4.8572784e-06
4.838136e-06
5.0129376e-06
4.7515168e-06
4.6909504e-06
4.7175328e-06
4.8896864e-06
5.0060784e-06
4.9024608e-06
4.9518544e-06
5.101184e-06
4.6521744e-06
4.667584e-06
4.83656e-06
4.89236e-06
4.8004576e-06
4.8031056e-06
4.8424368e-06
4.8860048e-06
5.1373248e-06
5.1314608e-06
5.0597472e-06
4.837632e-06
5.150616e-06
5.1426336e-06
5.2584832e-06
5.1516496e-06
5.07464e-06
5.0852064e-06
5.0507056e-06
4.9141248e-06
5.1591152e-06
5.0172384e-06
4.882272e-06
4.7828784e-06
4.9928e-06
5.2075136e-06
5.210704e-06
4.9843136e-06
5.0469984e-06
4.8190192e-06
4.4560992e-06
4.6834464e-06
4.6739008e-06
4.89816e-06
4.8758912e-06
4.9938592e-06
4.9848176e-06
5.172368e-06
5.1399728e-06
5.3073984e-06
5.2207536e-06
5.2038064e-06
5.0651072e-06
5.0821312e-06
4.9093968e-06
4.99488e-06
5.0501504e-06
4.9560784e-06
4.893872e-06
4.8509104e-06
4.9927616e-06
5.1861888e-06
4.85888e-06
4.7324128e-06
4.68404e-06
4.7902544e-06
4.7966224e-06
5.1027088e-06
4.9374912e-06
5.1112848e-06
4.543184e-06
4.6473696e-06
4.7142912e-06
4.8073168e-06
4.7956016e-06
4.8243024e-06
4.8609856e-06
4.991728e-06
4.8051984e-06
5.0304656e-06
5.0819904e-06
4.8487792e-06
4.8976816e-06
4.941728e-06
5.066064e-06
5.1000096e-06
5.043176e-06
4.9480832e-06
4.925776e-06
4.6866624e-06
5.2530976e-06
5.2270448e-06
5.240336e-06
5.1712704e-06
5.0670976e-06
5.376904e-06
5.191976e-06
5.023e-06
4.9741104e-06
4.6802816e-06
4.7302304e-06
4.7976944e-06
5.0745376e-06
4.86468e-06
4.820544e-06
4.896016e-06
4.7440512e-06
5.0532896e-06
5.0182464e-06
5.2632112e-06
5.0942864e-06
4.981072e-06
4.9666832e-06
4.7865344e-06
4.6856032e-06
4.719096e-06
4.563928e-06
4.670232e-06
4.439088e-06
4.402392e-06
4.6340784e-06
4.6819472e-06
4.7733072e-06
4.986368e-06
5.0230384e-06
4.9374784e-06
5.1787104e-06
4.9220688e-06
4.9582096e-06
4.7462208e-06
5.1999072e-06
4.8922832e-06
4.9002656e-06
4.9656752e-06
4.658e-06
4.745136e-06
4.729688e-06
4.546904e-06
4.7031568e-06
4.7903184e-06
5.0171744e-06
4.8657008e-06
5.0655088e-06
5.0283344e-06
5.0596832e-06
4.7860304e-06
4.9693696e-06
5.1882944e-06
5.2887216e-06
5.0920912e-06
4.77168e-06
4.7764592e-06
4.92048e-06
5.092672e-06
5.103896e-06
4.9997616e-06
5.1176784e-06
4.9991424e-06
4.8264464e-06
4.8460928e-06
4.7886912e-06
4.7249856e-06
4.64312e-06
4.5544208e-06
4.6899168e-06
4.6112416e-06
4.7690448e-06
4.4140688e-06
4.5920608e-06
4.9358768e-06
4.456112e-06
4.5166656e-06
4.6920224e-06
4.4969936e-06
4.5379136e-06
4.6946448e-06
4.887568e-06
5.1086112e-06
4.9661792e-06
4.9257632e-06
4.9109216e-06
4.7010512e-06
4.623512e-06
4.740976e-06
4.7181392e-06
4.5698816e-06
4.5847616e-06
4.5805248e-06
4.3971472e-06
4.3365808e-06
4.7276464e-06
4.7292224e-06
4.8386912e-06
4.7392848e-06
4.8142144e-06
4.640472e-06
4.5001968e-06
4.5464256e-06
4.5288848e-06
4.5459216e-06
4.7031952e-06
4.8014912e-06
4.5528192e-06
4.3641584e-06
4.7621472e-06
4.7812768e-06
4.6819472e-06
4.4375248e-06
4.5374224e-06
4.5708896e-06
5.0787488e-06
5.1882432e-06
5.0112848e-06
4.9278688e-06
5.0495824e-06
5.0894304e-06
4.9475408e-06
4.8816144e-06
4.9252336e-06
4.994312e-06
5.1962384e-06
5.1010944e-06
4.9836816e-06
4.8407456e-06
4.66008e-06
4.732336e-06
4.8615024e-06
5.167512e-06
5.1728208e-06
5.143048e-06
4.7196768e-06
4.7643296e-06
4.726096e-06
4.7674816e-06
4.6883024e-06
4.8370384e-06
4.7966864e-06
4.831768e-06
4.908248e-06
5.1117888e-06
5.1447392e-06
5.1171872e-06
4.9790304e-06
4.973192e-06
5.0598496e-06
4.8781376e-06
4.7495392e-06
4.8913392e-06
4.8190192e-06
4.9099264e-06
4.4592768e-06
4.5432608e-06
4.5092512e-06
4.7515808e-06
4.8966352e-06
4.861024e-06
4.8610368e-06
5.0151712e-06
4.7723504e-06
4.6724144e-06
4.8844032e-06
4.5655936e-06
4.6724144e-06
4.7090976e-06
4.7425264e-06
4.6484416e-06
4.7897632e-06
4.6447216e-06
4.5586704e-06
4.520928e-06
4.8200784e-06
4.9040624e-06
4.83656e-06
4.6797904e-06
4.8121216e-06
4.746208e-06
4.8280992e-06
4.6771552e-06
4.659072e-06
4.5192752e-06
4.5633728e-06
4.6590336e-06
4.640472e-06
4.8211504e-06
4.8689936e-06
4.7828912e-06
4.6569792e-06
4.5602592e-06
4.7446576e-06
4.71172e-06
4.89444e-06
4.953456e-06
5.0698352e-06
5.083656e-06
4.9640864e-06
4.8923344e-06
4.9736064e-06
4.9295088e-06
4.7419456e-06
4.7153888e-06
4.7786544e-06
4.6330448e-06
4.6425776e-06
4.6303584e-06
4.811024e-06
4.7445936e-06
4.800368e-06
5.145192e-06
5.0262032e-06
4.9932912e-06
4.669664e-06
4.9263312e-06
4.9874912e-06
5.3121264e-06
5.2711936e-06
5.0267712e-06
4.7738368e-06
4.6255664e-06
4.7870768e-06
4.8205696e-06
4.8216416e-06
4.7477584e-06
4.7584144e-06
4.7823232e-06
4.8041008e-06
4.7307728e-06
4.7833696e-06
4.6696512e-06
4.6707104e-06
4.8147312e-06
4.9093584e-06
4.9317168e-06
4.9827376e-06
4.9859024e-06
4.864744e-06
4.68568e-06
5.032648e-06
4.803584e-06
4.7175456e-06
4.8121216e-06
4.9853088e-06
4.9460032e-06
4.9337328e-06
4.8566592e-06
4.9310592e-06
4.7711376e-06
4.723888e-06
4.7685152e-06
4.731832e-06
4.7100544e-06
4.7977072e-06
4.6367136e-06
4.7637104e-06
4.7988048e-06
4.7887552e-06
4.8493344e-06
4.8094608e-06
4.9662176e-06
4.8392464e-06
4.563992e-06
4.6681776e-06
4.4853552e-06
4.5597296e-06
4.7680496e-06
4.91468e-06
4.8578208e-06
4.7419584e-06
4.8557024e-06
4.943368e-06
4.7260192e-06
4.5336256e-06
4.6739008e-06
4.7647312e-06
4.9130016e-06
4.6574064e-06
4.6298032e-06
4.5538272e-06
4.4172976e-06
4.542176e-06
4.5751392e-06
4.6771552e-06
4.8291456e-06
4.9093328e-06
4.9050704e-06
5.1123056e-06
5.0256864e-06
5.0952944e-06
4.762096e-06
4.8460544e-06
4.7493856e-06
4.4528832e-06
4.5331216e-06
4.5698048e-06
4.472064e-06
4.5081536e-06
4.6389088e-06
4.7632576e-06
4.7266256e-06
4.9009104e-06
4.755288e-06
4.8339376e-06
4.904088e-06
4.7775824e-06
4.7621856e-06
4.8737472e-06
4.8583504e-06
4.6543184e-06
4.7266384e-06
4.7669648e-06
4.7446192e-06
4.826408e-06
4.7860176e-06
4.726976e-06
4.875776e-06
4.8588288e-06
4.8785136e-06
4.7440896e-06
4.7302944e-06
4.6494624e-06
4.8126128e-06
4.7408864e-06
4.78656e-06
4.7568e-06
5.1112464e-06
5.1335792e-06
4.7882256e-06
5.0358e-06
5.0161152e-06
5.1032512e-06
4.7732688e-06
5.4119344e-06
5.2328832e-06
5.0007312e-06
4.8413648e-06
4.4199584e-06
4.2786496e-06
4.2260272e-06
4.4523664e-06
4.5219616e-06
4.6133216e-06
4.8343776e-06
4.9682976e-06
4.7600288e-06
4.7557792e-06
5.1203264e-06
5.176088e-06
5.1287744e-06
5.2276128e-06
5.4433216e-06
5.3805856e-06
4.5256944e-06
4.4635264e-06
4.7865728e-06
4.8391952e-06
4.9725728e-06
4.9189296e-06
5.1086112e-06
4.848792e-06
4.9964944e-06
4.858376e-06
4.7690832e-06
4.8051984e-06
4.793496e-06
4.7520592e-06
4.7600032e-06
4.8290944e-06
4.6202704e-06
4.6335616e-06
4.2371616e-06
4.2249168e-06
4.4672976e-06
4.5645344e-06
4.5470192e-06
4.6606864e-06
4.9725984e-06
4.8067488e-06
4.722816e-06
4.7542032e-06
4.8498384e-06
4.7967248e-06
4.8945296e-06
4.7770528e-06
4.5687456e-06
4.4980528e-06
4.5383792e-06
4.4762368e-06
4.39016e-06
4.346592e-06
4.40296e-06
4.34508e-06
4.9007824e-06
4.9444016e-06
4.8466224e-06
4.8067616e-06
4.8227136e-06
4.8254e-06
4.9412496e-06
4.7058304e-06
4.5729824e-06
4.6537632e-06
4.5086832e-06
4.5283552e-06
4.7047584e-06
4.7700784e-06
4.4810544e-06
4.3694672e-06
4.686688e-06
4.8519312e-06
5.0102768e-06
4.965624e-06
)
;

boundaryField
{
    xPeriodic_half0
    {
        type            cyclic;
    }
    xPeriodic_half1
    {
        type            cyclic;
    }
    yPeriodic_half0
    {
        type            cyclic;
    }
    yPeriodic_half1
    {
        type            cyclic;
    }
    zPeriodic_half0
    {
        type            cyclic;
    }
    zPeriodic_half1
    {
        type            cyclic;
    }
}


// ************************************************************************* //
