/*--------------------------------*- C++ -*----------------------------------*\
| =========                 |                                                 |
| \\      /  F ield         | OpenFOAM: The Open Source CFD Toolbox           |
|  \\    /   O peration     | Version:  2.4.0-MNF                             |
|   \\  /    A nd           | Web:      www.OpenFOAM.org                      |
|    \\/     M anipulation  |                                                 |
\*---------------------------------------------------------------------------*/
FoamFile
{
    version     2.0;
    format      ascii;
    class       volScalarField;
    location    "0.0007";
    object      rotationalT_N2;
}
// * * * * * * * * * * * * * * * * * * * * * * * * * * * * * * * * * * * * * //

dimensions      [0 0 0 1 0 0 0];

internalField   nonuniform List<scalar> 
5120
(
310.9140609
324.722309
312.0052614
306.0559788
300.5146291
292.5767582
288.5317007
299.4439473
286.3612877
289.2441538
300.4893121
296.2396197
288.4744187
292.8691875
301.2446743
297.8894744
296.2077434
305.0695072
285.3163062
293.4770565
289.0533277
291.968567
286.1167154
263.89897
270.6347596
280.915277
286.8211895
289.1408173
289.2853425
288.3088832
294.5203027
300.3525182
311.7463558
326.0963034
329.3070237
317.4721682
312.5293731
303.0856277
299.2720397
286.8232498
279.5090377
293.2505035
294.8097421
302.185714
305.9096296
321.256212
317.6038179
305.5555309
314.7570429
298.6369339
290.8580061
281.9489308
285.5508018
286.1972259
286.6496467
290.01217
305.3925555
304.8445645
306.7848236
298.4983953
307.2311232
280.4894734
294.7716693
297.9181186
294.6757472
281.7631267
276.5421324
307.3224661
309.8146701
320.1213477
332.9195045
338.0366603
321.786115
312.256558
303.6725679
300.4831963
298.088555
310.2871827
304.7736196
298.8523161
307.3573809
304.1610954
297.4629093
289.4102886
286.8300101
285.3622845
290.1511254
307.2483622
305.5395322
304.045004
294.5533695
277.727542
276.1378242
281.9001074
295.5711963
310.4809682
305.2218074
293.1397845
300.3139633
300.6084836
280.8501496
302.8334654
309.5132854
306.2967715
306.5276653
309.4677578
301.6215526
304.812245
297.4610631
305.6293748
293.6806851
286.4689543
286.3794661
288.6301603
305.9804605
310.5482305
300.6721846
300.440685
303.5667898
296.3768349
298.5977778
294.1951065
299.954168
298.5094574
295.5333029
299.3857458
300.4765341
287.7058956
279.1260904
286.8178637
293.2691388
305.7473171
305.2242088
301.1975714
285.1046106
274.9379261
294.7514662
308.1487161
290.9546037
288.3506932
280.2575162
270.0353234
263.4959727
285.6721274
294.9641511
301.4557553
313.6439912
296.0759228
308.428014
298.2800903
289.6475019
274.2290738
280.8943386
283.0744493
296.5965559
303.5077693
293.6846195
299.5287941
286.2864613
297.3854191
314.0391733
289.7557318
280.9649437
268.8046496
274.9555426
274.2464631
274.6880867
280.961446
291.3527429
296.597604
288.8183846
278.2481672
278.7369308
276.313012
272.3690756
287.4049784
279.9793766
279.6943409
299.4946701
293.1460263
304.9352292
318.6138076
310.2602888
297.8887028
323.7755638
316.7640089
303.9799162
287.7144235
284.1838732
288.6224552
294.9272212
298.34936
298.59989
308.6909168
333.7043408
338.9786409
331.9320733
323.3876203
306.8382129
299.1271815
316.3304512
319.1083832
312.6469026
314.6545531
306.3272803
315.4707075
320.9575577
335.5807864
339.8891363
340.7817767
334.3063765
326.5701014
342.8189788
339.1232822
329.0792426
323.2946465
330.6975975
329.9389447
327.2390196
316.1061696
294.4349836
297.8056055
306.2355837
304.847763
299.1975006
311.6106526
299.1457666
305.9901615
307.6236949
313.4931118
326.9608714
336.0429083
330.9259219
329.6189948
332.3011202
296.9568451
288.9726675
288.0535515
306.2458288
293.6183282
301.8645815
300.0198507
297.3043283
308.3107879
305.8211592
294.2679454
317.2427946
304.3169036
301.0364724
305.1328875
295.9062538
293.7413186
309.2326542
303.3007881
308.7207226
309.6688367
312.9695494
312.5535109
311.7891431
324.7214659
307.1197363
306.070195
300.7916665
308.5137645
296.4123756
308.6709683
304.9673231
293.5298999
279.4556984
297.7483164
311.8189782
321.7749536
312.5649791
301.5100264
290.3321855
294.7763335
284.9432024
299.6480327
294.0764581
285.8359891
301.4188971
296.7755814
296.9978335
295.8454784
301.9446021
298.4073523
321.1978267
324.2339493
320.1739784
291.588892
281.843577
294.197993
290.8133968
299.6766518
305.4571743
296.4729391
306.0796315
299.878955
304.620778
303.3717202
277.1464594
296.8401962
317.4636879
315.7466489
321.4639294
300.8563895
304.9856856
309.421453
316.0990335
334.3625446
331.7950776
337.1123481
335.9593967
324.0379925
287.1903246
280.0802402
280.0891017
280.1643706
266.5700916
261.7543315
293.7765532
282.3345593
292.5382377
302.660696
318.7578606
317.5551731
312.2542874
285.0051394
317.4645593
313.6424596
312.0627433
320.5310637
323.3598301
304.1548796
321.8430406
316.7888201
298.8673269
318.4024582
311.0009829
316.6220317
305.4724055
305.2941784
300.1710883
292.2567055
286.0759868
307.8914609
296.4787245
311.3642729
303.945117
313.7866943
306.3811021
314.3663028
314.6098054
292.3122977
295.8918617
304.9740805
303.4043427
298.0074462
292.00862
310.8150465
274.863735
278.1832139
258.9895292
257.8840412
264.1715332
260.7778251
278.6303985
270.6647775
276.9556515
280.5519467
284.6154099
292.7470568
283.0092675
287.0860277
294.2116034
286.1765131
285.6023828
278.3718962
275.7888058
265.0508275
297.8428587
317.884726
315.2765538
317.7272052
318.8937408
298.8248295
296.9459588
287.3062531
262.4031026
281.8675651
274.5257046
286.5750741
292.5686818
289.0809763
301.3780145
305.153055
294.458751
291.577667
286.7973971
304.5080247
298.5317705
293.5624182
301.1532912
303.5648256
303.9636442
319.2948609
304.0086008
292.76928
291.7327201
300.9405633
292.128841
283.7450392
279.2887117
271.8128961
266.7704742
283.3342308
294.0202823
305.5225394
317.9925923
308.1079867
324.3451653
305.7468516
315.6684861
318.4382884
305.8918986
300.8233299
316.4314696
324.2427291
298.8473669
291.0580271
304.8311347
313.2052424
297.6081584
300.2611384
286.7400346
286.1440634
282.6504229
278.6455141
299.1575162
311.1207619
296.067926
313.265376
308.139766
325.2146896
313.7876777
306.4678925
290.6109572
294.4696763
299.0917511
310.0337586
328.7128239
313.4030642
317.7460229
315.0644613
326.03539
325.4783108
311.8758563
302.1674698
276.6585223
280.5786317
286.7195245
275.5750897
280.6261561
273.3623818
295.1761225
299.3506817
300.1035143
302.6689626
287.1347933
289.5240538
284.1570032
304.1300778
291.4573587
286.0074789
280.0129737
273.5553663
296.0700045
292.3612024
305.543413
287.8106068
275.771825
296.3901066
296.6175771
289.285429
283.4806855
280.4697063
278.0029599
288.5111453
291.3577425
303.6329916
317.2045566
308.3990465
308.6252095
302.6136716
305.7726223
299.307062
284.4713589
282.7602577
269.2439261
269.1665957
310.5689938
307.1221421
316.9951018
327.2801205
308.5396137
295.0415278
290.3665927
287.1351337
287.468603
289.3042464
308.0979806
302.9735537
302.0702273
283.2952146
271.3762552
278.126474
291.9648199
285.3952925
303.6313925
306.8662303
288.9501521
276.4877735
281.3681734
295.4778705
301.9166636
308.2131968
305.101157
320.0447678
345.9466888
321.168494
329.1760716
311.6093945
299.7351658
297.3720643
299.6391704
303.3703147
290.6433573
304.8129098
304.7627836
299.0946719
343.0892601
343.6900751
318.8419728
305.4993935
317.049537
308.9798543
314.8999478
312.4987541
298.584752
305.3026365
323.0755833
335.5270875
320.4046372
298.24348
298.8871479
324.2593316
328.6999758
320.7883819
319.3119855
330.6650365
299.56958
296.2144911
304.4903316
293.8250358
305.5591356
312.3754101
309.7286045
301.576643
306.8829984
306.8764851
305.8765831
317.3957777
308.584301
302.842753
286.9202737
290.8708317
292.8991087
282.9227548
299.6337671
292.1125546
291.0262606
300.9417559
312.1424493
312.1260865
291.1247523
276.0350728
280.19445
290.7858366
308.4237323
304.9090685
296.630282
294.2083532
303.1647437
298.2674664
309.6220423
309.0546714
320.3453433
296.0926311
286.4718892
279.1313475
325.6381702
320.8518635
293.4800197
306.90457
304.0830388
306.5860364
305.5987248
292.690527
286.1974522
296.2373372
287.5993553
277.9299589
304.53138
315.2635853
310.0730513
308.9921117
319.7616239
334.7631944
323.2839383
328.9256823
325.4690162
360.3304565
350.8167483
346.4636802
348.4053362
323.1343744
316.1091777
319.8430042
313.0470952
313.4176118
316.0470228
298.9196621
302.1141786
292.9753995
301.5210824
283.3943876
296.472599
301.8717045
309.1925914
313.9427906
309.4271667
318.7824892
310.6939821
311.8816867
306.9855295
307.940959
309.5350931
312.3300504
307.8801657
316.1070386
317.4870723
292.8711795
288.5268455
293.1265824
303.228187
306.4310229
308.1951219
282.7935692
283.398661
298.3290094
306.4360765
292.1319038
293.6089957
298.644496
299.6786795
309.1829946
314.8448033
302.2034406
299.6882058
289.3579381
280.7298839
280.935134
300.232116
291.061473
274.041393
279.8363797
297.8923271
316.1191684
296.4105967
295.6927556
293.9091614
295.4067916
305.9597407
305.0353454
296.6292179
287.6650611
282.1833616
296.1341401
299.8772308
309.9352853
307.3412297
299.8364835
316.6587257
318.8496637
325.5754983
331.7663955
303.6857721
311.6759488
307.2630941
298.9078884
327.7865457
331.511477
344.3232811
324.745324
318.09382
316.8101853
315.7095152
312.35188
309.9581805
296.484222
290.8809772
283.8290198
287.9399773
283.7034037
290.5240216
288.0402424
309.275609
319.8394556
303.4441836
312.4245035
284.7693107
286.2328708
286.2986964
291.9007709
279.7116605
268.6919449
265.3306474
277.9701704
294.4885183
295.0329625
297.8393889
304.8374451
296.25814
293.283769
296.2181212
297.6570038
294.1931011
288.1047154
292.6565805
282.0625292
284.4452538
282.3339704
265.8862517
283.922061
293.9783823
288.4658532
275.1273802
259.8120198
264.0975758
277.8528156
294.5045836
298.9334049
301.3165767
313.297031
321.543342
306.8588742
314.7361959
301.7036929
309.2069244
295.8862027
312.1928093
302.4626754
308.8771544
290.0388872
276.5506486
288.2836635
295.2608706
309.3821329
315.8160368
315.1859654
299.7008064
301.4058243
296.5062248
275.669605
311.2897425
331.8702111
318.0644031
317.0538827
302.9962313
306.5057827
314.7306729
314.4149876
289.2827441
290.5542587
292.5156452
294.6720077
299.3076293
294.9173845
288.2395968
274.1206267
284.9524829
280.0305946
277.8493174
269.3336283
271.697255
279.4619336
279.7212717
297.2937541
301.6520611
303.1292976
273.7170866
267.9099032
268.1613557
257.4593323
256.7822548
268.2954836
282.0278095
270.1847501
267.727813
289.2159717
295.5853865
306.5273716
301.6993945
290.5674711
289.8882597
281.806544
289.1483132
287.8748993
280.448936
275.4021318
269.8479519
279.066861
284.1992825
284.8763086
285.1459849
306.5728141
299.6876949
324.0731089
328.8760725
326.6056747
303.6782909
300.1676115
306.8961829
304.1586346
291.8500326
280.0673472
271.5131825
283.3661993
279.3976885
271.3742308
308.2086056
318.3444146
311.9073135
305.9218998
312.6068153
318.2177378
321.3727744
311.1118779
301.0217407
289.8757791
279.6454814
265.6673495
269.7459536
279.8033529
293.95836
300.4376121
297.5619253
302.7680026
315.7817288
321.366526
296.1676389
313.5687862
310.6793138
314.1711792
311.1616078
314.3015044
310.3723013
304.3192254
309.6107382
305.5124904
322.5290756
318.3052923
330.0769619
341.7228285
307.7020299
309.390058
305.1499911
296.9208221
293.6990653
282.4346841
299.2641385
292.912185
295.0272918
294.486837
291.4355151
288.7049976
305.5930857
317.677046
318.8049639
314.1138451
312.6382988
299.6847842
301.240453
302.5120143
298.5966211
313.0661335
300.4157132
302.0684833
313.7612165
303.4715964
309.852773
310.2443184
315.0937876
309.7639837
320.9428441
323.2344165
300.8439864
305.3761355
312.409274
322.4253029
338.9911365
318.6595532
321.8653406
318.1837645
314.3962203
309.5112977
303.0645754
294.7064648
316.0905557
306.3126189
307.2735379
311.5209967
312.1375853
300.4687769
300.2785604
317.6380788
306.2042607
314.6737596
301.0999101
302.495943
313.364429
317.8265463
310.701157
311.2230462
308.392628
324.7422693
321.012766
320.5093328
313.3968933
315.0483973
292.7490499
290.8618265
300.0296073
320.271685
302.9263104
310.480434
312.9946318
312.8455957
302.7713878
308.2809445
301.4355181
301.2759671
297.214881
291.0093434
301.4937411
310.9348654
298.1590306
312.8574462
315.5141058
291.4321082
312.739033
294.9023606
294.2539489
303.3863577
292.1973359
284.5954483
281.0216051
301.8425072
303.5129154
300.9096146
288.1103113
292.4134014
297.3332437
311.7186544
315.0324375
296.9519853
299.7082402
304.9644057
306.7483216
307.3879891
294.8446825
304.8218427
309.3693456
310.1336751
301.4905429
301.5503939
314.7987142
319.4520363
318.9382849
320.6294116
321.2815195
304.3660434
314.6504656
305.2295369
305.7616253
303.8308947
314.2478353
308.5939152
299.9848978
300.2321567
315.895155
302.6565317
281.3130228
272.1676305
289.4448436
295.3400818
294.4096871
291.6593623
299.0219388
299.6873827
296.1646646
307.125636
306.7808575
312.2423521
303.1880693
302.9904334
296.0883644
294.9075852
302.1365314
312.8232468
280.5797862
285.4707693
282.517913
304.9893476
303.8220826
295.4579122
290.7005658
292.3358375
293.4134037
288.0709432
278.8381532
292.7286491
291.907751
288.6490501
277.7846166
284.2455715
279.4737635
308.3602263
307.888411
301.3855497
316.1036354
294.6865472
282.2926706
280.0866032
301.894877
313.8056953
312.9983156
307.0287954
303.740179
301.9582343
315.9930597
310.6485687
318.5189291
322.552716
323.8357778
324.3501644
323.2322514
301.4840405
287.9427559
302.7075557
316.5466403
319.8545089
316.062404
311.8376493
310.1632352
319.6270153
318.2774027
309.212884
305.1380625
303.9254283
290.0904341
299.7488007
289.0342456
289.4697606
281.717859
301.1577287
324.571102
317.8536553
321.8759022
314.2218464
304.0133125
301.292516
294.6883163
292.6992667
292.6367907
286.8039381
276.8475787
286.1236513
279.49058
294.0820962
303.0685635
288.4679973
293.7556012
306.6500171
294.639832
287.5948454
289.8692944
301.8804066
309.6198796
298.3631323
267.2827353
295.7676178
308.3592877
304.4224561
312.0375798
309.1492306
307.7185958
297.7948941
310.5611087
311.594398
313.6090149
328.6988203
312.7478118
306.9430904
307.5536719
285.6249426
278.5703952
274.5916803
281.3589645
281.4444028
295.0832039
279.1009874
291.3546788
296.7363122
295.5437332
292.2105494
307.7854964
290.2729045
301.8923225
302.924879
295.1714352
293.3800316
307.8643698
302.9580534
324.9336068
331.9282943
307.1765811
290.3549294
282.5989913
298.0338177
303.0873542
296.414919
290.3719545
285.3036332
288.3613423
274.9614686
276.3688118
278.6558431
278.2701817
280.4856279
290.07224
301.2362392
304.6991842
311.3495935
304.2592508
302.9016757
309.4925028
311.1227488
305.3070492
307.6994449
289.2177869
270.5283638
297.1088545
284.2806716
273.5526943
266.6787893
275.7949706
278.1662477
283.5250501
294.1973152
286.8418279
282.7487709
274.2868968
266.5390998
278.9789569
302.210426
304.697212
297.8819552
293.7696007
294.9063129
293.4469636
289.5964545
305.5228823
312.9620461
306.976653
302.2134818
295.4732078
294.7227238
294.240462
297.4125048
300.771199
322.8601687
310.8643593
312.8195169
333.2391701
318.0097402
293.4194847
298.1165141
300.8792213
294.3906245
337.9929102
320.6263557
293.9112084
279.190122
284.1243821
295.1004183
306.5560785
303.3244474
300.4020562
293.5533205
309.9455436
313.9163415
314.8115223
318.3388606
305.2213441
325.8679945
341.413499
338.2999869
333.060249
341.0867108
320.9088175
323.2020338
337.2423928
342.889179
328.0981354
336.3321563
332.0145092
315.4721844
321.8954991
313.7311574
323.3278245
304.3076767
318.0412276
314.3411068
332.129792
326.9074492
330.2942686
332.448151
322.6876314
319.3651826
296.1900492
301.8510097
297.7846044
287.8869088
317.595922
311.4159905
310.0617648
320.3198078
318.4869478
318.6103323
325.2602746
317.4674224
314.1065781
307.7128192
319.6227968
311.5172236
296.2386625
291.1429716
305.4592709
297.2672937
296.5076858
299.2030279
291.5026758
304.1830692
317.1593704
333.9080363
327.2431335
326.03541
313.1306771
306.2228258
304.3244032
296.1433024
283.3370959
283.3117215
291.2148863
287.556465
293.8250417
297.0940149
281.5380348
285.356374
289.6224185
279.1815422
286.2950042
286.0321776
279.375466
276.299267
293.5434793
287.9294704
297.7865521
309.6226876
305.5753831
308.515293
313.004092
306.4061405
281.3640141
284.4222199
288.4402907
290.6828591
299.7364661
287.6256432
297.0960095
294.2032204
300.7392545
297.5025264
289.6899174
297.5503993
305.7814863
308.6630264
323.5339789
316.3408087
303.2334372
292.9188949
292.749656
301.1159086
312.4448068
307.2762071
307.421758
307.9024038
307.7021697
290.88016
291.0796484
282.067056
286.0596351
297.1166461
288.5580655
275.483018
293.7493783
295.254063
300.3265056
315.113479
314.0116447
310.6251432
293.0691115
281.3946231
282.4617186
279.3746945
290.3246253
280.5550994
282.3625499
272.6058001
273.8199334
274.7464219
286.6288162
289.0867253
292.7783743
306.8545088
302.879263
304.7527721
295.6800778
284.6281186
290.2898007
289.497001
283.7198852
290.3006616
296.4062816
295.4281301
291.0584522
278.156451
293.2099253
280.8211307
302.4947082
307.8447222
308.1281666
299.8968613
307.8717169
300.6226562
314.5947847
304.7039434
293.5660102
299.6649694
301.8765737
294.0981005
282.750903
289.9145935
313.9799986
328.2569807
309.8474489
310.3416674
325.8280951
309.8034614
290.3004955
298.5439357
299.3029962
295.0062818
297.4582248
293.9457328
287.6020499
299.2585746
307.1401441
298.017463
306.9530278
296.4650451
293.9452617
295.6754433
291.2564909
292.4512366
292.8738945
307.8767025
280.7488178
281.1594592
330.3830149
320.6405111
312.8061286
298.8791948
310.7860886
298.3513985
298.8507591
297.6465799
304.8267647
302.3834054
293.2429844
297.8485282
311.209455
324.1927256
320.0503792
313.8690098
303.3452007
316.1151113
322.6420752
323.9434776
309.12128
304.5621952
309.8754628
293.1742308
305.428385
309.9431746
321.5631591
322.0229234
322.1504977
308.0004471
302.8487817
293.7635148
286.1695889
283.1900365
307.0308086
310.8425083
324.1495375
317.043241
312.5149703
309.314994
279.9892057
272.339337
294.4291277
303.4490228
304.1283598
301.4128233
295.0812598
301.154238
287.7093272
277.0607271
277.3452746
284.7461193
281.2340161
278.4328529
267.6849881
271.2707208
268.3588606
278.4262995
268.9788775
272.6913622
301.9862188
304.5650058
286.944287
293.2063485
294.0836989
304.2812685
310.778511
317.977285
307.9196844
300.0768516
301.4358054
279.0279539
280.154266
278.3169992
288.3498014
297.8636119
300.1078183
295.848374
305.378395
304.0044625
293.7870799
289.0929466
286.7162794
281.2370912
277.297895
282.0127964
271.4143016
279.5504673
268.1538787
261.553972
266.2415208
271.6679402
282.7874961
273.8748079
283.590992
298.7179985
301.9884293
304.289951
300.0746863
295.1774925
295.6481764
294.5465046
296.3519064
285.2309268
286.32261
295.2887372
302.9018292
304.1896706
299.5958132
287.2079038
295.7313917
306.6665113
316.9199521
312.5113523
299.1060681
281.4457735
284.7894871
282.1062841
292.3114821
302.0641646
307.8000397
308.5438109
313.331777
331.6301012
314.6866599
303.9400325
300.0599782
310.0939219
322.484786
316.9501677
306.8987015
293.5162323
279.7926747
282.3069826
278.2512971
268.4786154
291.5723128
291.2420734
299.9912726
303.1513223
310.8940656
317.619574
306.4053815
331.6690537
335.112085
329.5032725
317.0925124
316.5388137
299.2362218
308.4660481
317.1969997
299.3318287
314.5833441
302.5450646
299.4019612
312.8336212
279.9634376
281.9010314
298.2234388
303.7141387
325.7983504
318.8364103
336.9672712
315.3537277
292.0119361
295.1098646
309.1783137
309.6412283
317.7145451
311.048909
289.2113573
291.2026255
293.9784921
315.4089442
318.3262517
325.2777928
321.3528255
310.4993189
316.5920956
323.5869701
291.3695808
289.5782244
305.9210561
315.6655449
308.5249888
297.9926375
295.4690542
274.7151198
275.2569551
286.2148378
299.5988089
311.5977089
320.3807856
323.1438452
312.1618889
306.1357916
303.1997605
307.7214936
304.4483753
296.8409479
281.0504591
302.1091227
293.8950767
292.1622317
278.9648136
291.1658468
282.9933353
303.5160101
293.7167164
286.5096157
277.1843294
292.5329249
292.0917325
290.7101581
297.2130406
289.219105
291.9002398
294.0970128
292.1189946
289.1043902
294.941402
302.2019927
316.4588074
318.9585614
310.245816
320.5264328
317.6016183
306.4022279
288.0893054
289.6663493
298.6299027
299.8070032
300.4746305
306.1731797
302.5651232
297.0407821
299.7903984
288.8022245
293.9998609
311.6282007
307.4912237
302.5098364
299.6714989
295.7770732
293.7459085
291.5832919
284.8624373
285.3058562
275.3916594
261.5139309
269.6925635
274.9503345
287.4987441
288.8168768
297.4055181
292.23255
286.411589
284.043997
296.902644
312.4558435
313.6216998
314.5463946
297.6165323
313.4727097
318.2888106
304.6731704
288.068676
284.5402339
278.4161475
293.0877652
290.9701175
285.1470586
277.944515
273.9474929
287.8319264
284.403493
281.558991
296.543828
305.3094587
305.1103564
314.4288877
317.8704936
315.9319454
308.8824479
279.8767218
285.4737393
284.8932041
284.3532094
285.8819213
276.8992581
271.9544215
279.2566904
292.6976176
292.5494801
283.8144814
285.8582024
305.8804002
293.858868
298.5802638
311.9075022
285.7947548
275.8514264
272.9861727
288.6666138
287.4552196
296.7185127
293.8022788
293.2475687
302.1822401
317.7892544
308.5114404
313.1865217
305.0872263
296.093218
304.1295291
300.8808801
298.1384851
294.2865115
277.7709294
272.2732533
310.0882664
301.0237832
303.6837016
316.7209646
311.946069
304.926033
293.5171314
278.48711
277.8757435
282.5979031
286.6055562
305.3134604
306.1542837
306.3215446
307.0575511
317.7165982
312.900628
313.2950231
322.5787871
312.2092784
292.7204644
295.5155265
305.477155
308.4622104
291.3809225
290.609927
305.8450104
300.3132789
302.1352682
286.1217471
282.8480957
296.4841583
296.6331433
289.7348635
302.7105882
300.6906406
308.3432663
301.4823494
289.2420761
292.7561873
309.4040705
298.9785516
293.5126156
294.4866381
303.5293027
304.0976621
290.4900061
273.9828894
269.1877382
282.4094161
304.6246816
312.1360627
299.2097636
294.109774
296.2247405
282.1537835
286.0587403
288.0835649
293.307812
306.836238
281.0123474
303.1785963
298.3739136
305.6733174
305.3033905
297.5166696
286.6549333
277.8221611
287.7794372
289.8136205
277.0145384
283.2558691
291.804554
300.7407255
297.8525359
298.6964825
303.8040036
293.8041134
286.4702716
281.2989072
303.2600522
308.8250108
310.5675523
304.7167216
312.7709674
302.2820597
293.6616311
294.4708113
295.8700439
305.1659591
304.4429832
290.2420293
287.2954991
292.0904103
291.4890753
296.3513006
280.3235421
271.1202801
278.8981783
294.7386202
306.2647205
313.4860013
319.7142056
319.9648475
323.6871208
337.92659
326.3485001
316.4231875
323.8637654
324.0527652
336.7153379
336.5871416
325.4941063
326.4858224
311.7458435
302.5983664
288.810784
311.3208571
322.1676437
316.4420624
280.7192686
288.6824378
291.4336671
300.636081
289.2173629
283.1916697
285.6431686
284.891104
271.8925145
284.8058288
281.9837625
285.8367633
289.1031041
302.0356908
309.621331
299.0794295
306.8421039
298.9527703
292.3570491
274.8464327
306.9974915
315.299779
294.3107923
282.6319079
302.613668
302.1469362
301.1828701
307.6384402
289.2552466
294.2185258
295.4499101
283.9555623
263.557839
277.2595247
281.0288402
301.6047451
304.5149287
312.4001918
312.0987755
305.4598841
307.5994304
306.0874993
292.8641071
291.2968131
285.0451026
298.0278974
283.0647509
282.6266369
307.4213529
315.482659
320.2547536
309.4427977
329.226807
306.025665
312.862926
313.759452
337.3942245
322.6144106
320.2709771
320.857313
303.2632874
295.5896474
302.1356599
301.3409382
317.4900878
298.1271703
295.5256371
290.3777304
294.7312247
283.2734933
298.2353019
305.3384906
300.9738157
288.5423676
296.4801495
304.7420961
307.3509084
298.9883817
305.7689706
311.9484709
264.1016012
265.3464562
293.9187367
294.443802
296.2225231
292.5714482
282.3970404
276.3616463
267.450668
282.3516905
298.2749684
287.6082696
291.1318076
286.7451009
301.633288
290.0308481
287.0903673
283.8508796
273.7135178
276.7814587
274.5871128
275.2958056
282.6975453
291.1477597
280.1454298
280.1256407
266.0628458
286.2077498
295.0714661
296.7698508
282.0592216
282.2694894
265.7726352
286.5348146
287.7349921
287.4162802
288.6657048
304.5628491
286.6764641
266.0012467
293.345422
284.0098944
273.8059558
274.2596766
277.8527683
277.8679734
294.0921188
291.0452467
276.8885661
264.9235322
277.3198952
290.9830066
301.4471575
313.0020173
313.5562444
314.6373492
289.6727185
288.4458692
279.5080127
282.79039
299.8917276
296.9790737
282.0175866
277.5245487
285.5207721
287.6686851
283.0916004
305.1984599
321.1188475
313.9338588
289.4513199
294.1850677
307.6062982
315.1934517
318.2445707
307.8182684
310.8946884
309.2573533
297.5227914
298.7947194
314.5685343
314.5164467
311.1068186
309.6703633
326.0801208
346.2252235
327.290477
327.3493578
318.0755043
316.4963856
313.4516345
318.2094809
302.3182314
296.2978076
304.3767807
315.9896102
317.4089316
322.370981
328.6317484
318.4243302
281.9716745
287.287366
293.4755893
290.6683243
294.1100852
283.782554
289.1671915
295.1097781
292.6024495
284.1897589
296.9724874
291.6479829
308.4449796
320.8185515
317.3946719
316.4720186
317.7591288
315.5634639
296.494422
294.3897464
319.9692415
312.507156
298.3740654
297.0304228
297.690906
302.0502937
329.1425571
322.6682005
330.3741761
331.8327657
320.30062
315.8333563
301.4277166
318.0654189
313.9325173
307.8180597
303.3239056
304.9920301
336.5357552
324.8994982
285.8428261
301.129981
300.6029843
310.9580581
326.8703901
341.1473875
331.4485701
320.611852
321.4741679
313.2558372
318.5674307
312.4926959
324.9844605
309.8666045
317.3412057
321.6001706
326.0172132
322.4259829
305.5281989
298.533627
328.4011863
325.8644987
325.7474673
311.0419667
294.8870765
283.4919241
295.2115061
309.4769994
330.6105382
299.925941
305.3520345
316.4753814
322.4520482
317.9608796
308.6929392
295.85916
297.764918
306.7872275
316.5549328
312.0032929
309.8285591
305.2334819
295.1978701
302.0967704
301.9883701
295.462471
288.0972243
288.7504494
293.7334964
316.0165674
316.980379
309.3432263
303.7079873
291.2156603
295.7538535
286.3120563
289.9429151
303.847979
324.7123808
315.0214941
295.290781
294.7423193
312.6833283
322.9106902
313.5039132
300.1862484
314.8976009
312.667683
320.4414029
294.4746726
289.0734
293.6867888
286.1215645
288.4728083
309.5632421
315.971097
315.8737554
309.8252733
294.92862
304.6167584
307.9481753
309.2308922
305.8653066
307.3087646
313.465555
307.5682016
303.4466501
289.2893724
282.0164299
279.784226
276.1657323
281.9946003
297.8810261
310.4967175
302.3777018
296.6575584
300.131496
310.8382538
318.7846153
313.5010187
309.1129817
311.4359508
307.3953937
303.0753399
292.7826246
298.9545866
287.9301265
294.7183485
328.9892921
317.0362811
300.724713
301.3669164
304.4756772
300.7509037
300.0301727
318.7834309
306.5444241
296.8080306
298.0766815
309.5758627
307.2402384
307.1456995
300.9696764
298.3494124
298.4841516
315.5207975
328.5586275
326.7173068
308.1011148
301.3472735
295.2033231
298.1540365
286.6407637
276.3360276
273.9154895
276.1258902
278.3437237
298.3052095
311.7589713
305.0315394
318.2627106
307.9827983
299.6601989
301.9739411
303.0141923
307.8416041
294.4595263
288.897395
293.9542671
291.9861889
304.9343976
313.932269
305.2847975
308.0500649
302.1158022
291.584854
299.3617939
299.2349477
292.9843286
307.4911452
311.3525334
300.4718826
300.8979097
290.9428427
290.8248299
298.5059673
288.3274749
283.088364
299.5677909
307.840511
316.5430506
323.2262042
322.6782013
335.554673
322.6987582
331.043492
325.7135269
315.1046798
329.8513515
312.142283
299.6249357
295.2054576
277.8328227
270.2054702
284.0385973
288.1475997
282.924012
275.3974809
272.8899017
271.5785075
285.233812
274.3856728
273.0418504
282.1656763
284.5673662
280.6188569
284.7952538
292.3813494
294.5322707
297.2292429
281.9829759
288.4810964
297.5071213
288.364284
283.5117494
287.5810354
286.6920832
285.9204766
294.3131428
284.5662663
291.1798698
292.7145186
279.0289408
273.8894791
258.2983487
267.196758
287.2465715
279.8162089
282.2026982
273.4907744
298.6953173
285.9961656
270.7086731
258.4398861
275.8781793
272.3714868
286.5381036
294.3106531
288.7870282
288.4446428
271.3376839
287.0682732
296.2699773
300.5103526
301.6473833
289.7443884
277.6477254
291.5100406
287.2254231
304.1443427
290.0789437
307.8500831
324.2946213
324.0767422
314.8246373
307.7399367
325.9642988
327.9913855
310.5115377
316.8868882
306.2939614
297.2995885
285.9977137
286.1890629
278.7033937
289.0118709
307.9299325
297.6219801
305.0334636
296.0485826
327.0285573
311.2095365
309.1811399
289.5788208
296.0202663
281.4634369
279.0484394
285.7941506
293.4390147
297.647016
313.0163745
304.4152155
314.2031716
324.870321
319.0235513
312.623491
317.9855483
328.5519817
308.8663319
313.0655085
285.2884567
297.7554066
286.1743828
288.7596472
284.7362222
290.3765735
295.3301078
288.2716372
288.9825917
293.3933008
296.3271496
300.5598859
292.0651316
298.5703983
303.1013731
299.2666326
306.2338668
303.2272663
303.3765863
307.9356424
313.8245392
306.5860454
314.0664035
326.2128024
308.0316752
303.2244086
299.6716755
301.1498375
296.5169756
317.4120098
306.1303713
304.506342
296.6999446
293.6740773
282.231692
276.6310978
279.3603282
288.0968575
286.7711591
301.7918972
307.0817177
308.3853816
319.9886553
313.9320414
332.0994736
316.5927676
305.3587183
304.8329064
298.0134848
291.616996
302.4144297
317.2492616
313.8178558
330.1236508
325.4255805
320.7169518
321.4791065
309.9901649
300.8108378
307.3555091
303.4608988
304.3007619
294.6758438
305.0103429
301.2614501
310.672919
323.6276281
312.0197211
312.8111256
318.5828335
307.7666363
301.6831304
287.6768014
294.9655474
304.3116922
321.5661787
307.9348751
317.5648428
298.2269082
287.9205729
283.7214621
260.1225192
279.4697914
279.5720675
295.1914
303.1472008
300.0348086
315.4189797
314.3557272
311.1464279
296.5513041
305.4233741
308.2249106
302.8576551
293.1818223
304.4093284
294.1196132
300.0396113
288.2412518
291.2789496
318.6457175
323.8931861
327.2253297
301.8887508
298.705744
305.4507746
305.702036
299.4062666
303.8552657
305.5164204
317.2384468
298.7103064
300.3351012
296.2475164
287.5980622
304.4197523
306.778175
310.1470776
310.5289273
319.4590498
343.004055
319.308732
304.8699061
283.9637314
285.6524229
294.604129
286.8844496
298.1404581
312.2506935
317.8571341
314.6703258
324.2916543
311.2294387
306.1485275
308.3951418
306.2928471
319.8966353
317.9373529
326.4757978
319.3022115
314.5929891
305.8510466
319.7250971
308.8492938
282.1828239
274.5592466
281.1517561
306.9080067
304.5376637
312.3092779
306.5881831
325.9974276
327.4204136
309.4773383
328.8863987
339.1441357
336.1193592
323.9079946
317.2171093
304.7173617
298.0783427
306.4410201
302.1004284
309.8170808
327.7172062
336.9341687
327.1063423
318.4239873
312.7754056
301.7502648
304.6880606
301.2931833
313.7735042
297.2603115
295.0225404
288.1760778
281.6656212
272.536478
271.9091424
291.6484452
306.1320965
311.1388863
309.349692
301.2594521
304.6474214
285.5413008
281.1868771
299.284973
292.5191469
290.2414024
301.7920039
301.2044428
316.0075849
315.7617375
327.6124242
330.8448085
319.731468
331.4204516
322.2421686
307.0982829
293.3905501
291.3607647
290.1069985
289.6739091
299.6545393
304.6320999
318.5490522
327.5614063
324.6703506
307.0461863
293.5085344
292.6957054
289.8018765
298.7785877
299.9799367
292.1901285
292.9325336
277.5082199
295.5273575
295.5159809
300.8983404
291.4350431
301.5513188
307.8558405
287.5271305
291.2824596
300.0107585
295.5868438
292.3688746
287.4143079
290.3695464
284.8380992
298.8600894
279.3259847
287.5797142
286.9202536
278.4175041
283.245028
281.2954229
298.8326716
294.1574333
291.9266028
293.8250558
303.380585
291.9186451
284.8443351
270.4419558
283.1682119
287.5782332
298.2098278
287.5238784
293.6094402
301.6810431
301.2128931
303.3815304
316.8109403
305.6049393
282.2274125
289.5051953
286.8729555
316.7635529
315.2451364
300.2143743
292.0258788
289.6575573
303.145169
293.8845626
288.9046572
294.2786085
288.9907262
274.0949339
275.5774334
288.0502667
291.5083454
288.6757922
289.1477536
287.0561034
299.9587784
307.8923635
324.4807076
301.9287023
309.406863
305.3759256
308.6222811
299.9711203
296.8793851
309.8984291
292.9295473
310.3385021
290.7321637
287.7788915
292.8605349
321.4746174
320.9575884
323.3178871
314.6933053
314.9759981
331.4024161
320.1742711
320.5363679
304.0661229
292.222836
291.1424389
301.1327753
296.6169789
280.7734147
288.1518651
295.8946368
302.9552589
311.0123532
294.9444889
287.6819597
289.4978566
281.2105641
284.1149764
305.445104
303.7439533
312.5631302
310.5495216
304.7359413
319.5104707
325.4445031
326.4552376
315.7413022
318.9193111
329.0221977
311.8018635
295.158551
310.3954932
300.4728836
303.9177923
297.0019003
299.6747464
300.4948562
283.9562076
286.5869736
289.6780109
281.4936744
288.1974625
302.4556366
288.1172404
296.3708953
303.9389953
306.2729125
318.6963129
311.8547541
300.8181509
304.9761645
307.3682618
313.014577
300.7488575
302.5993739
282.8826285
286.708735
309.5548192
308.0720956
315.8153617
321.9821487
305.9438764
294.267808
316.453252
306.0107894
295.6261111
285.6094881
279.5490126
283.9793925
287.2676706
300.3247947
311.3150151
308.2419864
337.9477208
334.3509464
329.7445712
313.3650208
329.6160059
317.9842897
309.6917765
309.3105107
310.0046938
320.0506698
331.1122036
339.7989607
336.3833099
349.2801738
343.8290845
329.5574252
318.7389907
319.1476771
307.0459626
316.0605064
321.1975942
320.5900844
334.8772565
327.0889538
331.1091656
315.9195807
305.8451372
305.9913269
329.247269
342.750898
282.5095326
293.0535712
280.6731892
277.2641868
296.8545834
325.1633503
324.6236832
326.6546333
307.9141709
310.1306305
301.5059346
298.7571189
298.381794
297.4015635
302.9710015
323.5964814
318.954628
299.0341478
293.2243222
296.8877736
320.4166099
323.8786411
301.6355627
319.3714831
327.4947065
324.8332552
313.3175046
312.3646061
302.785415
285.8167962
305.9975185
318.0104593
313.2153292
317.7198591
313.5271753
305.9304897
321.340564
340.4641879
329.8961927
317.6632625
277.0276772
275.6465927
293.9080341
308.0548099
303.6771251
299.3968828
311.5092925
325.3142442
322.0872157
327.1049349
311.5079297
299.664751
306.9806332
313.3981882
303.9212296
322.4849118
310.2437686
290.6390129
296.1341412
293.3723603
289.5871722
298.1055695
302.8178466
307.0578232
310.8381508
308.3335481
316.5200004
303.6754914
302.2668188
310.0547473
311.0720427
315.2012892
311.9671908
303.6840376
310.7209087
285.9446162
291.5196734
299.062454
298.5969038
292.8238915
306.2686183
303.2125568
287.4329553
295.0820135
294.3690195
303.3613891
311.1529252
311.2424982
303.3892573
308.4730142
298.7331136
280.5220759
282.8718114
295.9474273
302.0266564
311.7423329
331.6790615
311.3066812
299.8731889
312.8525521
283.2495493
292.4905971
300.0706447
296.1316526
284.6133719
266.2518863
269.7305475
282.9334361
294.6364441
310.5073783
316.0765532
321.0029636
302.894002
312.1513342
298.3245994
297.6140119
313.3742139
305.8396736
295.4555532
295.3664821
284.6073688
283.9018984
275.4294559
282.4004136
278.3318088
273.0754752
288.1974494
292.6903944
292.7381664
286.8745527
304.0579883
307.3555135
304.321937
298.0864185
279.0172565
274.9816878
272.5634437
271.3285654
288.3032323
285.531494
290.6890247
294.9067231
281.8545992
294.7848593
298.0628215
302.0396025
288.0933834
301.7691078
305.9521239
291.0194457
301.807983
308.5458894
285.845017
289.5154701
282.9933717
289.1836582
290.5992113
292.2338795
294.102675
295.5460203
279.7479021
284.5171709
289.5452169
298.5853783
322.1468749
315.4730735
319.0843717
305.6268321
301.216273
302.7366901
306.698839
293.4089564
295.6909023
302.2087278
306.2802617
304.8165672
302.0529906
317.5517201
284.3675531
282.02622
292.2308762
303.6946773
314.8023982
307.5896477
315.0977907
320.9911536
324.844425
307.3967681
293.5918358
313.4417194
321.4109521
319.0773826
322.8043013
307.441688
293.2815975
290.8451274
292.1915862
288.793645
287.4719536
293.7841243
294.7007248
297.7768593
296.3285404
297.4181763
306.4642403
321.7666244
307.5881084
310.8639103
297.927138
294.3123407
291.7664599
292.072706
303.6172822
302.1837924
297.8881651
295.7590116
296.6932449
302.1520883
294.6878791
285.0413358
290.2638493
286.8495002
293.0562191
311.0863089
310.5092281
303.8008315
296.9428722
290.8836949
293.9208392
293.1836276
301.4106677
314.3509607
302.8460544
292.8990436
298.9461242
294.4775158
277.6613821
275.2606928
295.2376588
287.456352
295.5834948
312.039805
304.4913456
307.4159015
296.7554433
294.4843981
285.0207364
298.5805695
298.7144421
288.9556324
291.058638
282.7075507
283.580634
289.616107
306.7556261
307.3480493
321.1084313
327.8737957
319.0406325
295.6695833
294.9235787
300.8914648
289.1479338
297.6382217
300.5048602
304.1300708
312.750751
323.7964072
324.7588707
328.2596685
308.4039273
295.6239785
296.9265544
294.4307923
294.8875591
289.9395028
282.598726
284.4982658
278.8877525
287.6019306
324.1347315
312.3048826
300.0045221
301.4684166
299.0812761
307.7660721
289.0130399
305.8207957
310.8010617
305.0225924
310.1772706
273.5036448
276.2694309
279.8292923
282.3839948
283.7307156
281.3345126
291.1386458
310.9544248
316.5378605
317.5944721
323.5276372
316.651245
334.6902683
338.0333122
331.4112868
307.5802813
290.9223662
291.4363892
303.8278091
299.14209
311.7373198
307.2532742
319.755982
298.0851414
308.8130553
314.6827979
324.7616499
320.4995205
317.6819897
316.8726962
313.3078746
326.229368
313.2518353
312.5532653
308.1833794
311.0156419
301.7027305
297.164465
304.9244033
306.4269749
292.1346705
284.1318759
279.615769
291.0181746
298.2989364
290.5044114
292.5687706
289.4018376
317.4322744
318.6443904
331.6135484
321.547402
318.8744592
325.4341774
300.3032043
292.6378318
294.3980441
294.449813
285.3853878
283.7550192
299.6011133
304.9043251
306.1529757
306.0993786
301.1702388
315.7600285
308.9461109
309.4206098
304.4814755
318.0934499
302.6558276
298.2451094
302.3472419
303.7761181
300.2900931
291.534881
286.7724138
277.2041276
288.8472689
307.5556453
302.9031922
309.0327213
298.7100556
307.9514193
302.7260857
288.9439872
282.9539895
294.2952187
316.4316305
300.5453914
295.4473193
293.5617677
279.8852644
293.4493
303.0688374
296.50401
296.7776712
293.8397147
289.3258173
282.1468511
280.6772123
291.493888
284.0888559
273.0386975
275.3251552
288.1746777
291.2225731
288.3254809
294.0971701
271.031685
261.7213481
250.7806252
270.3919972
276.1664216
289.2573713
292.7242734
282.8115736
299.6416655
294.6937764
295.4195449
305.3106965
303.0011545
305.8834648
293.4780669
293.0444849
274.6894799
284.2772324
281.132188
284.4765349
307.4379376
293.7630317
306.6416288
296.9922889
292.4884996
287.837365
298.7985443
288.9348358
280.2823782
276.5170046
269.9176704
270.6203296
286.9019945
290.4394737
294.7088676
292.7283543
280.5297505
287.7524568
296.1517554
287.7352659
294.3304105
294.9723018
315.5899836
305.766265
306.720154
298.6143947
296.5706634
290.8754475
293.9144459
300.3330331
298.5046517
287.2502904
283.4740968
271.3061173
280.5944889
266.9619612
287.5459783
298.6816965
292.740714
280.8009777
292.7340335
286.5407196
286.4821638
293.97544
292.4405939
304.2129691
301.1096317
315.9692683
306.1607284
301.8746205
297.606924
290.9950283
303.5275249
309.3199916
313.3568166
314.0404549
302.743892
310.5139494
312.5249856
303.8691373
309.7397751
293.8019499
301.4270053
325.8778037
308.2966625
295.0442805
292.6433383
293.4586823
304.8448079
315.6643442
308.3342725
321.4950964
324.5053072
313.3352766
308.3003831
296.3624204
299.2853924
295.8219532
299.7867804
304.4690938
316.8863563
322.2561533
313.2333559
294.7750428
289.6339421
266.6110129
271.6793016
275.5207894
275.3908743
287.4954439
296.8541618
286.9567728
306.3760709
296.465821
306.1598833
313.9344847
298.1160385
293.2242611
295.0464229
312.8040876
279.2970082
293.1954056
285.3790501
297.4125076
291.7019881
291.0235177
297.5990178
312.8047912
320.948774
331.3466107
291.4707485
267.7924203
262.9726044
278.4489602
276.0958385
293.9035251
307.0889044
286.9081252
281.7781887
283.3741128
307.8927706
324.9108592
308.802341
293.5553252
294.1087639
293.5702962
292.1325005
296.0582603
291.7566485
296.2452877
289.6110853
294.9167305
286.9247023
270.1713796
275.7898483
264.8315658
278.8346768
288.5533047
305.0122649
304.708696
313.7702938
304.8811695
299.1940718
287.7696924
272.4536725
273.5603398
276.0060037
279.1556737
283.8276352
288.9127122
297.8658858
297.6608152
307.7030357
314.2353521
312.5714018
321.7424923
304.8021438
296.8281542
294.0754071
327.3203484
299.5779489
308.7125297
322.6459528
347.5987053
320.8377101
316.2993095
298.2588832
300.4039329
298.4728056
289.2329297
299.5440556
316.1451371
305.5751259
326.4248007
329.3547357
316.8513274
294.7429832
300.4766918
295.9168296
279.4902654
301.0859823
292.8767855
286.904522
291.756326
304.0394617
284.1624033
307.2450917
302.5320745
310.8413313
319.2105242
322.2215187
324.7259975
309.7785129
301.8520661
296.1456525
292.7856627
301.8914745
297.918777
282.8443456
299.6150893
298.607143
316.5306596
326.4152666
319.0126312
311.0042218
316.0100237
305.7735916
300.3423324
303.7903282
317.7592703
316.7169796
324.8068027
323.1315925
323.8802915
333.8892789
337.3062384
333.6525132
329.704538
331.8994241
306.4619687
310.3295033
300.0115737
288.5861825
306.2987105
292.1993163
297.010174
298.9072893
290.3194746
295.6887717
292.5460098
303.0417769
288.4898966
279.7181185
279.3696528
288.8083907
301.7714152
292.8152564
300.9514637
312.1015974
297.0944046
274.4922044
275.5938283
277.318869
277.7356168
275.2289779
280.119651
290.3516186
311.6968135
298.9600482
283.301695
279.8927786
293.582074
291.4454295
289.3505309
284.9803889
293.4868753
287.0928108
278.7648328
282.2409451
274.3317524
284.6529515
284.9487023
309.0072264
300.467921
303.5189139
286.8076256
295.8493717
296.4299949
313.7051718
308.6041731
313.7862462
319.8767273
300.9084596
309.242914
303.6967888
304.6953071
307.3280818
305.5765894
305.4774693
296.4956945
286.3534786
300.0879428
306.4553716
310.8820796
312.2156721
290.4484723
304.1572039
288.3782874
286.6685125
286.7458813
287.554763
296.1806453
295.4578204
286.6098779
297.5040113
307.3870034
298.3118136
292.3185703
274.7222173
283.9726505
298.4372983
297.0615689
299.1672907
277.0334999
281.1278939
284.3390967
285.2583932
284.0252208
276.6233062
291.5858218
308.0265345
308.2954896
297.2162594
289.1134609
304.2192792
284.1658505
301.9055601
291.8851558
295.7971126
294.2180752
287.1859012
306.6831614
296.2341232
307.672631
308.8696852
287.2422513
276.7701447
289.9799069
287.5162518
271.5421792
282.0970412
294.7533992
288.8472703
290.0198181
288.8814595
301.0118343
289.2543381
298.5141939
280.17628
288.5922244
280.9319882
286.8083497
287.6794736
291.1496512
294.8564864
309.7406635
313.2801541
308.4051331
307.89309
311.7593328
311.5647852
299.1510687
294.4352124
298.3663787
291.0231501
302.3258934
287.9336191
275.2955914
265.9132435
279.1263431
285.6732933
288.337968
305.7315272
309.1186063
301.2095016
300.0275229
305.091609
314.6593505
314.7462895
309.7577383
304.9702291
305.0404265
296.1048793
280.3678368
277.7821656
287.9760805
297.7711471
289.2764889
295.7184764
288.3134705
295.1876843
301.3068421
294.0380355
301.0392211
303.4240163
329.6767173
338.9334846
315.9985685
304.7685498
279.4157469
295.5411704
288.0953947
292.7932718
304.4681883
292.7481409
298.3875843
285.8986525
307.5593351
296.2038212
307.6218876
288.7277609
303.541128
316.6580235
319.5652019
306.9153075
301.0719048
305.8682076
311.9593835
297.2241146
295.2682921
293.5783916
304.2114038
290.9155906
294.1054278
297.1497526
309.5583337
307.7924146
307.8842563
303.3279598
292.1547711
293.0669173
286.2306517
293.5847968
305.2297519
327.7491289
334.1458506
330.0072987
321.1644726
310.9936159
310.8929607
300.8522661
294.1632046
294.5037177
294.636473
291.999971
284.1581652
276.805085
276.4896486
285.8689055
288.7569756
279.363451
278.659445
281.2028577
282.9422944
293.6491824
294.1018043
291.9678557
305.7182521
282.6510533
281.5638143
285.2402188
294.8213364
307.4413502
304.5973273
284.9583108
295.3995013
290.7146041
297.263815
299.9255626
291.2268377
301.7248507
286.5115754
278.0971239
277.9890161
285.9873623
305.4249706
310.5833951
295.088165
291.3503053
286.9898068
280.310756
272.3489175
282.1391192
294.6907478
287.5839953
289.7404694
295.0654925
303.6882844
300.1036983
300.4829312
289.584509
294.2019566
290.2863505
303.4812731
302.8588414
304.9737772
292.3521626
297.805461
296.8904661
299.2049049
297.9799206
311.0179225
318.0964724
310.2248071
306.6830746
313.2179979
305.0631247
301.2282027
307.8426911
294.5576932
282.3363261
294.1942846
284.8751582
271.003164
270.2405944
289.682636
294.504451
311.4280321
296.7151114
301.7789008
296.5696813
303.7010997
289.0204985
291.4477487
293.775744
285.9961997
277.9043913
274.6496102
292.6668976
278.7149003
318.174737
315.1423622
319.0937974
318.3036658
302.3957382
309.8858785
299.8133642
299.1927171
312.9826058
306.2947433
300.1484661
301.4901152
317.8086795
313.5937104
306.8813949
324.1600244
319.5729496
327.8937712
302.8329395
307.9298831
302.7659597
296.8457015
294.4349345
303.1575162
308.7325626
305.0827619
305.3985573
296.2967894
292.3872392
292.5836183
289.1456847
315.765054
310.4826988
304.8135399
302.2275025
291.4440391
294.61667
287.2279663
309.193192
310.2031196
306.6864303
296.450433
306.0737914
302.2235573
310.9315364
311.4058787
317.6466728
324.7718431
329.6486572
320.6013004
316.701905
308.3057197
315.8968493
320.5277684
315.8045665
303.6953765
306.9452399
317.4491994
295.1203314
295.7319295
274.8781726
282.788752
282.9065805
279.9827022
288.4502276
298.530486
311.0290883
303.4259228
289.2139464
277.5495156
276.4393889
282.374204
279.1799287
279.3437108
284.8263528
281.5893487
273.1535612
293.7635938
283.2062562
283.7931696
299.9636687
303.6878001
286.0145298
291.0290549
295.4699243
289.0661781
299.5445645
302.756797
306.0274731
324.6000488
307.9748518
286.5126648
280.7882217
274.719174
264.9757557
269.9631979
268.3878084
285.4557959
289.2676995
288.917962
313.2238117
303.0798089
301.6563984
298.4623424
299.8064474
297.0933915
305.8043526
292.5939715
304.8140161
290.6342022
300.1554477
295.2681917
300.8155512
305.0979836
304.3432862
296.0357446
307.139592
298.2225112
314.1794855
301.5183571
275.0163795
267.8692478
263.2768928
277.0232197
270.1248605
278.3197206
273.6185858
273.3238316
278.5908658
295.0121836
291.1235332
284.5333593
286.2475178
282.6842505
280.2259965
288.3525501
301.552947
308.9145071
314.6179753
303.0026979
287.1280451
303.4801493
303.4785685
307.6535077
308.806943
314.8420323
311.1168337
323.2016226
313.2085466
289.030364
283.7966706
285.3672254
292.1835486
293.8238009
296.1470903
288.7846532
285.1623248
282.5503652
279.484356
278.2690949
314.1394672
297.5889596
293.9482233
277.5364728
282.4427059
290.5124644
294.7392005
301.9005572
301.5977203
304.7919569
308.9998599
309.0547604
296.5723319
304.8571305
307.4311231
300.8708205
295.5764213
294.1256695
290.4366284
297.8972166
288.928118
302.4520881
301.2267351
307.0172525
322.8602659
305.7281292
291.0577202
286.7316885
294.3338702
317.9935232
297.3175599
303.0014022
290.1053623
287.506933
291.6026746
298.7235383
303.5352425
274.3120269
285.6627974
280.6142785
297.0942191
284.792804
287.2990108
273.804735
279.7896125
268.8912132
270.1896325
284.310614
294.2218752
299.641581
309.4141862
305.9966626
313.5217256
307.2318537
293.1686298
287.1209728
299.7584864
307.9379657
326.8997283
327.2142631
299.8654888
306.7367923
289.5971441
305.5632368
292.01458
288.4221964
295.2509062
288.3327069
312.2256621
309.0802448
314.9699511
316.2641822
306.0268742
299.3845825
298.264124
301.5978562
301.1531544
305.8924654
303.5547053
290.122727
311.5378254
311.2550796
295.0377262
294.3180779
287.0570205
289.1909065
303.3809949
308.3248729
318.5250985
308.4149978
313.5026611
312.6936783
305.6131025
301.769701
311.7548762
309.5020519
304.2365174
308.08965
303.8030605
309.3716386
272.7807313
282.6298629
283.4615388
299.9875948
286.0086945
270.0250597
258.2860081
265.3990569
284.7043621
287.3302489
285.8753426
298.7448357
305.3323666
320.4152091
307.3967326
286.7208911
272.6782379
271.2060312
270.3189991
269.2393088
318.3181598
308.3158541
302.3750526
299.634347
294.6985641
302.9836142
300.0258155
299.8644315
282.5505027
273.0138044
278.8946943
271.4420491
281.2071735
278.9487028
286.5692047
292.7353778
310.3978822
309.8823883
323.0716235
339.9175035
296.1811568
310.7134266
317.5765459
327.7843145
327.8453724
300.1318488
278.6268726
270.7087204
279.1588863
286.7644605
290.0218957
285.1515838
277.0798972
280.6390945
278.6042935
269.4023772
292.8700167
286.7312762
282.2516102
286.6804646
292.7934611
279.4130884
266.3058745
260.3496819
277.9458401
299.8410318
317.1248381
323.2605541
311.643294
294.7672589
287.75836
278.9617344
283.9706803
278.7107936
290.5252203
290.2048566
303.4987291
303.0818442
304.9712618
303.694743
314.16641
332.6580935
337.0847891
323.620803
320.3436187
307.6666504
296.8512356
295.2904129
290.4875896
318.4556813
312.7356111
315.5643227
301.1380505
308.0490436
302.1855048
311.4489175
312.1595271
324.2511308
317.6772701
314.338851
319.3035136
323.4718996
299.3822744
311.4858403
310.5950439
312.5355252
298.742526
295.3378887
304.2425646
308.7357703
301.6613648
315.7131174
323.9790623
316.6838781
316.6489511
310.2794023
306.1673758
312.416799
337.1165795
319.5424036
284.4292491
266.9148087
282.989143
292.3674319
293.859957
301.3265084
292.2286458
296.9596524
296.5008583
301.3234797
295.0082214
297.3092759
295.8041217
301.1942966
288.6035386
281.6960182
287.700047
279.7116042
272.4462479
287.0802009
315.3468855
318.4569464
322.1895276
309.7711826
302.4011429
297.9525382
294.0073674
302.3810965
294.2545324
291.3500707
298.1907818
289.5383771
283.2306465
286.414321
299.1690146
308.520357
298.2609819
289.0954119
300.7506086
307.9775108
307.7890341
321.6773339
301.1049136
293.0554789
280.2291851
280.6836182
285.1669123
286.0459775
278.0208938
281.6652588
274.5787415
281.4603999
282.3301531
273.5190266
276.5435794
275.931883
264.4792423
281.8398541
287.6225767
293.3318988
286.6974668
292.6778075
298.8783241
296.6644381
287.3218822
295.6518036
307.3360272
317.3601859
314.585983
306.1240232
284.1019029
282.390999
289.743958
321.6541208
298.3747559
297.8808623
295.5370537
302.3467471
285.1052453
305.1960565
285.9844853
288.1495019
281.1295749
291.6590771
302.9301442
296.2244275
306.2811804
299.6828194
300.1743779
306.7338086
306.563083
312.9359633
304.3168948
306.480878
302.0988479
294.7852349
288.6519287
301.1372165
296.897159
291.3824438
306.5646894
320.6323735
322.368926
322.0038624
320.5014624
315.0809965
328.1348469
321.5127927
324.3330426
327.9418592
321.9765626
310.5979007
312.3836816
314.1127035
316.8405573
310.9172056
322.2588872
302.9354153
298.8782564
312.5851368
331.2745312
331.4293128
334.2696164
338.3966268
333.6697815
327.4891095
338.9163958
339.2758795
324.9550549
298.9048207
298.6753932
294.2532401
295.7882868
298.5359932
322.4380489
306.6867103
304.5999851
315.9747138
322.5536738
339.187507
302.7348589
291.5234402
286.4238821
284.1181287
282.0121086
299.9557506
292.0456623
304.9278412
313.6759826
309.0693268
308.7875512
314.5606015
304.7407571
309.4452591
320.1477198
331.0617122
344.8959274
327.7882993
311.9870558
297.7261088
325.2980499
317.8727555
316.986339
312.4460573
315.4032472
321.0973744
316.414219
299.5891496
295.2831731
304.5176639
313.2119313
312.7968443
317.6384376
324.9287986
315.4834045
316.7475608
307.5990424
322.3640987
336.7864921
343.6754324
277.3788117
290.6812967
293.6761776
301.846279
308.9627089
310.380377
297.9521692
315.4648644
308.7576656
297.2432847
286.9168936
290.7529493
283.9818178
294.6717898
288.0386817
292.5842021
302.5048272
300.0492563
286.65952
281.7155075
314.9449535
321.463794
302.7038928
291.5423687
277.0318754
286.1221583
289.2277428
287.7038738
296.8470376
319.1554034
322.198191
313.7267463
325.895367
313.5410121
310.9690038
306.1518667
315.5329603
318.4383502
315.0052051
316.0023331
308.9895249
292.8759725
291.8637883
279.6696781
271.5220459
282.9666937
289.8528122
304.3858211
303.1932832
284.6620904
287.9806691
296.8388584
277.8304244
287.1050543
273.1222611
271.7116391
289.9007897
288.8963053
298.7529085
300.3874808
309.1689466
306.7290011
310.3984501
313.6505288
296.7852411
309.0020624
306.9685506
296.8434887
313.2921308
315.1998744
314.5216042
314.4841115
309.6284809
310.1899081
308.7502393
305.200906
302.8079582
300.0550887
304.3204043
304.4583127
304.3184543
315.9335388
307.550058
319.4748721
325.1291493
307.2534711
304.1663623
304.0381122
308.9997312
309.4621282
311.8968394
311.5215085
318.794689
304.6439458
301.3071238
283.3195705
291.9247434
290.6480326
289.494879
293.4201271
310.7822938
307.0985408
311.6619027
304.5339548
292.66319
296.0695451
309.4181467
309.8314069
305.66935
304.1248092
291.4215442
293.6288748
305.499218
302.3265048
295.667867
307.9901981
306.53251
298.9585444
326.5645331
321.2237193
286.1583349
285.0803594
294.760831
285.9852534
268.868455
263.7766282
271.9103463
286.0216651
280.979802
309.0531036
307.1928089
313.6885326
311.601665
307.2722337
311.9883149
307.6017098
303.1953392
286.4196589
259.8864271
279.5939709
303.0723991
294.3711894
276.8360698
283.934754
285.2613286
296.1021547
303.4308239
317.6207099
319.6756918
311.5407258
298.2305832
308.0588134
298.7259092
301.0959089
315.0066481
304.8007429
311.0412371
302.0165228
330.5622715
311.5931764
291.1527214
283.3591246
281.7660897
278.5036958
283.727597
281.1774958
285.4711014
272.2811721
278.5854962
270.2835302
271.0931777
268.7581414
284.0174371
294.396553
311.1841458
299.6907322
299.5600546
306.1158176
287.5607118
281.5995199
292.5694623
284.208086
295.9835056
290.1835527
278.9925086
281.1435927
272.6432886
257.7754656
259.9603143
283.522293
304.4257448
300.5352398
295.1006558
291.1299304
290.91729
294.1067187
291.6730474
296.8816001
306.0384788
304.2400015
309.172939
309.7341669
305.6973236
303.928749
292.4700936
300.4917522
294.9718117
290.5016406
295.9557332
284.7851416
296.6584351
283.9682578
271.9612639
272.1421929
296.0042294
309.7398248
323.4323465
324.2561592
334.9437555
326.4912699
274.356429
283.8610138
292.1216055
303.7116349
302.1718302
306.5942806
305.9825086
294.1926497
285.6430733
308.2267928
317.4764688
318.0268835
325.5819663
305.121181
304.057496
303.0212198
311.7948937
289.4811396
273.0379725
275.7881336
317.3904946
305.3372555
304.4653023
295.9322084
304.567468
298.5535382
297.6852002
303.4955237
312.1125873
310.1120291
303.1739088
310.3358082
329.1725543
321.3003005
308.5722359
304.8584846
306.669813
309.5484737
325.1128786
334.5447991
347.0798326
356.3378541
337.8725383
308.0392439
311.8206292
331.1283421
310.0322015
308.5737666
304.9405247
326.6739152
312.7996561
310.0912114
322.017613
340.8326577
347.8466117
332.7136957
318.5539211
320.7902498
309.7987853
316.2270538
311.3807142
331.8422635
314.828595
313.5650861
311.1636756
314.0825025
319.0575233
309.232184
302.8446134
296.1105341
277.0847341
281.2067674
297.1236294
299.3377879
278.3135471
310.2499464
323.3401575
322.3773295
324.9293606
318.27375
297.8043379
317.666398
305.587111
306.6667574
295.6242701
305.9650933
312.7211325
298.8588488
295.6615236
305.1495311
318.7754992
321.3178696
319.3790571
309.9017417
321.7908967
309.3616123
312.3457629
305.498518
314.9161794
302.9275191
317.2004816
306.617609
313.1167741
324.5943451
335.9201893
312.7051265
297.4082552
295.1615296
292.1165896
291.2819292
279.2591919
285.5576776
306.8365486
309.634077
313.1558172
321.9678488
318.6669207
323.0201371
318.4134323
305.0804583
315.7888689
309.3225702
311.4730328
307.2337628
295.6441169
296.4354729
299.0125357
289.7471438
294.1468137
304.222344
303.3047232
289.4188637
306.2293896
311.2168525
325.4378999
328.4849337
319.7999969
325.8153121
319.6192611
310.4363217
306.3995603
313.6133436
307.9667384
322.5558979
333.4851114
330.3799437
322.6469064
310.3306443
299.0353879
274.1070132
281.0341754
290.9979447
287.5034289
291.8374728
307.8196502
296.8884324
302.9336327
296.9577032
299.170881
312.7118758
304.9997366
310.7896563
315.9948072
313.7883896
312.1065115
313.0558256
330.3240707
340.400748
333.7055882
327.5892258
324.6818295
321.2096673
310.9973683
309.4463274
308.1465973
314.4614484
310.901446
307.329951
315.6019746
308.8706175
306.6841864
297.4053304
309.0969013
297.2624649
311.5115089
335.2142521
332.6578862
318.2174934
319.332794
325.4248394
322.6307521
317.3898018
304.7314579
296.8105769
293.6856856
308.7330407
297.4044377
301.130318
309.2301648
303.5850926
273.7486099
278.0517169
279.3857935
305.9874416
291.3094821
287.585826
284.4738104
307.0731391
309.8009949
301.2024917
305.2855238
298.4253439
294.0167096
302.4744451
297.2572624
296.5580608
298.2042773
301.1814281
289.7905091
275.9626902
288.5457705
280.1314039
279.4469852
277.7265603
285.9780772
303.0147552
310.3083868
302.942897
309.0275098
313.189937
320.7979545
311.5333235
295.4819972
291.2597586
292.5258515
295.9047436
281.2151015
278.2347307
283.1155509
287.1329529
289.0005049
299.9754027
311.9314977
319.3907316
317.896201
324.7477738
326.1529366
312.5376632
320.4871367
317.1691053
332.6261689
341.0249377
316.0580405
321.3787718
291.9249438
302.4085417
306.4293491
313.9600981
296.7463677
292.8302423
281.0062225
271.6358452
266.4514105
270.1994602
269.0785772
287.1295535
283.4452255
289.0323995
302.6922951
312.5266031
300.9137648
293.3906438
284.2581966
279.9545417
285.8117441
285.6463758
287.9126901
283.6307422
282.223861
283.3741603
278.9801546
278.9547096
295.6499016
289.7649553
282.9441935
285.0788309
282.1348199
298.2697719
298.7050149
286.7796479
287.9215432
289.5900646
283.1683024
284.2959975
271.0680909
272.3551156
277.4116971
274.5203331
277.6480185
271.5139215
306.2259209
308.1053563
296.5861206
290.4338027
287.3483145
289.6397038
275.8856338
272.5647145
291.8847571
305.3210472
305.7866804
308.6579854
316.7201185
313.3970723
306.0345965
318.3978287
329.4961127
331.1260041
328.4208354
311.9097554
307.8577711
288.6741673
274.5027873
274.1787704
272.1513393
274.8933125
280.9435437
277.7315423
271.7903492
280.5679645
286.0072603
293.0163756
295.1258912
311.4986601
317.5720748
322.6808273
319.8900369
338.092124
323.3526837
324.7833017
297.9110516
299.3386773
303.7927894
302.9478588
301.6155225
321.7813185
323.3499817
319.4852326
310.7998923
309.1545973
311.5564863
312.5833235
315.4088112
303.52219
285.5055801
297.4673543
300.5637024
291.5335385
292.7716045
296.9177457
287.7245094
287.563481
291.2523553
304.5959076
300.8789312
287.7148381
279.0391701
287.199658
309.4663405
312.4576667
307.780109
295.1958889
297.0343005
290.2665137
291.9050566
299.5305074
288.8959148
292.2268895
293.542617
301.4812472
302.1370797
295.6208632
300.8261851
326.5206067
323.366294
301.6659764
292.8907334
301.7237613
302.5411121
309.637529
327.2299862
330.6513344
330.129991
331.3517874
318.3159026
302.7305002
299.5615189
296.1438717
312.5239538
299.9195187
279.4327664
302.3631375
291.6386989
302.7534169
305.433067
294.1915315
297.4447074
298.3755183
308.6290927
301.8661736
297.0343199
286.8139337
291.0789588
310.3308127
321.7813581
326.6949686
323.7791157
306.2980011
288.7391888
301.6687859
328.7127553
318.169298
309.5553731
293.8460429
301.7151075
306.4721489
313.5387385
306.9172159
315.1718072
317.544747
327.8792059
322.3583671
301.6045673
299.2378871
291.7917153
287.8951395
301.2683748
310.2410549
317.3873934
326.7394652
302.2606663
295.4193645
306.0526636
302.8317769
290.894417
294.6305438
280.8370532
291.9070411
289.2494248
286.5750642
298.7095098
303.0970593
286.9654345
270.2116092
283.9593143
277.0060008
296.1170348
298.4062191
297.1162118
303.7680359
289.2575585
297.9812865
292.9732863
292.8329769
280.4714258
271.524078
281.4292704
286.316035
302.4900665
297.3567249
278.0652265
289.8554025
304.617673
287.5945629
289.1740359
283.7735476
272.023943
264.9455489
293.097699
288.3280382
310.9464512
323.1464099
320.7832258
318.6913681
309.1366534
304.6276059
284.8946182
273.0424924
266.76084
287.3050938
293.149086
307.7494049
308.1976849
308.2254775
293.8703755
306.5185111
321.2887403
322.5800784
314.4210301
312.1090905
271.5414438
281.6948147
286.0098002
305.7997386
291.4826326
280.1040885
270.4589867
274.8056997
277.2609805
277.8941048
272.2675136
274.217257
282.9933678
293.3091915
277.6874356
267.5827599
263.4173834
265.7587337
267.2627486
255.9782576
280.1316382
285.634596
276.8003159
278.9474551
286.9447958
282.2459742
288.3981296
283.4885547
285.6365637
293.5599081
291.8643849
284.78175
275.4068237
272.8643945
276.0977969
276.4961184
275.0854336
266.1689334
286.1836248
291.4759854
309.9144594
315.6324581
316.2787172
306.4865074
306.6919898
319.5064207
303.8094232
312.0744457
308.541238
298.6048428
294.9574871
296.0136121
303.625449
312.8873674
320.6109305
294.7189563
300.2610104
298.0331511
288.4838752
294.5251805
323.0680427
316.3464949
327.3021754
321.5460061
332.7128867
321.509628
329.6236307
320.5891307
302.6097389
293.467628
289.594435
312.4754237
306.6452813
320.7561634
316.7297974
318.2286286
318.8760462
318.0018063
322.5293025
320.3129138
308.7876604
303.4063512
311.2123811
312.894932
311.596603
318.8704249
321.4442864
322.6184783
326.1300613
330.6235496
329.9431701
309.2505959
293.5066904
298.8191739
313.8449974
310.2454663
314.1444004
321.6447312
314.1559517
318.2637311
288.8330908
295.2318706
285.4349835
299.2839252
295.3579062
298.1820761
293.5682287
299.3255615
295.9863831
289.808296
295.5340202
304.5464777
300.5060373
308.8587505
313.3186954
288.0564401
286.636966
291.4464272
287.1904819
294.1653114
291.5015509
284.4541532
287.8201418
298.1724534
301.0340832
310.7011231
308.4645355
295.2221448
298.4748807
292.4132748
289.0053482
288.9673267
288.2026667
283.7502507
300.1530789
305.7901598
295.7432051
286.890127
285.7022835
297.7204199
291.2773696
284.6790247
277.4583797
284.2554029
284.7267074
287.2509795
281.3955812
294.0024916
300.6676887
300.2378283
292.1635622
292.4051592
297.9589972
321.4398218
331.6882189
336.6686118
321.1412398
314.3129635
308.5991048
301.0509642
)
;

boundaryField
{
    xPeriodic_half0
    {
        type            cyclic;
    }
    xPeriodic_half1
    {
        type            cyclic;
    }
    yPeriodic_half0
    {
        type            cyclic;
    }
    yPeriodic_half1
    {
        type            cyclic;
    }
    zPeriodic_half0
    {
        type            cyclic;
    }
    zPeriodic_half1
    {
        type            cyclic;
    }
}


// ************************************************************************* //
