/*--------------------------------*- C++ -*----------------------------------*\
| =========                 |                                                 |
| \\      /  F ield         | OpenFOAM: The Open Source CFD Toolbox           |
|  \\    /   O peration     | Version:  2.4.0-MNF                             |
|   \\  /    A nd           | Web:      www.OpenFOAM.org                      |
|    \\/     M anipulation  |                                                 |
\*---------------------------------------------------------------------------*/
FoamFile
{
    version     2.0;
    format      ascii;
    class       volScalarField;
    location    "0.0007";
    object      rotationalT_mixture;
}
// * * * * * * * * * * * * * * * * * * * * * * * * * * * * * * * * * * * * * //

dimensions      [0 0 0 1 0 0 0];

internalField   nonuniform List<scalar> 
5120
(
312.9368038
336.4817898
318.7984758
311.0304571
301.6507056
292.2788502
287.2100683
297.0629818
291.5912647
291.7278025
300.7537914
296.2521796
290.0751259
292.2640358
299.8752873
302.94131
295.2764541
306.5346209
287.1838908
296.7876949
288.577047
285.9446195
287.5548972
272.2353166
279.202457
288.4302618
296.7772604
295.4200219
293.6341848
291.0548694
306.6537023
304.0483275
319.6868936
325.2389425
325.4685974
313.3065459
312.3059499
310.4948977
305.0214848
292.9939754
272.0641817
282.829155
288.3649503
297.2459027
299.4098194
313.0228892
308.9007983
304.1503733
311.1889374
303.5640334
295.3310515
292.996983
298.1118733
305.4083829
303.3208574
299.1772552
311.490304
293.8118997
295.8845558
288.4147854
304.376162
279.7685945
291.4314589
293.2414268
290.4184289
281.7006683
276.2814673
301.6300673
310.2097283
315.2098732
317.212918
322.281248
308.7844038
298.7555381
292.9870744
295.0291318
294.3395638
310.1836134
306.9187804
303.787293
295.5033641
300.5915394
301.4233481
293.6081644
288.1064952
283.9764038
288.8091051
299.4029506
297.2680408
299.9703086
295.4579877
280.0662271
277.2302399
288.4177867
298.1337976
307.1490348
306.2595863
290.3221135
298.1502408
292.0406646
279.6317231
302.3042846
309.2563873
306.4632035
304.284851
307.884823
299.6679061
306.2309303
304.1757106
303.5278433
293.7224016
287.662555
288.6007949
287.511089
301.1609644
305.5999179
304.9012706
297.2589425
300.686353
291.0718909
318.9374859
314.2899308
312.5604188
306.2842694
298.7733989
299.1131827
302.6706317
284.33263
276.8432536
283.3697488
288.8041104
302.9644745
306.6016076
303.7898678
294.0608345
283.2990177
299.1958698
310.5007057
299.8065349
305.208734
277.7692888
271.3410232
267.8618925
290.3172833
300.8813095
308.7643813
311.7312235
303.5022395
312.2579079
302.9707022
296.5830731
283.2389423
286.0268823
286.6834137
296.3166048
300.9535452
291.5187113
298.4472219
288.9622773
295.1805998
316.6619064
294.3869745
286.3709164
272.3057153
276.7634631
277.7559239
288.4439982
296.1428009
296.083978
296.8045513
291.8658377
282.7007014
284.7051385
282.4254129
281.3932531
296.2105749
293.0387098
291.7542645
302.2973353
305.0853709
299.612054
313.0320411
315.9492394
309.4776073
332.8285105
327.3873881
309.3580667
299.0428559
303.1068762
309.465108
309.514219
311.2384616
304.3379574
315.2365142
337.5918895
340.3921551
328.3107267
323.8598134
312.2619278
297.1798783
310.8049393
310.6895548
302.1368086
307.2134767
296.4846138
310.6276782
318.6986107
332.9351278
336.0347236
336.5904152
329.5935661
321.8482572
336.2897116
329.5494031
319.941446
313.0424592
326.9343947
323.8764345
316.7667388
308.8409118
297.0610805
296.7072203
300.8405358
297.2716455
298.0088382
319.581899
303.9582964
308.1301088
311.6280106
309.9935667
322.1047284
323.0978258
321.4335379
324.3735573
325.4883265
294.2383609
288.8787045
293.3491805
308.788457
294.1349134
300.51706
293.122545
284.8684551
301.7200479
299.6901209
295.0841334
314.1319974
306.6360851
300.8418866
301.3692247
287.8049822
298.0952434
308.5749674
303.1132518
305.9878849
310.9530335
317.6014582
316.913478
317.3021399
323.6046247
311.8197521
308.5371471
306.5009204
304.1252546
290.2634511
302.0686167
303.3746141
289.5262803
280.0186529
295.0301456
309.0238689
325.7411855
313.423157
300.2034057
295.7405039
294.2955709
284.5814286
299.6528257
291.8533738
285.2208446
295.0606184
292.1792538
289.2867503
293.4955558
304.4484171
303.2275556
314.0854975
321.3190457
317.0898442
300.2330334
299.816865
296.9169047
293.7916411
299.3898833
310.3965385
305.2060512
312.9546711
305.467873
305.4456609
298.3512888
280.3610149
295.5113337
315.4090804
317.1987828
320.6815287
309.9727925
308.7097673
305.7767275
305.8735196
325.1594107
319.7779501
329.2201124
317.5064372
309.2548085
283.2364855
282.7289996
279.0463897
272.8903308
262.1666824
261.0273212
295.9284385
278.4945456
283.6621762
295.5383074
309.2986473
317.2116332
318.1607272
285.674314
307.0528105
305.6067238
308.7422526
309.6829937
312.8321009
302.243435
316.2315195
305.9820398
300.796317
315.3778726
304.1530899
317.8667422
305.4231125
312.5352271
313.4814273
301.5779543
295.577215
308.320808
295.4385254
315.0655627
309.1044478
315.2746174
318.4790666
315.951179
320.0091918
309.4410078
300.8031821
310.0560548
309.2998816
303.4009525
299.5299213
313.3712921
280.6208765
275.7714417
256.8499632
255.7978015
263.7510121
265.4834358
283.2349351
275.9836284
284.4591275
280.5622356
277.3521141
293.2039536
285.8909383
287.0877268
293.808839
288.3750069
285.3579843
278.565737
282.6334383
275.6009087
298.7227879
310.4200966
309.2070811
318.5221236
313.8916836
289.4868534
286.37363
283.3412382
269.4679209
287.2733761
282.6370075
293.8664421
299.2850055
295.9280891
301.489141
297.4454651
287.447075
286.9753294
286.6197965
299.5750121
309.8654522
305.0283128
310.9429081
306.7496251
315.3967529
328.8491192
316.1351137
301.4138822
293.9422354
296.0471528
291.3844326
286.0445916
282.2557998
281.6361784
277.2826417
288.3067718
295.9396869
302.4570325
315.4697881
313.3480612
316.0120473
296.5044641
300.5904616
316.5874286
304.5179374
297.8863881
314.6059912
315.3134803
297.4658961
290.6220471
290.8008344
292.8742308
291.3471173
292.2234426
281.2623439
284.0482472
277.6909536
281.7644652
297.0634627
303.825752
299.0098433
316.9120051
311.2391059
323.9185334
309.0122239
301.8017337
284.4277329
289.8638994
295.0811871
308.5318056
325.4237523
317.0153851
318.8232973
316.0986108
328.3065611
326.6189204
322.0475753
306.3613732
290.8562353
286.8749825
281.5845733
273.0045752
276.4164484
277.995634
292.2874969
295.8109667
296.3716937
296.2363431
284.4324752
291.4553855
292.4232221
309.2407562
299.1123081
296.7348086
290.6062425
284.7041805
291.2320134
285.7729001
293.5541115
283.2697215
277.6125696
299.9754462
298.4528849
291.0069872
282.0566811
282.157844
281.7990857
296.3609893
298.4361427
315.2252058
326.2093761
311.1574447
307.8430855
303.6514145
304.5789532
305.3118454
294.6018942
296.4051339
285.3801327
273.1006932
321.0544983
315.8781317
323.5670261
330.8966835
314.3530588
298.2739319
293.2767762
289.8065198
288.9317202
288.2760119
301.8541149
293.7992131
309.5127943
291.3856651
284.220809
282.5698858
297.2678092
290.5078929
309.4888426
315.2134447
295.9711068
288.5028306
285.2566224
294.7220059
301.4702439
311.6239394
306.7569858
324.8267462
341.6700178
320.7520382
329.2144605
313.1967048
304.3912479
305.6320124
300.9946049
307.8790218
301.2705795
316.5626013
317.7139945
313.893432
333.316024
328.5542425
311.2510361
301.4490189
320.0191956
312.7138244
311.2871642
301.9552321
293.1085775
296.5631882
312.97775
322.3009503
315.2940038
295.2564632
304.7203563
320.7979915
321.2236307
312.7023355
307.9162061
318.5302543
307.6978042
305.5005165
316.7737251
302.8340794
301.0818388
300.7444819
297.8391844
292.6038392
294.7770708
299.8555452
302.0969546
314.2563084
310.9628781
307.9009084
295.8555034
296.3258859
301.3599441
295.6420714
309.4029686
302.068092
289.7011501
292.4457659
302.4224319
300.7027903
282.1737142
278.6362895
278.503502
295.8525024
309.1458895
305.5478694
294.4012116
292.5543861
303.4157797
303.8830365
312.1524933
312.2556538
317.9784826
298.0228003
289.110187
279.3956716
319.0162103
313.6217065
292.700288
308.5193771
302.9786433
301.6498662
307.6103866
295.8997112
294.6408802
303.9411962
295.3208639
294.559223
310.8363637
331.534166
322.0656124
314.6734091
318.2134152
325.3996823
315.4949624
316.7170944
326.6957023
350.934634
341.6112697
334.1784028
334.8883882
316.2497267
311.6098625
321.7984562
313.4982316
310.310555
309.8407855
292.1209037
295.7178259
282.5574452
285.6477294
278.7593501
288.7057896
299.8514866
305.4935134
316.9082677
299.8218447
308.4995526
306.4350992
303.0831575
304.6559527
304.8948729
308.2429067
310.6746999
306.6125701
314.2682447
307.6393074
290.1662114
295.7956225
296.4296282
300.7489684
308.2585333
305.9565668
286.8797457
284.8313181
286.510791
324.9635453
312.8054905
317.3955822
322.7288596
327.1564867
336.6498632
331.9709543
313.4058437
309.0164345
297.4907119
281.2713749
284.5176258
298.8140396
301.3620258
296.8559267
299.1973944
319.5806349
332.2540343
320.2959224
313.4351938
301.831188
291.8061198
298.9003372
299.9124442
293.0456464
289.4045044
285.0126172
294.9177272
296.2117335
307.4627946
305.6675706
299.8970085
310.0538596
314.2887585
321.1062284
333.790431
315.3938394
326.0321074
321.7663785
305.7129472
318.1497333
326.4534208
335.1404059
315.0177072
309.278497
305.6195637
310.7575598
315.2845631
320.0723205
309.2648877
304.5141031
294.7716441
298.2246114
292.5619092
299.9913729
298.9253981
314.3740495
320.3217186
304.1724361
306.9859886
286.2097483
290.1416495
296.9310722
291.3496262
282.4617259
269.7614174
266.6549176
278.6362311
291.3756317
297.09066
302.2171583
304.7321086
296.3263676
294.7548159
295.8579001
300.0813281
298.8862939
296.7028671
297.4288325
285.0552903
298.8704938
293.721942
278.734363
292.4957528
292.3222485
287.9004961
277.0222864
267.342504
264.6359167
275.0992457
285.9796429
286.5398069
293.2765568
305.1213193
307.3445669
298.0135249
307.1803864
295.2527315
310.1403601
306.8723418
304.9961365
302.1765838
306.0217946
288.6390813
278.2105548
291.224484
300.7297472
321.1935955
328.9809813
322.6228266
309.9150864
306.7949451
296.2614082
273.9242318
304.5875401
319.3157443
306.4275958
313.1074668
299.7488101
302.5439868
311.1659754
310.1496749
291.195639
292.2216371
296.28203
303.0802756
309.5333248
305.4965886
293.4667882
285.5101014
290.8573406
286.2435052
286.734888
282.7822142
282.4607934
289.3723732
288.7009988
304.4606501
307.5387535
303.9705709
279.5677551
278.2002493
274.4335668
265.2157958
264.0143259
273.0287059
284.0182555
279.1972433
279.7091341
297.1530985
296.6335841
313.7640064
309.806521
298.1826641
300.176289
292.2802067
296.3082791
291.2660024
281.2490427
276.2601796
285.8501805
293.3030589
296.6119155
296.8227203
294.6830885
313.0055704
312.5772054
327.0529849
326.9937211
325.1147285
304.0792523
305.290343
305.2852659
312.2346958
303.0669621
293.5284279
290.0643623
287.8606999
282.4811196
276.4260714
294.9365536
305.5207345
310.6286862
312.2018404
314.5735296
316.6513083
317.5649731
305.5828605
294.1305749
284.573055
268.833219
259.9746017
275.8682193
281.3414091
285.7911904
289.422927
289.9582066
300.1184552
308.9982316
307.6240507
293.9911421
308.826044
304.4152464
309.1506157
305.7377416
304.3445599
303.8927282
300.3359632
309.9386781
301.6524388
320.7810898
316.0231356
317.6427554
323.2896993
296.8734213
302.5541155
299.9131627
289.3186597
285.9817258
281.8761076
309.0524116
298.8366388
288.1033625
286.3485854
287.2135973
285.7489242
302.6218207
307.3298179
309.957129
310.7697023
309.8237929
296.8993588
291.6564041
294.74141
295.1233114
306.0593511
305.4082004
307.9878183
319.9779599
311.9275479
303.7106365
306.4606841
315.2928003
317.6976229
325.0415403
318.951804
293.843082
295.6380057
302.6209901
310.8616904
325.7557037
310.5249741
319.6756098
320.4146545
316.6186617
312.2282567
306.7470072
300.95621
319.0184369
303.3274049
301.5553227
311.5917394
315.8497202
302.7545019
303.6366729
316.3926378
315.0078123
314.5769965
308.9221199
312.2191523
316.2997018
316.9352881
310.9639046
308.7442398
306.6545497
323.4220782
319.6162165
317.382451
311.0614475
314.1149011
295.0853846
293.6396956
300.6853505
309.414639
299.6120508
305.8083449
302.6278954
298.7802286
294.4683066
302.2642022
304.23063
314.8815106
314.5588375
312.4669859
316.4796775
316.5757236
303.0696666
315.7826552
316.2488931
296.7560061
316.0819045
295.0309535
292.8171083
300.3122827
291.2778674
282.5328044
284.4948886
301.433444
302.8114012
302.3813026
298.6211123
306.2933581
302.7232137
316.3783779
317.5622365
305.5657569
303.3043423
312.3095541
309.5226368
314.0763796
300.6832917
314.2376984
316.6137182
317.1121504
313.256438
309.3442173
313.070931
323.8968281
318.3393513
326.1133454
330.6361379
314.9689446
322.239235
305.2069843
303.5286404
311.6932972
311.8965702
305.3463166
297.2584962
298.1826104
325.757839
312.0088311
291.1811461
279.9623556
295.8637623
296.8830941
299.2666722
298.4441766
307.4193493
304.373706
305.8228101
316.7971749
314.1282108
321.4621701
311.4854642
306.6821971
301.8785554
296.3965592
309.0122638
318.9189034
285.0234086
286.3121634
280.7411161
297.4580839
299.7110592
299.1231348
296.6198557
304.2615875
296.8155897
286.3472854
283.2383035
295.6140462
295.7689239
292.8028591
283.7756356
288.1203848
284.6341528
306.2323757
302.2040338
301.8035742
318.4810148
299.8796117
287.2250679
291.5345065
310.1151779
316.6935593
313.6694753
308.760954
311.1615087
305.5040439
316.7138012
310.8060013
318.000186
324.0979973
327.6495796
332.5922948
324.6563107
306.5596676
295.4491602
307.0032438
316.8882524
324.2541508
316.5362903
313.260653
315.0393108
322.7410655
316.104836
307.0110568
301.6676673
301.4602941
287.864992
301.738301
287.1268224
290.2396764
286.9026716
298.9082539
315.7677546
313.0654958
321.180064
310.4433718
305.5441484
303.8231847
295.5563823
296.8677945
299.7526921
292.4351575
285.0485866
297.2812729
291.0087625
302.7764168
308.2306195
289.3919142
290.2004112
297.37904
285.2601601
286.3211903
289.6099796
299.0674967
302.3785812
299.8973602
276.3971597
298.9187171
311.6980675
310.8016437
315.835258
309.8975123
309.2426377
303.4682871
308.2028806
307.1883971
313.9395552
329.4522111
318.0095814
304.6817868
308.4370256
296.3593354
291.3790185
286.5035335
286.845074
285.3314581
302.1345593
285.9001668
300.8531993
299.4211953
294.8764349
288.2715644
298.8486817
283.5800969
302.2856509
294.4864131
297.4031525
293.7855472
313.4289689
316.2410241
329.9219264
335.2210496
317.298753
300.0892821
296.4475766
306.926248
310.076713
306.0710055
297.094689
299.6441309
296.7425293
281.7822354
282.7202746
282.1404981
281.3121959
295.4306472
297.125771
308.455686
307.729303
307.1141979
299.8481641
301.3348914
300.6528463
301.7252749
306.3052327
309.7274244
298.2155214
279.5070783
298.9626035
288.6008935
279.2800467
269.9163883
276.3075882
282.2690476
289.2535721
296.6404611
296.9350688
294.9445402
283.1317271
277.32823
286.1289419
302.6575015
301.4227066
289.3403801
291.3352153
299.9037943
296.2920162
297.6107167
304.8535415
309.9545215
303.5490083
299.1091182
293.9729216
293.3712306
296.9482933
303.5576042
300.3910648
314.9763789
309.8029288
310.7151029
324.7762905
313.4775862
298.3616704
305.3599717
302.5473121
296.4374429
327.7369337
315.6357042
295.6697368
284.1294782
290.9400677
305.0535957
320.9065978
313.5619243
305.9786305
295.2305131
314.7118136
320.4558573
323.0291342
315.6098075
300.0778953
322.8601403
338.1540612
340.382652
334.3631679
338.8172133
314.809104
323.7251429
339.1118878
342.2157845
327.0372618
329.5625792
318.872662
307.5427275
317.7225987
315.5489008
323.387242
311.2968715
315.4103597
312.6918295
326.5701979
317.3032332
323.0907226
322.5017053
314.0847553
318.0148401
295.9575994
296.7969488
289.647531
276.672076
300.4026982
293.1903499
302.3918341
313.0867267
312.192152
314.9037721
320.1654693
317.1284718
317.3366562
316.3062403
322.0870961
319.6018514
309.6143303
301.3006334
311.9868953
300.555689
305.5444812
305.4268122
299.9473905
312.462561
317.7589862
330.4737714
320.8727502
319.1604253
319.5486479
310.4312955
302.9695417
297.2777979
286.2449867
286.8775877
294.0114048
286.5626496
294.7764873
301.4736471
292.4158419
295.3628642
294.630343
282.6645153
285.2866541
283.9403212
284.1529822
287.8289058
298.1425311
297.7480646
307.0434568
315.089402
314.0796823
312.3389764
316.5150383
307.382662
287.5337783
294.1085878
292.6973523
291.4820909
296.0767714
289.3796459
301.6562592
298.2079866
302.0332463
293.4633852
290.0428693
303.0039322
322.8122025
332.6571952
340.823692
331.4298936
312.1620884
296.038638
300.7467382
302.2282851
310.8658134
297.5484198
301.6674389
301.8317397
301.1655663
287.408602
299.4674498
292.2056262
294.9953681
302.0584482
292.8349315
285.3254754
296.5541762
300.9467957
307.6604098
320.5934072
313.9089291
310.71016
298.5391505
287.4643493
284.7316504
286.2851403
294.7004376
291.8696986
290.2943005
280.8929027
275.9867918
275.1466296
282.5062434
292.024231
292.4089439
308.9178944
303.1509198
296.3568517
294.4583146
290.6233076
293.3433488
293.5405729
287.4233651
297.1570596
299.3005992
294.0341849
290.1646122
278.3974722
291.0480077
282.3520496
300.9250996
305.9743576
305.4224972
298.0794871
304.4097151
294.995536
303.8914535
300.7421445
293.0122805
302.5102554
304.5571421
296.3912421
290.7030003
287.5273755
305.0366663
311.405054
301.8304691
300.8857457
318.7489727
299.3275169
296.843917
304.6433808
306.9523357
301.5325471
306.0871217
303.2032894
298.5510087
303.0236876
315.4016484
304.4820527
306.838337
298.3378279
301.9048892
292.3956972
291.3932153
288.5714419
293.8331508
306.7854665
282.4416717
289.4184329
316.9529634
316.0855453
308.7324265
293.7583371
298.2551708
290.8448941
295.0869759
299.1983535
304.7630413
307.1199374
304.1406363
306.2056831
318.5218403
329.2309883
315.5848327
300.335912
290.5109027
303.5858686
310.5232587
305.3293172
301.43903
295.8554475
302.8979632
289.8484245
298.119827
308.2545434
316.9554278
314.2504495
316.3401173
308.7273532
298.7885312
295.2288174
287.6831797
290.6841587
299.8757013
309.6558976
319.7282187
312.3488047
305.0061704
307.9973865
280.992861
274.0638589
293.2581438
304.0992717
306.6244171
313.3843982
310.5989876
313.0054106
298.7130842
296.3568336
298.6558599
298.5795195
292.3219337
277.7677898
268.2724979
272.9161493
268.0383878
279.8809467
269.6704111
270.6313751
304.8384369
311.4629263
298.3497424
303.6303917
304.1972718
303.5045449
312.1527103
316.1551087
297.409805
287.2286657
291.7043234
274.8096916
276.0067679
277.4772559
282.7662831
296.3729985
301.290078
298.6155088
315.0820985
308.6154538
293.8211981
289.7897701
290.3617113
287.4881224
285.9687904
299.3381488
280.2830947
286.5785023
277.5022935
270.1798333
271.9725873
282.4346095
292.518294
285.5612537
283.8208516
304.103402
305.5292487
305.8210995
300.2773193
289.3249118
295.2476999
294.7581636
298.0125937
283.622414
285.8876015
296.6042734
306.771313
300.1359762
290.3431812
284.1270239
289.4559553
293.4934613
302.5159699
301.5884665
294.7698161
275.0163793
281.2355506
280.7967549
287.501211
297.8651687
305.3496565
308.4968532
314.6442455
329.1768292
311.9346628
308.0114913
305.30893
311.2357299
321.5794641
319.1708406
302.7797056
291.0242966
280.6591238
287.8503578
290.8481242
277.4983301
291.2994231
286.6197752
298.4933275
302.2717397
307.1920322
307.4753341
300.2739859
316.8713273
321.856111
319.458951
310.991186
305.3682972
292.2069264
300.7657834
311.479447
296.2048324
314.6718557
311.345534
302.2557016
312.7397204
279.7958622
279.8385027
293.5867536
298.2960304
324.2468
315.8175374
329.7238919
320.3578463
300.5977683
303.1631711
311.5700843
309.0286493
306.1060851
300.9045494
283.1285898
291.9985121
292.3329803
308.856937
307.6514452
313.0419221
311.9664702
302.6002168
307.7622452
316.3780753
283.8815666
286.7855589
297.5011017
310.3201785
305.7085426
297.1285695
294.2492926
276.0196728
268.5648537
278.882918
296.6805753
306.1767119
315.9702247
313.2236233
306.2077446
300.952878
302.2300126
303.6434764
296.3106969
292.6648989
286.1570064
301.0291545
295.8804352
299.6846175
287.4889397
288.8591453
287.1668775
308.2772239
298.5780313
293.7853254
282.8367023
288.670899
293.497281
299.777727
305.5559346
290.3919062
292.0147372
295.1897177
297.0904511
299.9171558
300.4647893
305.5064057
325.0589334
325.1609547
320.5945236
320.9265928
309.3160149
297.4085947
285.9328633
294.0362498
299.9482552
295.2812284
301.017895
302.2767188
299.3688105
296.7951817
306.1710022
297.7674864
302.5174219
311.4266035
315.542799
308.3256381
303.5472165
301.3605795
298.9021969
296.0678002
291.5245537
295.0003261
280.2363917
261.5787247
268.5611468
277.0770862
284.4623403
284.8455223
289.8821982
289.1108069
283.4778267
290.1671537
306.0911178
313.1898439
310.7019483
321.8733268
306.1490021
321.5006268
323.1759914
306.0225116
287.3766437
286.9117711
285.5854322
292.1693123
294.1035954
289.3360147
291.3812685
290.3505543
296.1951204
293.276556
285.8655996
301.8325405
309.0327785
312.4468589
308.6688199
310.6902746
307.2819199
296.8377085
275.2437617
284.1092895
288.1584793
287.7179036
287.8256199
277.4144223
276.6017734
285.9609517
298.2215228
298.3633953
296.5594696
301.07231
327.3000496
305.4441965
300.6703109
309.9805286
287.44312
285.9419215
282.4446788
295.8223914
294.8554053
305.9389454
292.0562988
296.7048222
298.8278444
314.7552268
301.2611785
308.6861081
305.7193214
296.500455
300.7182093
299.8990043
290.8069909
290.6761178
278.3497074
277.8374838
307.4309644
296.3822915
298.682525
308.533549
309.045721
305.6632242
300.2049175
284.3525877
285.2615836
288.4365592
288.0413749
308.1199598
303.9933779
300.7076563
302.0709664
311.8959082
308.5028611
308.9161666
323.0580436
311.936446
291.4755786
296.923184
305.3815068
305.3554391
294.5056408
297.9794682
309.4539386
309.5286966
311.1436518
301.0143526
294.0754978
300.8046153
303.4731097
296.8030431
313.315025
306.7341774
300.2196588
297.1525202
288.202026
289.7816944
312.0304497
303.5271729
293.0713525
295.7146961
305.2090185
302.7438314
293.4457955
282.6380401
276.1128954
285.6480649
300.0955077
311.8064229
302.6553463
291.0511151
294.5601981
284.3214323
291.5433869
296.0985475
304.8159792
314.0474005
288.3153854
302.7945935
300.7956122
309.7799944
305.1548655
289.3423486
281.5922248
277.5105751
290.0632284
291.9052746
280.9602115
279.8062423
292.2174733
304.1622413
296.2452665
294.8386293
298.7344711
289.6529617
288.1545502
286.3247847
300.3999297
311.3123095
313.8454588
305.7419112
310.8954018
296.4175585
290.2963579
298.1331911
301.645358
307.0254841
309.5568021
300.3083177
292.9641196
297.6817722
299.3978168
300.8359516
282.2814454
281.9859818
283.1515733
296.4130908
300.8902918
307.5803724
316.0743083
320.6541747
321.6667578
328.7392125
314.5295976
307.9522313
314.8154061
317.2284593
326.8755504
325.1743869
315.4305688
315.9867538
307.5061789
304.9171137
285.6742775
303.4150088
305.0995087
302.6746452
285.5985233
284.9071953
281.9748389
286.675325
285.3506869
282.7946837
282.955889
286.5545113
281.3126661
289.2723716
284.1087338
290.762193
295.540798
303.1513342
310.3817334
303.6384638
308.837735
295.7282144
293.0956312
280.2423376
294.9978886
300.038607
283.6416802
275.7170654
290.9119857
291.684445
288.492067
299.3074255
288.5861011
299.4886464
302.2849053
297.1719628
278.8227663
284.8601711
281.6976896
298.9061295
297.6674873
298.1739232
306.4487097
295.1237614
306.6633587
308.0407106
295.5707082
291.7696755
285.5976439
296.6265563
287.8132585
287.5053597
308.3901557
315.8386125
317.3539697
310.6096468
322.7932866
297.2367249
301.6069294
302.5415032
320.6782508
310.024343
315.9349169
315.5439902
305.8507886
299.1235237
302.5218535
292.904861
307.3546962
297.4789249
302.5990617
290.4785082
292.3178375
280.8412427
289.345117
293.4251664
292.4775839
286.6183669
294.735167
307.45863
312.7876516
303.8016856
305.1174265
304.9190837
279.6218794
275.7760578
292.6312046
290.9548421
292.0968369
285.1176576
281.6573552
274.9778566
271.8372568
292.6896152
312.2708743
294.9151228
298.1404175
295.7888179
300.9847454
295.13745
294.3037018
296.6596262
282.4087984
283.68197
272.6891531
270.8858776
282.9719041
286.9027938
272.1179306
280.0441552
275.8791144
295.4284537
304.4576907
305.3620719
285.8842035
286.2570543
271.4373564
287.9941449
285.649561
283.5848604
288.5436422
297.1924984
286.1416905
264.406168
292.0754092
291.3408084
282.8413496
287.0631589
292.1117855
288.3043393
292.548098
286.3639768
275.2449136
261.0755535
271.5163753
286.0344839
294.9094687
301.0444913
303.7594936
308.2177041
286.8338735
288.6318663
286.2736164
286.0562146
288.9724614
287.6177777
279.123672
278.1286351
287.7418927
290.3671764
290.7152314
312.0729328
322.3284688
310.7176492
293.7479953
293.3980217
304.9008785
300.9437206
306.5414232
300.0089806
300.6374876
295.7700158
284.5744099
287.5269807
312.3572515
307.3439261
302.2993389
302.1950504
317.6724533
334.061785
320.11474
320.031926
313.260775
311.9619843
301.8585279
306.8309264
297.3503488
294.5655752
299.7390342
306.5420365
306.3635989
313.9627563
318.9897826
317.9512465
277.9479617
283.7334063
292.7507866
292.500713
297.7035069
290.2354426
290.8371773
294.6986296
297.8592803
295.2621874
306.7165444
296.6932486
309.8178314
319.1903978
319.0278416
308.4734635
308.5869692
304.6849906
293.4185521
288.8782628
304.5864529
299.2101131
291.1405355
294.7261486
288.8493042
293.570101
312.2149941
305.8264917
315.2977947
315.8435796
306.4346195
299.9754302
290.0334218
312.520761
308.5191954
305.2408965
302.6797092
296.4574701
318.8038565
307.0503962
297.7927465
309.7441042
306.3796883
317.4533659
338.8329841
342.4729609
333.253574
324.665516
322.1103995
319.1742887
321.1550443
311.1749011
321.3398593
312.6512832
314.2482293
304.5933108
306.5807919
307.1439409
299.0875488
300.2637452
333.2004269
328.534008
335.4920926
325.6036518
304.4841878
291.9627523
299.4278877
308.8546088
318.1421027
291.3336238
301.1966806
311.3170312
306.3899603
306.4253607
303.825795
294.5879339
297.7767636
304.5055557
319.1854338
314.9936283
304.3523761
304.7567516
295.760614
300.4104488
301.7349155
303.6908405
299.3074035
301.7280189
301.1756336
322.4611008
318.7562006
310.2534285
305.1073056
298.5624971
299.8276567
292.4196574
299.0304259
308.6385954
314.3823286
314.101121
304.4161149
289.7525806
303.649582
310.1852485
300.15916
289.3260693
303.2410702
303.8043382
305.3811168
287.9235576
278.6770034
286.465656
285.2473914
282.3695338
297.5984358
313.7965143
316.3982816
309.719469
306.5527826
313.3628453
304.7723245
305.7545099
301.5069376
301.5280578
300.3929639
300.1194497
293.5049114
283.4833568
278.7048854
276.0144797
276.6852328
280.5521797
292.6164583
303.9130659
293.7547729
288.9013049
290.3124232
298.1057792
308.0356181
301.670773
307.1233867
307.0690607
303.5428674
304.4398526
301.9446988
310.6484977
296.4495964
296.2241683
320.1955346
312.9406483
293.7320608
297.3626921
300.7123345
296.4451168
296.3798268
313.2407148
309.3057156
300.6095695
301.0437053
308.9069738
302.6980332
304.9384635
296.1452435
291.0689819
294.8464786
304.4572259
325.296093
318.829122
306.2368756
306.1222119
297.2678634
291.1882581
282.2628338
274.9639646
279.0028394
280.1986132
277.3868076
295.6644527
300.2308932
299.0948792
302.7923094
293.8460458
290.465762
292.3262119
293.2002431
295.8724096
291.8967346
278.8026118
285.6336744
287.0351082
303.3471722
301.9479426
296.8710362
299.947471
295.5509588
290.2141868
292.5598695
289.3549002
287.2399769
297.9262969
310.7112298
299.8414234
300.0517165
293.233076
292.6237137
297.231805
284.541289
278.3445972
300.0315484
304.2367327
305.1106821
311.6722101
308.7515499
313.6474593
303.6499862
310.5946359
309.0662595
309.3036704
323.3110299
315.7234908
301.6120919
305.1809277
292.1360277
284.169387
288.7814092
297.4045155
290.2198603
286.0877563
284.4774951
282.8184948
295.3840929
290.6186854
296.2948526
303.566355
303.9983418
305.0991721
307.3379595
308.9722141
309.1982789
304.722116
297.6175928
308.0682201
310.5842413
299.9276851
294.3799283
297.7230497
295.8475287
289.5923123
298.191257
281.8844119
291.6997125
300.8074281
292.5118859
289.0023608
278.8377802
282.6236023
295.8537883
285.2397726
294.1208799
291.0217616
294.4786559
280.0471571
269.4306473
262.2936346
285.8004421
280.7635164
298.792775
301.1764774
302.2868069
301.2959136
284.2568762
292.7116185
297.4520051
301.3002178
302.6376821
288.444405
283.6494072
294.5435777
281.3012965
296.5301442
289.2226438
307.252079
321.8426541
320.3643852
308.4028837
302.8848883
311.6539615
315.5522285
302.6981574
322.9116426
307.6083692
300.0637203
282.7070404
286.1450613
281.4409092
287.9635898
298.157642
288.6244638
296.4607519
295.8626069
318.2362177
304.643564
305.0801019
288.0229
288.6844031
277.9999106
277.0495842
276.2420421
284.663266
285.8188337
306.0317373
302.7697085
313.2225146
321.6900413
316.2543161
304.0819365
309.8337824
320.7265201
307.8182703
305.8058934
278.110654
289.72291
280.8808209
288.4320502
286.8029224
289.1892793
297.8048943
294.9967357
292.2080555
293.7123312
297.6560949
297.8228615
287.3371649
286.0715976
298.7732512
298.9634801
310.0467821
306.0729493
302.8891956
300.5107663
303.6194902
296.1914939
301.3497152
308.7902162
297.7705126
294.5943979
295.6315552
297.2127685
295.5320702
314.1823277
303.9751574
305.7047047
305.7261013
302.315195
280.9739289
274.0269564
272.8364341
273.415511
277.0199479
289.893043
299.0270719
295.6138839
302.6181906
309.1774648
321.3151802
308.6961744
298.5552324
303.3436545
295.9426122
294.5925646
303.3198585
307.8240645
307.845844
316.1523019
318.8170423
317.3092257
316.8175825
308.8014558
297.521114
301.9186113
292.9332647
287.6286113
280.2151509
288.4583766
295.5141654
304.8414634
314.6877394
308.5409857
306.5933833
310.7695358
306.5817009
301.8523965
295.9363315
302.7232302
296.728789
311.9911831
296.8284684
304.8748482
295.3065795
282.2681691
285.2150788
264.2015229
286.4200136
288.144847
299.6262089
304.2074149
297.4292747
307.9024286
309.6339224
311.7260285
301.4660098
307.4269312
308.0210708
307.2126438
294.8367509
306.2190024
299.2340576
307.1569374
289.9865412
291.8737171
311.5149279
320.3952261
314.651744
297.4100461
293.1952159
298.7950823
296.0360877
293.885969
294.3103857
291.2504805
296.2121836
278.2035255
285.2986731
284.3258691
278.3639151
293.4055227
296.8603614
303.2120253
310.944711
316.760009
326.107046
310.0215448
305.2069525
291.3725431
298.6992938
302.9771243
295.831975
297.9648599
306.6732644
312.9054061
308.0161084
320.2720443
307.4530572
306.6113934
309.1940898
300.3060182
312.6153678
309.5033296
311.6454814
309.262453
310.4108594
305.068916
313.5019999
300.6206618
275.9727719
275.1108056
283.6305114
305.4037666
304.5630497
305.1245536
304.2499956
317.5397154
316.6617837
294.4139392
310.01146
323.3880913
326.0355636
318.3671973
309.3476022
298.2904877
294.050323
303.9965161
296.0732064
307.5556983
324.222864
335.0693212
324.1316076
317.1751769
303.268518
289.0367488
294.5009654
292.9593234
306.8268729
295.2302126
293.1924039
287.6614456
285.0240213
272.9583329
272.693814
288.1840914
306.0314465
305.6829403
308.6492726
302.6943471
301.6668988
286.094286
284.5267495
305.3289326
307.2512427
300.7593907
310.6650311
312.4445177
336.4419191
330.945857
336.5365272
335.1831864
317.9970385
325.9786119
320.4657991
310.3108636
296.4505102
294.1316985
292.8906006
290.8441618
300.0083825
302.3634569
312.0558267
321.0640748
314.8032485
300.1567177
294.6332569
298.9939932
300.702142
311.9493395
310.624058
303.4655034
299.0681621
286.1089526
296.1227663
299.3993157
303.3076407
300.2430567
310.1493224
319.3972009
307.5088992
304.9223895
308.9329685
306.5916516
307.9671818
301.2296136
298.1814206
295.7806173
313.9327534
302.1426574
317.6778383
311.1732831
303.2492917
308.2827393
302.868329
305.1126068
295.2550011
291.6681929
292.0479659
308.5578092
299.2280267
288.0877433
276.5980348
283.6981907
289.9329252
300.3425927
294.4491744
302.1785743
303.8158903
297.2030426
294.6472156
308.6460052
301.7169706
282.408507
293.9185967
290.902403
316.1355485
313.1247995
299.4868103
290.0363225
287.772598
304.794126
299.4685842
295.893721
302.0677838
298.2514823
280.6191795
281.8631387
290.9625261
295.9248848
293.2317489
293.0397723
290.1594385
309.1316311
315.7486505
326.5016379
294.8457728
300.4188727
295.8764359
301.0657452
299.8361746
299.952588
313.2096915
302.095835
312.9631649
298.1761148
303.0426448
299.3691316
314.2586044
316.2589423
314.7022502
305.457605
303.9829167
324.9591039
311.9071145
315.5712946
301.846576
289.1684649
289.1697739
296.6911108
293.8148815
280.8981517
288.9195695
299.2634308
301.0048655
309.4675503
293.3812278
282.4860921
285.1176759
274.8542625
285.6200834
308.6099287
307.4247135
311.9869412
310.1197426
300.5157799
319.9284157
322.958242
325.8242015
318.0808116
326.5061654
338.8232014
322.8072761
307.9290392
308.7563297
302.2646073
300.5084563
296.1534068
295.5166509
304.8070646
286.8352073
289.6478958
286.512789
279.6079443
290.1718144
301.2973512
294.6908304
302.4565504
309.6669441
306.1443781
319.4165153
301.797107
294.8316601
291.371287
299.4381285
305.3445051
304.3252539
308.4401646
289.3548491
290.0971422
308.0116939
305.3283242
319.8739539
327.7003734
313.5515464
299.9393157
306.7350549
300.7727862
290.7724879
282.0276083
283.1247558
291.3710762
291.5232177
295.2235317
305.4459006
301.3979626
328.7268041
324.7088989
320.5342881
314.2273455
327.8402556
322.8362905
313.1120251
315.4148361
309.0340352
316.8239389
323.5115144
327.8908959
324.031335
332.2393834
329.3626518
319.0106994
313.501698
319.6022277
311.4057063
314.0839644
311.0922252
316.7288857
322.6358346
321.7422515
328.3212174
314.3691098
309.6066152
307.0513714
325.9764932
335.5464943
295.9323073
306.1453159
292.3162847
294.6126592
307.7883173
325.5539684
324.4048406
315.495564
304.8410068
302.0696909
300.7843084
299.640608
298.9626333
307.9936856
308.4915088
327.9522306
321.1562078
301.6852002
298.1850407
301.8006203
315.9846528
316.0688788
296.8580009
309.1131706
314.9141422
320.0751004
319.0525914
319.7319115
307.9108267
289.1123072
302.3875928
305.9041182
300.4509701
303.3536372
304.9394591
304.0680844
315.3024238
331.7460427
323.2605802
315.5026528
290.3064344
288.4508548
304.5494716
313.5172194
304.2280756
302.129685
310.7337197
319.8664558
320.3930033
323.237634
316.7305219
308.4724734
318.0208648
318.7654788
309.7865413
329.7273006
314.3368083
300.5189771
302.4525321
304.6692039
297.4670943
303.2393245
306.1426214
311.4247147
310.4552934
310.3098207
317.1959015
310.4560035
313.8454228
317.9157267
317.3319475
316.0600627
308.780104
299.0366357
306.4870282
277.0729348
290.5522234
294.0880416
300.0293271
300.5939712
310.2793464
310.0909189
299.8217
305.4904764
302.5184446
306.098173
312.7476278
313.5895374
314.7715924
315.3928967
303.758551
288.7641671
282.9296797
300.9011973
305.4561913
314.1277026
326.2479059
307.7218771
300.7324201
316.0497818
295.3456302
298.1505803
301.245904
293.7099814
291.1121351
273.2665111
277.4062552
282.8137391
298.1394924
306.0459588
306.4138369
311.251895
293.6614874
303.2803797
296.3309241
295.5442629
310.2705406
311.0184019
301.8981478
305.5449578
291.6759689
288.764421
282.5042728
282.2709199
280.1309627
277.8764841
293.3939473
288.4329635
286.3405763
287.2573722
306.208031
310.1224029
308.7401409
300.8261009
278.3834181
280.9638494
282.3713513
270.5222289
288.2906011
282.8499667
306.2376933
307.8893185
301.7585815
299.8806245
302.5319293
304.4463097
293.9003701
307.5556889
304.0136533
293.0682882
303.0256539
313.4718819
293.8917483
292.6530663
285.1621865
290.9927936
297.7160799
295.1798575
304.5125383
307.6068959
290.0661661
293.1381165
296.3646896
309.1602342
332.8342407
327.2782608
327.7856807
314.3956285
309.1617621
309.0310824
312.0880115
299.5370324
298.32455
307.0514672
314.3326116
312.8037465
311.270444
321.1078928
297.2915105
298.5644491
304.7527378
317.5496539
319.298876
311.3700459
317.146144
315.4044243
316.5906712
295.619978
285.9431357
301.8602142
309.3737676
310.1907308
313.4735108
306.7589424
297.8818414
296.7320543
299.9963442
293.9419466
295.5197966
303.0771338
291.4534786
298.88519
303.1087501
300.7895245
307.1721035
311.2226672
297.9890987
297.6861675
287.4896469
283.5377956
283.2322044
287.6939757
296.9410375
293.7890018
287.8882338
294.6478787
298.0316824
301.9838747
297.3326952
284.6155827
294.41723
287.3350508
290.5636055
296.4753557
294.6182108
298.9091607
292.0202208
290.7495915
292.1173845
293.0703451
303.4032025
315.4617123
309.6236937
303.4181045
304.7360253
296.1372825
279.9627422
278.9005962
298.4562338
297.2859286
299.0364916
311.2908852
309.3003783
312.1410294
295.5366417
296.3500841
287.0756132
301.9104303
306.1018448
300.3536874
303.0658038
294.5564993
292.3535992
292.2535268
304.8624985
306.3398622
314.869156
321.3215239
311.3779153
297.0655076
296.6187391
299.8118643
293.2616191
301.8392651
300.0204845
302.1294862
312.1526897
322.4283658
321.5731485
324.0171763
305.4413063
291.4277186
298.0138074
296.4596942
295.8721281
298.4356563
293.6157688
285.5891192
286.7307158
292.5888062
308.8671395
304.8635039
302.9110777
302.4544566
300.4989813
302.9313327
284.8776483
293.1395027
299.6324073
297.5574374
301.4077515
280.3663724
278.7024347
278.2259805
280.947081
282.6338198
275.2764907
279.3711159
297.3922258
303.52915
311.210644
318.1678618
313.3968994
322.134981
329.9423407
333.4997783
309.6059915
296.6578956
293.7848581
306.3562337
296.5766479
301.1400214
293.3741804
303.2767207
289.4886144
292.9575147
307.8480725
319.7201192
317.983288
314.1678337
304.4284019
307.5667226
316.1371748
303.6244033
305.6106307
310.9526913
311.7138436
310.8201467
303.2229026
306.6924006
309.3407696
296.6199541
286.7976894
275.2923137
288.0116611
297.1027402
290.7921216
291.0008178
286.2468328
305.3313448
315.6011559
326.3642604
324.0549165
328.8575412
327.1212803
308.4987948
299.4582377
299.7516123
298.0964634
290.9915658
290.76218
306.2839813
313.0874835
319.9469464
322.3151259
311.7467962
313.0890003
305.9994431
306.0891141
305.1372434
314.0824451
298.2718552
290.488412
299.0814273
303.2100844
300.2236708
295.5702059
291.6837823
284.4518056
303.6652327
318.6638867
319.908225
318.0758063
308.8357676
306.0985197
299.7541023
287.5890811
288.7074084
298.4421457
312.4235418
299.4834486
298.7557933
299.3668854
285.1867844
299.3919768
311.2733988
301.465615
304.6803582
303.0435897
294.2331889
296.914052
291.5373127
303.5509261
300.4487795
292.1396886
291.724023
300.3861637
302.5900434
297.2121562
298.7289251
290.1805478
281.5007074
270.8595642
281.8526593
285.8858251
291.5683553
294.6313353
287.1088499
301.1630064
302.636794
307.5147896
311.0375329
309.3307678
314.195166
300.5594735
304.4536895
288.3264183
296.5536144
294.0155391
293.359944
297.741719
292.8146565
306.2536506
298.0679042
290.0041694
285.9557252
295.3556909
292.0665892
276.542725
276.1393002
271.2273603
276.8547281
285.5051799
286.2567678
291.6595386
293.6747003
295.7798625
297.2568718
296.0702375
282.9117618
296.1431067
297.7476609
311.7979277
304.1786601
307.8896694
300.4433514
299.2167605
293.8067671
299.0564774
299.5719125
294.9283449
282.9751245
281.4564199
271.5562406
281.2908809
267.4340592
286.684713
300.0000383
299.5819067
287.5906764
300.6565416
297.7577892
298.0874047
305.2326514
301.5714573
312.0102596
306.1762378
320.6911593
315.8098663
314.5340528
307.7908163
296.0341249
304.7316475
312.2802548
315.0277709
319.9574118
303.493495
306.0362179
303.0932299
303.8298087
314.0134363
299.5171736
307.5172051
322.0081207
305.8065568
296.0424309
304.1374667
306.268919
311.0732118
319.1720878
315.8685195
325.7143229
329.7487747
321.5140633
310.4400081
301.6465692
302.1673043
307.5985163
310.423648
313.5620224
308.4199124
312.3279623
305.5495864
292.23986
277.2508258
255.6982632
257.5769916
266.9976402
274.7740641
282.6891652
293.7602189
287.5864771
301.0829213
287.7873448
295.8698198
301.4051382
294.5592278
292.3462759
294.9825468
303.9729107
287.7504766
302.8463555
294.0366926
299.5586516
296.8064078
294.8417159
298.7364648
304.8433672
312.0178729
317.8661245
283.2661711
264.539239
264.4343273
276.9785299
275.9606917
294.3368689
309.0988932
285.7545443
282.5099135
288.8972455
292.3947208
302.9430779
299.5210008
294.5795757
302.594316
304.4071267
307.0177931
307.7030583
299.0084165
302.390594
290.4989848
294.8137203
286.4318911
273.6850121
281.7502685
270.3866067
286.7404402
296.4176372
302.7789185
291.24037
305.6315957
298.4232974
295.9556186
289.2984424
272.9877779
274.197775
279.0056079
277.001003
277.0477642
274.8258525
285.7271999
293.0978787
303.0497674
310.4537773
310.7131099
314.3416382
297.9409547
294.8719023
291.6867611
317.325811
297.4435576
305.1448739
310.5390119
330.2142109
312.0257696
306.1098568
290.5700962
295.751134
298.9184457
291.8073261
294.760132
303.37221
298.4079245
313.8556805
319.0864612
310.6892197
290.4277454
300.9170337
295.3347928
281.2462952
306.2273267
298.680622
299.6338949
300.4864492
310.3823003
293.5703872
310.9734125
300.9834927
304.5152145
308.7618702
312.9691336
314.5234427
309.61757
306.3171292
295.2420811
291.1089358
297.5495885
296.5256903
285.5155154
300.560856
298.1788477
318.6766541
326.1142315
327.1001365
312.3860092
309.3096801
297.8853625
296.9662788
303.7447644
313.1264159
317.223172
323.4711402
326.6191775
322.3912407
332.7034978
337.5631525
327.4048624
330.904702
327.1225405
306.7280549
308.2480832
298.50094
287.5783106
299.9382544
287.4452245
287.9336286
296.4848205
288.9046243
293.2467809
291.4177163
302.2121981
294.6555043
287.2701052
291.7199193
293.0728796
301.9064448
296.6527553
295.6722807
302.4243499
291.4770071
278.1956914
279.8670478
277.647783
271.3422264
273.2643876
280.1095864
296.8035814
315.0080739
302.5624808
286.0287079
288.6544811
297.9241701
294.292576
286.7035356
283.7458734
291.7556646
287.5347797
292.1539496
295.4110395
285.7027193
294.675778
290.1474851
313.0859624
306.1123288
311.5533215
295.0342364
304.1767023
303.3062548
318.7927403
316.4258487
312.5791235
314.0181191
301.7911432
309.6075613
307.967584
309.7558652
310.3715956
307.3176449
309.9535128
303.8787611
289.7215925
302.0706678
305.5918692
322.0295737
323.2231607
300.8645473
308.7296438
293.2249115
285.3483912
286.0377445
283.7625234
287.9200101
287.6863242
280.0827636
290.8408822
297.5712498
293.8849648
285.0932479
266.808989
283.0585033
297.7778143
297.1739523
296.2006098
276.1392177
282.7960284
292.2428941
292.8432094
287.508629
275.4575652
293.1872827
305.5479691
307.604672
297.9555294
298.8669062
311.5301735
291.3096031
304.2846138
298.8111039
294.278254
287.7626009
293.6576368
301.5220393
292.7777985
296.2220316
298.3825782
279.0783297
274.1569245
289.9794467
299.5204001
287.828669
294.0395214
301.2307246
295.4433952
296.0636766
291.3300105
302.0039037
289.9677991
294.2021519
286.3752239
300.9540698
282.6795814
294.9034576
292.03625
296.9405316
301.2508444
312.453455
311.3755803
305.6793393
308.2537719
309.3280978
313.2747625
305.3417379
297.6509712
299.0341284
294.2284614
300.7914695
295.0892703
282.5601598
267.9998144
276.3815484
275.3647118
283.8014333
304.7228568
308.4986843
312.6508248
306.3602906
312.3863572
318.9028918
314.1792989
311.913514
306.4820129
301.7361319
294.3931472
283.566463
282.9856697
284.9881612
293.3570942
292.1994833
291.0325473
284.5273882
292.7844037
298.3479842
294.8694062
303.9280364
301.93034
335.8116067
334.1134695
315.2555773
304.5978968
283.3937683
296.4358868
292.0081773
294.8534948
299.2740327
292.5648383
297.1663788
290.9718625
299.7922854
288.2943634
298.2257343
290.8209041
303.4397509
303.8640176
307.2170824
300.4496192
293.0393615
302.7541454
306.4006324
298.3356813
301.1367357
299.6287647
308.5833434
303.0129969
307.3855696
310.200559
316.3183937
311.5938663
316.49868
312.0584208
304.2998067
295.1534758
288.4574144
300.7711928
309.4910513
323.504856
323.8983458
321.9604728
313.4978929
305.3811248
309.9440526
304.2833109
301.3515149
308.7282101
309.1171708
295.1790098
288.4962199
277.7765096
280.887369
288.2970939
294.4926847
284.4368981
288.4310803
296.3971302
291.8527261
293.6102545
294.9973244
298.7824243
309.8037594
291.1890338
288.3297192
293.8397659
301.4225875
318.2204862
317.4959092
305.6905764
306.0212308
300.0989331
302.481363
305.6250389
292.9297623
304.7446319
292.0956164
287.0630494
285.6690994
292.3396713
305.3145825
310.2632711
296.8930094
299.4346124
293.450252
293.6368373
287.6584413
289.9350463
305.7973386
298.8095136
301.2961805
302.7986015
306.1886135
302.4211084
302.6865941
295.5287824
299.9564927
298.5947316
308.4782456
304.019702
308.803554
297.319423
295.6296098
287.8992924
284.839894
285.1392257
291.8079559
305.6012561
304.8491577
302.3103954
312.9019257
298.6897856
292.9509978
303.6562592
296.0496292
288.2930506
297.6823921
293.2623019
279.9999469
276.7780779
293.6408343
298.9740072
311.2875033
299.6273443
308.3958633
306.4398892
311.641127
300.8446478
294.9819302
294.7586026
293.4207085
290.5585399
286.335296
299.3863689
279.8493081
312.9965572
315.1636884
318.1290478
314.9365782
304.7289048
308.9172551
306.7383343
307.2870024
318.9703043
318.3427385
302.6105936
301.130175
312.9395793
310.0928282
309.5351833
325.1105657
322.1564555
323.5891731
302.1558573
309.5531589
304.7879538
293.402288
296.1483937
303.1734837
308.6744664
309.4323509
313.2619698
301.5988045
295.7637849
302.517992
299.4007031
317.5795766
313.9662569
314.8501269
307.8102533
294.3002438
296.1046413
289.8554623
312.5818057
313.8072324
304.3892673
300.37318
305.727368
300.251395
307.1185921
300.5250347
305.7150014
314.0860877
323.6371431
322.847849
327.4547492
319.3476233
321.6582702
332.5890374
327.348445
320.6211058
314.9986277
320.0759173
297.4610138
291.9043283
285.9786142
293.550265
299.8920403
300.4226548
295.5977273
306.497554
314.2400097
308.2230206
294.2589185
280.773317
276.7320109
285.3821545
280.364837
281.8340556
282.7244855
280.3498936
271.0667863
290.1438122
285.2805112
289.4800764
297.1691716
303.1643121
288.4623565
290.1416729
295.2597751
290.983262
306.0545741
311.3257862
309.9643032
319.2877331
309.1858228
283.6846442
281.4477837
273.48474
268.8027815
269.9291903
269.2394753
290.3671278
293.1547874
288.7498905
310.0199935
305.353091
295.2261409
296.8100249
300.4697606
302.7601528
309.3204566
297.2557824
307.5560693
295.3443852
301.9971297
298.42782
306.5534314
307.7061484
309.2660913
303.6951108
317.4714801
303.5148372
315.2709211
303.7470404
277.5336136
270.7607271
277.4622109
287.4528004
283.1372379
285.3295911
276.0212816
277.2393195
280.9356548
297.1604908
293.7943265
285.4506054
288.7108297
284.6219701
282.2244103
287.1871002
302.6985094
315.2018786
325.186429
302.843201
304.8846459
311.4209667
304.5612313
307.1817438
303.1549603
307.7318469
305.4281291
314.72311
303.8984094
287.8680874
284.4064842
286.5793626
295.9382821
295.1592041
294.4550479
289.2591446
285.5463201
287.7005411
287.6344837
293.2640717
322.1535492
299.0910318
293.5993026
284.0350633
283.8252091
292.0125617
301.9208176
309.9982315
306.7035361
303.8712025
316.2066123
308.7278672
298.6715715
300.7854828
302.1359335
304.3844454
302.5320851
299.9145018
304.0354368
311.3810371
305.1066996
319.316091
313.7973507
318.3614585
327.5164602
309.6418509
291.4957616
288.8506206
298.4328507
307.915468
290.7960093
300.5328203
291.2001142
294.1687438
295.8171711
296.9294792
304.8281996
279.5024574
288.6009653
289.5324459
302.0696515
298.6354972
312.5353281
302.1558992
299.9039021
296.7531514
293.8509731
298.4989652
302.958748
298.7949108
306.7239569
306.0099429
305.6440034
303.9714792
296.5946268
288.4804324
306.2519661
305.1566789
317.1091582
319.3085079
298.587518
301.4597673
289.7199544
302.0207649
296.7404119
301.6200124
309.7733439
307.3713146
323.9104673
320.3598938
326.8095639
322.6065501
306.6206221
304.6214953
301.6679692
302.5883257
299.282752
297.9770632
298.8947531
292.9657703
304.396686
308.5874705
297.4623399
298.4536917
302.1551944
304.6522683
315.9039683
320.4581635
325.5909867
309.2028365
313.4386006
319.0894043
305.4647877
304.9572578
313.8413819
311.4498156
306.1272494
315.0997425
307.471495
311.1898885
291.6671342
290.7782148
284.5240957
300.6279732
284.7277771
269.6868763
262.3297569
270.3072535
287.9271382
294.2020714
290.8568046
300.7981619
302.9772899
312.2464565
300.9076479
289.6088478
283.4625116
288.299624
284.8265649
281.6095035
318.442266
301.5820049
300.9745026
294.3447279
286.5760033
295.5187367
294.9580399
295.7865559
285.4851239
272.9976692
274.4220111
262.8723839
272.1799262
272.819668
279.9550337
289.5179466
310.9342054
310.0679002
321.111311
334.2985521
294.5904335
306.680064
311.9397368
321.1294626
321.0731384
293.6800042
270.1828836
264.3773867
274.1443709
282.1906164
286.7306263
285.6607848
276.9393424
281.3177308
282.9880032
272.3837231
293.1320785
293.5878916
286.8319846
293.3640789
293.9470756
283.5013387
273.6722504
272.1540799
281.4170163
295.8630797
312.1950706
313.5450939
305.9373966
285.1225482
282.5687779
274.3493449
280.6885704
280.1204576
290.2835745
290.8658549
295.0210657
298.3412661
299.8556793
302.6269856
312.4366156
330.5204704
331.7256042
321.8222052
319.4280033
316.0535421
303.647017
299.6400796
296.7490945
313.9061688
313.0306417
313.8953465
300.8196783
303.5222905
300.5809308
310.4306128
314.0706595
317.7897066
323.5906278
315.5599339
306.5449431
311.5652167
292.4369267
307.3495686
305.487391
307.9896288
299.2361526
297.8514618
302.2560796
309.2286269
304.1881179
316.3536012
328.8913185
322.6619035
324.1330214
316.7878378
315.3003808
316.1855606
331.1513737
313.2012513
286.1023504
267.4664679
279.9801918
292.6543386
297.7855754
302.0854659
295.8855735
295.0964779
292.3525681
287.7114631
286.4293372
290.1477075
287.6017111
294.8170217
283.2104641
281.000407
287.2337869
278.5374079
270.0808641
286.1555455
309.8518785
314.0554442
312.664477
306.0453268
299.3669408
298.3428441
288.0663938
295.3284576
290.671245
287.3316072
288.995163
295.4792563
294.6937334
297.9947667
302.3346243
306.577187
301.3925698
287.2634661
301.6350432
308.4155582
304.4022394
310.5942273
300.4212939
297.1972247
282.2949233
281.4148403
284.475499
285.4220307
282.255074
278.3180956
278.3868195
284.009565
285.4213599
279.1597217
283.0356497
285.3278502
268.0047716
283.2081877
293.1248268
298.7311241
284.9813644
287.6681296
291.7507003
291.5890553
281.8432238
293.4737978
307.1389661
320.8378885
327.060126
318.0055808
290.5985081
281.7362879
289.3189668
319.6961608
304.7465762
312.1476866
309.916632
308.039116
286.7208322
301.3846763
296.206281
294.2703904
287.80731
295.3706904
300.6510047
296.1963308
305.9432547
291.0409024
289.6863846
291.0302022
296.816296
309.0535133
300.9444405
315.1937769
303.700489
297.3198709
292.9752313
300.5681604
305.9359975
300.7566387
297.1718954
309.611358
310.6998602
313.8110352
313.2974996
310.4120532
318.3937004
312.3674454
318.7012761
317.3637369
308.1925211
304.7712996
302.1897722
302.944208
307.1386409
298.0869259
307.6333177
290.6759835
291.8255101
301.4135915
327.7858368
328.1584337
327.9893983
327.79338
318.0698066
311.9004555
324.9785265
322.087194
306.4727407
288.4394624
295.4830095
287.9425505
300.4531661
308.1480721
317.794555
309.0076468
301.7363983
318.3948347
323.9221357
334.1742585
310.9206012
302.3627973
288.8993218
289.2236187
290.7669129
305.2757942
297.3385756
304.134668
311.4528582
306.0916352
302.7008564
305.3800595
295.5335265
299.9052675
313.7852573
329.0670569
340.0659044
326.6098077
322.5385791
309.8779121
320.5918202
311.5429699
306.4248309
304.0166731
307.438157
309.5506494
299.6066033
288.5530236
292.5713177
296.4160299
301.6958206
303.2977078
312.7335075
315.4539249
308.121272
311.120311
302.903642
320.8139412
323.1728206
336.1604053
275.2958392
285.6875086
282.5451977
291.5535961
297.0715186
301.2515184
294.4219285
306.7526784
297.4968168
300.2124943
300.6937368
304.2955566
298.2568121
301.1471886
291.9358699
292.0664894
300.2001015
294.5900293
281.4102537
283.18139
315.8370328
320.9345743
307.2729956
302.4712577
294.5339145
291.0338465
292.6947605
294.8862791
307.8703005
315.8569745
317.1937198
308.2499856
322.9966398
314.9027733
304.4434198
295.2126797
302.982428
304.5019907
310.9277363
313.8564368
303.2738905
294.7284137
294.1639176
289.0549407
274.2880306
285.9026021
290.8181168
297.9544765
295.4587602
287.766364
289.6088262
301.7325997
290.5077029
302.4753532
291.4639842
284.1228739
288.6300082
286.3347351
293.7382817
296.0541925
300.6869755
297.2813894
299.9317227
299.7286479
291.1804788
301.470228
305.9228041
303.8853725
323.3510578
326.1545685
323.6808958
323.7144425
316.0662845
314.6520866
305.2760871
298.3266996
295.1231522
292.2199514
294.4537406
294.3649338
311.4134629
315.9678177
302.595671
310.1960282
313.8083888
301.701659
295.0181031
292.437129
296.2505304
300.9564529
300.830341
305.3275752
306.4513008
297.1750161
296.3981183
289.7920025
301.3522829
302.7996672
299.8744697
295.8292635
305.6733808
299.3858494
315.1293225
302.2007788
297.7345509
296.3309821
305.5771268
309.8805876
310.3866644
307.3488183
296.6302463
295.2872497
305.0876493
303.0712141
300.8633368
309.2406312
299.3697122
289.5233884
310.2047898
311.9523926
282.0587345
283.0594101
291.0878026
285.2709301
265.1337198
265.9724377
271.7956564
280.8556627
281.3614892
305.895713
303.514109
305.7391374
301.6203334
296.8717048
300.165927
300.8469415
300.9294526
287.9482767
266.4960384
283.1019306
304.5435837
292.6885863
276.5615902
276.966798
284.6228493
303.6921298
303.9509676
316.5375972
323.2016014
317.7807441
301.7780484
299.9613573
291.0397487
296.0473667
311.2260493
298.4698884
305.6618286
302.475062
325.0429073
308.5337073
292.1394971
285.053575
284.7317369
281.8182752
292.9156794
285.8707401
287.0281529
280.4727326
288.1266256
275.8287096
279.6308742
272.9373805
285.3013318
292.6461286
307.9937957
305.3662965
307.477525
310.5503606
297.8601318
288.6599383
287.1690992
279.7218142
293.5579888
292.7116717
279.8185478
284.0882547
279.0446277
265.6663757
271.4410219
292.4635113
306.869447
307.3326843
304.9394684
298.2640757
296.179892
297.0283633
289.5377234
295.2108357
299.1131573
296.3600157
305.4879758
312.2921059
303.6546834
293.3724259
282.5985385
295.2560726
296.8840119
293.3182903
294.0522082
286.3240173
301.4387794
285.758438
282.1012419
279.9265252
297.0708385
308.1882496
322.0147287
321.3524597
326.4126992
313.8593344
271.105007
283.9993457
290.4134994
297.7706365
300.8307849
300.8894322
307.4065
305.4490259
299.6724237
314.421878
325.8671135
319.8839727
324.3621342
298.8228706
295.3194499
297.2072803
305.6983301
284.9324451
271.1623441
272.668511
314.459149
306.3150233
304.9708
297.3847883
304.7385148
300.490509
299.2660046
299.2937153
303.4599582
305.2278774
302.1669894
301.4751661
320.0632369
312.2629631
297.4850916
296.5801127
300.3997636
301.4295214
322.1737098
323.055072
333.8037451
336.8855158
323.4817448
294.4607417
294.6272236
305.9398417
288.7133516
292.704255
301.5648123
317.763637
309.4400423
307.9899042
314.2505127
325.6524509
334.3613349
329.4656934
318.3046866
316.6819048
305.9561357
311.355813
309.6264926
332.1188015
322.9531177
321.3061806
318.0001638
319.3590442
326.7472067
319.0403554
312.0184384
306.4833884
287.1226891
294.8671706
301.0056507
300.7099242
277.7487808
308.0428365
319.8981456
315.4151686
318.2343444
316.3463013
286.7562143
308.5706691
307.5872358
311.2934208
300.8440227
313.7727867
313.783131
302.5028456
296.9157405
298.4608048
306.855866
310.2220353
306.7682606
303.8020083
320.0521778
306.5336632
308.6234079
295.2414777
294.8495403
290.6408959
315.3769044
310.4573976
309.5123441
317.6453623
329.3987633
308.3750613
299.1692451
295.9624702
294.7986337
293.4195723
280.4938289
279.968844
300.0884212
300.5585997
298.2750149
310.9549536
312.3494099
318.2792371
316.1786469
303.7717538
304.3212366
304.4412251
303.5177627
297.3347398
285.1186341
296.4735558
301.6463605
298.109156
301.2861287
309.1045288
311.4063498
301.6111029
305.8070023
305.2489393
325.6766883
326.9712418
317.5061913
330.9294565
320.9824874
303.4485788
318.5670945
316.8622133
313.9185685
315.7459991
329.4276683
325.7064394
318.5851413
305.8104709
300.9881354
283.8874252
287.3605404
289.4856193
290.5166908
293.7892327
303.0034455
299.2249412
308.5533315
304.7864996
308.1526407
323.8794559
300.2970844
301.1602394
303.2075108
307.8626401
311.9286497
308.0470753
320.478855
333.3423252
325.820703
323.4461492
329.3324412
320.433424
309.8790922
298.7708472
300.6253906
305.940674
316.1132537
309.9661835
315.4180904
306.6705517
304.3078657
301.4428483
317.345644
307.4938399
312.0111662
332.4094949
330.961102
327.6141006
314.484482
317.4796541
310.5679472
307.5404584
295.7880124
296.7323265
299.0744726
307.7029065
295.1259956
299.3925656
302.4557726
298.1409172
274.6690949
280.2470727
280.452174
300.2466673
283.5980031
278.0156742
276.6970691
296.4347351
307.973018
304.5021912
302.3379568
300.0015214
305.0447159
307.6978533
300.7748959
294.8237369
294.2024911
298.0572997
291.0167341
278.7482436
293.4015687
288.06018
288.1921139
288.9014477
300.9328226
308.2201583
308.3885447
306.2110272
314.4059617
307.6088821
316.1498014
308.0023725
293.9112758
293.2258814
290.8105953
290.1633386
277.4020666
275.3861339
278.5749387
288.0519485
298.403107
309.2650031
318.6946414
321.0733042
318.8721764
319.5911277
317.5385004
303.9221736
304.268175
301.9856278
313.9543883
323.0765718
308.3833794
319.4626245
300.6264734
307.5544956
311.4167759
314.9632657
296.4657008
300.1150052
292.6075556
283.9141798
275.4026662
280.6634153
277.5726467
294.0146256
285.1314978
289.0680184
299.8552004
315.4041267
312.3114124
305.3331712
298.7032761
295.4151203
300.6755586
293.4929111
286.5584484
276.9184593
281.7973875
290.0646512
283.4508301
278.9050813
291.2226004
293.4004523
295.8926514
300.0698878
291.414046
300.3710634
305.3686251
296.9545835
295.3228718
293.7823979
292.4901194
292.9525731
286.6828119
281.7769136
291.4428539
288.5181285
288.661285
285.2591986
299.257795
310.3352659
305.1515906
299.8461337
293.015961
290.9643023
275.2688807
273.7301604
288.8490528
309.2616559
315.0048269
316.2616336
319.5818196
310.6228732
309.032447
318.5253216
324.3066634
320.9810672
320.9735496
305.8107488
312.9161875
298.2941415
281.4553659
278.2820921
277.7643024
281.6121578
290.6185724
292.3892495
287.218974
292.5733776
289.1209085
299.0428586
299.7170838
308.6867673
317.3546996
319.4755179
312.1611388
331.1982278
317.4003802
326.5273434
299.6528951
301.5228438
304.835071
302.9288776
298.037518
311.0665467
310.8425615
314.9589082
311.0064234
309.4960133
306.593421
305.8660239
306.9446809
297.6816629
289.8050248
299.4016714
304.7015875
296.1508183
299.1898038
301.2918157
295.9981161
296.686644
295.0457758
302.6887559
299.9497452
284.5201342
273.511993
279.3582435
295.3050639
301.604527
294.8483723
297.8921358
299.5231692
290.7389728
293.6265611
303.8661256
287.1532649
291.0997895
294.1977406
302.0554193
294.6596031
286.3531005
294.3042039
317.8322596
317.4021511
313.0031578
306.1146092
305.1620428
307.1941509
312.9904656
329.9208
324.1172017
327.4250139
324.1354477
311.3343155
305.2755877
301.6977989
297.0532319
309.0336835
300.052964
289.3941839
313.7191882
295.3469672
302.0372379
305.5200506
290.3558915
300.2758125
305.4995264
314.0737157
307.1124451
298.3857823
295.1310259
291.0365186
304.3923141
306.1894554
305.0052205
299.3573064
294.6435805
290.3052453
304.0094246
314.1804218
302.4424436
295.8752273
283.8681602
292.1724372
301.3292326
310.194568
308.6807482
319.150944
325.7515255
331.8075258
327.4725521
315.6081952
310.4557565
310.4283058
304.1237561
301.2561875
305.4872229
303.5935593
308.5349519
299.3774802
289.7533
294.0265799
294.0236651
288.9243094
286.9925611
280.8014744
295.4318244
291.5793239
289.7718926
303.7917613
305.9492917
294.305448
282.0103915
289.6431672
279.2176163
292.5112433
290.2837933
282.6329543
300.3073883
294.6333411
308.7041985
298.9806527
299.2869192
288.4828412
284.9232732
287.4238935
286.5111532
293.772374
294.1375412
278.5685278
288.686066
299.3312488
290.3992522
294.9815337
291.2048825
282.3976935
276.7400607
296.0425655
289.1613179
312.5260429
320.3491479
319.5596497
316.970976
304.5467479
299.3092261
286.8869223
281.5662799
275.3814134
291.1748099
302.2683814
307.5897655
306.275911
310.3229863
299.0802161
312.4832921
317.992418
316.3438469
308.7581355
305.9289421
277.112024
281.8237182
284.3505806
308.3024052
299.2435088
284.3576609
274.4767465
273.5909368
276.3544459
274.5359846
268.2708438
271.0347229
277.0420505
293.4512843
274.2276162
266.843302
271.7230766
273.4445972
267.6150226
264.75504
287.1010692
294.0395394
279.2467801
279.0704427
283.4173536
284.1698355
293.9014197
293.5384702
295.6027111
302.4976515
301.2440217
298.1469933
289.5645012
285.6291394
289.7105071
292.6431126
286.7732771
276.0804911
298.1229839
296.5777086
306.4977211
314.0610702
316.0715334
299.7398323
297.2118375
309.0623184
302.4977725
307.5391399
313.8748168
304.3894682
300.0653499
299.7819883
301.7277402
300.2842771
306.2563349
289.6205593
294.9576733
298.2515057
289.5120812
293.7924717
310.0956033
310.8931174
322.8845629
323.3560271
330.6473347
315.0741907
332.2819243
319.3163347
309.0647346
297.9524096
295.1968571
312.8489913
308.8883191
317.8624576
314.95587
318.5580095
319.5154634
323.7849156
323.3365478
306.7756828
311.8591123
307.7510723
318.9194335
316.2300178
311.277114
314.5295247
313.4605142
321.3073099
317.2923151
318.5335489
321.6035984
303.5839052
291.3499679
291.9696256
301.0560252
296.1715863
301.3289943
313.3426646
312.7870177
314.7940495
307.326758
304.7438728
298.0871713
303.6874342
303.462058
300.2431624
303.1764302
305.7833221
303.5519587
295.0847101
297.7939221
305.8246678
308.4104931
312.5716154
306.6718096
289.8810749
292.2793088
298.1776788
304.484145
317.4255321
291.780409
285.1256364
287.9790711
299.6441508
304.9783483
316.8555
321.4669045
305.7669885
302.9833462
289.1998652
289.8499995
288.7449097
284.7814405
284.0924482
297.9054335
294.875349
283.1458745
280.2948173
283.1876814
297.5580219
282.974209
276.1282722
275.5221322
287.9463553
288.572113
286.1087861
282.9026185
293.1621369
298.1721831
300.1061648
293.844123
286.6274347
298.5959339
326.1765394
332.6880523
325.9281391
310.2687845
309.8825423
302.8809066
294.4173722
)
;

boundaryField
{
    xPeriodic_half0
    {
        type            cyclic;
    }
    xPeriodic_half1
    {
        type            cyclic;
    }
    yPeriodic_half0
    {
        type            cyclic;
    }
    yPeriodic_half1
    {
        type            cyclic;
    }
    zPeriodic_half0
    {
        type            cyclic;
    }
    zPeriodic_half1
    {
        type            cyclic;
    }
}


// ************************************************************************* //
