/*--------------------------------*- C++ -*----------------------------------*\
| =========                 |                                                 |
| \\      /  F ield         | OpenFOAM: The Open Source CFD Toolbox           |
|  \\    /   O peration     | Version:  2.4.0-MNF                             |
|   \\  /    A nd           | Web:      www.OpenFOAM.org                      |
|    \\/     M anipulation  |                                                 |
\*---------------------------------------------------------------------------*/
FoamFile
{
    version     2.0;
    format      ascii;
    class       volScalarField;
    location    "0.0007";
    object      translationalT_N2;
}
// * * * * * * * * * * * * * * * * * * * * * * * * * * * * * * * * * * * * * //

dimensions      [0 0 0 1 0 0 0];

internalField   nonuniform List<scalar> 
5120
(
303.6440915
296.6743473
303.7887424
298.7265897
297.0968166
288.0675845
299.0673973
302.2485917
280.1295369
280.3668402
273.4749389
274.2396941
260.3452554
276.7754635
292.8149219
284.1920601
275.6436573
286.5109573
300.3842321
300.0357881
280.9017466
292.1806351
302.654728
300.68895
293.4636728
327.422125
308.7687291
303.5700744
321.6352445
314.7333896
295.0912946
290.5557305
290.8126661
287.7623439
290.4135332
297.3152717
300.4698625
303.2064583
282.9293018
271.9103369
290.9889726
299.9396378
293.3738914
298.222445
297.0027848
293.0377734
291.3652308
294.7342129
292.1435919
289.6531449
284.4806758
287.4235018
299.8262767
298.7167399
297.80826
298.5367215
301.8519532
299.7439676
312.531872
302.479556
299.343386
292.5793504
295.1719954
308.0416023
304.7722749
298.4795632
287.3927594
285.8745401
272.3825981
292.9592709
290.9352995
296.7568694
308.0883868
306.3621908
290.5832926
281.2713423
285.4098237
269.9881899
282.4184696
311.0626355
290.3363059
301.3423785
317.5705712
306.5600154
279.6812072
293.5479034
302.108689
297.5562608
291.4794416
295.6783664
304.3046018
291.8530061
295.4897276
289.2100391
281.3316347
266.5619619
281.3800345
297.0163841
304.2836186
297.395124
313.699954
313.8878971
311.5286042
309.7842668
300.9457543
302.7078849
294.2794045
287.0755216
284.7826813
264.1086129
279.783764
288.5656214
297.6895922
306.6338021
300.2894624
316.3796931
315.5232609
303.2493836
308.3758061
308.5260044
291.0636411
305.8159035
286.7192782
284.9107587
291.0193354
303.4853149
298.7595876
294.0170731
298.0586944
312.0707082
306.8879161
292.617621
297.0166166
303.9043121
289.6298292
281.2473562
287.3516459
305.1565799
313.5679066
304.4458404
274.3464474
287.028953
308.3953792
307.9328122
306.0153233
309.223963
319.4797335
310.655934
304.912813
313.5808815
320.2858653
307.689725
293.4699952
288.5555976
312.6424351
308.9488431
290.54492
291.5751661
305.557518
290.8042641
305.3814777
307.0514309
297.282749
299.3537777
298.9942905
306.0935731
314.1964185
310.9850553
306.2473964
290.2886289
285.9201197
290.5507879
309.8368407
299.9985728
293.4485731
289.3344754
297.9044025
310.7138913
293.1267892
302.6290054
313.6131839
310.6090684
288.7017658
291.1968072
290.3941231
284.6399405
281.5793687
293.9180985
305.5295177
313.3144992
293.6956648
288.2938155
292.4916155
284.3528038
284.5736234
290.4638092
287.002379
299.7179986
302.4248801
309.2391802
294.396076
295.7009512
298.9730661
285.2633378
291.2751055
305.0859271
313.4254864
306.6480504
297.2555076
315.0290341
320.756961
306.0436573
296.9673916
295.9033133
286.3389174
281.1628039
283.6643732
291.2715754
288.0265936
297.354337
292.831421
292.4483728
301.1404218
301.6037473
305.2105718
291.1855285
290.401242
292.5090571
308.379869
301.6687975
285.6378601
285.9044242
287.5913989
284.3919152
297.097716
298.9047463
300.9149563
306.1114316
306.064372
280.0081093
284.5796215
293.0708027
294.1939084
304.733045
314.096298
313.3120705
301.5364729
283.2817633
290.1597834
293.1894843
281.3120055
297.4554445
309.0719438
301.4004846
300.8325691
306.7957328
299.6902496
295.7998994
293.5660561
293.299396
293.166939
290.8735915
294.0726174
294.0810498
278.6125279
296.3133284
297.8904277
305.1492594
317.8344299
302.7614158
297.6207247
303.9525716
301.6163109
295.7890436
308.1252746
297.1146682
296.3540567
294.2707523
295.4610971
291.9873699
298.921387
313.6157646
301.621782
310.9920176
318.7335218
298.2174874
299.7696983
310.4896739
319.8645135
327.4125154
314.9824654
311.13356
310.7049678
325.1680598
309.0340461
313.0532173
308.6334285
319.858255
302.0839247
295.8305469
303.5514962
297.5205633
290.7110002
286.5790941
284.2972711
292.5476658
287.0600304
290.2084208
289.1829389
284.4765817
293.5219699
301.219558
300.0162472
302.3458848
286.0077627
283.4564546
275.614365
284.6251584
293.9764453
297.9287399
292.4683403
294.5576176
297.8569703
304.1837236
292.2697384
291.4743372
264.3605091
280.5212484
280.5006892
284.6001702
289.5894306
304.6010344
300.1763539
303.8783442
296.2929392
290.3311353
285.3401215
300.4108239
293.3424808
282.8314676
324.6338419
311.9739521
311.7864038
308.4607287
303.4122933
291.1294418
292.4240114
285.1264088
286.1631127
296.4720626
291.6190092
293.5234427
291.0780234
287.3930673
291.3466233
296.829315
320.9296314
305.2371792
300.4732444
308.6715774
283.4282202
287.0680498
289.6620357
299.0363203
310.7471857
312.1490409
305.1205967
302.4182555
301.656544
284.7031309
286.1332327
285.0701776
271.4754601
290.040745
293.7947467
294.3267869
295.3361235
292.6894613
292.0824853
288.1506805
299.1237345
304.9365739
289.096884
285.0102793
297.9524322
294.2660946
292.5796584
296.5297397
294.9140776
294.6817833
292.9887677
289.4477499
286.6619333
285.861984
278.1324668
285.1239253
283.6481533
297.5468197
291.0929603
282.5190797
300.9170516
290.1415388
279.4274643
273.0543151
277.3991145
280.6779287
285.0266703
284.5327394
284.0106876
279.6662993
292.5034467
289.3138083
290.875918
301.0138026
293.3318883
301.694586
287.0218817
275.2494438
286.5912488
298.0416354
306.3417263
310.5149728
301.2886894
292.5829758
303.4647433
295.0021076
293.1700184
270.0617014
287.4808842
292.6915481
295.0134031
301.7550496
307.227303
313.3061307
302.3563179
301.384506
294.8828243
289.000618
290.3539705
298.5041842
282.4154099
276.4264665
282.139915
287.3406322
304.3625392
301.4479582
300.1309025
304.8395492
306.965444
311.8127219
311.998316
301.7555651
300.6511938
284.3300692
292.9596514
288.071111
296.2565551
276.3390702
281.9727885
286.5948684
316.065547
317.3932182
309.5074103
304.3619232
303.271882
298.5688724
293.0452995
303.8045245
310.0876083
294.2745408
296.0980637
295.9866054
301.3883011
300.8764082
316.3174386
311.5529942
311.5749693
319.5043417
302.0736392
299.433112
289.691156
301.5670851
302.0017657
280.0374061
299.3024532
294.6440223
298.7473732
304.5862823
310.5447865
295.8121789
304.7341153
314.5145209
299.160155
306.5113982
302.8806315
307.0671645
308.5104812
287.472415
290.5289312
298.8040534
287.4729622
289.4732598
318.8903393
319.8806471
292.2385423
287.7431775
294.59628
292.6086508
300.7964171
300.4914265
296.4134033
312.9583855
298.0616257
295.8250775
289.5797427
299.6070806
302.9987855
302.7603821
305.7447683
295.8583306
294.1365603
277.4807149
276.566641
283.3981012
285.1721754
286.3675005
294.9312802
287.2656367
286.8982713
285.2268529
313.1234582
302.2556876
288.7180156
302.9141075
306.3660066
292.8999493
287.9050882
279.0789907
291.7992742
301.678262
275.7655653
298.8939608
295.9935216
288.0072328
286.6462294
294.0619736
292.2324062
291.2382771
296.7393199
287.3897957
291.637161
289.8132668
299.3706132
297.0609476
297.3963068
281.4043768
288.800327
269.3117258
245.9742638
252.0889085
297.4027192
298.687709
297.8148717
310.6353046
309.8831023
311.8592905
320.6797723
311.1990176
295.8370985
298.1759871
294.7843253
308.0223508
295.1434602
280.7853388
285.4489804
293.0079905
291.5983597
295.5347038
300.4994077
309.4934977
308.2953625
300.3050884
293.1773779
290.9486132
300.7091025
311.0877341
314.7054669
302.9371753
292.416597
298.192023
307.3119906
295.6613932
289.188185
291.7742697
294.0001239
305.6488161
297.742711
303.657599
308.4125743
316.142734
304.0685687
313.6265447
312.4470956
307.1439006
312.1439051
303.4389722
308.9331382
302.2685814
303.3383459
303.3478045
315.0081818
295.0802278
312.4068396
314.7807229
300.9386749
310.0444622
302.8712664
308.4355217
342.8380197
337.9152376
315.0416168
302.8420623
289.8682126
283.0250805
295.6118258
290.0418041
303.4052301
302.458563
302.8693163
297.6329893
296.52245
311.9933061
316.7940282
301.7580505
297.9545833
298.2827224
302.8245196
301.8568387
305.1521961
303.6425333
279.9741802
281.2601879
283.3858264
302.2945939
293.9347642
293.3827541
300.5822263
304.823709
307.3497551
305.3449645
301.6055373
316.0534419
318.647616
312.3363106
283.0393368
282.1592938
281.5547531
291.753215
297.5135179
298.7076942
287.4330715
291.0730508
298.139292
299.9277653
303.0709444
312.709604
297.5409365
308.2102549
313.5151945
308.6408321
309.1135665
298.8338262
312.484518
316.2105746
311.7712478
300.9244551
288.8110485
281.7225368
293.9561172
289.2478647
291.9439168
271.0638568
270.2706543
291.1564073
283.3026957
291.5407712
300.7782145
301.7835003
286.5711992
302.2261177
296.6053598
316.18295
309.0047026
294.3060558
286.5474126
304.7512132
287.8464683
289.936428
294.5050104
292.2517543
283.9146975
279.665301
279.787239
265.8063421
269.4129204
279.7501993
273.4469122
284.2094475
293.0264383
291.4602433
285.7595472
286.4658266
290.7920658
296.4265521
303.6598219
301.3375032
315.6804357
309.1618431
314.5952564
304.0798457
295.9354702
286.7647139
292.4863887
270.5981112
279.3251598
274.038507
288.1110771
299.7053876
305.0045998
310.0399376
303.6042413
288.4468766
291.921591
283.2457548
306.1488044
301.5858571
300.6282968
299.5792573
300.8938327
289.450953
287.3261071
286.1681972
282.8737851
295.6529211
298.2704877
296.6564579
289.5675945
296.1008533
296.0630087
308.7907823
316.6496244
295.3791845
280.057553
284.5477197
268.877218
279.1200256
289.2546469
293.3493166
282.8779326
286.2046827
287.0827343
288.3974757
298.695078
308.5754847
303.0128186
293.3420747
301.7667178
320.203856
294.3683862
300.8191439
294.9727894
298.9507539
301.683731
293.2866711
304.5749551
291.4224115
285.2036118
301.9779263
309.255123
287.0876348
302.5230021
305.0072403
291.9351029
287.9424339
299.8231158
292.4945837
276.7602325
275.5956855
279.8022005
274.4605131
289.0138813
293.0556553
284.1984064
296.2710448
295.3867896
291.7940978
306.4210036
286.9537749
281.2042478
296.0593765
312.3657413
300.3224669
315.7317906
316.3888544
308.0769213
306.3295092
305.1847099
301.2563509
303.687597
315.1891705
299.9051031
296.6757822
316.2362934
303.8155208
295.5989845
281.3709068
286.9002668
296.3899622
306.6851856
310.8291334
301.8023222
302.1658733
296.2597076
287.8147995
295.6921919
292.39835
285.1819423
288.0667919
285.6605384
281.3801149
297.0114738
301.3189476
304.5266168
300.5728194
302.0742916
307.6911153
304.0869027
310.7932747
288.9721396
284.9023103
303.2931717
295.4549071
283.4501717
293.9672568
295.5651683
306.4256729
303.5515613
293.2262785
313.6400534
309.1317462
292.5671418
302.1754975
308.8373163
306.0107376
302.0059322
292.3250573
316.4617121
319.0863418
330.7982797
315.1879044
322.3796924
306.0225938
305.7623636
301.1928044
303.9872475
294.9348241
307.3846381
293.909095
304.5177323
292.4618497
284.5925987
296.4308804
309.4239278
310.0876448
318.824931
326.0595298
296.4454926
286.3924345
284.9027882
296.7962152
283.6107714
300.9905595
290.5639762
289.1753762
280.2654419
291.0081594
292.5762449
292.5782129
290.0399169
277.0068387
285.9666176
294.3079925
289.3016713
294.1220215
272.0999619
268.4046371
297.2373798
292.8402731
298.8303405
298.9759989
303.8238754
289.1500881
283.2082087
278.0409067
282.7295778
271.6363539
268.5935831
294.6904189
307.0825668
305.2195826
277.6607157
279.5346456
293.5908544
287.146432
305.0591236
289.3256678
296.5579799
310.9168646
300.5870787
301.2701365
312.7983642
298.3211229
298.7510787
299.6309228
297.9067536
295.7238967
319.5261533
326.5635854
322.6344973
306.6333954
306.0654576
303.7317745
280.4675803
283.1376753
285.7492682
287.7504663
294.9036003
289.1560629
296.7211506
297.7276226
295.0301696
284.7197567
309.5981302
307.1877718
305.3978422
294.1532189
278.4935066
300.1471898
304.3404763
311.4938659
323.7136767
329.55951
317.1957033
313.3889234
326.2015095
323.4276432
321.1725761
303.3906692
306.4181856
302.8498579
303.6734718
301.0127326
289.0600486
268.4226635
281.0702349
290.5702794
295.9290532
303.6185209
310.0539143
288.9857532
290.601584
310.313872
296.4830958
297.5471249
300.6839773
287.6146429
293.9212829
286.6253327
300.1782083
306.0199848
306.7615787
308.3053587
307.3424444
306.6944424
314.8419623
309.8172454
308.2668043
308.278653
307.9609311
316.2696427
325.7654475
306.9991902
308.4718183
303.3357583
304.2239961
306.4125884
299.272433
315.6332397
305.6064488
302.7745465
277.527561
282.4789077
297.4017961
300.5689553
287.2780487
284.4898291
297.635865
305.2301709
310.0319469
297.0778274
306.2837534
307.053193
298.3969116
290.1908563
304.0904311
311.5755313
298.0432874
292.1719966
284.6574247
289.8322048
312.2606354
326.6614729
318.3720531
304.146514
301.5894273
305.5995112
304.1920613
308.5187326
288.2159848
288.15845
271.9965344
278.9056665
290.9685911
293.9918368
290.0636496
300.256962
309.1019365
303.7467091
300.7998488
302.3071282
316.5674521
299.0906626
300.7480303
292.4449495
283.7341509
280.0317451
288.2958782
316.8551192
314.6684771
298.6430652
291.2336533
298.0278282
295.425554
286.4011817
299.5597277
304.0059789
299.5625576
289.3625353
295.7132598
306.8598744
273.5663288
264.4188323
274.9648159
282.6226899
291.6997159
307.6118009
289.4356202
281.7061788
274.7011644
275.5185998
301.3450502
307.6875777
305.3823059
290.0905084
284.6377933
294.4436359
290.9803688
308.543768
294.0796658
274.6000651
292.436958
299.7075704
309.1226929
323.0921504
314.5110785
312.7952592
321.643387
314.7374039
321.4894274
302.7200596
295.2153262
290.9567055
305.1157982
293.5862074
286.99404
283.2142042
299.9423583
303.5025222
309.2565676
307.9158052
309.2318909
296.43678
289.5520353
286.9365968
279.6545565
287.0200814
299.1956933
309.1989282
298.5660953
301.4263634
289.0833627
298.4176628
298.9292788
300.1062777
308.8237161
305.4595059
296.8091836
288.706002
282.9448442
293.469131
307.321422
313.6368279
305.135511
303.600946
290.1134026
289.8348228
295.0868778
296.1193491
297.9237054
299.831337
306.0315058
296.4696754
286.870727
296.0611213
286.9456004
298.397043
299.7025374
293.7839151
294.7046134
293.1831149
279.9680812
279.2433722
289.3952218
300.3275494
290.1955025
274.7677821
278.5744967
286.2530881
285.6656197
299.5015818
298.7725144
291.6882968
281.8726706
294.195209
296.7629755
294.0768358
276.0862612
282.9925373
290.1731446
287.9694373
266.3790684
282.7253588
281.6595433
282.7065678
302.3241447
308.6778166
310.110419
321.5038573
323.8469662
314.9220318
304.1140753
296.3393828
289.1446034
303.833658
304.5646622
297.2348379
305.1586879
296.1729571
285.8881733
267.223918
298.6147911
299.2403977
292.1420122
289.8243245
277.2073304
308.7316968
314.336714
309.9237752
297.8905484
312.4508114
318.7988116
311.9334908
290.4675685
297.8957369
296.1069324
295.4827776
294.9956099
310.641172
293.3885369
302.783906
287.6572085
298.0344749
307.6796167
308.7644753
308.556284
295.583777
278.6335366
274.1056837
282.4163786
301.4243173
295.8716838
299.096666
303.3803458
292.0476001
303.5716082
293.7692765
288.2234305
279.8380918
289.0655627
301.4282028
308.2450931
310.0019209
312.5553064
303.5720478
288.8706591
296.2336003
301.3959986
296.2602585
295.6544716
296.2058888
304.7276546
307.7091831
288.6756726
304.0167738
282.2966757
298.1521869
301.2574376
302.873375
303.656209
286.3289633
315.241575
330.398997
296.8207854
302.493681
300.0959424
325.8467548
306.0718677
299.4612811
297.7717103
290.8980665
291.7579037
282.0767711
296.3902026
287.7817434
295.6710118
296.7817013
294.7086504
289.1510567
302.4736659
315.8378876
291.8846722
294.158635
314.3034536
299.084591
294.6784265
291.482245
318.7139357
305.2494907
303.5613516
318.1905637
310.8022991
309.4895354
309.436149
320.4601518
313.7795238
314.6463492
325.3351692
316.9642977
302.2864819
287.248035
308.3866549
290.6379973
293.2185218
288.3609372
283.6946431
290.3326625
279.3642805
296.8959976
290.8703111
296.6944401
308.6199298
314.6467119
296.3330146
299.4197012
308.1325766
314.5148328
318.2573795
310.0062332
310.8945841
308.9284311
290.7581523
298.5402896
305.0539869
298.6590497
296.6954992
289.7909656
301.2143483
294.2256272
305.2711517
314.5304031
306.1046047
307.0861219
304.9436523
302.9850279
298.6439738
293.2776
305.2643979
304.3467093
292.0610749
294.5344321
321.0591423
310.7397166
317.0583507
325.3017591
336.1191798
316.5800865
296.6275716
286.1689833
271.2517663
273.7910016
268.1506246
271.2861345
289.5981889
287.790581
294.4125266
284.234429
291.1702941
284.3753403
291.6148695
311.7445323
309.2084486
311.7321875
308.9124962
300.3606921
302.6403529
302.1136908
289.7078939
271.2182167
278.5974717
296.5489052
290.5025661
283.5256267
283.0995817
284.0180572
276.4663449
278.129508
276.8169979
293.3187452
291.3145053
296.4077345
296.8166007
313.0952214
303.7094087
299.9208584
306.569141
293.2922014
288.2051547
292.3847303
294.0225596
293.6046429
303.2617883
292.4431187
305.8611688
296.56116
298.2886196
291.3938296
296.1193898
293.8523938
283.0839938
283.0797999
292.6173615
304.123167
292.5002574
297.4663099
312.5167493
307.4897709
310.5243727
310.662522
291.0373485
292.1359899
295.8745994
304.4915182
297.3142242
303.4564568
289.7075463
283.9755343
289.2662989
272.7941701
258.2437835
281.6578676
306.3798986
304.9707638
310.9170447
308.4469266
308.9287315
318.420181
311.0740476
290.1860961
302.7343643
306.332743
296.9398335
288.9951654
287.8904471
302.7413885
302.1663227
307.3738446
314.4890056
296.930333
303.2350522
309.6252561
295.7275609
295.0940687
297.503232
295.4869928
287.4428717
285.6898208
284.2157222
283.1149945
292.1417294
294.2133269
288.5831701
284.2906242
294.502271
299.6037941
306.5045424
305.2006454
296.5721852
288.1500577
292.4510731
296.2813942
291.0954446
302.2741023
292.2724888
301.1997026
307.6306228
299.7179337
285.4086168
291.4386278
294.7113101
294.1081685
299.0398104
309.5277134
305.3363935
298.9425356
311.2155984
310.2464259
311.164161
316.1241479
298.0290256
284.2170964
301.9605812
299.5324479
306.7795163
296.4558487
297.3641048
311.148925
321.4936156
303.0784512
290.4405633
293.9097406
314.9882352
313.4721064
319.4395699
308.6651118
300.8441004
306.5074957
298.0301609
293.270971
315.0773726
311.7254699
279.1512508
278.1306662
276.6598742
286.3323372
287.470324
281.6273895
284.7350349
278.0934558
291.5017729
297.8308256
299.8188713
312.9922983
303.1448722
292.1265248
285.148365
289.7341897
289.3598
298.9090957
283.1343063
283.0602925
303.7570245
299.613418
298.790945
300.1982756
296.7814604
299.3629694
303.9392649
312.1737758
302.4391158
298.6496915
295.494256
288.0058403
294.1979142
298.0481044
294.4565342
293.5292522
292.4650273
307.1999516
315.8814823
313.1948779
302.1265858
304.5412907
319.0888918
318.6461154
320.8973248
299.5562964
303.7438556
308.7965636
316.9211659
298.3117531
297.0461242
298.4580908
299.7173922
298.0203188
300.7636393
298.11701
300.3717042
297.8771194
297.228833
293.4182456
286.1784555
299.9306542
301.8524893
311.6237349
307.4823992
297.219943
303.7125372
299.3060427
288.9179416
293.2498626
299.567218
297.6449112
296.6541548
316.7019508
323.3763777
327.2718759
313.0174471
326.1376801
310.2848557
300.9619519
303.7469915
292.8100012
301.4040987
284.2335264
309.7536719
322.2871704
309.998445
303.8181704
307.7343061
307.2093668
304.6345914
319.8367232
321.231595
314.0374153
299.6091508
286.8254435
293.1475564
299.2396995
305.7762551
310.8552468
322.1208634
313.504356
318.2419032
331.8817995
318.6206694
315.9673936
301.6485385
296.8467088
291.1078587
306.1473545
318.0311679
313.6640265
306.6167649
307.1875837
308.1018762
296.3712357
304.796106
302.9557655
307.3328223
296.2844496
314.131169
301.5256157
294.5351349
282.3221092
287.7390791
293.6785179
290.3837032
284.2656063
307.7090713
297.8413809
292.3537879
277.7931276
281.5908523
288.146218
297.5680645
295.667732
293.1611077
294.5203614
288.8194936
287.047516
311.204323
316.3141286
306.7832195
287.7745078
287.4386868
301.4720742
305.0192609
297.1921987
299.8583081
292.0722557
284.6790419
289.4430908
294.4965459
292.7658556
294.4524735
293.1248646
297.2202674
299.0966093
308.9990707
315.1065502
325.1803015
303.4238697
303.0671071
309.952665
296.258197
287.2209724
302.2925167
298.6083282
274.754933
283.9174443
293.8438186
289.6296933
303.211299
325.0589426
306.7271161
321.7906528
322.784395
309.4907111
318.4100431
324.815076
302.2879942
312.9158584
315.5557553
309.4078831
305.5144756
306.5504786
291.4957398
285.7502097
289.5644021
288.7601862
289.5924448
283.1095927
284.5632451
291.5198163
309.611071
310.4508349
298.6300233
296.6728374
321.599376
300.2834466
305.3241519
292.0194211
299.5412953
299.1170807
291.8861829
286.0952371
306.2196332
309.7915621
305.1828027
302.0556552
289.8988066
300.9549634
313.6037419
298.9202185
297.9553707
311.4310494
302.5085346
297.6354839
296.7470016
300.398785
297.0725853
286.0183178
284.3814452
292.9382792
280.9390846
278.887612
283.5089678
302.3912254
306.9866608
305.9859761
311.2240807
292.0895936
276.3105189
285.9554682
291.4904875
299.5859654
296.2550688
311.2115559
313.0859551
306.539557
284.8856087
293.5422615
294.601383
287.1779347
279.4141501
274.7834737
287.6172761
299.5067935
296.3182601
287.0637769
299.1676146
305.5640925
300.638637
301.6870777
299.1184205
300.1576136
290.1819076
309.9655626
295.8824833
285.9789637
303.09346
300.1319543
293.1039181
292.959776
294.604315
289.5245517
284.9558239
288.3089143
285.4664048
306.4225452
300.2130816
290.331311
286.3646221
279.0395246
294.291304
296.9369445
307.7882625
312.4473152
317.4534269
311.476539
316.0211193
298.1355866
304.8263738
315.2520719
314.1793518
304.3615243
300.0898848
297.0246992
293.1038825
284.5322871
288.6837615
296.9185096
309.6916848
304.3194779
301.1020474
297.443393
295.8310111
292.9048089
293.1765547
318.8515714
313.5796315
305.243975
298.0872984
281.5650737
279.068959
267.9306902
288.0756953
291.940833
306.0581435
287.8226679
284.0013207
311.9405026
315.1217055
297.9206086
291.481198
293.964859
294.5165587
289.9239968
297.0107065
300.9008083
307.977395
290.0798209
282.4567893
272.8543056
277.8945108
281.3660871
283.9810715
293.2224171
305.528111
296.3215017
298.4943561
295.8702052
318.5762521
311.0835085
304.5684873
310.965541
303.7517016
301.3538043
283.5179488
299.1896664
297.820376
299.6509405
302.928768
290.2442241
300.0727558
300.628151
299.6377504
290.4812307
296.7692899
308.6492365
313.451754
309.2935175
289.3266025
289.6513487
289.9352976
291.1147722
292.9608922
284.8310729
294.0111279
288.7521266
307.295279
297.7497462
287.675627
286.0998067
294.4092229
295.3208749
287.6513825
290.4700404
294.9461103
285.4124229
283.6666907
279.7607822
267.3635535
285.8997452
288.9232778
290.798307
286.195158
291.6110723
297.3149446
308.1070987
317.6788806
307.1385534
319.7200172
323.2675176
314.2263614
306.8893586
299.4443909
291.9095544
292.3141774
299.9675209
307.8229985
297.0806386
312.9023747
299.2191175
298.2058267
315.6247521
304.2593024
290.3983062
302.0414491
314.9596423
301.0353624
313.01857
307.9849906
307.7937536
311.0437428
316.8845411
318.920918
298.3776934
311.986986
292.848408
298.6397608
300.1069322
303.525708
318.0703258
322.9700307
313.6962356
311.3084706
315.8422768
317.0689846
308.8542049
287.1478092
288.7272847
306.8990947
297.4201504
296.8681776
308.2878319
310.7182377
306.3438839
300.8565464
303.3008236
298.2231146
288.2090968
306.2623133
306.1554781
303.6815694
309.421029
314.9688385
307.6333823
308.2925077
309.8174588
317.3322887
303.3628512
292.4684663
296.8162262
301.81612
308.7619155
319.372201
304.9122725
296.9977727
301.9228753
307.9114515
302.6789909
294.5369309
299.1292769
300.5802167
306.6949471
322.570122
318.2558521
305.0855944
301.6298383
302.3555303
294.4678763
300.778835
306.1650578
304.7565557
287.6074301
294.1249116
311.8063304
315.6920161
300.7076027
306.8753798
296.020938
302.0084958
294.2367818
298.8350456
318.5478849
312.2659681
315.8716698
310.0912559
317.6273028
305.5530653
321.4482386
318.4977236
321.7205842
324.5187883
321.7751541
313.8979484
319.2536945
313.5492159
305.5164212
309.7043621
327.2924479
325.9048373
308.9613172
323.880275
320.845852
305.2872234
308.9883729
306.7796997
288.1555135
297.3012477
297.7232861
294.0080213
305.0119925
330.5712785
319.8317205
305.195479
290.9488362
291.2833871
296.0222448
301.2314129
300.812057
298.8269282
290.9167326
282.2535958
286.0698545
308.0149825
322.752698
307.3681012
297.0507718
309.8552089
313.4517464
295.447887
287.0624197
298.5532779
312.4661719
300.3965826
292.5469813
295.6453499
314.1289783
314.065281
312.4900718
293.405407
291.1408011
294.2835752
297.43306
295.4797722
297.9718155
306.2421924
300.2032231
296.2326687
282.2147587
292.8168283
303.2522306
299.3513525
290.6563936
302.6010549
306.2985378
301.794544
301.5962855
287.5936271
296.1015955
297.0574767
296.1838806
287.2608693
292.8600928
308.6062204
306.0960487
290.7385389
283.6170499
288.9767516
281.5393037
289.5241726
287.9432233
296.6665105
305.9709201
301.0099972
299.7258931
299.6180143
287.9446829
278.1571151
293.1385694
315.2783614
327.6455573
314.0136462
293.2454674
286.2750949
294.3252742
285.3408478
285.4432199
316.3727864
312.6757761
311.3368292
302.6639038
302.7612178
313.2355032
326.190682
306.529938
289.751246
285.7952234
295.696847
282.4535366
282.4328042
298.6965375
302.1428467
305.129512
303.4826895
296.3839062
299.4966374
309.2917754
293.4269759
302.1800346
302.3760685
298.9202633
309.0133706
321.5634541
312.2434892
315.2090208
325.7463787
335.264268
328.7840229
322.3918874
304.4115019
282.1826446
274.0884329
269.5064881
301.532386
305.049422
307.7496407
304.1257431
288.3287204
293.8093123
301.2433954
298.8775798
299.9540754
311.0896257
317.6048871
298.1739266
290.2745741
304.4076546
296.3891185
291.3317357
286.9368644
296.7585111
297.4068488
293.6562104
288.8497541
290.9608338
295.0294733
292.6306364
291.706898
302.3266901
298.7609526
305.9626283
317.2837003
309.0273503
320.2250759
319.1147888
316.09851
307.5625051
301.7234651
302.3236617
300.7623313
295.8803025
296.6133176
296.4188391
296.4630559
306.3542523
301.130508
291.9622941
303.449172
308.2043431
290.5638257
284.3817829
285.823425
299.4313209
304.7177733
306.8266114
293.9736604
299.1464685
296.7334169
301.9379888
311.317597
317.5287605
307.256139
307.2221098
315.8767318
306.3089299
309.9035166
322.6149046
321.5794312
317.5431399
315.6311074
315.6811259
301.3927141
300.3141288
317.6999991
319.410632
303.2384656
304.9934279
306.9619506
302.5095102
296.2733685
290.4200392
286.5069793
300.0908091
292.8404438
311.4885777
300.7365737
309.4182605
294.5854198
302.8133527
297.1873
309.4166807
305.1201467
297.6636394
289.0395943
276.9816918
277.9569552
280.5526154
288.6605334
294.6677812
292.1657194
292.7161771
302.0689054
297.4586328
293.7549932
313.8670391
321.5948207
302.9962889
314.3499846
307.3371106
310.0895887
310.4101414
315.6165139
307.4296388
307.2443873
301.1119796
289.9108629
299.8948634
302.9047502
299.4794886
296.3515906
296.6279943
311.3183472
307.7789759
306.2378388
289.1681959
298.2907684
306.4622587
314.2734411
313.5182998
304.4709495
295.4512518
294.9729985
292.0672436
305.7050328
315.386474
312.019383
297.818234
294.2628206
302.2798595
308.384919
295.1057073
282.1407972
291.2514972
301.4934042
316.0898613
323.0442435
340.4234481
312.205789
332.0310113
329.8401437
324.624829
330.4524395
337.102497
314.5693954
315.7304453
314.9314266
307.239366
313.408828
296.7307491
300.9020384
303.0556094
296.7530336
294.1141842
286.451127
285.5428059
297.9284778
310.988209
299.6277074
299.2473335
300.0651025
299.8529214
305.924504
319.7347766
312.9701238
323.0271202
312.4229939
312.2121504
328.3235222
317.6994
290.1862122
303.4360131
300.5300526
312.9244027
310.1288067
307.3089516
320.8696293
293.6120003
306.0975428
304.6990886
320.738396
310.0565763
305.0610154
314.5640888
328.4493746
320.1972622
321.7519572
316.1660636
315.0232533
310.9077855
339.5882061
335.3101569
326.629894
316.6740529
325.6902472
318.3776849
301.9261316
309.8571355
306.1087651
301.276334
301.6593153
295.6778043
305.3601694
308.8453381
310.5610795
311.0116309
322.5664961
337.9164224
321.2750493
335.8632364
326.6847234
324.4448618
330.0836141
322.7770115
299.022638
295.2319911
305.2675532
294.7045242
307.5924143
316.0522445
322.409645
309.6554239
291.8146509
288.3146088
286.8413975
299.8120631
306.0260765
321.8753001
320.7284808
337.5719748
348.1143266
334.4016837
344.3511324
312.9856358
307.1487286
310.1366578
311.4572248
315.2227757
291.7801644
292.2928908
297.7617824
312.8055887
308.240403
297.0163734
294.9697693
291.4548588
298.0368304
307.8027481
318.350594
304.4532492
302.796353
311.7050482
293.008491
296.2640698
293.7959904
274.3937316
277.635696
291.1931252
291.287089
288.3724426
280.0855593
287.3737706
280.0900368
296.1915028
297.6033387
309.1244465
302.6550109
301.4056298
312.151609
305.731262
314.8410487
319.1040239
308.0524579
319.0775118
294.9251376
308.7037733
306.8997655
281.5363529
295.9289992
297.2601511
294.118393
292.8115588
275.2019704
267.083692
269.1379932
280.6090537
310.8575288
316.0777799
312.6875672
311.2014277
300.5627097
306.223649
320.0622033
330.2180037
311.7027178
300.7711055
292.7840943
301.1432445
301.2318885
299.0537413
289.7495281
292.937635
302.4656294
293.1596156
295.5389822
304.6069843
299.2101933
290.5219757
314.7927919
294.5267844
287.2546866
282.4583288
281.953517
299.0763449
309.1649192
317.6891495
296.9648587
288.2550105
303.8174228
307.7563051
299.2298093
289.3836373
287.0439257
291.8904154
304.6897766
309.8317544
304.7017959
293.4682389
285.7911684
290.1864063
298.3480894
299.8947912
302.5652554
294.0229315
286.6920182
278.9174906
288.6233379
293.0413099
288.863723
298.0925724
297.4616938
288.0856849
307.0414962
303.0661816
300.1426046
296.5695452
293.5723083
288.4075173
282.0982173
272.9129053
280.8427566
290.0662381
284.8494138
297.0905754
291.9579009
288.2751964
297.1182947
292.2380249
311.5028741
300.8995525
302.9982561
311.736542
294.8252358
306.9046672
283.5980068
285.6593453
280.1292862
293.8842121
293.5932198
289.0335035
279.1001286
284.8691426
295.8089318
307.3684508
312.2071703
317.964368
315.0983155
317.9586515
310.5650261
310.618167
311.0615529
310.4861829
320.2335215
325.9445512
332.8013175
332.0613434
319.5648228
307.7554788
314.626571
308.083183
295.5598276
292.1451105
286.8861332
285.3525749
296.8665912
309.8322333
295.515631
295.0955087
300.449143
314.830872
314.0372111
310.4266986
307.8195338
286.8726625
287.864148
284.6672238
291.9427053
296.3917208
293.0743573
296.6337584
305.4665451
288.531605
298.3588381
300.1219303
314.262165
296.9822873
299.4029981
298.9993581
314.1068871
297.3376851
281.2803778
280.4776913
280.4410473
297.6209184
304.348977
302.679493
300.8060742
308.3790576
302.2181684
298.1565142
301.5046309
313.1259922
307.7188393
297.7588976
294.9259071
310.8095405
307.2062195
314.0849662
311.5683809
299.4678546
309.0984299
325.3851153
312.7421816
291.535182
288.5756002
302.9581866
307.2272004
307.4206399
311.4094365
312.8988456
307.5391308
294.5220175
298.0736411
306.642137
298.9990573
283.7585047
300.1777402
311.3809329
302.4745364
297.7496817
305.5263432
313.0754285
321.3289549
337.0283017
324.0455366
298.5304549
305.3458563
314.2830583
316.5542884
337.8303196
331.4158495
322.6431951
327.762573
311.0385694
315.0918816
315.7597695
304.5901134
310.8663894
304.71243
299.7421571
305.43166
286.2481034
308.4448729
301.7993799
307.2157925
307.0503674
331.0639282
316.452603
307.8245562
320.9194182
315.0332566
305.9863174
290.0542433
299.3417111
287.1037872
280.213537
295.2959231
299.621541
308.1029552
310.0837097
310.0793167
310.5174915
317.3028995
311.7730453
308.6105266
302.4654775
290.5143175
300.0256251
295.8834234
293.4617821
285.3415263
290.3573539
299.9672245
294.082687
301.6611252
320.8131551
308.266937
305.5731359
319.0269334
315.4390707
316.8835556
325.6621647
329.0818792
309.8779512
319.7324809
304.6943549
301.2907972
306.3336695
305.5358582
293.2568155
284.6024709
292.3846838
296.1831879
304.6846659
321.9636577
310.6167422
310.274901
321.0293537
333.7624701
327.8349333
331.8092177
320.9089895
306.5594533
294.8446976
300.0142463
305.0027479
301.8618363
303.728895
292.4484092
293.012948
282.6044317
315.8120336
296.8076087
306.8028627
287.2029214
291.1643159
320.3157657
324.9252369
294.3334422
295.2657899
295.7861076
307.1066249
304.3908179
305.9648367
295.4485815
295.2692277
311.7608467
292.3992699
297.0155212
290.6535687
311.0644666
308.2536614
321.0922664
311.3836993
302.5369585
294.0225004
294.6638707
292.4136917
284.5799558
281.4932884
287.1636114
300.115036
296.7352546
289.7087543
304.408219
307.7574752
300.8393979
292.2643599
302.7407692
316.9794025
308.7264072
309.4427454
306.2360249
311.801537
311.4137132
305.295577
277.0482074
284.3691189
293.0718961
285.9181118
293.6855839
299.8747566
305.3651442
314.1690907
292.1755424
281.7714225
288.1520768
288.6346963
282.3566956
274.7893596
278.446817
274.5298233
284.4319972
285.084796
288.9300722
288.0358396
299.5439577
293.6987234
280.3199462
289.2454471
296.0167783
291.7117769
287.6266903
279.4983987
283.3508819
290.4068651
275.9586063
274.9507188
294.2270989
295.2499784
292.9927455
294.3232795
296.2988063
298.8872409
304.5936847
291.6380159
272.7350377
271.5251797
298.5876641
297.6892719
308.9394908
305.7567828
305.3317341
302.4824765
288.5728492
291.8894141
290.0101884
276.3983442
284.4079215
293.3690253
294.3932312
302.005031
301.1441741
296.2232647
285.8563728
294.3794968
289.8602116
301.5360738
276.2522407
282.4387675
272.9869558
296.3377169
322.0112922
304.7392013
289.2113377
284.9535086
285.7366773
303.3277726
301.2954445
291.7348117
281.9779213
285.1207316
301.8348635
294.1028463
296.2265914
296.2130322
308.516237
292.8200994
291.2190904
288.8194007
288.4527488
288.6944136
288.278703
295.3256745
294.636852
295.0618501
296.6187471
283.6549217
294.5837217
294.6230137
306.9613652
295.8415279
289.2102269
302.8642963
303.0340088
284.8261088
283.7055153
285.8706172
283.7424795
297.2668041
304.892054
301.6575024
300.767491
288.4917146
287.4766557
286.1469109
291.7534269
295.4776246
302.1614157
301.1224142
317.0145712
330.7531732
297.2749666
289.7456913
295.1285964
294.609864
288.8986961
293.872658
306.6230356
308.748068
314.393715
296.577029
298.2456129
289.2854539
288.0023494
291.8366262
312.5102563
305.9095903
280.7637382
277.1767403
277.6647085
297.4021648
299.7189694
303.6654225
289.2360617
309.1957771
313.8801377
311.8954424
306.5982074
291.8030782
288.0985579
293.3822513
296.8390182
301.9933489
311.3956746
300.0230214
281.133887
299.3002458
292.9866483
300.3999853
296.5894191
308.4274983
297.6669874
312.8754395
333.6972907
324.3825438
316.5932247
317.660939
298.3216732
303.5646181
305.5031269
309.5035321
299.6791294
305.2033575
290.8679583
304.4950471
321.9766292
314.159564
319.7085432
319.0903337
305.5053417
310.6263163
303.93104
300.7529008
295.4637129
310.8872094
304.7259413
288.2593573
306.8296845
308.1164887
308.1475294
310.6293132
318.3449538
300.2601491
313.3797246
316.1086808
300.9965123
309.6034128
304.9496911
318.8328628
315.7459999
295.8973706
308.8847601
300.7370818
296.9071883
289.4832097
287.8052316
293.0567118
291.195208
280.9866351
283.463617
300.8249723
302.0713491
293.1592087
295.9659351
291.3586976
286.8050901
292.4038248
291.5738529
291.7473209
306.5178546
301.4500327
296.5961689
305.9901106
279.3972452
285.8694622
289.2232173
286.7845407
295.2081842
291.0420476
307.8674838
311.6380681
317.446347
314.0081814
299.2118481
297.0936198
286.5554869
290.7279103
291.6574638
300.8779584
308.5537433
318.7992795
314.2364546
313.1854961
314.9839034
322.9908421
314.1726802
297.4506724
301.9673421
308.8258584
299.1031749
296.5485786
293.8256805
316.94454
322.2050489
322.1123298
324.1374046
316.4057449
329.6579998
315.389243
334.7198952
330.2155927
329.4418597
325.5689694
325.9700927
316.6674631
296.5974063
300.8264477
318.9300168
324.9969165
310.3602939
297.171718
302.471967
323.5583746
328.5605636
311.1472504
289.9596751
284.3640452
295.3466505
310.0596096
321.3899586
298.9385083
295.5433723
294.028744
304.0007989
310.7748488
305.9854834
327.396395
290.7210648
294.267158
294.7577671
290.2843298
308.802893
310.2129843
289.5658355
289.2058112
291.7254986
290.8388991
298.1930879
300.6495589
288.8131321
291.5979066
293.119987
289.6935922
289.6976916
281.2466213
282.9653272
289.081751
311.2215933
309.235679
300.5458471
303.1814127
299.6104731
288.5223468
296.0313498
286.1072692
279.3384699
288.7760942
295.5184253
296.5438118
308.1081535
290.9138098
297.3500309
299.2822038
290.0201589
296.8307338
307.328315
295.2944686
304.8984149
313.4002193
317.9984852
304.2798238
296.3544356
288.4316214
280.6655425
286.5655052
307.0750618
304.282643
316.448145
294.2139596
288.4452039
288.6301365
294.1460179
283.8056031
295.1081675
296.2962752
299.2108624
300.1536996
287.0102565
291.7884458
301.1240687
302.9061916
306.3863409
310.5705828
302.0402066
283.9479024
279.9200416
286.4415558
287.9617295
293.6649428
293.687707
297.1011659
294.937818
304.1627325
282.5709201
282.8395967
282.7758607
280.0504002
288.9337103
292.4180905
298.5275848
292.9236057
299.30202
285.7552139
304.2949708
318.6986226
300.2382978
312.4100357
306.4892739
316.4173114
320.3969894
315.6459068
315.3098129
300.1334398
302.6275585
298.6410419
314.1446498
299.84713
308.7328638
303.3965317
311.2738269
320.0264529
303.8011657
299.9707991
296.591307
283.08347
294.2676369
299.8164659
297.3671725
299.4750134
312.5618412
311.9747897
295.4911279
293.8081715
302.7863072
302.7500205
297.0431678
308.2971193
288.3802272
299.6770845
303.4463892
282.8998232
286.0791187
303.3052696
303.7722418
303.6253474
293.310693
297.9980706
297.5966007
290.3631981
280.7358841
287.4774003
288.3836715
291.5678808
284.6944956
284.955692
294.6289499
291.317477
276.4968676
296.7880647
279.8700772
285.977811
286.1359509
288.7643656
293.1053294
305.6561968
311.1587913
303.5771777
289.5844728
308.7736231
318.0216599
292.6219872
295.4219101
297.2811965
287.5429785
290.1502172
298.1769286
276.3649532
301.4806634
301.5310854
309.9468901
299.2478947
293.45874
303.2334557
297.7687061
286.6668373
272.1033388
272.8896616
281.6221329
289.04068
297.9010483
305.0636103
310.7538265
295.5698415
280.7247186
273.1116025
268.4092889
281.8828062
291.5788881
293.2743898
294.5491568
292.602164
276.56856
291.6797014
296.181754
303.8830304
304.0251209
305.3481521
298.1403986
289.1662646
292.7086939
286.2521204
296.8558783
315.3062019
307.4964638
303.5941145
302.5101553
290.2729043
278.7499892
282.3701796
299.2265101
312.7940994
306.3042431
309.3478378
298.8834465
300.9326703
289.4127652
291.1402348
283.0550672
289.0832201
291.8680502
291.8643951
289.617039
286.9375058
298.7813203
292.2491065
290.7464054
284.7830001
304.6231868
313.1234775
317.7713848
292.5373573
294.040405
302.9319283
301.7839037
293.8281747
295.0253072
290.0452386
303.2981241
293.5914986
294.875803
293.3173019
294.2050012
281.7180915
291.4320791
305.7394661
290.9265411
301.8408562
311.3168434
311.5484898
291.9212423
297.9418927
299.2854589
319.2820302
296.6597114
295.1602583
288.2119524
288.1085328
281.5826816
295.9616943
301.2299965
298.1797144
303.2726627
287.6664419
281.1561382
276.957306
294.5069898
301.6197719
290.7363064
309.48107
304.8408341
297.2362408
299.8858872
287.7521867
287.7861482
288.103768
300.1411948
308.4532668
303.4877624
288.1284499
269.8975286
279.0758457
276.4855781
290.5557561
295.1472387
275.5019395
275.2834771
282.193701
283.2379417
275.7988452
293.4336544
279.6453788
291.2733981
298.275086
303.4665245
319.2311747
318.2787539
308.06061
315.706292
327.9335007
321.3857494
314.534856
315.2848278
317.7337966
320.4381747
323.6614659
305.8695769
289.1930931
286.4768452
276.7770858
297.759166
301.5057012
286.1240338
276.6515844
289.5731687
283.8303388
294.068001
301.3960763
305.2208739
294.2319532
273.7444704
283.7597872
290.201307
297.1891413
296.8543504
305.4105392
292.6221056
298.594841
281.0696745
270.3809334
267.2012609
275.4575062
284.636942
286.950535
295.7261269
304.1837162
309.1159814
301.5305463
309.3998471
319.4490206
311.5560199
325.560635
314.7842815
299.6467663
285.8169435
289.7039401
296.8725921
284.445241
290.7558181
300.1271207
300.3453885
306.4026628
294.5770012
291.6465176
291.0311088
317.0597923
320.955624
329.7813089
300.1859506
291.5410414
313.3925441
298.2125824
283.5722053
289.1997626
295.7257008
298.093108
295.0787606
297.4312755
317.2464353
306.722239
301.5916846
301.0139126
306.5081901
309.2685633
318.7159444
310.2856572
304.3379778
310.8700702
310.899384
301.4457211
277.4751345
285.4576139
292.894692
308.6169756
308.4763016
319.3237759
313.3400701
298.8596556
301.2061634
298.2718634
307.8498575
292.4370237
275.9242616
285.7092858
303.7166698
305.3066001
310.5041655
298.99641
295.1121018
302.2679208
296.3252576
284.0949358
286.6071729
303.3377153
309.5849642
295.2887305
294.5781294
306.8354691
313.7966123
324.3577172
303.6680982
301.2518195
315.6047021
301.282031
297.7800334
310.8327332
300.3466969
300.4245655
284.2774109
290.9528351
293.7626298
306.7705953
310.0727312
303.1440485
298.4758605
303.4724256
314.9866754
313.659059
293.5516355
292.5614366
279.9639913
276.6375361
268.5741417
281.7347351
292.3028587
295.4999721
282.9255601
274.8925796
291.0201976
287.0680974
292.7655908
286.2304071
301.1445354
294.1642084
289.6075119
288.7530017
290.2443033
290.8816945
302.9973489
288.4370675
299.5245288
312.1016458
309.4277551
298.7219024
285.3328897
275.2226279
290.8598763
295.2857066
288.0315278
269.7138994
272.0363578
260.2257603
264.3661833
270.7161882
285.7636831
284.8992073
288.3576556
296.2215295
294.5162462
279.5308892
268.6078248
282.3276853
285.7066441
268.9936788
274.4452172
293.2214728
293.8039956
296.0226311
298.0999494
291.5374823
288.0526897
301.1294329
303.0111414
298.7473312
296.049386
293.3385584
286.9433121
291.7051635
279.1538388
278.1265082
303.2234102
307.4018667
279.7417658
282.6003316
288.5898746
301.1940594
293.0874781
301.6746975
314.9936994
322.4355792
297.9703921
287.1675204
281.7033882
278.9107437
289.3366918
285.8118475
281.1280323
274.4387542
286.405559
297.9293962
307.2102532
288.7625093
302.4842859
289.274753
298.5880425
295.7830736
303.2994158
300.3115204
314.5700296
310.6048362
308.0536378
310.5894109
308.7741419
290.8223149
288.3805959
277.908958
280.1035388
278.1482104
300.0074697
303.915341
288.2302293
300.4030307
293.8040136
306.1927838
308.968229
319.7533357
330.8657778
333.9367944
320.9518159
316.7701633
300.1089704
299.4594608
291.8920003
303.7965065
297.2534506
298.6304793
297.8404073
296.0737295
301.2081448
297.7868085
300.4722331
303.1196384
303.5074865
300.5162981
289.6061533
277.3604596
274.0971398
285.623899
294.5074065
302.0310926
297.6314723
315.4190843
314.6200979
320.111503
309.9758765
306.1430185
320.9895586
310.1559059
301.5832777
305.8690572
285.2821814
279.0137303
280.788116
272.4331013
283.162402
296.2311042
294.3972323
296.9036678
296.1881381
284.2292614
289.7824325
293.8451023
295.5699688
314.4608466
324.2816522
332.9361958
324.1597762
291.9204992
297.7249867
296.542767
325.5572325
325.029639
309.5725786
312.0927572
299.3350973
296.0838329
315.3319877
331.8210138
325.2040399
314.3308616
310.4238307
311.7226908
314.0318133
300.3429654
293.7925544
298.1821251
296.9277434
306.3296197
305.0690423
312.8708908
293.1738643
311.1036471
306.8021961
297.927328
307.7859576
306.8772565
299.6954692
292.8364865
302.0783427
287.3083935
279.5527626
277.9248173
268.8899719
289.8503256
310.4838856
304.4635385
319.694917
326.4496392
288.1952898
296.0135485
303.9568117
276.5862661
286.2198546
300.4952838
285.7488782
296.0848737
305.7351957
290.8180043
291.1822407
310.2232988
317.1461841
296.6665026
308.2551262
287.1552943
274.3812631
281.4276311
300.9222713
280.5578487
290.9300949
286.174471
289.4302069
298.6427377
302.4682372
299.1800999
302.2251613
310.9356217
311.6428598
314.5295962
306.6826017
293.8247469
293.177699
290.8107481
285.7272807
290.7938705
293.8967875
283.6353449
281.2897117
310.9613363
292.9210444
301.5218058
301.8986162
289.2649239
293.1482466
306.5117918
308.2573951
293.7465853
299.7888488
309.8724696
319.3230249
304.2825093
304.5496271
303.3465369
298.8510959
304.7289855
306.0188212
291.2722357
293.6976764
278.43592
288.8062237
290.5603774
295.6282123
286.7503687
287.3950314
299.555994
310.9612565
307.6136169
319.2031544
330.6325641
325.0920245
311.1583229
300.1805247
296.379372
308.7474555
296.9692054
281.7990849
291.5528088
296.690813
299.1951566
280.0345709
281.1827322
281.0827363
296.0068949
304.5771161
305.5882415
306.2497912
306.1565935
300.6497575
313.0150759
315.3070298
300.7112922
308.1177027
294.3765619
280.9736941
284.3505471
287.7587772
296.6068691
300.4065028
297.1488507
294.0502972
305.485537
312.464253
305.9878441
309.4408273
294.1914364
293.9222687
302.8182965
310.5194744
297.4410057
283.6849249
288.4072749
297.4748632
297.1861126
315.0731742
306.9952332
314.7778908
311.6975194
292.4115776
287.6344906
290.1305253
291.9969208
279.8773845
279.2188647
281.7268946
286.7107373
288.3432582
281.1368655
307.8513838
298.8218385
295.7630138
287.5843834
294.0342451
281.0950581
282.8805009
284.7830296
291.147188
288.7650223
292.0130054
297.4944453
281.369648
297.8947819
292.7104814
286.0715237
283.2096624
283.3371425
310.0512623
313.9067226
304.8402228
299.3465808
293.0072153
280.5406824
277.3539688
280.5292161
286.0637739
278.409399
280.1070485
280.411946
288.137965
283.6534815
295.3671121
316.5396765
314.4966969
308.3377717
283.8645503
302.0196008
311.6293226
300.5042863
285.3399906
290.8691896
288.6672297
297.2820624
293.6325815
279.5901696
272.6911915
284.2162953
286.6632109
297.6106726
318.25657
293.9297923
312.4072232
294.7102196
283.4764841
285.791076
301.8999834
293.6719168
290.8277061
301.8860789
289.3863769
294.1981606
306.0694731
297.2330351
293.0578082
290.8918466
284.3224708
287.0453888
294.976656
292.0646609
286.0608825
310.9071365
323.4134719
305.9305539
292.7538286
286.7881302
290.750445
303.9014274
301.2698155
300.3306272
301.771592
307.0882252
295.6928986
296.6024769
308.6851865
309.2769642
291.3421345
294.9362907
283.8761115
299.0219298
302.7891256
314.5393139
294.9652849
293.683404
290.886027
298.42525
298.9923545
293.865744
293.5664743
286.4166489
294.1933657
307.8601166
324.358374
311.7777951
310.3011064
305.8706161
298.867213
292.6589534
302.144838
308.6253925
314.5571245
305.2208196
304.9715252
300.2145521
303.4945936
300.1729627
280.9586742
286.7570601
297.4123508
306.2225182
308.8305432
303.643508
302.8859773
314.9634231
301.6133512
298.1153421
298.9343967
317.8873255
317.1109707
295.5915224
293.4947239
312.8088959
324.6309507
323.9320258
332.3187451
307.0446847
284.616327
275.3260025
277.4344384
283.8182226
294.5640824
295.1720158
305.3889701
309.6111297
309.8009409
329.8144895
326.9770334
303.5479578
299.5427863
304.614076
320.0865585
308.7203722
304.8350705
302.6023845
299.8797707
292.2964776
298.8193288
304.5197718
305.2962125
294.9017551
285.5117507
283.6862578
281.9829706
296.404165
296.2186284
291.3357805
286.5482399
292.8359159
300.6296611
304.6117432
308.7764201
297.9648121
311.5224888
306.2714003
294.0323671
292.0621313
290.376961
282.7060731
289.3133564
298.8505517
298.4599031
294.2150776
295.2937418
284.4984519
270.0947673
279.9782633
303.5555385
288.7664347
286.5377911
298.8697663
296.8088011
297.5878279
284.1197587
288.9796126
297.4597271
312.6139671
306.7879657
301.1537
293.8418972
286.3478071
282.6953253
292.6156309
278.9915133
289.83541
285.5648415
297.3878059
307.6748477
299.0139234
297.5732663
293.2657147
281.6995092
279.3311051
294.114023
302.4843606
282.4644264
280.8666436
297.7480714
297.1649785
294.7561548
299.1559673
282.5152464
281.9628095
292.5482114
305.6018145
304.3573343
295.9408789
285.5126279
289.9753343
283.7854214
293.579201
284.4670474
272.3910618
304.0334608
303.4652897
308.1275992
298.819488
286.2932797
276.065467
282.9715368
287.3477673
303.0854416
306.7147063
308.9392414
310.6172039
296.1302013
292.5085562
285.5676357
284.4557792
285.8491393
291.6731679
290.768876
302.0655772
299.1484023
277.8315067
276.2390604
287.6576635
298.3189764
286.3713159
281.8650924
304.5961578
292.5243373
289.951312
289.2189483
287.2437643
290.585926
301.4799393
297.5772593
292.5919068
294.0888348
284.6572733
275.8265426
274.4583341
305.0020494
307.3910406
301.5188421
293.0509029
290.0954312
300.6331537
292.8216778
289.7899087
301.9307772
290.0791666
288.2864358
291.2289677
299.4284017
286.8490816
298.9666225
304.4264287
297.9261417
301.3859399
318.9294456
307.3500399
308.3482362
301.7317096
293.0228402
303.0423597
306.1767932
306.6604993
302.3263231
276.3879538
267.9294133
289.8568165
306.2400727
314.1550519
328.6191669
331.7912885
305.7502943
304.7069026
311.6852245
324.7296754
309.44653
317.4695307
305.1105495
291.7310799
284.3531026
296.8686599
293.4813734
292.38906
291.0386802
292.2394657
278.9280317
273.9491745
268.5219976
276.0696921
301.690789
302.9723452
301.2298545
281.0474622
290.2142923
293.9365624
295.3978669
298.8264583
287.493651
279.1908243
289.1121377
285.7310094
293.3814384
282.6317979
271.7636365
276.9497617
289.7964995
294.0587755
294.942465
311.8350201
309.8155949
292.6035355
293.5701837
292.1006227
282.7583946
280.7047435
287.4879323
283.1613298
291.7178749
288.6415509
281.0141132
287.5951851
310.6180295
310.2012715
300.0007731
290.2328437
278.3429154
280.3345286
283.5534209
280.6323738
271.053081
274.4499763
290.259429
294.7535074
291.2188673
303.322146
297.6970154
289.1218975
291.004681
291.289303
302.5146613
325.9078272
310.0294317
314.4559775
306.662141
287.7010026
301.3855809
305.5981616
291.8364148
300.6673545
300.0328328
298.35297
309.9976839
291.0600432
277.5307321
287.0195638
308.0355827
301.2529391
290.3223025
290.5941864
294.5443806
298.0377657
302.8836433
297.3404773
314.4047937
307.6516989
308.5427587
314.0033544
308.3916319
298.2308547
302.5600905
299.6135225
312.3907656
309.4825647
304.2994808
298.8507808
305.7041658
291.5135075
304.1079869
298.4461753
295.6231892
297.5699342
306.7120599
301.5320221
298.4077808
305.6252773
293.6075446
281.2240076
304.4046422
317.7586947
333.1590769
323.7436895
331.6035246
320.4752735
310.1821307
298.9133956
305.5676918
299.4270113
286.6224102
287.7856415
304.1813858
307.1014487
321.4841078
302.3015321
301.1680696
302.2705319
297.2534231
303.4441378
303.6740724
297.4825641
301.9500166
304.5646182
320.6336445
312.0585899
302.9055304
304.1334624
302.1797586
287.5411882
319.788987
316.1526826
285.9831198
286.869063
296.34136
291.7530899
297.4563701
300.2050738
303.6123982
317.4921802
318.8125025
332.5965899
309.7791553
311.9241901
309.7763695
322.8564603
316.0164525
307.7208946
292.8987306
305.1926205
299.8152381
310.6072445
287.1404467
288.580588
291.0021761
299.8771067
305.8138084
309.0637554
291.6847321
297.4460948
314.0195716
315.3037202
313.3941867
296.9177893
282.329763
285.8833185
299.9808145
298.3150126
305.3197195
303.9276746
291.2654928
301.097421
302.5543759
309.2441991
308.7377284
291.8996974
284.2003806
301.0628815
291.5235521
289.0255756
284.8504886
285.3988712
289.2221268
295.7277757
296.9362046
295.8082348
296.6040809
305.323304
295.31718
297.2563982
286.434634
296.7406831
310.4695605
321.8203695
316.4051381
315.6520347
318.0043569
285.8362799
289.0126217
281.5252504
283.5826073
277.5546814
272.1886055
282.3852885
282.8036127
290.057905
301.2127511
305.912578
293.4458687
280.6155311
307.9758069
309.6193526
308.4260393
308.1249589
295.5185502
322.4063072
301.6210147
294.3174075
295.3303292
294.6720096
275.6816034
270.2696446
278.626025
293.333068
295.2934047
311.8067601
307.7987529
295.3094136
303.1529614
305.7799519
293.3640805
280.6987673
285.0426086
292.3257173
284.9713625
273.4696072
298.1441922
295.028539
294.4293276
285.4987321
291.6246582
311.351026
318.304448
307.1225364
309.8548207
294.4633118
284.3925537
291.181324
299.2684415
311.4837594
295.481111
302.9943974
298.8473515
296.5537576
291.3080014
290.9385789
298.6773632
299.3701708
292.3045973
309.0846099
310.956036
297.8266705
280.301872
276.7540122
285.5246158
291.7180786
285.2879562
296.5598319
281.845377
304.3457625
320.8889889
319.734536
313.0032286
314.5821981
317.7846092
307.7737076
287.3312088
293.1838246
292.167165
293.9517406
296.9210426
307.8797745
310.873611
308.8282369
312.2419934
308.401131
310.1279068
297.8618815
306.987389
317.9342598
324.7288536
305.8664799
301.8561035
293.4711534
305.1556774
309.8689039
309.8852597
314.8115773
316.9978029
306.8248942
304.3817424
303.2763802
289.2694143
287.4007031
292.8379849
296.5137331
289.7274183
282.7066056
295.1904162
312.7725999
267.9581376
285.225689
287.5546132
292.0513699
280.9454373
280.6386457
287.3612536
293.2457168
289.7617006
288.4979732
290.5774134
291.4576151
281.7466129
282.2447613
294.9727869
312.7370163
311.1588523
310.1614103
285.9156192
266.9788626
304.5491882
302.8934818
298.7936077
304.4785385
292.9640012
284.1290562
280.6157148
270.2758317
276.1878521
289.1540903
288.3801596
282.9195525
283.863882
296.4131873
290.9436769
284.6141631
305.0295419
300.4234204
292.2672098
300.3146309
292.9964192
292.3906786
310.3645779
304.3344955
291.0849972
280.0426174
309.3969495
293.2115918
300.2880339
291.0347205
292.7139959
289.2679553
294.6476856
306.2475859
315.3579022
319.6581715
314.5768184
303.4997952
282.1232165
295.8590343
311.7352381
320.2409956
317.8341123
312.3317169
309.9019272
310.9563753
297.7667695
308.3149892
308.823919
319.2127246
302.6628254
306.4105059
304.8669885
291.9158792
297.2103602
307.5058925
312.3411913
295.3339318
279.5972698
288.3624621
297.498479
298.8247957
287.8496
281.0836524
276.3541198
283.1331778
294.8840811
305.7809298
306.9506647
334.5004626
308.3545614
289.8460251
301.2396034
315.5279903
317.7495253
315.0072151
307.5520107
314.3081823
302.0127909
300.1588061
286.6731107
282.2088608
293.7617422
288.5119218
296.8293316
297.8658281
300.2311956
274.7694739
289.5179254
298.6516152
302.3305526
329.5135753
321.3187994
321.8113467
308.0663542
295.7396061
310.0740947
287.8013605
285.5458216
294.8516604
310.0251773
318.108058
320.3243446
337.1724853
318.0584614
305.2225307
307.6267221
306.3988763
309.3094834
292.69343
286.8783111
289.6238907
294.5979187
287.8461286
294.8090072
293.1892989
307.0288581
299.8612395
293.7798148
294.0274869
305.3612462
292.8584101
302.5260493
303.1813354
291.5081653
292.9633927
286.8325595
281.9475319
294.251838
308.7502572
303.0162336
299.03661
309.6532561
314.9409079
310.0991698
301.378133
307.1473914
305.6274295
317.8384616
314.6791567
304.5765641
308.2916591
310.7398862
303.2123964
295.1463217
284.9548106
274.6017289
282.8433872
301.8840727
292.9505811
280.794044
283.140658
288.7566939
298.91408
306.1360702
307.5396988
286.8860164
297.072698
308.6416378
309.0974639
288.8389206
282.5410293
295.7263279
293.8407668
283.066235
293.64793
316.6190259
316.4756799
319.8189548
315.7248767
305.6448975
287.1448512
283.7185085
275.5285603
280.5612352
286.5923514
284.9289201
301.4498549
313.215525
312.6315206
294.3063479
286.4754356
279.6084026
299.1331031
302.7551925
293.3763853
280.947291
289.7303458
286.5303501
272.0247677
275.8448052
292.5130808
290.5520585
299.4733044
285.1690691
295.8248507
309.6539613
295.0478154
275.0318456
294.2119491
298.6302087
292.6455492
290.9348941
286.1738703
285.0576829
301.1528879
305.8348176
302.1242676
299.0235365
302.1816956
317.8434964
310.5258915
303.7074731
294.4120536
300.7636518
303.5612894
296.0384719
306.5869362
309.7974596
297.1223159
311.5158944
313.4053709
286.0869929
292.9941083
276.0496193
276.3609333
288.56334
307.8937995
310.2408545
314.8685918
292.6019879
302.7302983
291.5557857
283.8004044
278.777331
287.4069571
282.4668589
287.3992169
292.4220689
301.9126325
309.418903
298.354171
293.1763411
288.8949662
301.2241927
315.6213941
305.3520799
291.5220945
295.4599145
292.9946664
284.8362866
288.057104
294.0153586
294.5928337
294.9073538
299.7181766
309.7573686
300.7366331
318.7694093
306.6970254
291.1952016
299.4045137
305.9553457
295.7365423
298.2143748
318.4089252
312.9450989
298.2481885
300.2759333
293.4730132
273.7862631
281.8666321
287.5119213
299.3955866
305.1774989
309.9070802
299.4019629
289.8315352
297.6798575
288.4144012
303.1642927
297.7725541
313.7755396
313.9094062
293.8269926
288.3565523
299.1873299
305.3419976
307.1399931
305.9443931
295.1172818
293.9370199
299.5235749
285.2115569
290.3023654
287.3377912
291.7623981
319.5929544
318.5566757
319.0661631
315.6080574
317.3206491
304.5679909
293.774847
303.1526783
299.2736896
291.1262745
306.2640697
316.0736629
320.7863668
314.9694335
286.1838137
301.0318413
297.6702356
298.8011678
294.1445522
294.4032163
281.3447558
286.6121216
296.7841173
298.9781396
297.0212103
310.624193
304.0578596
301.8855373
286.8164449
293.6789076
288.5352242
295.9843424
286.1586762
280.2597776
287.8046755
304.5611836
304.4041691
299.1385366
298.1057985
283.385804
283.8323314
299.7339364
316.3062877
325.8886735
331.6869199
321.8071203
312.4313885
302.4980988
310.055048
286.6264155
290.3996591
291.4526547
286.0588034
288.8418623
300.8254127
291.6629964
289.1575836
279.2002715
283.1709373
298.6987671
313.3836247
309.5863213
305.3633227
301.3360489
296.2071985
298.666698
321.2083539
308.7097938
318.852555
310.5940527
305.3051227
289.5574001
289.4311562
294.8792508
284.2395378
278.6435034
284.5507869
275.587912
285.1698945
297.393039
294.6731269
298.0340111
299.8761445
293.391869
287.7712605
284.9838358
293.3784202
312.3361738
296.2015397
310.3611798
312.9324216
302.025833
296.7224438
278.506168
284.6622333
286.3934844
287.9084137
298.1831188
294.3447534
286.9420546
287.6435165
294.0393633
299.5540619
300.7047685
304.1739895
310.4753658
307.8992111
319.1076657
326.7022907
327.1500078
306.1012078
293.8279243
294.517582
299.3890925
288.6136162
286.103706
285.9197869
282.352163
292.8834898
298.1167377
307.7554451
316.1482287
308.1427397
330.9548402
307.1183225
297.8158448
304.1153465
304.1543277
293.9863824
299.4914909
299.9222808
296.6971501
306.0935302
306.7241572
296.878831
295.527574
292.181224
295.829096
292.7827579
301.6760888
300.9791955
300.3138733
311.5757302
295.863957
290.8249473
293.4460233
287.0215146
286.846034
289.5546831
295.6997422
303.1753404
301.4604108
304.6215961
303.1119164
298.281388
299.5214088
292.5812834
304.9787544
298.0758635
295.6036293
291.759473
288.4450712
295.4750679
307.2797594
308.8448831
298.5014891
296.1283412
303.8165413
297.1296017
295.1870565
292.1921038
279.3270226
288.1946625
287.4539554
292.7864561
284.9085126
289.8146474
293.4982978
303.4194661
291.8382763
289.2859221
289.180052
280.2058426
268.4585413
294.8552063
300.8008078
305.045022
292.1798962
298.8135469
290.4876118
289.8044435
278.2987276
286.2855826
288.7527605
296.0983201
307.5462276
293.8232567
297.4412516
288.3361629
285.2420906
280.4739485
279.9307161
264.8311517
303.2494501
304.8680787
299.8423857
310.0072361
327.3374132
308.9993484
307.6507733
309.0037235
299.5807377
296.6231106
304.0928102
305.5470483
304.6920486
311.9041586
317.0039584
321.2462861
302.7566265
302.4047212
301.9118898
289.5935095
295.0470174
286.2921087
291.8560724
295.4874051
293.2729924
294.3870909
295.8128445
291.4758766
291.904348
308.6451109
301.4117572
316.301514
307.8841418
289.6525453
298.1927938
292.287439
281.1334982
288.0914998
289.5769452
298.8979458
300.1969524
292.6605805
302.50315
288.3423623
295.1209069
295.5945681
300.1700452
303.809147
305.5706848
301.8629628
309.9991035
305.5008022
298.1192943
301.8985256
295.4164047
303.8348706
299.9926962
307.9987749
307.3556851
313.7560596
278.3570683
287.9508358
295.4107571
309.3299788
302.5879038
303.9633001
300.8026646
283.2883917
286.7363104
289.1132501
292.8728128
297.0288277
296.0842689
298.036583
293.4840282
297.8885238
313.513375
290.4899069
267.2591056
269.243421
328.5518497
304.6826025
303.6487315
317.4712637
337.9450948
325.3358704
310.690761
319.6663068
292.1435703
290.3370887
294.8668633
289.3137481
296.7976128
305.4283961
315.96601
294.7261983
293.1907151
301.5768999
309.7826763
312.6549845
293.9165194
309.0494206
331.0439157
333.1268284
320.0167341
332.0097989
333.5851873
312.0040328
311.750892
303.403509
321.2502339
324.8427541
309.8495249
285.3868096
279.6887446
286.7092353
306.92972
298.7534643
296.4025438
286.3307442
301.313508
301.8267365
294.0231642
291.0065562
298.3343132
311.2303439
319.5980065
306.2222593
305.3508993
290.2891744
296.1117453
295.1285824
288.0695446
288.8245565
292.4523339
301.8567864
296.2271926
311.7957645
316.8185147
312.070148
287.0782238
290.1645715
278.5511738
280.3974786
287.2931749
295.2871108
287.9667048
289.5631996
285.5547342
283.5358
298.4778094
289.1191692
298.0241168
306.7315973
299.8506316
291.7824546
288.140577
290.9126909
291.9994679
285.8545278
295.1574233
289.2759311
296.9105327
290.181127
274.034973
276.9603346
300.3298878
306.0054265
271.8845626
279.884247
295.3079036
296.5602146
302.9078328
306.8161157
307.2512625
308.0827549
305.0461784
300.0448318
301.8626262
297.2489144
292.7962997
312.9856604
304.3027358
282.3489214
283.5336036
282.5146785
294.669796
278.7695062
292.6195061
300.1405605
279.9374061
282.3190357
288.4418777
287.2241
294.1033
290.1381648
288.4584064
294.4717747
287.236221
295.0080509
296.9781285
293.5981688
303.8622836
306.8997119
293.509553
292.3096005
279.1309765
288.7025497
285.8269274
292.9992041
294.051842
286.177756
280.8098769
271.7705915
279.4364845
273.1827508
292.2782462
294.3830782
297.8285734
310.4121094
286.0481813
296.4745468
280.890469
296.8125175
306.2705186
310.7928136
292.6171902
284.5972092
285.4895301
300.7397127
290.114474
297.7778136
294.021678
288.8100009
279.9011587
288.1725928
305.2523382
304.9530608
303.7342119
306.3293501
)
;

boundaryField
{
    xPeriodic_half0
    {
        type            cyclic;
    }
    xPeriodic_half1
    {
        type            cyclic;
    }
    yPeriodic_half0
    {
        type            cyclic;
    }
    yPeriodic_half1
    {
        type            cyclic;
    }
    zPeriodic_half0
    {
        type            cyclic;
    }
    zPeriodic_half1
    {
        type            cyclic;
    }
}


// ************************************************************************* //
