/*--------------------------------*- C++ -*----------------------------------*\
| =========                 |                                                 |
| \\      /  F ield         | OpenFOAM: The Open Source CFD Toolbox           |
|  \\    /   O peration     | Version:  2.4.0-MNF                             |
|   \\  /    A nd           | Web:      www.OpenFOAM.org                      |
|    \\/     M anipulation  |                                                 |
\*---------------------------------------------------------------------------*/
FoamFile
{
    version     2.0;
    format      ascii;
    class       volScalarField;
    location    "0.0007";
    object      translationalT_O2;
}
// * * * * * * * * * * * * * * * * * * * * * * * * * * * * * * * * * * * * * //

dimensions      [0 0 0 1 0 0 0];

internalField   nonuniform List<scalar> 
5120
(
287.0134771
287.5271748
280.901354
273.2697608
296.5304066
299.5085292
291.7852931
289.2883282
300.2788085
296.7211236
288.7463087
299.9982418
306.9596928
306.7100514
328.0490515
314.824198
318.9049752
294.3874306
289.3470602
304.0596795
313.0569247
311.9032764
318.4583449
297.3841149
298.1993595
293.9859836
299.1841852
312.7997124
290.3033728
336.4925886
325.9490769
300.6215327
277.5732812
275.0609138
275.1471116
268.8690931
307.571473
326.7602829
304.5329167
286.6116269
318.8158101
306.9904065
318.122748
303.3962219
340.314752
317.6017021
298.3629471
283.2391547
291.9541961
318.2506333
305.2841095
304.4686553
304.6266991
285.6873203
329.8384419
328.6604613
337.8522883
338.511082
330.9461899
333.5681239
346.3196506
345.8739331
346.1630679
309.7955349
287.4440252
305.7448972
282.9574553
285.3291299
318.1898761
325.2918844
328.3260662
335.2394008
328.8324396
349.0448299
355.9364165
341.3386307
348.3029945
345.3242235
324.6962093
336.8280811
291.3234744
270.6918643
306.8141503
322.2465769
328.3099196
312.0730269
313.5821226
326.2707481
313.9135969
323.9413613
315.550835
307.2631599
316.1357753
297.0464947
317.6544913
307.253374
308.9124413
322.3927462
351.015633
328.8942978
316.8750713
311.6752564
285.513393
282.4688511
303.1791698
316.5608549
321.1411965
323.6433754
317.3412245
301.7736171
288.8388822
316.9529439
299.7881487
325.9975607
341.5963488
313.7173416
299.1083722
290.6674532
312.1378533
325.6155251
302.8527734
298.196237
305.7597084
328.7390465
308.5490687
288.8477276
287.6717743
292.300253
316.7238062
346.820727
304.9316525
307.916474
327.3869175
314.431042
299.2041479
343.3779193
339.2752497
328.5647322
309.6525022
301.1942378
330.1467095
328.2938537
310.2209056
293.7314737
299.8659389
300.567628
307.1844159
322.5783608
352.5572966
340.3865446
346.9436568
342.0846969
322.2372846
328.0247533
343.8019216
327.0918625
316.3902528
331.1909388
338.8998643
333.0510354
322.8669135
333.8633934
320.8829679
294.7859517
281.911691
301.5155224
327.1337292
383.0803301
356.0372984
346.424129
325.0941093
309.1617327
286.2212699
270.8387083
289.7017125
320.6739014
351.5098555
297.5568285
289.0868601
306.7791484
290.5979332
277.3767611
287.4739108
308.9096771
303.7192038
304.8594614
323.6055912
310.1138372
295.0447415
313.1518375
306.9173921
303.0221686
306.8252638
335.5448198
345.1775637
341.6359604
344.8790254
332.7065044
330.8502558
307.6620883
348.8416803
326.4108197
298.5203363
312.5428297
326.3539855
363.2378675
359.2156201
345.9321751
314.3105768
283.8382015
272.2256312
316.6242115
334.510504
343.7574005
330.0854246
351.358257
350.2350187
324.4813524
279.6493748
326.4477338
322.7393102
316.154374
355.0630064
359.3704219
359.171897
319.4694236
291.7298269
302.4661831
284.181137
310.7163294
318.2275498
307.6194951
284.2661283
301.0960069
326.8820586
328.9969972
301.2256019
291.9022284
293.6692204
307.3086474
352.7408925
363.4120909
329.6111989
307.5222136
317.0553553
334.0196662
329.0926556
340.6115406
348.6928474
317.5769497
318.788826
359.50781
360.6913531
365.6672917
357.1583093
356.0821622
326.6372981
332.5471779
337.6164988
341.8599319
295.9696111
309.8794304
336.3924202
302.1970392
316.5256611
316.7401909
313.4043403
325.3903292
330.0828887
319.1430636
301.5121991
312.8606049
325.7466227
314.1084133
326.3705136
312.0757962
336.5861131
297.0280587
319.1023701
306.8776198
274.3728961
260.9776759
274.0673728
285.2791524
284.7452671
287.5757225
266.8037792
277.7193388
277.8662775
267.2372485
286.100651
312.2543132
305.9844288
291.7792205
276.5195439
322.0949745
287.7060741
260.0589436
282.0212249
289.9904724
286.057628
310.9936378
317.282033
314.2001366
289.3034474
301.7717449
351.9432834
361.7132917
349.2773108
322.5857817
296.289626
294.5566343
288.817489
281.4235804
287.6600096
285.7821897
299.8925779
288.2374828
279.1416622
274.8397043
334.9629287
345.5669645
330.331456
315.8044945
308.5618454
305.6637887
313.0518538
312.8059437
273.5406728
288.4014254
306.0542729
316.9590312
301.0167249
298.572098
287.4844623
294.7368281
294.2428036
300.2980865
303.7245366
300.6089914
300.4083605
286.2024957
282.2455851
281.5122963
259.1551389
270.9034521
283.055498
289.0377776
305.6142819
277.8798498
273.5901337
282.913351
299.9976925
324.9347507
288.9353946
256.4756499
289.7492259
287.2889164
283.2874618
279.9039814
280.5265848
289.6767178
292.9978028
295.0534755
311.9569638
306.2930219
316.4104766
330.9775256
372.6137724
358.5432554
328.8910412
326.4703158
330.5595211
310.9157801
298.9608659
331.8478765
309.9504848
280.2128927
253.8689143
244.3294458
320.7988398
307.074973
294.1609845
350.6329663
287.2037554
333.6604953
331.9440163
316.0927946
347.3258593
313.0025769
291.6935796
299.3255458
277.4581968
262.7026162
272.7078979
283.5990368
297.7149728
287.6735921
309.0203986
311.4087516
320.8817825
326.9717472
321.2012593
294.2964182
307.6546923
284.3475661
282.3232799
305.4107346
318.6777334
317.8964892
309.6735703
275.1296064
289.2391223
271.369006
274.7691383
284.9449788
273.8454179
286.1617428
282.7458895
300.3517291
297.8248385
308.9811581
291.806451
288.3439083
281.7728385
287.5877656
309.9881987
299.1781211
305.1626616
304.7446822
320.7323146
331.2093445
306.7657535
330.936261
329.2236688
344.1697507
324.1522004
295.4746709
278.3741522
270.4926797
304.0938943
312.7142504
332.7129341
320.0640634
293.4633203
301.810568
311.4999299
309.2207406
284.4012643
288.5640962
297.3740138
287.8537437
306.9536443
334.7093471
333.171728
317.2388523
317.3456619
313.9709524
322.164765
327.4633284
298.1491315
296.5307636
292.7881309
301.2110901
321.9908146
293.9122079
333.9013807
298.5814675
295.1363631
324.2055842
332.6436217
338.156681
348.3869951
322.4329064
292.2003415
296.0714778
288.6582626
277.28075
278.9300227
286.0722927
297.5431483
306.6200035
315.4470999
314.6710365
331.1833595
330.8638579
317.905751
313.1831557
319.8134004
278.0915894
268.9448604
276.5533629
286.7399808
333.0513
384.7125771
361.2576327
333.6751217
331.4912951
320.0580248
307.6881273
323.9108536
310.8296452
310.8484489
319.0074409
311.2345352
322.3018602
309.8152697
291.9208151
292.9304028
315.203304
337.8750005
349.1810824
320.1504083
323.6382116
359.265649
279.8489339
304.585334
327.1735863
327.7576407
332.240071
309.3405751
281.4199451
289.9811433
322.7750642
345.9065819
316.3894025
277.7314264
285.8897384
305.0316601
305.814478
297.4044389
270.3338533
289.8854833
305.1353003
305.3475758
319.7182076
304.5756732
283.8809715
295.9325164
316.2087669
319.7822389
352.0747146
334.2531413
330.8254764
283.9879342
312.4160795
318.3341451
301.4863149
255.0269392
284.2037135
302.9686268
297.6197905
300.2917448
312.5149558
287.3514529
280.2541106
274.0599988
273.6929401
312.2041878
326.8693684
309.2686565
294.2573075
318.6928182
340.7468771
341.9393521
341.7949068
341.3761829
291.08574
293.7787716
308.7512661
303.6087718
302.1566743
290.3967179
289.8274306
292.2097791
281.1562355
313.9433108
299.5950523
309.0827571
323.0603743
317.2449726
316.6818257
322.8772806
346.5748938
329.9371479
318.0683617
335.3253862
314.8999558
335.5745567
321.709467
319.6586726
316.2097227
328.3133744
350.2755574
329.0667788
320.3975129
326.5564789
312.5309489
311.0043083
297.5536772
295.7217695
326.0082518
314.9434791
324.0361753
283.0654856
293.9308091
304.7213893
313.9010577
326.7262139
320.8990502
301.7794779
304.1113567
352.2907692
325.6359996
292.9047933
251.6375794
247.8868832
289.4351366
286.8368072
307.4287136
284.9694224
280.6733143
302.5082496
285.0023449
276.0484395
272.0184811
292.6558736
283.1996776
268.41115
281.0408306
281.2526284
274.0459713
264.5334347
279.4348572
284.9871536
299.3076054
282.2035833
267.0213978
282.7512119
270.8053414
318.8233281
311.5012541
302.1367434
287.9861099
311.1699467
302.931224
296.9808307
298.5253036
326.6140966
339.640063
329.1188688
296.7001671
300.9443776
321.0588342
295.231739
280.7127397
281.0780739
290.1917512
313.6140279
304.2099607
267.5013421
266.6837828
260.6692074
310.4675041
333.6682128
324.4206684
319.9640691
300.9355999
294.6531525
260.4786983
267.8418091
286.5910161
292.6068738
297.9065639
344.7859508
346.0493658
329.6810455
310.5307717
315.4899604
312.7912488
311.4786527
315.528557
320.9901405
300.7464363
323.3517323
297.5389151
301.0806071
297.690702
282.8122113
265.4627143
272.5063604
258.6762616
254.4797187
290.7959079
298.1106371
283.907566
287.1964485
300.6182436
317.8763982
325.4265453
343.1861079
337.8244881
305.433728
312.2596562
334.1236927
321.9803175
294.4035045
276.8989165
277.1078215
319.899958
291.284972
280.1955777
308.8107941
313.7523655
334.7229516
323.5879912
308.1177903
339.9258057
351.8578734
358.5697619
311.6009294
292.2775285
288.5311759
277.6767606
270.2099672
307.1178767
317.7603534
284.9917805
255.4545205
252.7676967
258.4419466
279.0210427
261.3706858
275.2822538
262.3908014
246.0744551
268.5782332
294.3678328
286.3491042
294.574473
290.0770791
301.762833
293.9762938
292.1955902
293.7775203
303.8068488
301.0100223
316.5153915
350.7190446
330.3374745
306.9763514
330.9675296
328.2835618
292.1555693
279.6441651
278.4242832
268.7263433
313.230549
304.110701
295.3192749
288.4714143
277.8654326
300.5808112
314.1918847
319.3247101
304.2853011
248.9638529
305.179549
301.6964933
267.1423009
298.0907426
318.112095
325.6762763
328.612295
315.41442
322.7710166
326.0863477
331.3008439
333.1978276
312.1680867
279.1008042
281.7816574
288.6603627
317.3592432
316.5411985
311.7468852
286.8222028
298.2878441
284.2251643
324.0568924
323.3359593
307.3695779
314.238265
325.8733334
297.8344249
292.5375693
280.5488901
281.9454726
285.0343285
266.3725419
324.4796827
302.4714202
298.307789
293.0732406
276.9684167
307.6363994
303.1673088
329.7091382
293.5662212
297.3026071
312.7495749
312.440759
254.5290792
290.2212179
307.6346045
306.3826891
301.4689663
293.2605736
314.2832615
306.3971077
294.9264244
309.0877124
315.9555646
323.6214886
332.939275
290.5557611
280.646191
291.2222205
302.9207575
300.7353664
314.9503468
345.0988186
336.4309879
316.8780559
320.6302868
327.508335
324.9568206
329.2663264
330.0213789
319.486617
311.0238303
334.0723824
374.258799
330.3092009
316.9861447
308.772309
297.8596213
300.2956168
297.4593278
303.0813761
285.795137
298.5308752
302.8397627
302.7235327
298.5391523
310.4086583
292.8791213
292.7461509
291.8569929
314.5197995
367.2168808
338.6300518
325.3740775
329.7617563
328.6182686
323.6691686
341.6332825
336.8740809
300.9917805
291.6704338
346.0557857
359.2587384
298.8564062
309.078022
303.4618104
347.7362242
353.0888631
366.2376429
333.97893
321.5098151
332.1726849
353.7940623
310.8271106
298.4409355
315.0194357
317.6088744
295.1586681
324.4350094
309.3135713
323.4288766
329.3393677
293.8704877
305.8235109
285.0862739
277.1164405
261.6615622
296.512677
344.447576
350.0899512
324.6160123
322.4667193
304.0227548
325.4056374
317.896215
302.1818946
313.0251637
286.6523865
321.9955148
324.3182587
340.5192324
353.0757934
379.9390234
333.7130323
322.7212887
308.3433529
326.2190966
310.8564734
303.3976343
311.864853
296.3007053
270.356748
269.6069969
295.4430615
309.2508434
300.2976956
298.630998
307.7497692
328.8543497
293.1804016
316.5223043
306.930156
298.7383175
295.7958772
289.5881275
273.8427965
282.008716
305.7503126
301.1460359
291.0569096
286.2342881
264.9934715
293.0023536
316.4387338
290.6489861
280.4331272
281.0087571
290.9092744
264.6987312
273.9829269
269.7892985
297.5161328
308.8745288
297.0046985
270.1163962
275.6629117
313.9737456
307.4555048
302.8961497
295.1920273
290.570239
291.0153605
261.3587388
274.3126106
295.3320696
279.8222633
283.8791642
304.1837703
314.3530025
282.4135294
280.3503913
302.328145
325.480267
311.5655372
304.6727721
287.3638264
281.4251176
276.9073296
276.7136626
276.2152284
281.840199
285.4455209
302.8791639
316.2699202
303.1063926
283.6778569
296.3334384
321.0418995
342.748491
338.7176542
357.3077278
326.5231448
295.0860663
309.7739009
313.6684437
304.9692245
280.1729771
283.1000376
292.738013
286.4272692
294.8528716
302.6254131
284.6899869
302.0424743
303.4554973
310.5731012
312.7049122
310.6920251
310.5700672
317.546741
314.6153153
330.4189677
320.6657702
306.7847082
299.2670052
302.9533035
299.5931676
306.0478308
274.4582978
297.8216012
268.653101
270.0082208
278.2669453
284.2571755
336.5821128
298.8868528
321.4261687
300.6898578
322.3412729
316.9193396
304.8483932
318.9641509
332.0821213
310.5982768
295.462268
290.6966084
306.6417409
322.9568155
312.5148596
294.1456914
276.0044611
269.4370334
259.5879167
278.0452862
311.4866412
320.616481
308.6555075
309.7253473
326.1772281
335.7801913
360.4265173
345.4634227
302.894276
312.9697526
336.8715383
304.4078398
293.0135096
286.4767118
272.555523
283.973346
262.5642528
303.5810172
344.1510486
313.0962546
288.7312602
297.7637274
274.9559887
286.666811
276.5598214
287.4427158
304.8248165
299.9871044
314.4547501
314.3121864
302.2442476
266.2945275
295.5011492
299.9521774
319.975906
313.659804
292.1478265
308.0800821
301.4545756
309.0929235
289.6213664
278.9082106
299.2737307
321.2134534
290.0585914
276.793936
285.601775
287.7330678
292.7827887
272.2416869
258.211109
301.499435
304.8362111
306.1303697
283.1995061
271.098522
305.0284538
281.3255496
271.7127518
262.2751744
260.4142056
278.5617205
277.8255662
294.7113305
321.5905526
333.6642881
318.8146383
324.143894
297.2157897
291.0566383
280.6883572
296.5133711
282.3415574
279.838049
303.318328
293.960967
292.0144629
289.4824429
275.8059787
248.7388904
238.38572
248.8775367
256.7335545
284.9179339
324.8822948
304.8133006
307.5137687
317.0402022
320.6652398
300.2919483
249.3763902
258.2340086
283.4626937
297.0805666
292.1137461
295.2832753
308.5430571
323.2612683
316.3514548
281.7523537
284.9557153
261.8552651
260.0271021
243.0270114
265.2009867
288.0899919
286.6758051
281.0150012
292.2777827
318.847651
328.5955142
305.5814084
306.7368796
331.5291961
347.2211428
319.3981612
311.0429503
276.15465
297.9248697
297.224362
283.6939109
266.6384128
257.7609157
268.8915253
256.4642928
245.3572632
283.5660826
290.6657174
292.5242165
295.2360749
280.0483084
287.721903
302.8382723
320.2239065
309.3289741
294.9075745
298.6304047
277.9412084
280.9018472
284.3301105
298.7555575
306.8810518
310.8951386
330.1140997
331.3898324
348.312782
336.2392151
296.7995816
268.7575011
270.6209259
291.0144234
293.7522221
271.6434836
298.5520554
301.3880616
305.0220309
309.8703644
292.1162001
285.9760317
296.2534289
311.0578707
293.8012745
319.7908006
343.2558704
319.2708012
305.8097486
292.6153567
271.0669849
271.8839716
261.827157
255.1287995
283.3303041
299.5101424
295.0392839
306.1664606
320.7590458
307.6647649
338.8592654
317.2164584
301.7157864
287.1889376
316.5430207
310.503721
290.9873197
288.8961828
272.2952134
303.0793313
275.423392
279.9052142
288.2373032
301.6183348
303.428735
277.4419261
294.7476907
282.4721629
291.0525833
336.5838558
265.6254317
254.4740441
270.7858155
270.0624202
255.8375651
270.630314
280.347021
307.5908473
296.5036929
281.5692972
283.1631074
298.2200925
288.0918768
288.9829432
289.1595544
284.2479299
298.9291577
306.3369432
278.4646748
273.9087486
289.2920989
307.0728006
313.9963125
290.6730511
322.8804669
332.6880025
301.4285529
310.4945305
318.9514697
298.8269891
278.2513114
260.2919375
260.6659434
254.9141926
256.645636
261.9945634
295.1812071
313.6853226
331.5705251
293.7772987
294.9870526
319.8934505
316.6337473
329.6853554
337.0267929
346.4334629
313.1923455
289.9276791
296.29145
310.394975
323.8681481
308.5345121
294.050152
333.9477699
291.9701998
305.2364808
296.9697208
307.4658243
312.4497096
310.7424376
330.7951223
286.5628866
285.3184371
295.0428891
324.4987299
320.6919655
311.2153135
318.0919739
259.1437322
259.1460572
304.1870398
327.9122642
290.9979401
268.989813
273.3233697
271.1195744
283.3674451
291.8526341
309.4808619
324.6440151
309.7008663
347.8941537
350.9438178
333.5324897
275.9540693
280.7606048
293.8673605
291.1822634
324.5044297
315.9463759
306.0962468
278.8558303
275.5371816
291.0893855
302.9671881
306.4156527
303.9772866
283.7171896
297.8039789
307.0079323
280.8206293
296.8746387
313.922528
309.6736943
298.2671386
312.7897789
299.44798
294.5016096
284.1318144
268.2202931
267.9438783
293.0499626
304.4233071
304.3732284
324.6701008
325.7325547
302.4057038
290.8916518
284.8398794
282.2820864
316.33864
307.6485743
265.4466593
277.3806213
294.5090609
306.69409
292.918281
305.5915928
289.4196432
287.8396409
286.8698917
275.2575255
283.7071636
257.5353998
240.341767
234.5249605
233.6825279
250.7580713
263.560512
285.6938756
295.5437366
276.594217
286.0286068
292.3401137
306.4384956
293.8289455
305.9850193
310.0380139
307.2162078
299.757854
300.5781991
306.4015333
284.6214844
318.3614756
323.1599027
310.0256588
323.5493317
327.98883
327.8986421
316.6595192
243.4877832
273.7893061
304.5243533
319.5412156
335.5654618
334.7931662
323.2764444
304.6412117
311.1121927
293.7681498
295.2949546
259.1603156
280.1721509
296.1455277
298.1410406
296.5897342
298.6495503
277.4481213
276.4768728
258.1987995
304.4042012
289.5733562
310.737547
306.7622133
296.9907314
282.6013158
270.2584445
278.0712739
285.6649365
288.7973783
255.3468178
267.6390892
277.3506709
303.2826994
315.2062651
287.229256
288.5189553
287.0869982
297.3816711
304.2882664
280.6972143
309.7011258
314.7256266
307.1696155
292.3823232
293.0299981
286.2327941
255.0694192
250.6260965
261.4982847
271.3840495
255.5298916
263.146885
280.7490821
273.9281951
283.3171864
284.823256
280.9569438
286.8203026
295.299195
296.5620357
288.1354978
299.2528693
297.9791721
297.8450907
286.6361953
288.1457709
299.3925454
267.7983296
277.7570233
288.8184585
290.6488803
289.2330748
288.7045682
301.3996032
290.9995547
309.886497
299.8687178
292.5736423
299.003568
310.9779448
271.0754401
272.8439771
298.4285314
285.0143985
297.2756905
281.9597207
260.1668669
286.2909465
282.404606
253.6921238
267.8132482
278.4262873
301.9037891
293.8276549
311.2650818
278.282028
296.2804723
299.6547556
295.5288835
267.8993027
298.6501235
307.8972529
291.574956
295.5549616
271.8331082
317.7957623
297.614077
283.6296735
300.0298561
297.5727027
283.252542
282.3328556
300.9304354
285.0710214
281.6646944
291.4639092
293.2657368
281.2302455
276.5562102
302.0639183
311.381656
310.8550015
324.7704015
307.5007567
321.0275608
299.0806696
318.4357287
280.8170743
286.7152141
318.9572136
334.2709231
321.9826032
303.6123625
308.5954518
298.7667646
283.7730091
299.0398998
293.4076365
282.2181879
343.0043097
309.3244012
291.0658051
291.6193523
320.8881779
301.6378809
270.4693501
267.3216068
292.7735494
275.4479727
289.9294643
278.0668775
306.0325742
283.5363514
272.2296214
304.9519054
299.6384848
320.3173335
314.3795291
318.4348787
347.0218449
370.0752333
350.9958129
334.9016534
306.5674221
279.9910235
305.7469315
321.4434618
274.7406752
276.8157691
287.8236229
292.2955747
313.2168074
328.3398244
304.8100113
292.447607
281.3697315
314.0312163
313.6480682
321.5403238
327.0267973
313.1683726
307.013618
315.9520054
291.3677568
314.4746775
353.4154867
335.3537598
383.4000597
365.41902
339.245085
297.6567347
271.8658839
286.9207738
322.8838542
348.3885456
335.6007583
308.4172677
281.0700145
315.5010772
305.149564
319.2627598
330.9902289
321.4097026
314.3854284
307.1485517
283.8838896
293.5199807
272.5343119
282.6076318
312.274962
297.5554736
269.6911077
294.3069246
305.5213812
289.1369987
294.2326468
277.8911303
276.2061491
318.5324325
284.3045183
274.965986
247.8159388
252.941964
275.880546
276.3232023
298.3500842
266.8089887
278.1299547
264.2357104
284.4513359
270.1213036
273.7098245
265.3143952
286.8448837
275.2936257
298.0611268
319.9996349
316.7908066
303.2743595
286.58376
274.647135
290.0812545
295.6421456
304.8129938
276.6146008
277.3424803
267.0252805
274.8388425
253.1883693
246.9655276
260.4867969
302.6064633
297.9964371
288.2263064
284.2255259
287.8376094
292.3706643
272.8247718
277.7470634
290.2478059
271.0527478
272.9257752
281.010289
327.6773454
320.9399435
296.744278
313.9170761
289.7985597
287.3898148
300.1043966
318.9915008
294.5500289
319.4111371
303.7894167
276.7797469
269.7844193
272.7245989
318.6975574
314.3759526
248.5719973
270.82713
291.6327213
277.7464626
256.4584762
252.6450378
274.0193794
287.3024303
277.1831269
280.2112132
279.7513455
290.7525174
322.6446671
308.1724745
305.8931691
277.6411865
305.8685325
274.379588
256.2497649
258.4809757
269.1248968
267.772559
280.6989013
258.6479774
295.4183219
278.3241685
273.5194993
285.2290862
304.5015146
311.8023877
307.4156226
284.3618004
272.2564485
273.2685784
289.3514786
302.4694919
284.5766536
275.9513736
258.3241544
278.9672287
326.4403866
331.4463754
327.9570306
333.2912178
306.4846924
327.851082
315.5399794
302.6650098
290.7386721
284.8031234
279.139709
294.7856136
297.6873964
294.992869
289.7679633
284.4552759
266.3987562
282.3427506
288.4998665
313.8468203
303.4212089
317.5897844
298.013774
300.208875
285.3691001
276.1349082
306.6617837
295.6981087
283.5064145
321.5067747
316.3429267
311.2620531
338.1636781
331.492169
306.1986825
307.7067118
298.6649389
292.3690334
273.0244224
280.353263
268.7406438
292.9780967
329.9327039
301.3361086
299.3432455
310.5932133
311.1113055
283.9888204
276.6915379
301.51466
308.4141163
290.2531778
299.1153792
285.9847596
287.3666697
278.7281612
276.0453941
281.7393645
303.3213911
281.8364236
328.1682931
287.3895704
268.3049922
289.7143761
259.1525748
279.2590914
287.34269
298.1366539
295.9806141
291.5069745
266.9567092
256.8625873
263.1455045
273.374438
278.7214699
270.8039201
263.3157424
263.2287017
267.4852471
302.6286857
271.9630686
300.4736079
310.1202956
303.8000756
298.3403126
304.4769479
308.0270697
305.9863125
275.5087966
266.6133976
305.5509595
327.8956659
296.2229984
276.0663718
263.8229868
265.6771889
295.9236837
308.495252
277.4709053
279.7730043
321.2886526
317.3076055
322.1476339
330.8286165
327.2771452
330.9739115
311.408714
332.3767845
302.7518553
258.7323403
255.6149118
260.2750598
257.3402281
247.2616552
276.4735107
266.9397513
244.0545743
279.0881994
299.7724743
296.0587608
344.1756626
320.2077021
317.2033511
303.8999612
333.5634047
339.6362645
325.3896828
311.0913152
328.9494248
322.6767239
328.0866679
310.2829687
305.3349736
286.4015762
288.5666406
338.7996398
329.2853092
293.4093515
300.5845642
334.4126293
299.6460555
301.4883322
313.4150167
300.0057342
298.7696027
303.8408054
303.6323239
331.0471844
329.6531612
326.8038822
318.3008414
305.0310912
290.4040332
294.5343858
286.4396366
286.4273474
288.0427215
294.9181013
312.6068629
298.8325632
294.2732769
316.3537247
303.7343754
317.2698414
317.089517
333.3292082
339.5799552
305.1900116
283.4083523
303.9846803
307.0682432
308.5021986
300.4783097
314.0452375
319.3832335
306.1316478
301.9837753
295.2779929
307.6390312
327.8640266
308.3164374
312.9670429
342.0207382
339.9178514
327.0398141
316.2507398
324.1607615
342.0521567
319.2601191
279.9192271
289.7944866
315.3804197
304.2274942
302.7366632
314.5687585
338.5334569
323.1769999
320.0546101
292.1356018
301.7718561
311.7276787
316.3355242
310.1417661
316.4624124
357.0061473
315.104574
312.6468389
340.5259629
353.678337
332.5363885
295.2319454
304.8633872
314.4263351
320.917225
303.1727317
315.4776308
324.6817757
319.9605933
306.6762978
310.3817736
291.3419972
313.0514895
340.9047225
331.4538663
299.049311
312.4142158
309.6330419
339.8841737
345.4921907
355.9949041
308.8424516
301.8063643
300.5949488
273.0604785
299.5117436
305.1905904
297.9234226
289.282137
304.006646
271.041614
332.3893955
359.0215378
360.4887372
358.3978285
346.1744314
350.4888104
315.1650078
302.3896443
281.5955946
292.730953
276.5395364
304.5705274
268.3101802
273.585833
283.2916852
279.2828321
285.8019083
305.0725064
297.0528051
309.4659016
336.7079764
331.6868576
325.3511094
305.1251679
292.7027163
270.087742
253.4579061
240.9016655
258.2713781
281.7801507
284.5116174
301.4044182
332.3773622
336.1538788
316.0385079
317.8824334
315.8161917
324.6978904
331.6616396
355.6221069
299.1820482
300.2322778
273.7979818
251.3553456
275.3124424
284.5907685
274.7004629
273.2022608
300.5639567
285.2186273
287.2567532
287.4129611
268.4928235
267.4397401
287.9957003
320.6189919
329.7028086
309.0021317
313.3101728
306.7907964
269.1020999
262.588269
263.619458
303.6286917
307.2811366
315.085325
295.4830526
286.1781818
287.8557239
291.6744331
307.6898404
289.7488656
283.0283412
299.5205989
292.2793184
267.7993852
284.8080436
309.5241265
294.9501849
271.6780534
295.8311867
299.1722089
320.060768
301.6177718
291.1013758
250.971671
274.2546461
275.0835898
273.9631084
283.2874664
298.3358357
272.8248864
276.2504949
273.1867513
240.1830568
278.8916001
314.8725212
304.2562171
304.2148682
297.8759496
275.0432432
274.5582859
285.5604081
289.391123
294.930738
278.0057166
278.6060051
280.317075
301.3779001
288.6284046
280.0263131
289.2769848
274.5907102
286.2152753
284.6489539
288.4725914
287.2324648
268.5638392
288.0588887
279.7989017
306.9097598
318.3640811
286.8331525
297.6416557
299.6159843
298.4340052
311.6972649
317.6540432
333.9137879
337.9799722
310.2503232
308.5087432
322.8564837
309.443523
328.6139057
328.6269415
352.3455153
355.0460596
333.2127358
341.8163888
309.5261107
295.2266554
287.1907155
269.5077765
284.4728199
252.548446
248.9099266
283.1899204
279.2682198
275.8195852
297.0791389
275.4310945
299.1166023
303.5330709
310.2161527
303.8037166
305.1383722
292.6008065
313.3538822
320.6377602
311.9367038
308.2382977
312.728934
329.899931
363.4918569
342.52195
296.3390916
300.719363
320.8082405
341.4958613
325.9298922
318.4950327
297.3579292
273.4914311
272.4043281
281.8696676
291.0925224
296.6622067
304.5966739
292.4271204
283.8242402
306.7389941
313.1132207
310.5682439
286.1358944
257.8022281
285.1302533
289.0799574
288.4327263
273.2943173
296.1180038
287.2933415
330.1564281
318.1583975
329.2473341
324.0219323
302.6101737
290.7969465
282.685876
294.3026213
308.5156479
325.4813097
332.2219313
309.6086039
301.6854295
304.246857
303.5181711
287.4726431
275.0838573
288.6374095
292.4674406
300.6324824
271.0481701
328.8323233
349.1750002
326.5116257
314.4076654
304.2728948
286.5676935
313.2273171
260.6358085
266.5583576
295.1843842
300.8797302
279.1904985
268.0995387
314.7442635
313.2460266
291.3719895
281.1998503
288.8292581
276.769653
264.4497705
246.7626604
273.6303809
284.6048706
277.1285821
281.4125135
272.4439331
276.5146498
293.5383325
290.4998789
277.2132538
279.4020025
299.3780583
279.6336739
285.0883253
266.8283465
289.6653852
290.638819
285.9631332
315.2371141
307.5043911
294.1639577
283.438116
287.8490836
282.5665859
280.7248097
270.2067615
293.3604677
323.0042282
304.2126299
304.5780903
316.6192648
307.2727004
326.2721119
306.6017497
300.009128
308.442489
333.3889308
315.5643207
294.5224396
298.4806833
322.9350547
299.5885055
291.1910314
314.9429349
326.5342923
318.3003297
315.1706189
288.5599829
287.9864612
311.9928542
323.4996379
320.3402823
331.6229502
308.5651609
302.5133973
281.7511217
303.8999874
312.4692357
332.5578028
322.7520185
320.6721028
325.7108919
326.826661
317.816809
317.0526819
335.7459405
334.7623782
293.558546
310.1280475
305.8358723
298.1346801
287.7249491
285.2165327
282.1147008
268.1409939
302.468803
305.4514479
325.157698
275.1862578
267.6002302
294.1349531
303.7975923
296.3279368
312.4263372
342.771567
311.2131126
319.9621331
336.0119093
321.1636017
313.7594156
303.5175066
326.6273583
365.0253818
358.6001998
336.2261837
356.7427613
345.2345397
311.7750901
335.1551202
355.5723228
310.3035284
316.78974
348.8198457
369.7216018
336.610127
334.2586717
327.7447635
301.4029999
280.2045829
294.3103465
313.4181249
306.9688374
294.169419
295.4628501
295.2763113
296.7030389
322.01233
331.6199715
305.4969689
275.1987768
271.3011601
290.9935487
311.7358313
327.9911896
343.6254848
346.5227278
307.0945618
302.3146051
297.7162948
285.8694648
284.1232393
257.1504293
259.80257
297.6611632
290.5928802
293.2345505
287.5662247
283.832066
307.5531512
304.295234
311.2844444
307.2209139
289.5127369
270.7778954
279.0531771
308.049301
307.9097087
315.8995198
305.8589404
326.3441483
283.9556073
293.8680425
312.5438489
294.3516691
272.5120153
274.6032219
276.3860934
287.7530569
286.7946971
302.6263792
277.6119378
273.0292236
308.7725535
299.4053295
315.7621155
326.6703414
321.5337957
291.015111
282.4694215
250.4312422
299.7036243
309.3827188
318.9354768
307.6640838
338.2415796
319.9852824
259.3951552
264.5875945
253.0037642
243.6907575
253.249686
256.7382174
281.4792866
262.1493758
255.1598228
270.318202
288.6898253
292.4637513
277.6068866
263.7250971
275.3343286
256.4091752
287.0134622
301.946904
310.2470432
303.1480249
320.672581
305.1215088
316.0631512
319.1192777
290.6013371
305.8890163
301.2907386
287.9963967
264.5512648
308.9174868
289.4445519
314.8992687
287.1262674
292.0887072
290.6676183
318.7574197
304.6420443
305.9341395
322.6884124
289.5661878
265.1178022
263.5817528
307.3694832
320.4192676
343.147713
334.9481404
331.7399474
345.046647
320.7771467
324.1228675
314.0177182
322.4192041
326.2059556
339.69958
315.3989866
307.8421709
297.0693598
294.1440115
316.2621064
309.8868598
327.1315177
298.4119374
295.2579994
287.1917229
269.2975919
291.7483606
293.1784436
335.0036234
339.2719049
319.6383793
294.091599
301.8556013
285.5460039
295.6608219
285.3803791
258.2444106
290.2412662
303.1233455
254.78229
254.351396
268.4844241
314.7229073
301.645138
304.9934334
283.1967577
269.3822546
265.8201582
263.516887
282.5849233
304.8948791
326.617483
303.7559356
302.5535286
332.8871303
310.8035067
321.9694319
303.8177313
320.6000843
310.549407
317.0913117
307.4971686
294.4197068
290.260196
297.7076103
306.215532
318.4215093
306.9953173
309.0180167
334.6383057
321.261733
321.827667
278.3427067
282.9264301
296.4123401
304.6535167
302.6547906
297.5507111
282.095384
328.8586886
296.1587
284.816619
288.8108815
298.0462512
310.1846442
295.2897962
288.0241309
291.8100728
280.6049425
280.4874456
287.8527776
288.0307183
285.4689007
289.9449123
275.5672588
310.8815099
310.2345055
298.9428473
258.2659574
278.3714464
300.205661
300.7871711
312.8820079
312.1456701
320.4857924
311.4056195
303.6967796
313.57757
318.9523146
300.4507606
284.2176385
263.5898933
288.6341728
289.9837113
292.2904673
293.3242002
272.6587765
300.7356513
304.4053659
308.2044642
283.88224
292.9050665
321.9400472
308.6079907
279.5946986
289.3573515
316.8704195
332.0132781
311.5928599
285.1410092
285.6613002
288.4000464
302.5894833
307.5090341
312.2313305
295.1774436
290.1344403
278.9001489
273.6478177
293.4718159
294.3676239
288.1025319
306.0641423
328.1272454
319.8211198
331.2213186
317.5889295
325.5525753
287.9754401
302.8387768
311.4051271
301.6649154
361.2376324
359.2128418
330.1991422
307.7187749
315.6664732
319.3072455
301.1617426
297.4105157
291.9799367
304.0980869
310.5973509
277.2771078
314.0867847
302.0361671
313.0305123
325.8186717
314.7425816
328.1172796
338.5077177
351.9509228
312.0720682
308.8393546
301.3209093
265.7300282
268.3581993
286.0355728
326.8383106
318.2203282
290.0278076
293.0996956
303.904288
306.7782864
298.7771545
299.8640669
320.4847607
302.2506027
310.2523434
314.0290727
353.4626567
335.4378863
301.1848045
299.9745762
310.7042588
315.8350215
307.8477455
303.5979587
267.8323123
286.6104718
294.8243673
302.0422781
292.0473753
301.3459131
307.2431711
311.7398849
321.8289131
282.4155212
292.4960565
315.8011476
332.3562285
305.9395375
290.429871
309.8076872
295.6708019
296.8867303
284.2735686
289.5841922
296.2635853
280.2282221
255.7798375
246.9282814
232.121198
271.9743556
269.2803674
302.4755494
321.9736149
305.7422825
286.4845272
296.2864933
285.3014866
272.0144109
312.4790358
285.6612137
292.3250467
292.8004826
308.2041014
326.3748744
300.2415851
295.6721528
314.6392794
274.261023
278.2755916
294.1432118
319.2669329
296.9274483
292.8196168
293.9668232
325.4837085
334.4769358
307.9305074
321.8081867
253.6216055
275.5923007
279.129292
268.7014211
260.4994447
282.3921496
300.3268626
348.0981163
335.3178949
348.6400043
298.6560653
278.3967603
288.955996
294.3347332
299.4460329
299.6946967
270.3211829
265.3422391
281.7072806
270.6043017
279.7857625
288.7972596
303.5718641
302.3517238
312.9662097
316.0946783
306.0600153
295.962531
279.1967112
300.4516604
296.1683672
310.6616363
322.3899553
319.0367148
301.2713786
317.1891286
342.6941975
323.0756035
312.1611599
279.8625374
307.0800099
297.2505151
284.931907
308.1999163
279.9247471
266.6414544
254.2158524
254.6137231
272.4148011
277.0491505
278.0856636
295.2910001
279.8506811
286.497431
301.3507881
288.3630263
300.3122948
317.841933
301.3943144
298.522673
290.6829191
282.1458086
296.6329552
279.7808223
263.0678217
286.008866
272.7404037
275.9202019
278.3168506
297.1641591
294.3124587
291.073244
292.3187856
277.0561205
302.7013636
304.3030787
276.9813224
261.1152816
286.6321118
285.7963003
290.5525377
305.0751493
284.1837029
329.0255519
295.1786367
300.971166
297.8879019
289.046529
316.6122393
325.1123062
321.5185538
290.5886883
287.15487
297.354066
285.2296081
297.4367874
274.9569521
293.0949181
277.3603717
272.6914634
304.3277152
303.1235836
322.2055849
315.0867165
314.6574129
288.8575757
281.5136286
304.5015444
321.4071372
306.5638803
297.5891447
340.2835347
322.282934
311.6450818
321.9417695
322.5856622
311.1091679
301.6307341
318.3940193
333.4317406
306.3889139
319.5998535
296.6464676
312.8986641
323.8991561
344.1053265
316.2815212
291.5611801
291.1739477
300.938044
284.8383746
290.3664164
302.2006542
314.4497197
309.0828419
278.9241098
315.261917
306.3498212
300.8650601
299.5139982
313.4160177
302.0309872
303.9915503
289.4708042
287.5692025
297.7438933
303.7247527
298.0857433
292.421323
279.9020795
289.6755583
310.9504902
296.7670788
271.7636058
273.7310713
256.9069506
268.3185104
275.9805645
293.3152753
285.4603026
308.468307
293.1113253
273.2729831
283.9382229
302.2257033
269.9895455
276.7133147
301.4169873
273.2298566
328.1063233
321.1965949
312.0852694
292.8566355
294.961156
310.4501996
295.3764053
310.6954323
319.1870212
308.4775578
322.5325204
292.7298315
304.6233305
309.1608649
290.6396088
308.6896469
303.4171571
276.8503149
272.9561088
282.2889549
282.6919915
286.3071673
316.2710321
319.7216774
319.4659308
298.6967069
310.0651625
300.0628426
310.8261195
294.530683
279.8957095
300.0640913
292.8930855
292.7812193
311.7790755
310.7801199
307.4357925
306.4518065
291.6686229
330.8005154
312.8903059
329.2473846
330.3138633
298.8154685
335.8783553
313.0759667
303.3727254
300.6983518
274.0247057
275.4343761
293.4411401
278.7281321
314.1400848
334.311861
324.6838049
286.5388071
284.3042683
295.4643522
308.1074516
337.7880487
299.8680508
305.4128248
302.1298466
297.2492108
309.7653342
299.1489212
330.3686832
318.8068046
309.7717267
274.1716977
264.0324373
354.6404255
349.9746858
319.4019491
312.1597436
302.144592
267.1144767
301.2281549
296.1458631
304.0940388
327.2713524
311.1021152
303.7124365
325.8037747
308.0041277
265.1626143
281.4404856
290.4568486
294.6767433
266.20879
300.6617935
319.1887923
333.478025
318.5083001
297.408722
311.5563188
319.0117283
337.7362486
357.0265745
338.2688773
330.2920173
342.0997267
354.2779156
342.5824946
327.8447071
309.0031892
295.281795
281.9240714
296.9683577
305.2716132
314.6981503
296.4596769
304.9463057
306.6711525
292.0221557
277.8277663
278.9809789
281.8889185
277.7464689
289.8263088
319.6752385
331.2279805
314.7822608
296.553744
294.657065
294.6364566
310.3852796
297.8700761
261.2168338
281.6710764
281.6398134
256.5611785
288.6540609
316.8713961
322.6440499
317.5083329
313.4119883
295.5893017
302.3187828
291.0831295
315.378671
317.7520768
293.2359526
271.7608499
263.1351507
265.8665472
266.6602693
264.102027
279.145897
299.0022373
287.7181436
285.5778032
279.678987
283.9805033
285.8575613
297.4415112
291.2705967
301.2925271
295.7290418
308.4350455
322.7557186
284.5225855
270.9595079
277.5462028
285.1114922
292.0700056
284.0645959
261.7644224
241.4132411
257.4259141
263.6863103
349.9365079
323.0459548
319.3209626
300.1719654
310.8831511
318.2546585
309.811511
301.6662658
309.7355009
309.9731674
317.755802
303.2415191
283.8774022
275.3600109
296.2057194
282.7541977
280.6249532
274.1024336
307.3228901
327.6951001
288.5620255
288.8224769
277.200603
271.6702388
253.1464672
240.0551219
263.6400975
270.7362999
290.6078186
295.201288
302.0371989
300.0093181
289.7815899
279.4142992
271.0871283
276.2636803
266.2411718
268.0941426
261.1913921
283.6219197
279.9077058
270.8239831
260.6892422
249.2456147
248.819867
275.3293506
288.4088432
305.1709137
294.1646953
280.5639583
290.4826947
327.3211252
329.6658116
332.8903398
288.1018614
279.2443431
262.941645
306.2728348
312.1644954
294.1426889
273.6697024
290.0581651
276.1069803
287.9476289
307.8464921
284.0995566
289.6807068
269.7017912
267.2123177
337.7166385
337.8965892
325.2958741
314.355086
320.1659293
332.3401719
300.9437019
315.4505817
293.493548
258.6263807
270.503037
307.8865053
276.188397
272.5376883
270.9376666
290.1708466
299.2166079
314.7615547
318.2792813
302.0162497
309.1393362
297.9104661
278.8852257
288.2752509
287.5674017
274.6927894
309.0262643
310.8199306
289.7576274
291.5608595
287.0052547
269.6739625
265.6781299
275.7499514
276.5510208
293.6195429
313.7167978
321.9875157
337.8668206
344.6825133
338.4820164
320.3376821
313.3799994
297.991434
297.4094409
311.0169454
318.5445349
269.0887213
272.8472627
253.310018
243.4043483
277.0127212
263.2858746
285.0701252
321.2293942
316.4426444
321.4644574
315.5873093
315.8319011
301.6962453
302.0211818
305.2714961
281.9361312
266.0638874
286.3272038
277.3853845
302.981438
295.4502239
291.0204612
285.6038244
289.8342799
294.7603895
300.1494999
268.2236576
253.167477
244.5905329
272.2862381
272.2973562
290.831275
292.1438248
299.5760744
268.9047868
275.0499689
281.406784
259.3889643
279.2432424
267.9098939
260.0169449
236.8515838
263.3398892
291.3506331
271.3154638
276.8081541
261.0888539
267.1896224
265.2467789
285.8118226
303.2767522
314.5710521
315.6705702
327.67502
310.8910273
310.1301195
289.3625484
324.8056633
309.9669105
323.1849478
325.0988141
327.2749977
299.3179948
284.5618988
344.265684
316.6638704
323.2255241
316.3483191
317.9645147
302.8410264
321.0049617
318.5932023
305.9491665
339.3251267
346.5764717
344.7960754
356.5909875
339.6849516
335.6100289
305.9992518
314.6575798
313.0661666
300.0706671
316.409454
296.7069232
281.3363743
343.232408
345.5269048
389.0099417
357.2130192
343.0958234
320.6780702
321.2744904
333.562479
358.9289964
337.5452361
308.0103864
314.3644185
318.0753368
332.8062432
317.2826902
318.4436083
330.5138484
306.3523054
275.7606586
259.5663259
270.0237575
291.2050999
300.6147838
276.7235519
303.4750521
271.5946433
272.2998494
308.7610529
316.7084681
296.3592039
298.3471803
299.5260242
306.4878902
303.3241434
299.3601464
304.7972889
284.1086536
297.3666598
256.317064
249.3850056
265.8961501
292.076408
290.416577
255.7802669
279.9331467
311.9337079
344.011797
325.6051589
282.2315812
268.897805
304.6747837
307.359388
298.2504642
321.7840583
308.4640965
327.4761851
315.5669701
283.7473401
311.6142589
294.9907434
318.3676939
320.1678666
309.3203936
307.4132782
315.1914736
310.1662346
303.9026981
299.6204707
281.7245098
257.5906837
269.9663339
284.8503415
321.8535017
297.3587372
296.6938149
320.3803603
333.7342608
334.019465
301.600358
302.0108923
292.2997342
295.0267564
308.0270523
304.0566593
315.3475201
323.9905629
319.5198208
291.9827236
294.1681731
320.7929056
298.2974182
294.3215342
300.6342335
316.7328605
312.3652062
281.2876707
299.9411754
294.6758405
321.3246623
328.5694433
316.2853556
274.2626359
299.7349512
311.3970728
287.3115329
301.2624438
300.0108594
310.3834085
304.6011331
291.3655193
291.3741471
284.4967681
303.8656167
324.8010596
318.0445458
317.769246
318.0431085
298.9885038
317.1844563
292.7891709
307.3371167
327.1667634
330.7139058
301.6579071
318.8489585
319.6222103
313.8673245
330.7890779
335.6331199
339.7892896
348.6085681
336.7505577
331.6063418
287.9566839
319.4795195
324.6218469
310.7940788
314.9607954
283.585263
267.1762545
286.1602182
305.198356
324.4243678
299.1173329
268.8582737
263.7718066
285.4062367
314.2592332
299.0492192
322.7084634
313.7392759
313.4715347
315.0676692
297.6685435
274.4281366
285.9377189
286.7376545
289.6386987
310.3291348
311.5738418
318.949804
307.5513586
339.5638437
325.37442
322.9058564
300.1957054
303.3982705
292.6129113
317.8711368
294.5846161
326.5509845
308.1985077
348.0131298
313.0238159
306.0070669
272.2931454
292.6839848
309.8855251
301.5090968
272.8982285
289.0069424
296.6262298
295.8883704
296.2818334
282.5832867
279.0389511
268.4282528
268.9208809
288.0259432
316.4973317
353.1584768
331.042223
330.9625762
301.8759036
303.7979041
286.5006956
275.2378871
280.0633749
305.0119433
305.8536988
302.2641333
300.6690675
310.7013437
290.155265
305.1120599
308.0579552
315.6945383
288.193259
298.7587273
293.8094695
277.4792048
294.7945295
304.6318158
284.9132232
308.8087415
311.1205368
297.5658404
311.5550732
285.4576761
284.030164
306.9054687
299.2836711
309.8857618
319.4224193
319.9506907
322.5432437
316.252866
301.6045827
285.1722145
290.4599462
296.3165
274.423905
245.325378
258.5678171
269.4259647
268.2467993
286.8672464
264.7599205
300.9407307
310.1635028
312.1295021
295.6102808
292.9998261
274.8945324
290.6026824
288.4103637
297.6802633
275.4320991
248.7518484
256.3255367
282.9663092
299.2613601
279.2991564
288.4465831
321.6119378
322.6962895
310.257924
330.7097464
257.9648735
291.6500707
317.497139
304.3967467
301.4556105
297.9586761
297.0436325
287.5294874
290.6918749
305.2921036
309.5902371
286.2601557
287.9154727
309.9672794
334.9578263
323.4768787
323.1327533
331.4294405
308.6336219
263.8396032
297.3135235
297.5474631
278.9918923
284.0534971
284.5960395
301.9266263
310.9635287
327.5204766
344.6314428
290.2499575
323.05697
330.831579
342.7858324
332.2295966
307.8616782
308.1296291
279.940179
285.4830475
281.2732201
290.8195781
310.8116628
327.6025453
296.8715779
291.9170636
288.5969951
302.136767
295.019619
317.8759274
327.8620017
329.7987442
328.9861231
325.0475882
309.8417471
307.0234428
294.2337088
288.8024731
294.7431989
301.0177501
341.5741985
335.9913257
337.9395113
348.2280733
300.9665396
270.5722734
296.3556559
300.29471
296.3088128
308.6008183
324.137666
348.0703934
308.4193679
309.597156
296.6646906
285.1391037
295.6988186
301.1258426
299.2392597
304.4408246
292.0704098
310.49511
289.8690061
294.0817525
302.0232227
321.5179183
314.9236452
331.4843475
311.9024992
342.6614286
314.7506014
308.2034152
304.9174342
320.5241537
310.747576
282.7849725
294.2525682
271.7870777
283.0919205
283.0033063
285.4717143
283.7675011
277.2190328
302.5312258
294.1628191
290.7660839
298.6790835
287.5268335
267.0669209
281.5716935
275.4502003
300.0975816
321.8527405
298.1205021
305.3693377
270.225105
288.2559194
310.5591037
309.5663348
342.1724957
325.7173416
301.5732391
243.592446
255.8883412
261.880762
281.2794938
309.3201052
309.669565
316.6854292
319.0428511
294.2338584
275.8740839
292.5918964
317.6512963
325.1453535
320.3548683
290.3996904
292.4060469
267.8804473
254.8068597
259.078711
265.1190594
286.5563361
279.6472066
261.8786959
265.8745792
295.2742977
318.0002505
316.7384343
334.9312432
321.7380944
324.311922
343.373984
349.0770752
335.5012355
316.2554095
297.7118576
278.3589788
265.1837421
287.5655434
283.9256165
290.7846984
267.2813846
279.4993939
315.5013216
314.7522367
272.3345815
261.0864393
319.9174711
300.717949
305.0378423
291.9943693
279.645643
267.6268547
288.6968129
305.7214357
292.5683296
302.8742048
293.6714518
303.587649
284.7404438
304.376661
302.2709845
305.0530139
269.3003107
286.8805945
295.6309353
309.2627933
334.9650509
315.4766642
334.0239347
314.8234698
325.5111327
317.9954191
292.7560984
319.7075236
328.2184215
319.6673788
341.4706513
320.7446376
319.1084648
319.0948704
291.622443
295.914663
288.8312383
291.3712516
276.1423811
283.0562395
319.0891159
328.7930126
300.1867367
300.2629234
307.3987731
320.1405324
327.0047429
291.9620088
292.4145703
324.5733875
336.2365102
312.4251505
307.6599895
301.9914549
279.093327
298.3221372
306.8956118
327.6389612
331.2165153
291.891619
289.7987915
307.3921521
347.6920083
349.123706
339.3549946
352.1736864
305.2965308
332.7759034
311.807328
274.5206767
294.4497313
311.8403514
274.1508722
261.5679933
320.4764123
311.6567724
325.1069429
294.3493903
273.6241986
285.3193022
325.5402367
296.8794216
290.1256139
298.7192542
281.9073705
286.8296292
277.1841597
256.4586391
273.7270462
313.7111238
319.4942801
325.4335202
326.8240435
320.1986648
311.6954916
301.9138229
310.1365637
300.0770061
333.7331468
304.7793128
298.7359321
300.3370177
280.9262945
282.4963367
287.6462746
243.3894964
240.0969273
265.6171054
254.8733438
286.9269871
293.4720416
308.1340639
334.8162188
301.5521228
289.1964053
305.0984342
284.9533689
312.3711799
289.2333792
284.8878748
310.2200123
308.3877318
320.1489045
320.9969744
335.8580957
339.3776734
316.6810185
306.8879631
289.2012477
295.0112163
273.1387059
276.0877078
258.4737798
274.4403766
321.6337452
290.2270666
328.9458361
304.0614862
284.4036786
313.5230048
283.9555159
286.0545175
308.8838013
316.5288945
318.5992292
322.8519923
305.3572827
300.1941265
336.5208048
343.4867764
302.7574315
269.216184
294.5501899
293.7132279
357.9664906
322.9295029
323.8141697
339.6393899
314.3490595
281.693897
278.5261763
256.0654373
269.19734
282.341654
276.719707
282.3113574
320.2010933
343.7613746
346.4974112
303.6333284
293.1264782
305.0520841
353.3253187
373.013367
330.4380438
329.0772778
348.2022759
354.6797826
343.3783835
305.8600025
299.4454008
275.1389852
287.5085273
321.8645715
358.5588287
345.1937778
314.9511953
281.912501
299.5347819
313.0598035
297.7867412
296.2603681
302.6413496
318.639175
270.72093
260.788735
276.8186863
267.0576148
259.3919713
297.4911732
320.9035625
305.4227371
304.4390908
270.6163234
258.6176665
289.025551
302.1780527
314.6318316
291.521001
290.1670663
273.6166966
243.0335054
243.7961584
249.4453966
294.3452157
278.4601752
275.541986
260.1906032
255.4792842
260.9263276
276.1701002
276.7510497
273.1110012
256.4745376
277.5978799
303.8794043
319.6945469
323.449819
331.6530793
333.6773094
299.225085
293.146504
305.2812925
285.5683071
295.1745061
314.7836535
299.3401522
302.0118258
288.1779192
298.3633847
293.5207923
300.9423566
336.3538443
339.0834444
322.4678079
298.5300186
315.4998761
310.1604367
307.2816214
300.7722886
300.3774345
309.1545988
308.2907153
297.352904
301.8267934
279.5819348
317.0013118
313.4136013
280.6711404
289.9577436
303.5727985
284.8525807
272.4710241
301.7045423
301.7931053
319.2920466
299.5890249
301.7186243
264.6887866
243.150661
261.058243
254.2800919
257.7050705
312.0637082
297.7320875
275.5058801
269.5279514
315.6587144
360.6919641
383.2689831
368.3557337
343.4519172
318.4313235
310.458806
335.0935966
317.5719672
292.0563624
277.8233095
307.3395026
297.5251053
268.0848486
269.2552067
280.2234587
303.3701485
293.6300064
297.2336334
299.4200538
294.6015398
281.6788609
295.6671781
310.5278588
298.1198557
293.6871415
326.6819694
313.9152571
318.6054637
306.615774
296.7293831
280.5644745
283.3496433
292.5103363
265.120247
251.4161853
256.6490312
329.3762245
338.0646607
324.80331
313.3806103
312.8643421
308.9965347
284.444698
269.8019893
261.6847725
308.2723592
311.0025529
331.9195
317.8779779
280.79152
272.3642965
273.6442648
249.1152391
269.1017906
285.0380887
306.9950565
303.6883741
303.5015922
324.0639523
311.0542313
311.1047439
314.8304401
312.7706757
300.8555117
268.0743283
305.236129
274.9233567
287.3763697
312.4342477
304.2894934
320.9023233
299.3412788
314.6874333
322.3065994
328.6698515
320.7574164
320.2367605
284.143474
295.7190269
270.8045824
308.2030646
297.2262152
277.1143673
259.123629
263.1487591
256.0118101
276.5461347
282.0708694
265.4713312
287.0150918
294.1772134
308.0694298
297.8850669
300.3132114
298.6061597
326.3482968
300.6608881
292.531874
269.5620689
264.2776977
258.1831115
283.133634
286.8937053
274.7875716
240.6871955
279.0863011
282.389376
266.6347404
273.5176769
288.5268744
290.2938458
297.4379561
292.6217996
327.2977488
324.1496818
345.5186535
291.6445076
302.2846566
287.9472893
291.2362766
305.3040909
325.3310811
294.9988712
292.7460329
285.1655189
288.9681921
334.2794885
333.2535987
325.671387
301.9521638
272.7290926
281.9839095
264.4517493
292.8225889
287.5864676
298.9822965
296.136247
283.2704139
314.527886
306.5595606
316.5431559
280.3654575
300.7613363
293.9466019
319.1148262
331.1257875
282.4437278
277.0430636
283.3117465
286.474718
266.7966619
274.1720078
291.7011097
289.8969567
273.6815466
279.5537182
286.9079917
299.6781633
281.6600083
299.7573511
317.1012664
347.0915407
307.4707841
298.3373709
312.8411957
299.8566773
294.9725444
324.4900366
311.5470695
311.4524759
313.292196
276.5502808
259.8556447
293.378431
311.6626464
303.1639049
329.4281461
333.9319258
323.5072586
338.9924278
323.9943903
315.3168887
311.93861
303.3890269
272.3516676
258.4646985
276.1716628
286.4552713
308.9487903
334.7158662
326.3854101
323.766261
355.7769842
387.2659609
369.6375568
370.6946436
297.8380148
319.2990991
318.6493448
289.9991282
282.9628232
265.7515684
290.0751519
290.3831878
305.0121383
303.0212866
279.9394822
294.2576747
302.2993221
296.4558785
279.10443
302.9406605
296.9702856
308.4201505
313.539033
285.6094751
293.1768083
277.1254571
309.6462567
307.9749958
338.2034409
343.6702619
312.4604878
316.4590388
301.0148722
293.1788684
273.9914485
276.9019161
281.1424649
271.5486298
299.0216402
322.2702775
328.4519242
310.2180791
270.5933819
286.0337978
256.2246534
296.5026518
283.0929862
324.1410491
339.3493274
342.7450222
329.311773
312.2704592
299.2214202
298.0991089
298.6450858
279.9295169
281.9691628
290.1352231
328.0158734
307.2600387
319.1297204
315.5453779
310.3523946
277.3821178
256.2476178
258.1119745
280.5690981
287.6180839
273.0809811
291.8969387
280.0031901
278.3378778
256.8974571
282.4064822
302.7520986
286.3222756
292.238045
299.1481342
304.6165571
309.1430222
296.6334007
291.9833581
273.1930343
281.8468537
315.7092422
308.9968671
302.6614731
308.1003532
337.2305693
303.6823538
300.0586268
324.5430978
329.4033473
318.4626675
292.7839972
303.1668685
284.9947796
293.5298951
314.3364586
320.1474506
315.0154519
313.0130011
298.998279
315.8567399
293.6361602
318.2297221
314.8511945
282.4003755
292.0292967
298.1957126
291.46138
280.0174522
262.9355618
265.4716817
280.9032887
282.1811094
289.7067429
307.2022526
295.2429719
312.1773862
282.9298467
283.2709738
280.3044982
266.8927131
310.0899451
311.310998
312.8016488
331.2644671
305.521573
315.9620568
325.4518143
306.3794849
306.6801975
312.5490744
308.3858254
299.4338019
295.2516712
287.8561857
284.26165
269.9373016
291.252749
299.9545842
308.6083521
320.0860493
283.0539281
287.416898
283.8923973
285.6736746
295.7998963
295.6196127
296.1143919
292.6910464
290.2978574
300.5397863
291.6268618
293.4958168
313.7754398
308.754882
287.5980345
293.7995169
291.4078661
288.5951483
309.8386422
295.5432455
325.7372795
309.9148527
313.7086178
310.9213644
333.1138412
317.1956561
290.9460713
307.8978187
335.041348
324.6536206
312.1717832
294.4982721
275.8500215
259.5956191
281.0708205
291.3111281
304.0626967
297.2596914
288.4700975
299.4175068
354.7954625
354.25923
337.7723316
327.6366911
331.3283245
320.4735103
332.9918331
334.3776569
340.4140409
324.0461736
337.1605646
308.8000845
309.6232115
318.9095409
314.7327576
316.3498457
325.3573021
317.8992104
327.9718401
337.9174371
314.3407588
315.9498373
311.0683777
353.6167116
368.491823
374.3627999
350.0151796
331.8273575
339.8069098
296.9999203
271.6876758
297.544501
329.8599192
331.1809566
325.4837583
330.0059033
305.7255199
343.6511848
342.9577878
308.1532956
266.7682611
262.6524122
274.4523581
291.8039228
326.953628
264.048478
277.4876352
310.9301132
345.2621422
314.6204786
302.6202277
295.0978701
310.635868
296.072104
286.3771184
290.0710045
284.4987097
274.3451344
292.925068
270.8554723
256.4293381
286.6530512
272.6540004
267.2432559
247.8859957
258.2599403
281.9338733
264.2799713
281.8244723
288.0026146
275.2404476
290.8219736
305.0896226
329.5975714
335.305919
290.6853482
254.6429463
222.2144809
213.8194597
244.2165641
299.0804975
326.3369109
305.814774
293.7490012
279.3958563
272.6565894
272.90024
317.7483883
289.1706869
279.5124031
289.6454406
272.4528744
281.4061041
269.80133
271.1248706
275.8928583
249.8962087
245.0570777
289.6417273
290.9947171
287.2305526
269.8177772
309.0788635
325.8357086
311.4059917
317.769655
307.6624005
322.6996731
297.7834404
283.4326763
290.6549777
290.2326348
284.2424726
277.4955153
275.8238385
262.826943
271.5091003
263.5204476
256.0603435
261.1598919
281.7858414
303.0684835
298.9509959
301.2611555
317.2405728
321.2754499
290.3002513
301.2248061
282.0522022
264.885569
302.2206325
302.1402113
312.1158963
292.5857946
281.4403684
321.924391
327.1868953
311.3279273
292.8627447
287.0000584
309.443703
247.2607001
260.2629323
267.5862456
254.6356245
278.4874242
276.3414868
284.8315591
298.111294
318.7204478
329.0290173
307.4291289
280.9503113
271.5201364
287.501227
283.1493985
280.6246537
296.9644125
245.2576595
275.116114
286.4010761
285.5556385
261.0706207
290.691729
281.0927388
290.1812915
286.8510472
315.6216214
314.4650411
305.3386273
286.4525975
295.0773507
298.6877157
287.8205338
272.9119577
257.5892852
282.9752839
301.0966778
330.245438
307.9668875
299.0407095
287.6935749
315.9935022
298.0065602
280.4891241
247.0323397
241.2392073
254.6596867
285.8111111
287.2016102
287.9166202
288.994574
313.33943
332.0874542
297.299111
300.3318141
288.273537
276.467937
257.9282033
272.6586324
260.0494974
271.5723284
285.0006143
303.535186
306.7712025
288.2389209
293.2527419
307.2464093
268.1345531
299.7161753
326.2697459
309.8914651
307.9959512
295.9368929
293.4953673
292.2014555
283.1237946
311.7931628
298.612801
255.6801548
335.4879771
323.462517
310.701009
304.7918615
305.1856374
289.3944207
303.5378504
287.1006513
302.432045
304.3560569
287.8124845
312.8930356
318.0540476
330.1793974
306.6456462
291.7882698
323.3599942
341.0038321
316.4131306
341.1854979
307.8533277
313.466412
291.7873637
288.4070069
307.5124666
308.083152
295.2706603
304.5395017
304.3233758
277.2941477
273.0887191
288.4189402
297.5292662
278.0646668
306.1596067
333.3544277
348.238149
329.8575357
339.3834767
318.3060647
291.5127224
320.5910224
300.4584295
305.6728524
304.1355285
278.1168899
276.1122095
276.6925174
290.3831802
285.6456906
289.6024846
293.9958664
274.266932
256.7276716
267.4758058
270.6304166
288.5707696
286.9485998
267.3532817
276.6259679
295.1661549
330.9819456
351.9696338
334.3530512
344.2654085
332.1847324
326.4996177
294.1038536
272.1770112
261.8253295
296.8184449
316.3971096
311.6039566
290.6337897
272.8206005
277.6537721
281.6219227
273.7671441
297.6032642
277.1009663
298.2220568
284.7222004
290.4464693
285.2230413
275.9873705
300.3270181
308.4270192
294.3393312
279.6644598
280.9114526
264.4963313
266.6291344
295.2658298
315.2424318
302.1596126
281.6457243
291.0637326
278.1334313
300.484972
308.9980146
299.9329995
297.2933538
309.4011074
305.9143593
283.3132876
287.8366777
297.1586895
312.1599447
324.8281999
312.3853038
321.3548414
288.9000005
251.7256722
246.6511499
269.5946744
302.1457961
314.8922239
323.3513366
309.0687015
296.6479771
298.3258751
295.7352562
298.0843658
270.1761848
282.3801831
288.4303465
250.5572272
258.1481242
266.1438932
299.3949934
307.979141
325.8050814
322.7201313
295.6367936
297.6479336
299.8848375
311.8896443
321.2165985
321.2994075
320.0130211
292.8850924
305.2667053
308.1258322
299.8342087
293.5676504
285.6841911
284.8509936
294.1637506
275.2652895
297.2779365
301.7357162
299.4874408
282.98578
273.0075114
275.9196242
293.2898897
314.6198816
298.5539087
306.1897998
321.7382663
258.2885173
299.8113387
309.873854
292.6051823
286.9483511
280.5666468
279.9843365
254.1077013
288.6811042
295.5592017
295.5298966
300.7243591
299.8810164
297.9807348
296.0530527
303.7314839
286.4188342
290.4464571
275.7860788
257.5704082
279.120381
268.0733708
247.5239724
229.0518525
256.0198888
280.0948583
271.6939272
263.7313161
279.9667009
271.1038044
276.1237572
258.7035194
254.1820862
274.0412381
262.5551774
280.0052923
272.210508
274.5337571
264.9663258
259.9258941
284.5472857
298.3278875
284.2264984
301.2918883
292.7215304
284.0189464
301.7375811
281.657763
285.931212
276.3555425
250.5991572
276.1763898
277.6450283
264.426335
279.7255144
285.8598085
278.8475204
322.1118584
291.5626854
299.6653103
317.1349083
293.417099
288.9096827
302.4994704
275.7139106
269.9489455
246.7727024
260.3616723
270.9601288
306.799627
303.2787412
303.7384836
323.0804624
338.7925174
317.6566827
309.6904725
308.78962
316.3236608
331.5677493
347.4086051
266.556685
274.4223282
293.4089257
293.3058032
310.2010338
292.9368777
297.8695541
302.182368
303.2199956
303.1920496
309.4251722
305.54602
315.2045589
305.8726264
296.1418841
296.4135862
253.7806195
275.065406
280.8250784
263.5453407
281.8076013
276.0926345
283.1010133
287.953975
316.8080457
300.0922456
309.440441
305.2561792
289.6587917
337.0984618
347.356426
319.0400398
298.3306329
278.1297239
276.8462809
291.9420961
310.4075138
288.0766345
268.2714541
280.0332611
313.9401527
310.828879
302.5851244
259.8349086
263.0502555
264.1765766
267.5886519
323.9105849
326.1539527
313.9395523
321.5579235
304.2117362
304.5201372
286.158435
311.5834923
325.1836006
296.8219187
264.6728958
292.2600254
301.8966063
264.7597752
258.9234838
278.4628456
298.016514
308.9735092
314.5226881
304.4213454
315.9071962
299.2029469
294.8032106
284.1800773
286.0985096
282.4662258
301.3565242
315.779508
362.1207084
332.0541496
287.318467
277.9901613
280.6443776
238.4544485
245.9074196
252.967727
259.1552719
255.5731682
275.5801579
275.5576715
260.7449357
269.6192244
270.6049214
291.9976871
306.5356616
297.6035528
292.9703157
269.8364389
265.7933973
226.779725
269.5179343
287.0928755
280.8877383
323.4694048
285.2204398
286.2327695
283.8739708
295.7936347
271.1767961
283.3750685
289.3694137
302.4059574
301.0304324
312.4814971
331.3425526
308.1427993
309.7795463
293.8075045
310.1109039
328.8295996
345.5056541
358.7983241
338.2745789
321.8325305
314.7275748
299.1355323
319.6715548
325.9518974
313.5332703
323.3643279
348.5755567
314.1139188
314.9783822
299.4418562
257.8374814
260.1986484
284.297754
298.8320978
297.0055543
308.8993258
314.5240283
307.4971119
344.1286101
326.9957996
328.5610632
293.4371082
267.6717028
282.8673564
295.6921421
298.6886376
288.4149657
280.697275
291.546976
272.2323917
294.0307263
295.2913359
300.9993768
322.3787991
324.2016628
304.1446207
334.158156
314.2500762
298.1692875
292.410799
277.8003647
277.2517079
280.8333737
277.0293757
254.2276077
253.9062399
292.6919457
296.957313
311.3732164
325.6465334
333.8744061
335.9256867
300.5518355
291.7238092
285.6517538
286.5121305
289.5573654
294.238691
284.9898521
313.7517022
301.0046869
287.4451168
289.1385968
278.7524762
263.1679997
276.7434871
265.1399187
296.7460861
285.6862825
280.9782307
295.8548587
303.8733526
303.9203291
301.8831953
289.031851
284.7326749
294.5790431
316.6830494
332.0082038
301.7635095
300.6690732
291.2009634
299.9532084
299.7578639
288.0592141
296.7317743
298.868589
280.7645764
298.1381407
274.7868821
286.7078094
295.4425554
309.0562285
320.9175086
330.1576714
304.5824666
273.6359457
313.6935382
302.686504
300.1626996
308.0418153
326.8614365
297.7574684
286.6188485
306.0904102
293.9339831
300.5635072
330.3278135
304.648359
303.8037417
345.4872717
358.4901817
369.2092775
332.8135638
328.0452678
320.278568
333.2404023
298.6413181
293.103865
286.4281042
291.5782512
301.2365325
300.0188173
301.8345429
304.9894779
293.929472
304.170611
281.0387988
311.8300074
318.8426332
317.3267971
324.9694549
311.9854719
313.1049904
307.9097523
296.2829764
296.1254475
310.1422102
293.5368464
324.2343022
306.4571058
300.8510481
329.0808054
338.74238
291.3455083
301.5548791
307.5513584
294.5065096
290.2799704
325.2034497
345.7000671
326.634923
327.0422323
294.3616149
297.9727675
287.5404116
294.6857842
336.6284145
342.5293423
263.6618067
313.1474179
292.4756585
278.3728137
291.3691077
284.275899
285.1485575
291.928161
302.4977911
289.8263012
281.0657828
268.690353
285.9820665
285.6133102
274.366673
281.1927141
327.044978
312.8851185
307.1273505
314.7650218
308.6187642
297.530306
272.4747627
267.362477
264.301276
264.7394945
288.8398447
282.1713107
289.5884106
289.2626258
300.7927482
285.8647134
252.2830746
270.2452212
293.3787393
328.8118549
301.1262524
292.2398104
282.2222122
294.819753
304.0055831
307.9526109
306.5228573
304.9926069
296.9777214
320.4745325
295.5932541
285.6657431
292.0094043
275.7716491
261.4931868
262.9019988
269.1842006
294.5080247
293.0717716
270.4011212
279.7211782
308.9579497
325.3769613
312.5409948
293.8903077
278.2688584
290.3942659
283.7558383
285.592341
308.98563
307.7317789
303.7395178
293.8382596
293.5897854
311.9419054
326.2727048
297.4797449
303.0872624
307.5141642
303.1026926
309.9775947
339.4286775
321.9538721
307.6548028
316.1440242
290.0824073
262.2673889
275.1766384
294.9112516
281.0338233
260.2472097
253.0441674
295.4430833
311.6166858
288.1907286
285.3447559
313.2086864
290.3703219
264.6330953
255.3204102
278.799723
312.613425
298.3836046
303.2311733
)
;

boundaryField
{
    xPeriodic_half0
    {
        type            cyclic;
    }
    xPeriodic_half1
    {
        type            cyclic;
    }
    yPeriodic_half0
    {
        type            cyclic;
    }
    yPeriodic_half1
    {
        type            cyclic;
    }
    zPeriodic_half0
    {
        type            cyclic;
    }
    zPeriodic_half1
    {
        type            cyclic;
    }
}


// ************************************************************************* //
