/*--------------------------------*- C++ -*----------------------------------*\
| =========                 |                                                 |
| \\      /  F ield         | OpenFOAM: The Open Source CFD Toolbox           |
|  \\    /   O peration     | Version:  2.4.0-MNF                             |
|   \\  /    A nd           | Web:      www.OpenFOAM.org                      |
|    \\/     M anipulation  |                                                 |
\*---------------------------------------------------------------------------*/
FoamFile
{
    version     2.0;
    format      ascii;
    class       volScalarField;
    location    "0.001";
    object      dsmcRhoNMean_mixture;
}
// * * * * * * * * * * * * * * * * * * * * * * * * * * * * * * * * * * * * * //

dimensions      [0 -3 0 0 0 0 0];

internalField   nonuniform List<scalar> 
5120
(
11.97
11.87
12.32
12.64
12.19
12.46
11.86
12.1
12.55
12.32
11.93
12.33
12.53
12.92
12.71
12.75
13.17
12.57
12.06
11.96
12.46
12.23
12.5
12.39
12.29
12.25
12.14
12.44
11.92
12.35
12.7
12.8
12.46
12.4
11.97
13.27
12.99
13.11
13.02
12.65
11.53
11.41
11.67
12.02
12.42
12.11
11.95
11.92
11.68
12.11
12.57
12.89
13.22
13.86
13.38
13.16
12.99
12.95
12.54
11.88
12.57
13.01
13.25
13.5
13.01
12.99
12.87
12.96
13.05
12.83
13.12
12.37
11.87
11.27
12
12.28
12.57
12.26
12.14
12.32
12.17
12.03
11.72
11.88
12.18
12.55
12.62
12.94
12.81
12.11
12.19
11.27
11.82
11.92
12.82
12.59
12.75
12.46
12.38
12.37
12.21
12.38
12.95
12.76
12.68
12.68
12.47
12.27
12.53
12.7
12.6
12.91
12.12
12
11.74
12.35
12.12
12.37
12.59
12.33
12.44
12.01
12.14
12.52
12.7
12.86
12.26
12.66
13.28
13.43
13.44
13.11
12.72
13.6
13.47
13.17
13.22
13.23
12.83
12.45
13.28
12.67
13
12.54
13.04
12.8
12.99
12.48
12.17
12.61
13.06
12.6
13.59
13.18
13.52
14.1
14.07
13.53
12.9
13.14
11.91
11.72
11.88
12.06
12.12
12.66
13.04
12.64
12.62
12.62
12.78
13.02
12.83
12.55
12.25
12.2
12.43
12.39
12.62
12.47
12.47
12.45
12.56
12.15
12.13
11.82
11.95
12.22
12.45
12.33
12.87
12.79
12.63
12.81
12.7
12.89
12.23
11.95
12.01
12.41
11.69
11.94
11.99
12.59
12.76
12.31
12.26
11.87
11.74
12.2
12.33
12.15
11.98
12.52
12.7
11.98
12.19
12.08
12.47
11.78
12.61
12.21
12.21
12.27
11.84
12
11.8
12.25
12.61
12.8
12.89
13
13.02
12.43
12.27
12.54
12.78
12.34
12.46
13.1
11.82
12.31
11.95
11.26
11.65
11.92
11.75
12.01
12.44
12.27
12.6
12.58
12.02
12.18
12
12.17
12.84
12.49
12.49
11.96
11.79
11.87
12.48
12.91
12.64
12.59
12.49
13.21
13.2
12.74
12.53
12.31
12.29
12.31
12.66
11.93
12.14
11.91
11.5
11.99
12.52
12.05
11.73
11.52
11.97
12.4
13.13
12.85
12.69
12.9
12.43
12.15
12.03
12.06
12.06
12.36
12.24
12.27
12.58
12.62
13.4
13.24
12.92
12.47
12.73
12.28
12.14
12.57
12.7
12.68
12.95
12.33
12.23
12.83
12.78
12.74
12.96
13.06
13.37
13.76
12.39
12.84
12.5
12.4
12.69
13.35
12.35
12.61
11.59
12.04
12.2
11.95
11.93
12.34
12.96
12.94
12.67
12.32
11.79
12.16
13.07
12.78
13.16
13.4
13.23
13
12.78
12.5
12.69
12.63
12.36
12.02
11.53
11.54
12.01
12.67
12.25
12.62
12.91
13.02
12.26
12.22
12.22
11.33
11.47
12.38
12.43
12.13
12.7
12.15
12.67
13.02
13.28
13.2
13.32
12.51
12.17
12.3
11.85
12.32
12.17
12.33
12
11.96
12.63
12.76
12.63
12.45
12.28
12.16
12.16
12.29
12.76
13.07
12.46
12.28
11.95
11.72
11.56
11.5
12.67
12.8
13.22
13.45
12.78
12.91
12.29
11.93
11.57
11.84
12.06
11.53
11.88
12.37
12.18
12.16
12.72
13.14
12.73
12.78
12.72
12.4
12.02
11.64
10.83
11.21
11.3
11.01
11.88
11.87
11.82
11.78
12.1
12.3
12.13
12.56
12.41
11.69
12.08
12.42
12.61
12.28
12.55
12.49
12.3
12.4
12.59
12.74
12.61
12.48
12.22
12.6
12.52
12.28
12.16
11.99
12.75
12.87
12.61
12.89
12.22
12.54
12.13
12.89
12.76
12.22
12.35
12.53
12.24
12.13
12.61
12.81
12.6
12.58
13.19
13.08
12.87
12.25
12.31
12.31
12.23
12.37
12.34
11.92
12.06
11.82
11.37
11.72
11.39
11.45
11.33
11.31
12
12.03
12.61
12.04
11.57
12.05
12.38
11.9
12.73
12.75
12.75
13.22
12.9
13.42
12.8
12.61
13.2
12.43
12.24
12.13
11.78
12.22
12.4
12.35
13.11
12.81
12.58
12.92
13.13
12.69
12.07
12.47
12.11
11.96
11.75
12.29
12.85
13.37
12.96
13.02
13.15
12.74
13
12.99
12.41
12.17
12.75
13.28
12.41
12.47
12.32
11.73
11.98
11.86
12.61
13.1
13.03
12.91
12.36
12.73
12.28
12.63
12.58
12.88
12.92
13.34
13.11
12.75
12.77
12.91
13.24
12.84
12.89
12.58
12.39
12.1
12.53
12.52
12.4
12.02
12.45
12.47
12.12
12.13
12.28
12.62
12.63
12.24
12.13
12.09
11.7
11.98
11.78
12.26
12.39
12.28
12.01
11.78
12.27
12.06
11.53
11.85
12.13
11.97
11.68
11.66
11.67
11.98
11.33
11.72
12.04
11.99
11.97
11.51
11.73
12.24
12.92
13.02
12.77
12.44
12.75
12.69
12.07
12.01
11.82
12.35
11.61
10.83
12.09
12.03
12.27
11.85
12.18
12.08
11.86
12.14
12.54
12.63
12.97
13.16
12.71
12.26
12.1
12.16
11.91
12.08
12.13
12.26
12.85
12.27
12.16
12.14
11.72
12.04
12.21
11.52
11.49
11.6
11.94
11.97
12.44
12.4
12.84
13.3
13.17
13.47
13.28
12.91
12.56
11.91
12.32
11.71
11.84
11.66
11.93
12.36
12.77
12.7
12.79
12.86
12.91
12.71
12.5
11.93
12.25
12.68
12.93
12.56
11.85
12.11
12.08
12.37
12.65
12.24
12.13
12.23
12.26
12.33
12.26
12.48
12.2
12.38
12.57
12.92
12.98
12.6
12.82
11.86
12.54
12.8
12.82
12.14
12.17
12.26
12.04
12.12
12
12.44
12.19
11.94
11.71
11.46
11.43
11.72
12.36
12.52
12.29
12.8
12.93
12.32
12.59
12.79
12.29
12.5
11.99
12.53
12.54
12.43
12.31
12.86
12.75
12.62
12.66
12.18
12.12
12.14
12.04
12.54
11.97
11.56
11.72
12
12.39
12.29
12.67
12.35
12.59
12.54
12.64
13.07
13.29
13.47
13.07
12.98
12.41
12.04
11.88
12.17
11.78
11.63
11.5
11.63
12.43
12.26
12.2
12.47
12.16
12.39
12.71
13.22
14.09
13.47
12.96
12.55
12.64
12.13
11.49
11.45
12.42
12.92
13.43
13.76
13.42
13.56
13.75
13.65
13.46
12.58
12.4
12.55
11.88
11.89
12.41
12.46
12.16
12.53
12.32
12.62
12.48
12.07
12.09
11.86
12.11
12.86
12.3
12.53
12.35
12.79
12.22
12.58
13.24
12.73
12.24
11.92
12.14
11.72
11.88
12.12
12.77
13.01
12.93
12.7
12.37
12.72
12.76
12.81
12.56
12.42
12.36
12.24
12.08
11.76
12.16
11.96
11.55
12.04
12.08
12.67
12.65
12.7
12.78
13.33
13.68
13.52
13.06
12.4
12.33
12.97
13.05
13.45
13.39
13.02
12.78
12.92
13.41
13.71
12.95
12.75
11.78
12.08
12.63
12.91
12.09
12.11
12.04
12.09
12.23
12.51
12.54
12.39
12.16
12.19
12.36
12.46
12.09
12.23
12.33
11.73
12.56
13.26
13.38
13.22
13.62
13.26
13.32
13.19
12.12
11.9
11.99
12.09
12.51
12.33
12.06
12.1
11.73
12.09
12.06
12.61
13.31
13.12
13.08
13.04
13.1
12.84
13.53
13.43
13.58
13
12.76
12.59
12.23
12.18
12.65
12.76
12.57
12.46
12.73
13.18
13.02
12.75
13.24
13.31
13.37
14.2
13.31
12.46
12.22
12.35
12.12
12.98
13.2
12.9
12.87
12.79
13.05
12.36
12.51
12.84
12.15
12.19
11.88
12.21
12.27
12.08
12.57
13.25
12.81
12.87
12.35
12.45
12.34
12.68
13.18
12.78
12.6
12.52
12.95
12.35
12.6
12.76
12.37
12.36
12.45
12.56
12.5
13.05
12.34
12.12
12.65
12.73
12.98
13.19
13.21
12.88
12.71
12.88
12.82
12.52
12.52
12.73
12.66
12.34
12.59
12.88
13.03
12.9
12.75
13.1
13.32
13.35
13.18
12.64
12.3
12.21
11.67
11.84
11.76
12.36
12.22
12.88
12.71
12.82
12.77
13.05
12.58
12.49
12.83
12.74
12.7
12.25
12.13
11.84
12.07
11.86
12.01
12
12.52
12.7
12.58
12.88
13.47
13.78
13.81
14.42
14.2
14.24
14.16
13.02
13.14
13.09
12.63
12.87
12.53
12.45
12.6
12.53
12.41
12.07
12.39
12.84
12.49
12.23
12.97
13.04
13.29
13.02
12.63
12.7
12.41
11.74
12.42
11.79
12.15
12.57
12.68
12.17
12.24
12.13
11.99
11.96
12.52
12.39
12.34
12.29
12.17
12.32
12.28
12.29
12.7
12.48
12.23
11.87
11.19
11.36
10.73
11.45
11.74
11.67
12.63
13.02
12.29
12.4
11.8
12.48
12.28
11.92
11.8
12.26
12.92
12.36
12.19
11.88
11.5
10.88
11.28
12.06
12.06
12.6
12.85
12.51
12.69
13.03
12.9
12.65
12.64
12.6
12.87
13.22
13.55
13.05
13.14
12.94
13.14
13.39
13.03
12.7
13.16
12.83
12.15
12.46
12.81
12.99
12.62
12.42
12.29
12.21
12.3
12.19
12.4
12.21
12.47
12.88
12.56
12.49
12.15
12.52
12.5
12.26
12.77
11.94
11.45
11.62
11.47
11.93
11.99
12.59
12.34
12.53
12.44
13.17
13.11
13.12
13.24
13.34
12.89
12.91
12.82
12.52
13.02
12.68
12.48
12.71
12.48
12.38
12.27
12.78
12.65
12.65
12.97
12.12
12.07
12.69
12
11.64
11.84
11.37
12.23
12.88
13.25
13.15
12.51
11.91
11.76
12.04
12.48
12.85
12.74
12.52
12.53
12.11
12.3
12.21
12.59
12.73
12.44
12.4
12.54
12.6
12.65
12.39
12.04
12.64
12.82
12.5
12.68
12.82
12.73
12.48
12.65
12.26
11.97
12.01
12.49
12.79
12.86
12.78
12.52
12.63
13.11
12.36
12.66
12.35
12.46
13.54
13.37
13.44
12.99
13.73
13.34
13.35
13.22
13.12
12.85
13.04
12.86
13.66
14.13
13.8
12.68
13.09
12.92
12.71
12.32
11.8
12.23
12.78
13.14
13.5
13.81
13.9
13.35
13.79
13.9
13.44
13.18
12.48
12.63
12.14
12.03
12.29
12.07
12.65
12.56
12.5
12.79
12.99
13.68
13.16
13.05
12.96
13.14
12.39
12.23
11.94
11.9
12.14
12.31
11.95
12.58
12.52
12.65
12.87
12.83
12.92
13.22
13.32
13.44
13.61
13.64
13.11
12.73
12.65
12.76
12.63
12.52
12.72
12.96
13.2
12.52
12.35
13.04
12.63
13.07
13.1
13.36
13.66
13.71
13.28
12.87
13.04
12.86
12.86
12.57
12.42
12.09
12.11
11.88
12.14
12.92
13.32
13.08
13.49
13.62
13.34
13.11
12.62
12.49
12.81
13.02
12.65
12.57
12.85
13.04
12.36
12.3
12.03
12.16
12.28
13.12
12.67
12.16
11.7
12.29
12.43
12.63
12.81
12.94
13.51
13.33
13.61
14.05
13.85
13.38
13.08
13.05
13.63
13.71
13.65
13.13
13.16
13.44
12.81
12.15
12.39
12.44
12.08
12.38
12.88
12.89
13.29
12.9
12.82
12.95
13.17
13.47
13.3
13.8
13.43
11.75
11.91
12.07
12.19
12.26
12.19
12.42
12.65
12.36
12.35
12.13
12.04
12.36
12.71
12.41
11.99
11.87
11.8
11.86
11.84
11.95
11.96
11.95
11.87
11.98
12.66
12.75
13.26
13.16
13.66
12.2
11.91
11.6
11.38
11.99
12.24
13
12.79
13.01
12.67
12.77
12.77
12.72
12.87
13
12.8
12.89
12.18
11.93
11.85
12.14
12.67
12.28
12.91
12.73
12.36
12.43
12.33
12.63
12.52
12.56
11.99
12.45
12.55
12.94
12.95
13.09
12.91
12.68
12.11
11.55
11.4
11.52
11.9
12.63
13.63
13.38
13.58
13.14
12.36
12.93
12.9
12.76
13.03
13.06
12.83
12.96
12.82
12.76
12.08
12.02
12.44
12.93
13.49
14.04
14.53
14.43
13.82
13.8
13.44
13.13
13.1
13.07
12.38
12.57
12.74
12.34
12.02
11.89
11.63
11.38
11.48
12.13
12.46
13.07
13.18
13.48
13.43
13.21
12.98
12.44
12.08
12.58
13.22
13.86
13.89
13.71
13.87
13.26
12.92
12.48
12.73
13.08
12.64
12.72
12.54
12.23
12.91
12.67
12.59
12.76
13.44
13.43
12.92
13.09
12.56
12.37
12.36
12.22
12.43
12.78
13.23
13.49
13.35
13.31
13.46
13.63
13.71
13.01
12.68
13.46
13.43
13.2
12.87
13.47
13.44
13.71
13.56
13.44
12.69
11.98
11.47
11.79
12.2
12.94
12.86
12.52
12.97
13.18
13.54
13.31
13.16
13.5
13.57
13.4
13.26
13.15
12.41
12.18
11.81
11.72
11.53
12.09
11.81
11.87
12.07
12.65
13.27
13.43
13.26
13.69
13.61
13.32
12.99
13.19
13.03
12.89
11.92
11.82
11.96
12.14
12
11.66
12.16
12.41
12.86
13.22
12.47
12.69
12.83
13.1
13.65
13.71
13.49
12.68
12.8
12.82
12.54
12.4
12.82
12.32
12.43
12.34
12.13
12.06
12.47
12.79
13.06
12.67
12.89
12.53
12.6
12.51
12.68
12.85
12.92
12.18
12.17
11.94
12.76
13.09
12.31
12.32
12.34
12.58
12.73
12.44
12.36
12.37
12.42
13.14
12.46
12.36
12.35
12.31
12.59
12.85
13.13
13.44
12.61
12.48
13.21
13.26
13.34
12.93
13.08
13.24
13.37
13.24
12.75
12.43
13.02
13.45
12.77
12.64
11.67
11.72
11.01
11
10.75
11.3
11.25
11.82
12.24
12.52
12.39
12.86
12.08
12.3
12.34
11.37
11.01
11.31
11.82
12.35
12.57
11.92
11.88
12
12.38
12.45
12.6
12.72
12.66
12.35
12.56
12.23
12.05
11.52
11.78
11.5
11.44
11.6
11.65
11.62
11.09
11.49
11.63
11.81
12.03
11.91
11.72
11.36
11.8
12.06
12.46
12.25
11.83
11.56
11.82
12.27
12.48
12.3
12.86
12.27
11.7
11.64
12.35
12.1
11.74
11.8
12.66
13.46
12.97
12.13
12.26
12.33
12.55
12.41
12.05
13.2
13.21
13.04
12.46
12.23
12.4
12.49
12.87
13.49
13.26
13.41
12.8
12.43
11.71
11.97
11.66
11.94
11.65
11.76
12.58
12.03
12.39
12.86
12.75
12.46
12.56
12.69
12.14
12.69
12.99
12.46
12.4
12.21
12.17
12.05
12.53
12.41
12.72
12.79
12.44
13.63
13.42
13.05
13.14
12.93
13.11
12.68
12.91
13.34
14.11
14.41
14.37
13.69
13.59
12.64
12.67
12.74
12.97
13.23
13.52
12.44
13.07
12.64
12.28
12.62
12.59
12.46
12.7
13.31
13.99
13.59
13.21
12.89
13.07
12.51
12.3
12.66
12.79
13.29
13.11
13.09
12.94
13.34
12.79
12.58
12.24
12.37
12.46
12.92
13.36
13.09
13.17
12.8
13.07
12.79
12.21
11.96
12.2
12.45
12.73
12.62
12.5
12.37
12.85
13.04
13.2
13.2
12.64
13.04
13.36
13.53
13.63
13.16
13.32
12.85
12.56
12.73
12.43
12.51
12.3
13.02
12.82
13.46
13.77
13.12
12.73
12.82
12.44
12.32
12.66
13.49
12.97
12.44
12.38
12.37
12.53
12.69
13.32
13.22
13.64
13.1
13.48
12.77
12.7
12.55
13.54
12.7
12.54
12.71
12.67
12.73
13.19
13.4
13.83
13.49
13.65
13.16
12.59
12.78
12.58
13.5
12.91
12.98
13.03
13.41
12.82
12.55
12.45
12.59
12.3
12.54
12.43
12.69
13
12.84
13.05
12.92
13.41
13.72
13.61
13.35
13.46
13.69
13.89
13.58
13.8
13.78
13.52
13.42
12.94
12.61
13
12.78
13.03
13.24
12.97
12.27
12.07
12.61
13.08
12.37
12.27
12.31
12.31
12.59
12.21
12.44
13.01
12.31
12.4
12.66
13.31
13.62
12.83
13.28
13.04
12.99
12.6
12.06
12.12
13.02
12.59
12.35
11.8
11.92
12.43
12.61
12.27
12.21
12.02
11.83
11.58
11.01
10.86
11.44
11.73
12.12
12.47
13.06
12.97
12.22
11.97
12.28
12.2
12.68
11.55
11.18
11.48
12.1
11.86
12
11.85
12.38
11.65
11.68
11.86
12.26
12.03
11.72
11.98
12.9
12.98
12.66
12.9
12.17
11.94
12.75
12.44
11.94
11.73
11.98
12.4
12.49
12.66
13.02
12.76
12.76
12.54
12.5
13.14
12.48
12.04
12.12
12.24
12.37
12.63
11.93
12.09
12.77
12.7
12.17
11.8
11.74
11.59
12.22
12.7
12.64
12.66
12.96
12.88
13.06
13.13
12.26
12.01
12.39
13.05
13.49
12.96
12.49
11.89
11.78
12.15
12.05
12.12
12.13
12.28
11.71
12.41
12.53
13.23
12.81
12.93
12.78
13.2
12.65
12.7
12.94
12.89
13.08
12.98
13.49
13.21
13.06
13.08
13.1
13.4
13.58
12.91
12.67
12.57
13.64
12.88
12.82
13.44
13.57
13.73
13.62
13.66
13.27
13.5
13.08
13.22
13.16
13.39
12.91
12.35
12.78
12.87
13.55
13.52
12.02
13.15
13.86
14.54
14.26
14.21
13.76
14.53
13.76
12.93
12.87
12.56
13.16
12.63
12.2
11.92
11.69
11.82
11.69
11.77
12.31
12.27
12.3
11.72
12.18
12.27
12.98
12.95
12.45
12.21
12.1
12.4
12.48
12.84
13
12.96
12.94
12.63
11.94
12.44
12.86
13.18
12.73
12.26
12.57
12.46
12.5
13.01
13.12
12.52
12.45
12.43
12.39
12.19
12.31
12.93
12.87
13.18
13.32
13.11
13.13
13.22
12.56
13.08
13.08
13.21
13.33
13.74
13.18
13.49
12.69
12.24
12.51
12.63
12.75
13.17
13.57
13.95
13.81
13.31
13.24
12.88
12.22
12.02
11.78
12.13
12.13
12.82
13
12.99
13.23
13.58
13.56
13.26
13
12.93
12.67
12.66
12.58
12.85
12.54
12.78
13.14
13.54
13.27
12.81
12.82
12.15
11.71
11.3
11.82
12
12.27
12.17
12.22
11.68
12.06
11.95
12.4
12.32
12.65
12.61
12.72
12.11
12.55
12.3
12.16
13.02
13.3
12.88
12.57
12.89
12.07
12.2
11.96
12.3
12.88
13.56
13
12.6
12.84
12.63
13.18
13.22
12.96
13.34
12.81
12.64
12.48
12.81
12.87
12.73
13.72
13.28
13.18
12.35
12.98
12.49
12.39
12.63
12.5
12.15
12.46
12.19
12.38
11.97
11.89
12.09
12.53
12.25
12.18
11.9
11.87
12.65
12.44
12.41
12.33
12.01
11.56
12.21
11.41
11.68
11.81
11.5
11.95
11.94
12.42
11.59
11.71
11.77
11.49
12.02
12.11
11.96
11.99
11.67
11.92
11.74
11.69
11.73
12.97
13.03
12.99
12.81
12.54
12.53
12.46
12.37
11.93
12.02
11.76
11.46
11.64
12.21
12.01
11.94
11.95
12.2
12.49
12.62
12.43
12.24
12.81
12.35
12.13
12.31
12.04
12.53
13.08
13.44
13.1
13.33
12.57
12.42
12.38
12.49
12.26
12.8
13.23
12.76
12.86
12.72
12.75
12.6
13.03
12.7
12.62
12.58
12.23
11.76
12.13
12.21
12.33
12.08
12.4
12.44
13
12.86
12.35
12.7
11.94
11.81
12.7
12.82
12.75
12.3
11.84
12.39
12.19
11.76
12.22
11.83
12.67
13.05
12.89
13.15
13
12.17
12.25
11.83
12.1
12.5
12.6
12.41
12.32
12.09
12.53
12.37
12.35
13.24
12.77
12.31
12.3
12.66
12.61
12.55
12.19
11.86
11.77
11.51
12.84
13.04
12.71
12.52
12.43
12.1
12.38
12.14
12.95
13.3
12.7
13.21
12.98
12.27
11.94
12.12
12.16
13.09
13.19
12.44
12.28
12.02
12.34
12.25
12.77
12.81
12.64
12.64
12.76
12.87
12.7
12.35
11.99
12.39
12.43
12.42
12.81
12.05
12.1
12.48
12.09
12.37
12.13
12.01
12.19
12.17
11.99
11.83
12.01
12.54
12.25
12.31
12.69
12.7
12.32
12.6
12.59
12.67
12.37
12.12
12.99
12.9
12.28
12.88
12.58
12.98
13.23
13.18
13.46
13.34
13.44
13.04
12.78
12.42
12.41
12.48
12.63
12.11
12.59
12.63
12.41
12.38
12.45
12.63
12.15
11.99
12.11
11.93
12.31
12.29
12.65
12.66
12.45
13.69
14.01
14.19
13.88
13.66
12.8
12.08
12.86
12.98
13.13
12.92
13.49
13.46
13.34
13.66
13.39
12.93
12.26
13.03
13.39
12.9
12.53
12.56
12.87
12.79
13.02
13.28
12.77
12.3
12.4
12.82
12.67
12.63
12.89
12.34
13.28
13.78
13.47
12.95
13.1
12.77
12.71
13.6
13.25
12.95
12.79
13.1
13.03
13.02
12.19
12.18
11.97
11.76
11.77
12.77
12.19
12.34
12.22
12.37
12.04
11.76
11.99
12.29
12.3
12.4
12.15
12.77
12.61
12.57
12.61
12.21
12.68
12.98
13.31
13.14
13.99
14.15
13.73
13.1
12.6
12.36
12.32
12.4
12.31
12.55
12.4
12.8
12.5
12.04
11.86
11.88
12.2
12.25
12.55
12.82
12.9
13.07
13.6
14.24
13.72
13.75
12.91
12.79
12.34
13.38
12.93
12.46
11.8
12.14
12.86
13.38
12.98
12.73
13.11
13.07
12.62
12.71
12.88
12.93
13.27
13.27
13.21
12.86
13.04
12.09
11.9
11.82
13.6
13.18
12.88
12.1
11.92
11.79
11.75
11.78
11.71
12.34
12.26
12.27
12.5
12.38
12.64
12.5
12.74
13.35
13.8
13.92
12.93
12.75
12.52
12.77
12.36
12.84
12.31
12.12
12
11.63
12.05
12.4
12.42
13.03
12.85
12.52
12.54
12.72
12.61
12.37
12.71
12.17
11.89
11.99
12.3
12.33
11.99
12.81
12.91
13.25
12.58
12.02
11.92
12.06
12.36
12.1
13
12.72
12.82
12.96
13.03
13.23
12.97
12.77
12.74
12.57
12.6
11.89
12.1
12.15
11.94
12.5
12.51
11.91
12.36
12.28
12.2
12.62
12.3
12.72
11.67
11.59
11.58
11.65
12.05
11.68
12.16
12.17
11.43
11.65
12.17
12.21
12.8
12.6
12.53
12.84
12.56
12.2
11.85
12.2
12.53
12.21
11.86
12.08
12.3
13.09
12.84
12.88
12.93
13.29
12.71
12.92
12.77
12.74
13.06
13.12
12.76
13.37
13.23
12.94
12.56
12.85
12.5
12.38
12.26
12.29
11.98
12.09
12.13
12.38
12.18
12.04
12.66
12.8
12.38
12.25
11.66
11.84
12.08
12.08
12.36
12.38
11.91
11.5
10.94
11.7
11.56
12.13
12.22
12.19
12.55
12.41
12.06
11.71
11.37
11.66
12.96
12.77
12.97
12.7
12.08
12.57
12.53
12.75
12.92
13.05
13.13
12.66
12.73
12.9
12.78
12.27
12.99
12.74
13
12.75
12.76
12.7
12.34
12.02
12.79
12.55
12.54
12.46
12.5
12.81
13.03
13.02
13.28
12.82
13.2
13.57
13.91
13.91
12.89
13.35
12.96
12.84
12.71
12.92
12.51
12.56
12.42
12.01
12.31
12.45
12.54
12.3
12.31
12.89
12.95
12.68
12.57
12.8
13.22
12.88
12.6
12.56
13.03
13.02
11.85
12.89
12.67
12.75
12.98
12.76
12.27
12.22
12.46
12.16
12.13
12.34
12.79
13.03
12.89
12.93
12.55
12.54
12.21
11.56
12.58
12.51
12.41
12.53
12.93
13.19
13.25
13.59
13.34
13.16
13.26
13.49
13.37
13.31
13.39
12.7
13.01
12.72
13.13
13.22
12.79
13.64
13.48
13.15
13.43
13.52
13.07
12.53
12.05
11.99
12.05
11.5
11.51
11.64
11.83
11.55
11.94
12.27
12.27
12.49
12.54
12.34
12.91
12.6
12.66
12.26
11.82
12.06
12.73
13.1
13.39
12.77
12.38
12.15
12.39
12.44
12.69
12.32
12.12
12.42
12.55
12.36
12.85
13.09
13.04
13.48
12.99
12.92
12.71
11.94
11.79
12.22
12.52
12.76
12.62
13.39
12.85
12.86
12.42
12.68
13.2
12.49
12.45
12.66
13.03
13.19
12.87
12.99
13.07
12.79
12.23
12.27
12.03
12.24
13.03
12.69
12.78
12.77
13.18
13.01
12.53
12.74
12.93
12.8
13.27
13.51
13.43
13.43
13.89
13.91
13.77
13.08
12.95
12.87
12.6
12.9
12.35
12.49
12.42
12.53
12.07
12
12.39
12.35
12.25
13.14
13.36
13.26
13.17
12.68
12.42
12.8
12.32
12.11
11.35
11.61
11.84
12.02
12.4
11.8
13.12
13.04
12.69
12.88
12.59
11.67
11.45
11.76
11.86
11.57
11.82
11.45
11.65
11.63
12.19
12.04
12.13
12.39
12.72
12.86
11.93
11.94
12.6
12.65
12.46
12.02
12.25
12.45
12.5
12.35
12.52
12.15
11.9
12.21
12.12
12.35
12.45
12.14
11.97
11.82
12.62
12.95
12.5
12.65
12.42
12.16
11.99
11.71
11.66
12.17
12.34
13.18
13.25
13.39
13.19
12.95
13.04
12.3
12.39
12.76
13.25
12.92
13.03
13.08
12.67
12.35
11.65
12.04
12.03
11.92
11.75
11.76
12.16
12.36
12.88
12.58
12.41
12.46
13.04
13.11
12.49
12.39
12.12
12.2
12.5
13.25
13.33
12.72
11.88
11.62
12.1
12.16
12.18
11.92
12.32
12.61
12.62
12.52
11.78
12.04
12.49
12.67
12.51
12.67
12.56
12.64
11.96
12.83
12.85
13
12.99
12.67
12.15
11.73
11.41
11.88
12
12.47
12.77
12.34
12.61
12.02
12.42
11.91
12.12
11.88
11.83
12.51
12.63
12.66
12.81
13.02
12.36
12.4
12.6
12.36
12.04
11.82
11.88
12.23
12.41
12.6
12.04
12.45
12.39
13.24
13.74
14.03
13.88
13.04
12.65
12.71
12.51
12.44
11.97
11.78
11.87
12.58
12.55
12.53
12.48
12.49
12.58
12.66
12.92
12.59
13.49
13.35
13.1
12.3
12.29
12.5
12.38
12.45
12.96
12.6
12.72
13.08
13.16
12.72
13.04
13.13
13.39
13.51
13.3
13.2
12.6
12.63
12.46
12.14
12.26
12.49
12.7
12.24
12.49
12.82
12.76
12.92
12.18
12.47
12.9
12.12
11.95
12.14
11.72
12.51
12.25
12.21
12.29
12.1
12.46
12.68
12.99
12.83
12.93
12.89
13.18
12.77
12.84
12.73
11.87
12.16
12.57
12.57
13.3
12.99
12.96
13.1
13.11
12.19
12.1
12.38
13.1
12.95
12.43
12.42
11.86
12.05
11.29
11.77
12.46
12.16
11.72
11.4
11.79
12.24
12.26
12.51
12.62
13.08
13.21
12.99
12.37
12.41
11.99
11.64
11.78
12.19
12.47
12.83
12.14
12.04
12.09
12.79
12.53
11.87
12.09
11.75
11.56
12.05
12.25
12.92
12.83
13.09
13.55
13.44
13.12
13.06
12.67
12.37
12.48
12.73
12.7
12.86
12.56
12.61
13.03
12.28
12.55
12.86
12.8
12.95
12.99
12.67
12.66
13.05
13.63
13.26
12.8
13.01
11.83
12.09
12.41
11.92
11.89
11.63
11.76
12.68
12.64
12.76
13.08
12.59
12.76
12.72
12.7
12.53
12.1
12.19
11.54
11.65
12.46
12.13
11.89
11.37
11.67
12.1
11.74
12.05
12.33
12.73
12.63
12.78
12.95
12.9
12.48
12.37
12
12.23
12.41
12.31
13.22
13.17
12.45
11.79
12.34
12.23
12.92
12.85
12.59
12.75
12.35
11.49
12
12.27
12.61
12.56
12.54
12.62
13.01
12.39
12.81
12.17
13.04
13.13
12.58
12.65
13.15
12.81
12.52
11.81
11.62
11.82
11.03
10.58
10.85
11.62
11.98
12.46
12.7
12.59
12.3
12.22
12.61
12.16
12.26
12.19
12.18
12.12
12.41
11.77
12.04
11.87
12.05
11.88
12.48
13.07
13.95
13.44
13.18
12.51
13
12.16
12.23
12.7
12.61
12.05
12.74
12.49
13.12
13.48
13.68
13.35
13.14
12.82
12.43
12.11
11.91
12.71
12.77
12.9
11.97
12.22
12.67
12.86
12.87
13.62
13.14
13.35
12.32
12.46
11.84
12.22
12.16
12.89
13.59
13.46
13.51
12.67
12.68
12.05
11.76
11.73
11.84
12.06
11.5
11.94
11.68
11.74
12.16
12.42
12.47
12.17
12.39
12.47
12.7
12.65
12.53
11.61
11.69
11.47
11.99
12.64
13.21
13.18
13.03
12.45
12.32
12.42
11.96
12.44
12.78
12.39
12.84
13.1
13.19
12.61
12.37
12.22
11.84
11.82
12.24
11.96
13.06
13.01
12.4
12.05
11.62
11.67
11.88
12.04
12.25
12.07
12.47
12.38
12.89
12.95
12.76
12.55
12.88
12.69
12.86
13.24
12.76
12.41
12.14
12.38
13
13.27
13.94
13.71
13.37
12.96
12.51
12.82
11.86
12.18
12.21
12.24
12.73
13.12
11.99
11.78
11.51
11.31
12.14
12.3
12.21
12.74
12.46
12.68
12.6
12.98
12.98
13.21
13.92
13.95
12.79
12.93
12.87
12.31
11.65
11.83
12.38
12.46
12.1
12.67
12.6
12.43
12.61
13.16
12.81
12.12
12.18
11.9
12.26
11.97
12.57
12.57
12.51
12.09
12.12
12.16
12.16
12.12
11.97
11.72
12.07
12.24
12.01
11.3
11.64
11.98
12.39
12.33
12.33
11.98
11.93
11.77
12.16
11.95
13.3
12.92
12.36
12.21
12.1
12.55
12.18
12.34
12.89
13.05
12.17
12.49
12.21
12.76
12.2
12.16
12.63
12.46
12.72
12.91
13.11
13
12.78
12.35
11.96
12.4
13.13
13.02
13.21
13.4
13.21
12.62
12.48
11.84
12.29
12.64
12.94
13.29
12.87
13.22
11.71
11.68
12.55
13.42
13.19
13.41
13.55
12.95
12.71
12.93
12.89
13.2
12.84
12.85
12.3
12.24
12.06
12.08
12.25
11.93
12.19
12.19
12.36
13
13.4
13.44
13.33
12.83
13.32
13.04
13.32
12.96
13.43
13.38
12.94
12.55
13.11
12.54
11.75
11.67
12.39
12.41
12.55
12.18
12.02
12.54
12.21
11.92
11.84
12.88
12.86
13.11
12.37
12.17
12.97
12.45
12.47
12.52
13.12
12.97
12.88
12.75
11.98
12.31
12.01
11.82
11.85
11.65
11.56
11.56
11.55
11.58
11.99
12.14
11.83
12.25
11.65
12
12.42
13.01
12.25
12.43
12.48
12.81
12.73
12.46
11.52
11.68
11.91
12.49
12.43
12.25
12.73
12.52
12.8
12.88
12.4
12.19
12.45
12.71
12.27
12.32
12.1
11.39
11.67
12.18
11.86
12.47
12.09
11.65
11.96
12.22
12.19
11.8
11.75
11.68
12.28
12.7
12.46
12.53
12
11.78
12.27
12.37
13.11
12.84
12.87
12.59
12.59
12.46
12.76
13.4
13.4
13.65
12.31
11.99
12.38
12.54
12.12
12.06
11.63
11.71
11.87
12.01
12.84
12.99
12.57
12.53
12.53
12.31
12.64
12.48
12.21
12.51
12.33
12.09
12.18
12.12
12.46
12.09
13.15
12.77
12.13
12.09
12.34
12.67
12.67
13.16
13.03
12.6
11.88
12.08
12.37
12.01
11.85
12.25
12.46
12.76
12.75
12.41
12.61
12.23
12.27
12.96
12.99
12.64
12.5
12.51
12.42
12.81
12.93
12.93
13.08
12.71
12.14
11.67
12.19
12.4
12
12.51
12.52
12.71
13.23
12.83
12.36
12.47
12.14
12.17
12.05
12.1
12.67
12.24
12.66
12.57
11.83
11.86
12.5
12.59
12.94
12.6
13.13
13.18
13.01
13.27
12.31
11.75
12.16
12.64
12.48
12.18
11.5
11.44
12.02
12.89
12.63
13.04
12.92
12.78
13.54
12.88
12.74
12.53
11.73
12.01
12.73
12.87
12.51
11.8
12.25
11.64
11.77
12.22
12.21
12.39
12.38
12.23
11.98
12.64
12.61
13.24
11.53
12.13
13.08
12.75
12.6
12.37
11.6
11.51
11.72
12.82
12.7
12.86
12.48
12.02
12.06
12.36
12.45
11.54
10.95
11.15
12.28
12.56
13.06
12.53
12.74
12.81
12.67
12.12
11.53
11.17
11.1
11.18
11.67
11.92
12.52
12.18
11.86
12.6
12.92
13.1
12.76
12.64
12.18
12.14
12.28
11.8
12.03
12.09
12.08
11.79
12.46
12.13
11.96
11.95
11.45
11.9
12.57
12.59
12.51
12.13
12.77
12.37
12.41
12.67
13.28
13.29
12.74
12.73
12.92
12.79
12.65
12.76
12.51
13.19
13.49
12.97
12.09
12.35
12.8
13.19
12.99
13.35
13.63
13.2
12.2
12.41
13.13
13.6
13.6
13.25
13.14
12.82
12.39
12.19
12.18
12.68
13.07
13.05
12.97
12.88
13.24
13.07
13.16
13.27
12.59
12.69
12.05
12.07
12.17
12.22
12.15
11.57
12.04
11.84
11.57
12.01
12.37
13.13
13.02
13.26
11.3
11.71
12.41
11.97
12.54
12.3
12.01
12.02
12.27
12.41
12.61
12.8
13.06
13.04
13.32
13.06
13.18
12.54
11.89
11.71
12.74
11.79
11.98
12.34
12.32
12
12.01
12.19
12.62
12.74
12.68
12.42
12.25
12.77
12.65
12.57
12.45
12.48
12.46
12.31
12.6
13.25
12.6
11.92
11.35
11.2
11.54
12.02
11.96
12.54
11.86
12
12.23
12.37
12.92
12.77
11.8
11.97
12.19
12.9
12.69
12.68
12.69
12.54
12
11.56
11.72
12.13
12.18
11.81
12
11.98
12.28
12.1
12.11
11.87
12.48
12.35
12.54
12.45
13.38
14.13
12.94
12.65
12.26
12.01
11.52
11.58
11.93
12.69
11.95
12.41
12.21
12.1
12.22
12.26
12.34
12.79
12.65
13.08
13.1
12.42
12.49
12.52
12.18
11.44
11.1
11.47
11.33
11.32
11.71
12.09
11.76
11.83
11.92
12.36
12.1
12.08
13.01
12.93
11.43
11.38
12.01
12.09
11.84
11.95
12.3
12.54
13.3
13.62
13.48
13.12
13.45
12.84
12.81
12.54
12.37
12.2
12.15
11.54
12.37
12.95
12.46
12.24
12.04
11.92
11.69
11.36
11.1
11.45
11.93
12.25
12.43
12.75
13.5
13.68
12.84
12.68
12.02
12.36
11.93
11.76
12.07
11.74
11.56
11.63
11.8
12.09
11.83
12.05
12.24
13
13.17
13.1
13.16
13.05
13.01
12.57
12.55
11.96
12.68
12.95
12.76
12.67
12.99
12.05
11.95
11.89
11.66
11.24
11.13
11.08
11.74
11.91
12.18
11.98
12.11
11.7
12.44
12.83
12.69
12.63
11.8
12.2
12.4
12.57
13.21
13.32
13.44
12.95
12.64
12.29
11.88
12.31
12.49
12.88
12.88
12.92
13.04
12.83
12.73
12.85
12.74
12.44
12.79
12.84
12.6
12.88
12.83
12.82
12.69
12.31
12.39
11.72
11.96
12.19
12.02
12.44
12.43
12.17
13.07
13.29
12.89
12.82
12.53
12.87
12.68
12.83
12.64
12.59
12.23
12.91
12.69
12.76
13.5
13.27
13.13
12.93
12.9
12.9
11.95
12.59
12.5
12.33
12.37
12.71
12.71
12.54
12.66
12.83
13.07
13.42
13.47
13.34
13.3
12.73
12.83
12.34
11.97
12.01
13.28
12.37
11.68
12.14
12.17
12.03
12.02
12.36
12.19
12.28
12.44
12.58
13.34
13.66
13.63
13.17
12.74
12.99
13.28
12.7
11.14
11.8
11.88
12.22
12.23
12.22
11.97
11.59
11.54
11.57
11.61
11.67
11.91
11.7
11.85
11.3
11.96
11.89
12.02
11.8
12
11.8
11.26
11.58
11.97
12.59
13.23
13.77
13.67
13.36
13.75
13.04
13.09
12.58
12.25
12.77
11.7
11.56
11.52
11.75
12.49
12.41
12.87
12.87
12.64
12.86
12.69
12.89
12.89
12.95
13.16
12.83
13.17
12.86
12.83
12.19
12.69
12.79
13.01
12.74
12.82
13.24
13.65
13.08
12.61
12.44
12.64
12.86
12.08
12.21
13.27
13.39
12.88
12.67
12.69
13.18
13.75
14.02
12.93
12.66
12.62
12.02
11.46
11.99
12.71
12.91
12.77
12.96
13.11
13.02
12.43
12.07
11.64
12.01
12.11
13.02
13.11
12.07
12.63
12.85
12.52
12.98
13.27
12.84
13.6
13.13
12.98
13.16
12.7
12.73
13.09
12.97
13.12
12.9
12.66
12.15
12.07
11.91
12.26
12.27
12
12.45
11.84
12.12
12.8
13.02
13.07
12.88
12.91
12.5
12.3
12.56
12.95
12.79
13.16
13.49
12.86
12.51
12.3
12.08
13.02
13.01
13.08
12.55
12.37
12.23
12.21
12.16
12.36
11.59
11.89
12.41
12.78
12.59
12.79
12.39
13.07
12.87
12.98
12.92
11.25
11.29
10.85
11.4
11.82
11.99
11.53
11.38
11.19
11.84
11.91
11.79
11.19
11.54
11.17
11.23
11.24
11.81
11.92
11.5
12.66
12.75
12.45
12.54
12.94
12.77
12.61
12.61
12.56
12.59
13
12.67
12.46
12.81
12.46
12.11
12.74
12.94
12.97
12.53
12.12
12.53
13.18
12.75
12.57
12.67
12.61
12.63
12.74
12.41
12.83
12.68
12.16
12.01
11.98
12.13
12.31
12.28
11.9
11.67
12.24
12.19
12.28
12.9
12.68
12.65
12.46
11.93
11.9
11.76
12.39
12.57
12.44
12.51
11.8
11.91
11.45
11.95
12.46
12.67
12.94
12.14
12.16
12.33
11.74
11.55
11.88
12.17
12.15
12.58
12.59
12.55
12.91
12.95
12.9
13.82
13.35
12.88
12.32
12.54
12.47
12.7
12.9
12.37
12.83
12.37
12.76
12.65
12.33
12.75
12.55
12.35
12.58
12.97
12.97
13.01
12.43
12.36
12.08
12.09
12.3
12.54
12.68
13.7
13.14
13.08
13.2
12.82
12.76
12.31
12.79
12.87
12.26
12.61
12.28
12.57
12.83
12.78
13.06
12.75
13.41
13.37
12.83
12.39
12.71
12.86
12.32
12.77
13.34
12.75
12.46
12.54
12.77
12.23
12.45
12.58
12.75
12.59
12.16
12.63
13.61
13.38
13.32
13.03
13.11
12.79
13.26
13.22
12.91
12.53
12.16
12.5
12
12.3
12.06
12.21
12.86
12.7
13.69
13.58
12.71
12.55
13.03
13.37
13.44
12.9
12.01
12.24
12.33
12.9
12.86
12.53
12.97
12.98
12.43
12.72
12.66
12.67
13.1
13.43
12.83
13.62
13.64
13.26
13.46
13.37
12.91
12.23
12.23
12.68
12.38
12.74
12.75
12.43
12.37
12.26
12.22
12.31
12.08
12.37
12.14
12.31
12.11
12.82
12.41
13.02
13.09
12.69
12.84
12.87
12.33
12.05
12.44
12.64
12.6
12.59
12.1
12.67
12.75
12.68
12.69
12.95
12.99
12.59
12.24
12.76
12.7
12.57
12.01
12.25
12.11
11.94
12.01
11.85
12.22
12.27
12.01
12.32
12.47
12.52
12.45
12.05
12.18
12.25
12.56
12.7
12.73
12.57
12.69
12.22
12.46
11.7
11.38
11.5
11.53
11.9
12.28
12.75
12.67
12.07
12.64
12.32
12.52
12.32
12.62
12.58
13.02
13.32
12.95
12.88
12.5
12.61
12.69
12.51
12.12
12.25
12.57
12.25
11.95
12.4
12.37
12.68
12.52
12.53
12.48
12.42
13.01
13
12.69
12.81
11.97
11.4
11.71
11.64
11.95
11.59
12.12
12.74
12.36
12.67
12.06
12.12
12.37
12.54
12.35
12.06
11.82
12.44
12.66
12.97
13.22
12.91
12.87
12.38
12.07
11.7
11.68
11.95
12.12
12.02
12.84
12.77
12.82
12.74
12.49
12.42
12.56
12.77
13.05
12.61
12.9
12.52
11.94
12.06
12.29
12.01
11.97
12.19
11.86
12.8
13.35
13.05
12.91
12.62
11.91
11.73
12.55
13.24
12.75
12.34
11.8
11.92
12.26
12.54
12.39
12.68
12.74
12.67
12.98
12.86
12.74
12.73
12.95
13.11
12.8
12.98
12.29
12.87
12.43
12.42
12.55
12.66
12.08
13
12.69
12.35
12.34
11.85
12.21
12.45
13.68
13.42
13.69
13.09
13.27
12.92
12.47
12.62
12.94
13.15
13.06
13.41
12.91
12.37
12.7
13
12.71
14.07
14.16
14.29
12.93
12.41
12.05
12.55
12.57
12.26
12.94
13.34
12.86
12.76
12.65
12.77
13.42
12.72
12.26
12.19
12.43
12.97
13.3
13.17
13.07
14
13.56
12.83
12.73
12.69
12.38
12.14
11.91
11.93
12.4
12.68
12.34
12.09
12.44
12.49
12.73
12.65
12.67
12.9
12.53
12.1
11.34
11.11
11.03
11.47
12.32
12.24
12.01
12.62
13.56
12.88
13.48
13.5
13.97
13.95
12.99
12.74
12.79
12.82
12.89
13.11
13.48
12.68
13.14
12.99
12.53
12.85
13.39
12.81
12.34
12.4
12.47
13.44
12.87
13.08
12.58
12.52
12.97
12.84
12.11
11.84
11.84
12.1
12.03
12.17
12
12.76
12.93
12.91
12.15
12.49
12.12
12.06
12.47
12.36
11.9
11.98
12.15
12.28
11.64
11.96
11.92
11.65
11.71
12.08
12.19
12.51
12.52
12.15
12.43
12.49
12.85
12.69
12.41
11.97
12.4
12.66
12.86
12.25
12.57
12.71
12.93
12.67
12.88
12.32
12.37
12.1
12.5
12.44
12.35
12.23
12.2
11.12
11.68
11.99
12.14
12.17
12.29
12.03
12.32
12.12
12.4
12.74
12.58
12.55
12.04
11.46
11.27
10.89
11.18
12.22
11.95
12.65
12.69
12.23
11.92
12.66
12.72
12.72
12.51
12.41
12.7
12.66
12.38
11.72
11.34
11.38
10.88
11.51
11.75
12.4
12.65
12.39
12.62
12.54
12.39
12.47
12.09
12.13
12.21
12.65
12.82
12.32
12.65
12.48
12.39
12.22
12.65
12.53
12.48
12.6
13.21
13.03
13.21
13.28
12.91
12.86
12.72
12.18
11.7
11.64
12.12
12.45
12.39
12.04
12.29
11.95
11.47
11.43
11.82
12.04
11.79
11.4
11.07
10.95
11.09
11.16
11.7
12.07
12.08
12.38
12.16
11.44
11.67
12.09
12.33
12.09
11.81
11.35
11.65
11.87
12.23
12.31
12.77
12.78
12.78
12.41
12.65
12.1
)
;

boundaryField
{
    xPeriodic_half0
    {
        type            cyclic;
    }
    xPeriodic_half1
    {
        type            cyclic;
    }
    yPeriodic_half0
    {
        type            cyclic;
    }
    yPeriodic_half1
    {
        type            cyclic;
    }
    zPeriodic_half0
    {
        type            cyclic;
    }
    zPeriodic_half1
    {
        type            cyclic;
    }
}


// ************************************************************************* //
