/*--------------------------------*- C++ -*----------------------------------*\
| =========                 |                                                 |
| \\      /  F ield         | OpenFOAM: The Open Source CFD Toolbox           |
|  \\    /   O peration     | Version:  2.4.0-MNF                             |
|   \\  /    A nd           | Web:      www.OpenFOAM.org                      |
|    \\/     M anipulation  |                                                 |
\*---------------------------------------------------------------------------*/
FoamFile
{
    version     2.0;
    format      ascii;
    class       volScalarField;
    location    "0.001";
    object      Ma_mixture;
}
// * * * * * * * * * * * * * * * * * * * * * * * * * * * * * * * * * * * * * //

dimensions      [0 0 0 0 0 0 0];

internalField   nonuniform List<scalar> 
5120
(
5.485122598
5.681656739
5.633500501
5.522305724
5.411983581
5.590014499
5.576423035
5.506161297
5.630056933
5.580616426
5.495223296
5.572703579
5.4872693
5.436676832
5.433845326
5.454933542
5.453061969
5.476707569
5.533878142
5.577150551
5.499621823
5.488609556
5.429379664
5.34588005
5.42927804
5.493728326
5.429396945
5.37011087
5.625449502
5.680089098
5.569697662
5.495820356
5.479684905
5.70504937
5.793717265
5.686973811
5.579705985
5.533064975
5.349083769
5.470554679
5.493291965
5.492925245
5.560248962
5.536898938
5.426444234
5.417849409
5.382726687
5.405592772
5.392866092
5.424660164
5.398564077
5.423243184
5.542884263
5.594403213
5.503871781
5.499807326
5.564602333
5.409712552
5.395733123
5.42989003
5.81062378
5.63347425
5.461720851
5.345264957
5.407840106
5.609524102
5.498707573
5.62714733
5.608480922
5.52325628
5.518002291
5.543475815
5.45978479
5.561748415
5.493471438
5.738857468
5.632497268
5.626247199
5.617308865
5.713618003
5.450826371
5.547053331
5.679955268
5.807103587
5.656291571
5.443251357
5.492413503
5.557991616
5.52781612
5.554677563
5.551410999
5.570047583
5.607369607
5.566579235
5.52366937
5.488214628
5.479534626
5.366125998
5.374919788
5.371412241
5.490747064
5.522132499
5.540260953
5.468535081
5.563743104
5.766809217
5.64903275
5.678040693
5.721524975
5.767771513
5.724361506
5.692925075
5.771291756
5.773564743
5.642490474
5.513051233
5.537071532
5.605028781
5.540149947
5.426703365
5.563772736
5.696621074
5.465506521
5.377545869
5.461839997
5.586547208
5.739812793
5.704104249
5.738374942
5.684470643
5.669883514
5.688327317
5.643957146
5.699225046
5.610048274
5.517937787
5.588595933
5.346057462
5.420240103
5.47535344
5.687784887
5.730549518
5.68967422
5.690428536
5.590757032
5.618229625
5.572455848
5.752478052
5.696240746
5.551406047
5.563084208
5.578045084
5.523789927
5.586882425
5.533099526
5.553886876
5.512745359
5.719283724
5.623260457
5.716954788
5.692222278
5.760692751
5.882136551
5.841521377
5.561443737
5.515958472
5.402184319
5.329971044
5.369654104
5.486144847
5.435186696
5.380216651
5.469169033
5.467192477
5.41026312
5.504770057
5.475175116
5.587006472
5.547366025
5.608454838
5.507503202
5.610739369
5.700427759
5.769786221
5.687539528
5.751598044
5.681163432
5.620133082
5.706953183
5.670958059
5.638249206
5.704755498
5.534812675
5.628738259
5.730612656
5.730572256
5.583437582
5.642488938
5.719137566
5.761583721
5.651480772
5.601499597
5.594726769
5.736010736
5.825922074
5.718414202
5.741843841
5.710103933
5.642521033
5.486074452
5.484388805
5.650148658
5.71492481
5.604078795
5.420044788
5.356076361
5.594595256
5.480740527
5.534815156
5.527281839
5.528352262
5.577374313
5.638442801
5.699601111
5.643341908
5.71252887
5.687840483
5.629148275
5.585127504
5.742110342
5.815500593
5.754984351
5.737491655
5.698022769
5.520369934
5.518555244
5.497255685
5.61067895
5.607741521
5.544828178
5.771929337
5.655196367
5.564469322
5.57196122
5.576298844
5.528989314
5.531725131
5.458928362
5.562694827
5.558561281
5.702645444
5.599642653
5.589223932
5.650747162
5.713184287
5.756355131
5.781866725
5.751045144
5.734552361
5.772817823
5.513402282
5.595067082
5.747823052
5.711509633
5.717213955
5.664364647
5.627018025
5.569411326
5.516071317
5.600064073
5.63737037
5.784869079
5.719417831
5.681946981
5.695822513
5.685909229
5.638188334
5.626014991
5.748770089
5.562019602
5.348022534
5.354824653
5.536887378
5.682798978
5.495627006
5.661180598
5.774330039
5.796914072
5.649978677
5.567746435
5.728085302
5.707707936
5.733107887
5.654258461
5.608009956
5.659669877
5.578563599
5.500383062
5.471180752
5.515154633
5.601596481
5.468964174
5.510535888
5.45846607
5.552760467
5.580681701
5.643871958
5.547779616
5.455990719
5.592710791
5.591530778
5.775173033
5.708299477
5.647979512
5.590168467
5.603352254
5.561004546
5.553338553
5.597981074
5.553128356
5.615525647
5.564503959
5.571080746
5.573373846
5.597915625
5.394177442
5.438983185
5.636309822
5.723588275
5.743814774
5.690099445
5.503193718
5.611349977
5.477498331
5.493627442
5.514865139
5.58028511
5.671947657
5.599977048
5.591894211
5.647267362
5.55247734
5.524513196
5.660059812
5.621047226
5.665042939
5.632627785
5.57830335
5.499682015
5.45182253
5.584379361
5.611785131
5.578873295
5.674419435
5.623304976
5.586634563
5.51525445
5.523530842
5.499414471
5.544525441
5.656588874
5.613002316
5.713982402
5.661917997
5.592395161
5.700141864
5.631863116
5.766114223
5.654294122
5.673955304
5.735033284
5.735276178
5.743351788
5.71705024
5.646736433
5.635383583
5.589382927
5.622893031
5.661501198
5.716260029
5.670562917
5.672311909
5.748719335
5.74616752
5.630935005
5.604684314
5.518462597
5.511427288
5.679021854
5.735675265
5.854227971
5.897031599
5.780120472
5.790461119
5.766650191
5.726928208
5.883691602
5.811532173
5.834834596
5.720558278
5.839829529
5.831436108
5.698297404
5.563769177
5.618311431
5.593990865
5.601624807
5.583465835
5.500292181
5.606593835
5.700579204
5.874179162
5.642898455
5.581311334
5.601953068
5.738493529
5.540081915
5.738805894
5.772578269
5.768001353
5.522897314
5.52374967
5.626700237
5.667190476
5.637037521
5.734541333
5.780971038
5.783146368
5.515491996
5.374824896
5.409983858
5.481410914
5.597370826
5.662166972
5.717665705
5.649503917
5.629585107
5.724883108
5.82459074
5.769203798
5.565449279
5.532136546
5.606775281
5.761182789
5.76889911
5.620285121
5.57240574
5.621906954
5.674826941
5.640014495
5.716154733
5.559730805
5.356729018
5.388091961
5.514484315
5.552496779
5.425926387
5.54311326
5.608948026
5.606001426
5.768076156
5.571804891
5.547704022
5.478270155
5.559646519
5.547633239
5.57558523
5.496442533
5.462869807
5.573091271
5.439569677
5.439410583
5.620044205
5.591019315
5.452972314
5.463651101
5.504338715
5.502378326
5.714533887
5.812105582
5.521892695
5.700058821
5.515952441
5.4745694
5.558997488
5.681737733
5.434780823
5.587348986
5.548580007
5.552931034
5.729905173
5.737546697
5.522820118
5.636566186
5.647270068
5.609243616
5.723446713
5.690575844
5.536399994
5.557034019
5.567546786
5.551141338
5.434338778
5.5277325
5.558583171
5.541955924
5.637620576
5.481453718
5.395208175
5.525685829
5.466140761
5.440731661
5.513143745
5.452357164
5.622650051
5.808125294
5.777539619
5.701250605
5.567329808
5.480463476
5.525512553
5.481086369
5.6406885
5.45925764
5.42026089
5.518550787
5.54941283
5.572701119
5.497019288
5.533451639
5.427332007
5.445893077
5.235902631
5.441896879
5.504361983
5.596707339
5.44142665
5.48766242
5.513260358
5.519153601
5.578118791
5.66157314
5.717924403
5.84738113
5.75870144
5.673562849
5.543552363
5.705898951
5.597937892
5.518867471
5.467546916
5.469380285
5.480345458
5.590315867
5.668148482
5.616468767
5.629166131
5.55819823
5.655689101
5.593411134
5.854520433
5.772232852
5.656957845
5.599887232
5.623357079
5.612955308
5.655879745
5.778129036
5.624297984
5.45693422
5.497958513
5.587308374
5.504960838
5.565177467
5.683519509
5.855746306
5.716796555
5.646023385
5.758660842
5.877525821
5.587438497
5.627383553
5.657144445
5.659811264
5.674019326
5.51175676
5.559982656
5.59000686
5.727654998
5.820476528
5.57702602
5.46168135
5.607388396
5.515340702
5.502254206
5.518415683
5.369061109
5.484599689
5.530311267
5.462178055
5.362540268
5.382297774
5.316688752
5.380481497
5.497374747
5.527621482
5.442028697
5.404070275
5.387685866
5.4549011
5.49673123
5.589824826
5.517780458
5.544466629
5.78441874
5.670945225
5.701170383
5.540867386
5.504182079
5.427540748
5.444305861
5.464496565
5.39978139
5.488974453
5.514945235
5.571910472
5.605705723
5.758186
5.734004736
5.654255446
5.583630894
5.487710176
5.481844459
5.635281423
5.482616714
5.422263192
5.404315182
5.429090421
5.471943381
5.452057685
5.698805885
5.704641315
5.721230365
5.627556942
5.559812401
5.576825482
5.571709923
5.663727035
5.695180991
5.739798501
5.639358146
5.591652168
5.598144107
5.638408942
5.577258608
5.579777425
5.717193853
5.54183182
5.592683246
5.631953616
5.576184634
5.562625356
5.434323503
5.558739772
5.446887753
5.375526554
5.349095998
5.4363062
5.557355606
5.701175966
5.711603691
5.71987597
5.525252131
5.527641895
5.753236356
5.766675432
5.650630316
5.77119284
5.756183169
5.594470151
5.620780236
5.639754956
5.681688153
5.62941528
5.536034985
5.490665217
5.709884291
5.474648282
5.493319511
5.548234467
5.595237749
5.679232635
5.651323736
5.606638157
5.422777967
5.561413441
5.671408392
5.818062767
5.666795407
5.744172222
5.722014457
5.702034657
5.676410715
5.646742235
5.642979573
5.581939749
5.520836198
5.570451953
5.655570137
5.568841967
5.517388742
5.532194019
5.612736132
5.489179937
5.476275486
5.472499779
5.35983841
5.42090576
5.576101429
5.583451402
5.668930978
5.700693875
5.703372888
5.585398241
5.48305182
5.53736734
5.553516918
5.582623889
5.620617296
5.564865103
5.619501771
5.593566585
5.536238124
5.675151724
5.525924042
5.496544154
5.656204898
5.66422131
5.595456726
5.608871878
5.690452593
5.613615962
5.601325752
5.655106025
5.666666439
5.679585084
5.619593281
5.542209777
5.657887466
5.728199565
5.643239916
5.595037355
5.604331918
5.626275804
5.74835433
5.864414616
5.838799459
5.723130161
5.647569282
5.674459695
5.46014688
5.66071686
5.71842372
5.597144587
5.536969759
5.608066832
5.679640388
5.676787738
5.597929894
5.715090995
5.636199219
5.671395601
5.67056771
5.601868204
5.687555624
5.463778932
5.560221643
5.597080787
5.522573786
5.587929286
5.72576106
5.665139748
5.649226887
5.738470384
5.687472169
5.466628544
5.535809016
5.709567699
5.614925988
5.709088339
5.724956956
5.678184966
5.485776436
5.449904054
5.325051971
5.589542909
5.742572437
5.768736324
5.803248841
5.741909906
5.447176978
5.458324407
5.51472776
5.608427986
5.581461775
5.59856108
5.684407789
5.629034146
5.682909633
5.805175823
5.754757005
5.600088311
5.548643011
5.528376616
5.79111174
5.677054909
5.585803106
5.591154099
5.525503758
5.596248778
5.709773489
5.694191145
5.636590626
5.629428561
5.613422921
5.712335113
5.671902806
5.847262826
5.796917605
5.688685675
5.769903471
5.85546335
5.779542185
5.783251641
5.723941854
5.632261684
5.760086437
5.811400022
5.686739879
5.622984621
5.636794296
5.805481498
5.646109618
5.638120214
5.690792917
5.764971267
5.625720315
5.64571551
5.765528624
5.680277827
5.69773322
5.773957141
5.786580423
5.569304087
5.582745448
5.470139638
5.673388665
5.549891011
5.694366775
5.744659197
5.516252356
5.470621535
5.397417245
5.446615967
5.609326875
5.624209727
5.617310805
5.591245894
5.685678815
5.71165762
5.596526345
5.633650655
5.610266566
5.478301519
5.403151823
5.425230013
5.48299727
5.48859245
5.452039409
5.429436579
5.652879991
5.642435561
5.764608358
5.785549353
5.81089623
5.844296349
5.875825397
5.681184206
5.65057713
5.641858481
5.64869578
5.518560017
5.593319706
5.568821903
5.561854773
5.588772632
5.649628521
5.653644896
5.690430014
5.703205132
5.688473955
5.721572686
5.743176684
5.598440288
5.646628692
5.694456954
5.701788598
5.634470078
5.640079992
5.660054451
5.623223696
5.651217896
5.50110364
5.5530105
5.543911832
5.575037412
5.650885644
5.773446051
5.722923131
5.663992246
5.820927809
5.710751627
5.567196153
5.601705226
5.625821157
5.535580837
5.545689981
5.734657669
5.712024658
5.576848494
5.422075876
5.502806791
5.716919137
5.676000348
5.618388867
5.506230647
5.397297178
5.477584986
5.558917142
5.692362054
5.639203132
5.68282115
5.640488172
5.525449631
5.548700354
5.594698496
5.563265291
5.470734047
5.478092331
5.521022542
5.582364675
5.581133365
5.427090495
5.285049283
5.340512109
5.456480367
5.534663444
5.558557468
5.568535558
5.640262586
5.461425233
5.575837273
5.681211628
5.859589984
5.8578154
5.750266174
5.642568924
5.651277894
5.510259018
5.617767586
5.495195447
5.354862002
5.40281385
5.528652052
5.585514432
5.607470441
5.482653783
5.379284969
5.287275716
5.395869691
5.616489708
5.411302076
5.564904666
5.431783969
5.561718039
5.55546035
5.625255485
5.609516078
5.502441291
5.378743623
5.47605711
5.502932253
5.559176512
5.654529281
5.663354337
5.553921012
5.623415462
5.639609547
5.766812301
5.79201285
5.679537662
5.649726802
5.613276208
5.559333197
5.544878689
5.577551474
5.505124252
5.496930257
5.388268369
5.448454925
5.416577867
5.503049841
5.532283568
5.557343865
5.630153337
5.728029092
5.799994313
5.801803728
5.825964122
5.729636135
5.755189203
5.802426437
5.618887953
5.607008835
5.639428031
5.655663124
5.572312694
5.54105438
5.660306713
5.655815894
5.666522014
5.684741106
5.681327289
5.663884254
5.739776353
5.62446104
5.392061687
5.487037686
5.622729261
5.90752175
5.645697077
5.566055061
5.609620266
5.550794606
5.608870683
5.569608572
5.595229944
5.585310407
5.569471059
5.462764385
5.515372125
5.598836607
5.523598449
5.489286478
5.445423694
5.6268958
5.769058024
5.769263031
5.680389203
5.692071594
5.719704108
5.741804642
5.696547938
5.579541758
5.569813046
5.361325135
5.310307449
5.355681588
5.509484335
5.561626904
5.570857758
5.521185478
5.445307063
5.442829002
5.577506383
5.642888483
5.67980614
5.573553323
5.474608128
5.608124828
5.509004266
5.481282995
5.520125249
5.68463
5.686161311
5.591924144
5.447987579
5.564547845
5.501114729
5.50723647
5.516900701
5.378056333
5.564913614
5.60914385
5.643654116
5.701688015
5.496869826
5.481632562
5.507433707
5.428496939
5.863649091
5.758243615
5.655036576
5.694596662
5.529345738
5.569563175
5.603867681
5.547022961
5.584133263
5.574096933
5.636998199
5.636864129
5.715066464
5.758841843
5.804492587
5.652139212
5.689156289
5.726161026
5.732109353
5.802242466
5.57537542
5.601605109
5.433338578
5.441693291
5.613522997
5.756923904
5.81425157
5.655337913
5.64864196
5.457899735
5.399792598
5.548515824
5.627334289
5.494617283
5.576254274
5.562211358
5.680005693
5.458610184
5.520570827
5.395405575
5.533924618
5.584245612
5.719278606
5.808731821
5.877622846
5.673384578
5.631467151
5.604042913
5.795489227
5.819570054
5.893104001
5.588980445
5.635419319
5.664902746
5.646339645
5.691561556
5.670638493
5.667478306
5.67204529
5.585591933
5.50991128
5.55803011
5.770786951
5.802579303
5.808051492
5.785357407
5.976897906
5.849913289
5.67194719
5.550852773
5.532653111
5.622811599
5.590591373
5.609716838
5.576662452
5.68304828
5.563830615
5.7996167
5.681441913
5.567529235
5.827701043
5.632834256
5.533355123
5.551505876
5.649397019
5.575117392
5.585288828
5.519865213
5.493109299
5.534388113
5.574300375
5.75959172
5.738271776
5.651915329
5.542581577
5.591818055
5.471074964
5.427254648
5.554759694
5.627652952
5.726644212
5.722073654
5.572131428
5.571464347
5.560524864
5.4974038
5.357087495
5.526254791
5.536169872
5.636140655
5.627262049
5.623481192
5.664045289
5.749372683
5.722981044
5.574716716
5.529953633
5.628792039
5.681821653
5.649166149
5.479925651
5.672419217
5.6081175
5.604533682
5.638931592
5.476910948
5.577260706
5.665463115
5.654928057
5.6214975
5.604074499
5.596116466
5.585481511
5.569698714
5.647542764
5.835377186
5.761841935
5.666374618
5.567647922
5.505066739
5.560927763
5.529348457
5.649008309
5.614801589
5.572122905
5.645697808
5.713656072
5.606488793
5.639529489
5.549346856
5.667548845
5.731527588
5.739400501
5.577778401
5.541889467
5.618298782
5.697422632
5.795566259
5.846618493
5.674397381
5.633643228
5.486508716
5.532075847
5.532293846
5.667823988
5.689842153
5.69113134
5.69949565
5.554565686
5.582346066
5.529992924
5.470193683
5.38125622
5.594645688
5.512625278
5.566529036
5.526535818
5.466046966
5.524566595
5.63114242
5.621057863
5.655541754
5.722344257
5.70095265
5.894434162
5.953503954
5.866473155
5.73157278
5.73879684
5.636691063
5.625075142
5.620488132
5.660857823
5.638794584
5.619666214
5.685744689
5.643631605
5.646787383
5.560405779
5.577645306
5.639684244
5.692075256
5.604305913
5.663959885
5.571095755
5.685080905
5.561089224
5.509247616
5.41194263
5.54123442
5.56847979
5.574268858
5.59954804
5.565979739
5.612567532
5.575330499
5.468845233
5.439572489
5.649274105
5.578580026
5.541498773
5.695802919
5.73903807
5.582405649
5.494310449
5.466752012
5.545350315
5.530293237
5.678881536
5.519892981
5.432096423
5.466660376
5.554501673
5.589813611
5.523739074
5.522202384
5.546109761
5.494368062
5.435961292
5.408619124
5.473980817
5.576135622
5.568738913
5.625676074
5.61736657
5.485703721
5.663436169
5.731496572
5.511358648
5.580075254
5.630277642
5.592798888
5.463297461
5.525194435
5.761350515
5.751341054
5.62514029
5.486768707
5.450624014
5.410866211
5.772542206
5.568146729
5.544105682
5.485521214
5.481403897
5.767116347
5.74317943
5.683212757
5.720052634
5.69395339
5.784694815
5.680267293
5.715655376
5.760572538
5.594011348
5.517361066
5.601408881
5.685762724
5.761343522
5.776957661
5.584078853
5.530492623
5.487804162
5.466932254
5.327560254
5.400148023
5.534521814
5.414241532
5.532417038
5.533160223
5.559703167
5.654956442
5.544516098
5.505033017
5.56607339
5.663550088
5.595503776
5.59956109
5.701315433
5.646242575
5.503255983
5.692673693
5.63874446
5.718179769
5.706241775
5.428377061
5.415209522
5.46981456
5.545786573
5.399825857
5.491834687
5.61026806
5.597174664
5.67431645
5.799844539
5.762761181
5.684293374
5.634619803
5.544011782
5.505704002
5.724159754
5.799195882
5.75321049
5.742710424
5.635850232
5.641295747
5.547768485
5.493860136
5.549641301
5.799987036
5.640983552
5.621667633
5.633863158
5.526393586
5.598883658
5.720606148
5.753307232
5.688926463
5.630471089
5.615476469
5.611995214
5.550638713
5.444570503
5.459885219
5.52143859
5.465509344
5.635445561
5.6299011
5.663536037
5.697541094
5.727466151
5.78140641
5.589934028
5.602120884
5.554799696
5.458662314
5.367491463
5.558866438
5.579226206
5.609902725
5.839397016
5.756684414
5.693287917
5.790987468
5.800750236
5.886132284
5.802928404
5.733241004
5.782621893
5.907670039
5.973658129
5.918914021
5.788410261
5.841503422
5.674549015
5.637744575
5.667997847
5.668615348
5.742361875
5.850567168
5.553973975
5.64759297
5.644410177
5.650553398
5.514033435
5.572395662
5.578523983
5.68087977
5.724230016
5.718472623
5.768418121
5.751685026
5.748124628
5.657362392
5.708365407
5.603732535
5.434708396
5.381298767
5.471893728
5.562449568
5.527579212
5.53379814
5.743573732
5.753789178
5.72386599
5.637264238
5.712576232
5.735840406
5.722525563
5.690165863
5.660290249
5.57819578
5.556856254
5.612553605
5.586619869
5.605553878
5.809042568
5.581329259
5.717259146
5.545608292
5.735720045
5.69671523
5.662985955
5.505112081
5.510385389
5.652419254
5.682474659
5.684734749
5.706039931
5.743885092
5.730405375
5.871320183
5.787505095
5.701352963
5.809379562
5.778305055
5.57870547
5.622483347
5.687709605
5.836230354
5.527804988
5.526532541
5.490488827
5.58190855
5.592221242
5.626229919
5.582587007
5.579654382
5.655721152
5.590966131
5.792750294
5.711014324
5.789793588
5.72651765
5.701363848
5.69711952
5.740835003
5.622465152
5.56462779
5.499162334
5.754434468
5.71463079
5.69104323
5.684370818
5.706514602
5.682123022
5.634924848
5.694224063
5.701788553
5.806509247
5.618207118
5.561023958
5.611760617
5.791805333
5.790110678
5.611331086
5.587751446
5.822601566
5.712220721
5.674503593
5.580303648
5.729651884
5.660024672
5.526706583
5.605376289
5.513585926
5.544629479
5.493994679
5.679346413
5.605259195
5.548823048
5.567588015
5.569090508
5.572791639
5.431618652
5.501496688
5.544700448
5.628290542
5.705536247
5.609338024
5.695439312
5.467709878
5.413054942
5.445086488
5.523097734
5.578861095
5.489829347
5.639286645
5.701946166
5.710413083
5.711975972
5.682534781
5.864831376
5.855911617
5.818110558
5.808438327
5.698345078
5.572803506
5.596631341
5.664524101
5.545170163
5.598459664
5.669546826
5.478884093
5.355063198
5.382399194
5.665236711
5.549230352
5.521369733
5.391300869
5.529665593
5.640426195
5.757887586
5.722371898
5.6449868
5.65337299
5.562589141
5.718745501
5.640517761
5.561969645
5.517877887
5.605881361
5.56086501
5.628657465
5.640840009
5.626602737
5.391373424
5.398223328
5.47854765
5.720039028
5.612245183
5.53416742
5.547783848
5.622225763
5.537960942
5.635821705
5.551539591
5.584284829
5.47403122
5.441569491
5.597827313
5.45320624
5.456625242
5.684186513
5.656329867
5.566524368
5.543237544
5.539250715
5.694206026
5.635140455
5.492285163
5.627790511
5.640028485
5.580974093
5.51530135
5.422570132
5.539105676
5.610126896
5.608848719
5.580394785
5.722401235
5.645054692
5.459452919
5.420667199
5.456427194
5.435836201
5.484611052
5.712680574
5.773114997
5.564166585
5.567828812
5.606072902
5.455776556
5.451396322
5.574092923
5.575234966
5.544279819
5.65794065
5.805148354
5.754708192
5.542217095
5.598011107
5.704811517
5.69117016
5.743348171
5.870068881
5.66362753
5.493584158
5.433220804
5.444049665
5.406778119
5.473784315
5.675174876
5.672544325
5.457377634
5.380469385
5.437272807
5.537654089
5.531794896
5.558455998
5.848964474
5.794432546
5.791070468
5.654333576
5.563780483
5.540744491
5.617399016
5.635746682
5.656866436
5.562783833
5.585322628
5.532168974
5.473688439
5.479801992
5.492787639
5.681861712
5.546140921
5.499539591
5.565805637
5.654746924
5.634502252
5.59359815
5.759455717
5.78360462
5.947924296
6.028710215
5.952922448
5.938631529
5.728175425
5.608565896
5.629879391
5.551441905
5.638158096
5.528540109
5.688308248
5.601288292
5.728622071
5.689151784
5.876481502
5.702421888
5.616902162
5.671677166
5.698130796
5.707858546
5.677870296
5.678583472
5.622711171
5.69016732
5.632679996
5.698705031
5.772049812
5.798296114
5.78178799
5.730437372
5.61525065
5.728893264
5.681198891
5.602948614
5.471058273
5.557128978
5.608661153
5.482203703
5.609559724
5.59534298
5.736582906
5.699570878
5.698128365
5.777907892
5.804723674
5.752001978
5.637049754
5.669447148
5.612066526
5.725570905
5.825666908
5.826688762
5.796294504
5.766898183
5.789427568
5.571370487
5.753475843
5.642351115
5.628528014
5.723624068
5.674263368
5.685003377
5.731663524
5.754849159
5.821530679
5.858981982
5.777526771
5.761927155
5.865105424
5.774727392
5.766548537
5.652142953
5.731006239
5.736109709
5.718285888
5.745001157
5.610859001
5.613776833
5.551599557
5.51149384
5.588057072
5.662683643
5.717522836
5.667455451
5.647823567
5.593819941
5.616266463
5.638310404
5.669973838
5.64994428
5.539047961
5.674542634
5.603891068
5.686009318
5.526552466
5.563805264
5.605409339
5.714303117
5.777734537
5.841859746
5.720023955
5.62014162
5.707734991
5.879692854
5.948830693
5.930919412
5.65882684
5.655296251
5.715525692
5.79862813
5.738925955
5.572956682
5.659128098
5.734690164
5.914907385
5.802407023
5.653019559
5.593944281
5.67399199
5.601394472
5.782390818
5.912908055
5.699569542
5.743823712
5.715199564
5.615128486
5.650601454
5.755924226
5.71541805
5.676752214
5.756614164
5.792011184
5.681326429
5.648723
5.714840322
5.620534873
5.367408847
5.245623269
5.463619527
5.53045075
5.515919854
5.463659136
5.563361835
5.748525978
5.696297321
5.653763296
5.715906215
5.672417664
5.63192209
5.532400049
5.653951951
5.689568604
5.640040169
5.514930411
5.443490674
5.531574273
5.714926518
5.632301836
5.664013761
5.649685426
5.606102469
5.822033588
5.821318704
5.732994941
5.773410056
5.762214692
5.783371435
5.643722345
5.704099211
5.642858283
5.65023015
5.609752663
5.668448109
5.616155655
5.601638934
5.671329548
5.497653039
5.620749943
5.629234568
5.465090738
5.631646782
5.666411544
5.680642669
5.669719233
5.668504232
5.519440177
5.612023303
5.629536048
5.560924484
5.537090879
5.546594747
5.435508255
5.512704875
5.570022456
5.469793855
5.412560139
5.588333099
5.498249669
5.521139313
5.638603131
5.519462727
5.56349849
5.384618391
5.432130049
5.492937914
5.621064187
5.722529575
5.669321951
5.55364837
5.510873523
5.561145677
5.53743321
5.56972695
5.532431186
5.660193353
5.805908061
5.573196015
5.500741912
5.510825647
5.613313042
5.599964883
5.593593191
5.566920058
5.50542876
5.601221391
5.530459137
5.574518011
5.57888733
5.619245035
5.554281323
5.552512521
5.454038403
5.45172656
5.532119272
5.426624082
5.559188241
5.376145639
5.399520362
5.485259037
5.499732472
5.501943093
5.584061404
5.748687513
5.68219551
5.530898886
5.646484719
5.678216733
5.746815762
5.576486048
5.48788049
5.37938706
5.55444162
5.508361539
5.446719819
5.52188172
5.419833729
5.542797963
5.603344911
5.783027757
5.734654358
5.768346276
5.710686464
5.549786654
5.574361041
5.673410526
5.723729353
5.686247077
5.662484094
5.647060313
5.698782441
5.578125462
5.570360617
5.551263742
5.515550881
5.501196151
5.61410982
5.747917193
5.776699955
5.620882299
5.642533344
5.760189516
5.795249526
5.965283287
5.823004989
5.626203438
5.608337395
5.676376669
5.621999357
5.592916555
5.662271566
5.692060701
5.693229519
5.690682558
5.693418146
5.642639214
5.607708356
5.796032573
5.760712106
5.849657139
5.85728993
5.726332485
5.686517926
5.576845069
5.585204862
5.586180448
5.634904601
5.633264505
5.621873089
5.614637993
5.631044433
5.822950459
5.820483785
5.734791041
5.62846648
5.745948781
5.76556208
5.806005051
5.825416559
5.742138209
5.979800454
5.991917158
5.834529542
5.809814637
5.673865227
5.64693576
5.714346044
5.72967588
5.810623001
5.815066187
5.823173854
5.66434556
5.785187149
5.83216135
5.755086577
5.813047214
5.721485504
5.792012077
5.874641978
5.819507722
5.72570999
5.598494671
5.686651356
5.730440581
5.805364699
5.82487492
5.811810221
5.817340805
5.764263874
5.818003561
5.765219703
5.68156305
5.679809451
5.800600055
5.848259566
5.94502073
5.8187294
5.53276116
5.550774489
5.540670355
5.549054199
5.60876779
5.658953708
5.660980702
5.652381323
5.683231853
5.730723025
5.659883447
5.66006711
5.647280128
5.630302714
5.73494948
5.815056186
5.720371068
5.676604508
5.623520368
5.680214753
5.680280108
5.573630113
5.618680352
5.482969179
5.445667051
5.480030578
5.429990911
5.515535349
5.5622017
5.602187478
5.62086758
5.607730477
5.538854167
5.630239725
5.735599567
5.59625276
5.513180961
5.569406496
5.578960756
5.635355174
5.822049041
5.672223292
5.580510771
5.676520485
5.668861512
5.628484116
5.652162034
5.510461977
5.407169333
5.563877052
5.775094076
5.705883474
5.619016355
5.779897877
5.811484413
5.789093655
5.735282449
5.793574366
5.686105996
5.775563831
5.588770231
5.749729067
5.746347038
5.668546523
5.647582485
5.645226673
5.664436566
5.595694158
5.678769394
5.669468576
5.884713919
5.809214941
5.809466704
5.795358044
5.824468168
5.742644688
5.614084224
5.602724283
5.744367981
5.638422145
5.469364077
5.571034331
5.699772998
5.697617414
5.615934881
5.639602121
5.73686075
5.806288664
5.746391592
5.586631479
5.526995883
5.705125805
5.650698057
5.669293757
5.561803462
5.581309677
5.792315932
5.624850155
5.607474505
5.470566367
5.656900276
5.531355067
5.500433527
5.563315307
5.582266732
5.675808235
5.602797647
5.662267307
5.623631868
5.674236803
5.6760011
5.634646298
5.59507087
5.658507432
5.606199579
5.66482946
5.71628327
5.765282611
5.674974903
5.659574747
5.488659066
5.632807607
5.666523476
5.702714457
5.6206753
5.597310911
5.54726355
5.472789139
5.564348743
5.708127302
5.672663732
5.632092429
5.640785938
5.461854266
5.42071208
5.441109614
5.519163037
5.49601939
5.414024061
5.454043059
5.511805911
5.622414825
5.628397328
5.674523037
5.652789662
5.537561015
5.485367815
5.587403298
5.529083556
5.547545011
5.608288091
5.589144782
5.490891536
5.446985457
5.541958019
5.60599987
5.489044102
5.528281438
5.471501056
5.465859547
5.688972319
5.69141311
5.704304205
5.539617168
5.714122535
5.634399039
5.728987922
5.573670984
5.547323033
5.456276628
5.407837794
5.402770877
5.545491216
5.664381463
5.713248483
5.788189344
5.900498597
5.972545375
5.928681218
5.727321965
5.637847937
5.633855035
5.535434024
5.517572392
5.360696403
5.291821992
5.408838376
5.43762961
5.426615024
5.515837593
5.631831104
5.450691843
5.492661564
5.549231662
5.642819944
5.634028112
5.752403772
5.779981556
5.737874419
5.571268735
5.382341614
5.376863997
5.445614901
5.444868502
5.530405249
5.597909859
5.519234915
5.529841605
5.698474887
5.461331894
5.578777546
5.767007134
5.649069777
5.531382932
5.571665921
5.51074821
5.447227397
5.466076953
5.507244518
5.369534351
5.638325793
5.754456225
5.580171036
5.540038262
5.622330404
5.685880158
5.789383994
5.722328242
5.63094526
5.575141626
5.542280693
5.663673958
5.650167494
5.591226178
5.571244103
5.491276655
5.558225497
5.551001566
5.503350814
5.481993029
5.608658123
5.588811395
5.533051934
5.585128148
5.605299069
5.644609683
5.617401653
5.658032573
5.780954414
5.935231785
5.700028758
5.627448622
5.660780314
5.581966272
5.663628902
5.653601985
5.600187911
5.647538047
5.612322001
5.635903265
5.630818063
5.594294337
5.704147277
5.792803722
5.719189371
5.660410624
5.663937076
5.598485417
5.814836005
5.858302293
5.843696695
5.692856151
5.552555773
5.52240568
5.554353518
5.664996639
5.656684447
5.722849129
5.570982821
5.602730683
5.581527157
5.694150263
5.729953406
5.705425675
5.675403929
5.83332464
5.771581707
5.787994095
5.75209206
5.612706769
5.779777345
5.658051142
5.649452214
5.580839528
5.474565688
5.567323983
5.778308374
5.73780584
5.740045302
5.755178375
5.637090123
5.685648698
5.744056379
5.652691977
5.584818724
5.690675338
5.778657654
5.893854541
5.827234975
5.807980761
5.759691873
5.680004034
5.67500613
5.692774563
5.809704062
5.771456845
5.677027557
5.706933142
5.645804151
5.662457512
5.450034739
5.471409099
5.379693959
5.48609547
5.453761864
5.517863894
5.568535271
5.622049124
5.576375633
5.592937221
5.509418503
5.498219278
5.674514753
5.56322137
5.501996928
5.536338753
5.530334546
5.530050612
5.48053226
5.528764257
5.451975409
5.542720369
5.552070532
5.57809647
5.609485519
5.551161162
5.606596509
5.687824621
5.553169082
5.555611252
5.717579314
5.750921384
5.604390615
5.606296474
5.664698791
5.813118093
5.745971855
5.688146234
5.631788308
5.396525372
5.562186165
5.704234411
5.805581489
5.879063104
5.843308969
5.760727607
5.806207418
5.779627347
5.709902581
5.754350404
5.751304835
5.673284787
5.694078185
5.66267249
5.553096632
5.472320742
5.645829708
5.527125223
5.496027582
5.548202999
5.837212294
5.582164229
5.7110538
5.658259508
5.796935145
5.714062064
5.71335436
5.719922881
5.8022541
5.788687712
5.634380942
5.701069223
5.713430467
5.585606338
5.54263388
5.578431337
5.527376035
5.518352717
5.656835343
5.697904273
5.686848243
5.779895549
5.72201719
5.816298389
5.851839234
5.856339625
5.948055404
5.854794235
5.724201225
5.779556385
5.904125075
5.650216611
5.627724891
5.685753074
5.78203299
5.593609621
5.674155292
5.732808145
5.685247315
5.758851062
5.722733968
5.763595933
5.666690588
5.735951409
5.822435958
5.777838222
5.709767829
5.744067549
5.70508361
5.631905283
5.611023565
5.635255419
5.625703381
5.733569467
5.597418035
5.531432639
5.48992708
5.60343891
5.683001595
5.701791984
5.588255709
5.550057664
5.610361158
5.593451931
5.516802806
5.528475831
5.492353206
5.504770399
5.537717702
5.547794285
5.504147078
5.513638673
5.607375086
5.626321588
5.60758865
5.528654934
5.504076285
5.574286519
5.646979267
5.751794156
5.608791598
5.479881378
5.494543308
5.590327512
5.579055668
5.480598084
5.507225408
5.578448962
5.45941089
5.315510316
5.452605051
5.447016862
5.578138479
5.574392536
5.595823695
5.525442363
5.463803811
5.433499044
5.312626204
5.462454133
5.446746133
5.486748871
5.672915346
5.625498622
5.642104404
5.509207311
5.492282656
5.45257221
5.640450891
5.590196899
5.572009709
5.52866788
5.518874926
5.489223823
5.507251352
5.628780903
5.554084729
5.537046814
5.608106947
5.565025488
5.773785793
5.801083199
5.573729239
5.55320305
5.575915622
5.559560241
5.483251538
5.623614738
5.642736619
5.603689978
5.614309696
5.642476734
5.577643399
5.591510964
5.554998978
5.586280506
5.608279833
5.77080421
5.760070139
5.783501796
5.584363763
5.650631009
5.71276702
5.636332504
5.682628409
5.60664231
5.613824611
5.729997413
5.663836451
5.656407062
5.712145596
5.563844599
5.455663936
5.467716073
5.637749915
5.713917303
5.69874652
5.544762849
5.637706117
5.694827978
5.518272396
5.541260124
5.629520459
5.618784632
5.593048393
5.668680997
5.646012538
5.499336789
5.54583962
5.715549856
5.718066068
5.654643654
5.643242797
5.607392405
5.598916398
5.56133653
5.551711939
5.482890522
5.534296931
5.442931821
5.502513543
5.476387266
5.535766467
5.599758481
5.614306106
5.569934842
5.682608273
5.665662857
5.620091097
5.642737437
5.839018659
5.937849288
5.824384227
5.770217908
5.637870892
5.63433825
5.501495852
5.470447511
5.512296191
5.436786821
5.600997298
5.596613947
5.698315586
5.530556911
5.56309852
5.561276696
5.596434533
5.760505035
5.797670447
5.702007783
5.678265937
5.565023813
5.600190527
5.622033953
5.585745625
5.678118315
5.648141915
5.440316848
5.569815278
5.586340025
5.609039909
5.61583513
5.733853928
5.694250096
5.774526998
5.764563156
5.684548777
5.608435588
5.570492985
5.647678575
5.605368398
5.560385369
5.668065135
5.696161771
5.77456849
5.666684819
5.635367254
5.618510567
5.593861152
5.57175773
5.650831915
5.619328179
5.577992979
5.721037532
5.731093701
5.563202005
5.615741034
5.590505675
5.727295802
5.73896722
5.733212799
5.623967727
5.624304978
5.503821582
5.534731434
5.48575562
5.56145155
5.571337657
5.58308808
5.674035846
5.473602473
5.490480921
5.447525612
5.527664668
5.588309361
5.55860017
5.410909631
5.577336329
5.580178365
5.729341823
5.740134087
5.746093701
5.608164342
5.605441631
5.615905954
5.608217197
5.608568067
5.708979819
5.778368242
5.497924378
5.522114715
5.533182428
5.524921552
5.492609763
5.581995139
5.47621702
5.662395826
5.561532056
5.528190674
5.54683984
5.467470197
5.549321845
5.733928959
5.664758076
5.703412245
5.459930901
5.536123597
5.485065991
5.495583408
5.618518063
5.681390933
5.798686727
5.664400277
5.696080571
5.671305461
5.805613112
5.524536574
5.556689238
5.538641002
5.428285468
5.36246958
5.502024135
5.505387427
5.527046497
5.576996652
5.701236794
5.747457982
5.615162465
5.549127102
5.698657603
5.512944607
5.630618766
5.679540849
5.583006875
5.539023968
5.560833081
5.681997468
5.65859747
5.637177379
5.655027226
5.628514815
5.570733114
5.538453896
5.561888457
5.58730175
5.453443009
5.644875101
5.694013806
5.642651778
5.639701056
5.772105497
5.536202602
5.586744064
5.615625027
5.5389645
5.644969221
5.530557005
5.655929911
5.759262128
5.635398693
5.652561027
5.848459892
5.74622571
5.55467722
5.583874763
5.815800937
5.766683703
5.822666634
5.633105212
5.695288954
5.728978807
5.675270362
5.440389922
5.44981566
5.517043392
5.514673961
5.607085532
5.607658684
5.571051608
5.61359912
5.620067998
5.523386275
5.525386979
5.46460003
5.549892244
5.601320047
5.724822325
5.713401496
5.693218464
5.761601837
5.57363782
5.563880014
5.591090546
5.497386806
5.385294199
5.594512347
5.64604726
5.745835484
5.761372603
5.764859391
5.761345512
5.739246496
5.601535631
5.580799142
5.510198554
5.556754085
5.547719575
5.471930667
5.444133348
5.489827145
5.570781894
5.563936215
5.653577303
5.487944881
5.448337091
5.507454804
5.47103276
5.492200271
5.514247267
5.435878922
5.404660529
5.515475717
5.548029246
5.421275978
5.476259857
5.508340152
5.563140549
5.619998819
5.782164804
5.57096314
5.528049053
5.680556435
5.566035829
5.559117696
5.693146899
5.674113581
5.598638899
5.673084259
5.535522792
5.603978266
5.597582136
5.641553746
5.585285605
5.618641462
5.580921253
5.4371616
5.541867005
5.569666068
5.560174433
5.608142049
5.886664907
5.765008172
5.570634071
5.534720395
5.575623965
5.58423476
5.62301549
5.487581032
5.433468997
5.578539091
5.580251722
5.564340962
5.685985731
5.667107651
5.786051665
5.6000877
5.750336593
5.93496863
5.951412127
5.874473302
5.64597801
5.811117443
5.864538775
5.788735814
5.594631153
5.416943156
5.382460328
5.412846591
5.435847016
5.36565222
5.344426778
5.370625528
5.372766213
5.347611395
5.268636244
5.432124899
5.436408313
5.471181919
5.519926333
5.608024265
5.56865496
5.460421821
5.521632876
5.506469745
5.483247029
5.531665516
5.486468864
5.568802525
5.620767178
5.565195422
5.535725113
5.638631973
5.58074293
5.469131773
5.567765632
5.457506011
5.549705876
5.587466302
5.598645669
5.622646828
5.569520504
5.678644376
5.575030175
5.580334896
5.51843387
5.676806829
5.781217586
5.70310017
5.605690882
5.473556127
5.601733995
5.483198508
5.664542319
5.676551301
5.671369999
5.706129815
5.725280467
5.736712619
5.658002318
5.59300438
5.73001276
5.617885214
5.68399109
5.688278586
5.749659276
5.794759478
5.77028505
5.701534039
5.623184526
5.627959707
5.465431312
5.508294503
5.575673208
5.627149024
5.612547091
5.601597365
5.621046411
5.523269301
5.52740347
5.735643577
5.675560587
5.735874141
5.764191427
5.660494808
5.601457971
5.718728055
5.818259921
5.679184407
5.69712279
5.532160565
5.509968637
5.725620027
5.827867392
5.794053141
5.687527422
5.590205907
5.568230813
5.662990387
5.641920936
5.677932614
5.655349923
5.570566227
5.619370918
5.517098694
5.534218234
5.643877344
5.627101988
5.641379677
5.572310196
5.584741411
5.505282702
5.472500772
5.410376499
5.51802042
5.608867513
5.706032799
5.736971921
5.68958833
5.801976655
5.740673429
5.620828064
5.688861412
5.655914429
5.594852603
5.58906154
5.537215406
5.699804544
5.599109035
5.606738473
5.635803141
5.575945786
5.728014051
5.549710217
5.468243513
5.38535646
5.524845884
5.525177112
5.568681962
5.525622622
5.467018505
5.578387666
5.540572551
5.678038792
5.729393024
5.552282792
5.533592912
5.39874617
5.556717266
5.695495808
5.674354841
5.680809084
5.573795013
5.569008889
5.564636956
5.546192548
5.443653674
5.534559107
5.567658879
5.532779507
5.618763325
5.681288677
5.576768643
5.615050817
5.472016635
5.534807747
5.634866858
5.674075368
5.686298204
5.548182268
5.546696451
5.640847902
5.595251551
5.613088601
5.588630697
5.629827421
5.527954962
5.548934133
5.567844645
5.673208726
5.731640715
5.653797129
5.705423294
5.51514804
5.741484829
5.618134048
5.549537261
5.563370832
5.456510579
5.483675014
5.615718873
5.406738555
5.366615314
5.437932705
5.424423759
5.393587594
5.542587018
5.553692659
5.632103621
5.685230226
5.64928034
5.456066153
5.638891581
5.801007109
5.714956284
5.739479248
5.620042196
5.585620062
5.560212343
5.47449975
5.495452982
5.493254505
5.360530239
5.405427382
5.597275461
5.628559023
5.69889315
5.694893628
5.645657575
5.494638887
5.440494566
5.648899052
5.564535458
5.686452472
5.603899299
5.631588754
5.686180722
5.618627109
5.60419592
5.579601462
5.649038223
5.637762463
5.609001555
5.60973442
5.610990757
5.519749077
5.54265386
5.570719435
5.723352447
5.593226808
5.665664732
5.670448668
5.61571245
5.615110935
5.631465975
5.503257262
5.459119644
5.417793854
5.402560462
5.506515173
5.63333962
5.699200951
5.682098723
5.549708972
5.657748761
5.717813686
5.727132637
5.625788232
5.533095626
5.657447824
5.724669545
5.570255441
5.741343904
5.86675137
5.863991418
5.646638901
5.5762344
5.469506808
5.488843573
5.611269243
5.673770167
5.7109936
5.689055392
5.737592815
5.766305746
5.68049368
5.784802726
5.757846427
5.686352492
5.618751779
5.542731775
5.890359003
5.669553051
5.518436465
5.647984359
5.706193423
5.634340333
5.741231766
5.547660782
5.558400084
5.5666455
5.579118014
5.554084163
5.457945416
5.429059147
5.430614064
5.578999402
5.541072625
5.62491769
5.875471197
6.019001572
5.541149276
5.517948653
5.635779519
5.582819885
5.578436346
5.676160812
5.747579278
5.831662255
5.802425974
5.689974652
5.605968491
5.677069883
5.699588883
5.619402777
5.594111725
5.76785431
5.634586668
5.584138631
5.559551743
5.551735601
5.492823951
5.612915667
5.596534415
5.569450337
5.508076557
5.618533718
5.636061372
5.674315868
5.708508408
5.656313791
5.609914998
5.532722027
5.491289303
5.523292937
5.393369136
5.413274379
5.515954663
5.513964098
5.420454825
5.516774419
5.554448385
5.590135184
5.371652536
5.450480055
5.561957681
5.548906263
5.555944695
5.640267352
5.531294498
5.473903936
5.485205573
5.477820076
5.47736596
5.618300691
5.718616304
5.618185396
5.524863663
5.668614725
5.612141932
5.642031625
5.66820598
5.526220956
5.65857027
5.686548816
5.710920792
5.638401579
5.606353847
5.540652846
5.556250136
5.48017223
5.555623833
5.532726808
5.431415354
5.428048314
5.514716775
5.576165738
5.644103412
5.720679599
5.670305224
5.666050783
5.630192771
5.580410529
5.601980401
5.498531797
5.570833093
5.594191596
5.430299888
5.426617724
5.533214661
5.576026661
5.648051462
5.58488117
5.609875944
5.720072198
5.846866106
5.844250378
5.727406264
5.481027981
5.517784535
5.551226028
5.655634036
5.567230562
5.559454478
5.786161849
5.797197037
5.638464138
5.715770574
5.552863599
5.442890383
5.548514557
5.650094659
5.70172
5.724237159
5.588376636
5.558554792
5.527173096
5.614098568
5.675435403
5.774321361
5.835096701
5.456160806
5.574143272
5.675533477
5.818849985
5.874639461
5.809997741
5.603067744
5.595973069
5.665088419
5.509711608
5.425875265
5.522315465
5.497110709
5.497191834
5.577608397
5.425887648
5.41700138
5.431269509
5.47262763
5.470993518
5.575698529
5.450101785
5.371123274
5.349102799
5.603750318
5.709640252
5.61079936
5.676699566
5.613022771
5.762527789
5.840406401
5.765641576
5.842236814
5.796367381
5.854374177
5.78985066
5.493883418
5.46829655
5.503686048
5.595905342
5.545874801
5.579267124
5.685923932
5.695596925
5.577754905
5.464887551
5.516927019
5.69130554
5.706199234
5.599362461
5.516844297
5.552961688
5.682423297
5.607272795
5.551854064
5.57921016
5.524592082
5.434606775
5.363802729
5.410422917
5.528718687
5.481615812
5.497912328
5.480140886
5.597422007
5.605628553
5.540349772
5.42233059
5.671197885
5.585532898
5.575669383
5.591157575
5.600805704
5.464359119
5.426224974
5.557660981
5.500429764
5.46790634
5.47833735
5.522673733
5.599720229
5.437318637
5.401024895
5.391889546
5.431786185
5.563254356
5.562591096
5.613837195
5.369059375
5.296224903
5.345118473
5.514915108
5.320427852
5.354221393
5.335835062
5.417355162
5.459718111
5.609171474
5.694896032
5.59874525
5.709847314
5.564207275
5.525583826
5.470413273
5.639333691
5.472366442
5.418380951
5.277037372
5.383670202
5.504316286
5.575924376
5.626778121
5.634211612
5.521642431
5.559804599
5.497450263
5.422792998
5.500264309
5.670613243
5.772025012
5.623882388
5.597267547
5.380374832
5.39601133
5.471619389
5.515107855
5.480315777
5.509767531
5.575700251
5.511481306
5.543053371
5.4881979
5.470936179
5.493214839
5.550213648
5.631177829
5.700084755
5.490374974
5.384072599
5.584038639
5.690850272
5.662719322
5.623537582
5.629708094
5.611259791
5.662708672
5.628796068
5.593505646
5.502772134
5.586421048
5.635629746
5.676262737
5.737135971
5.740370642
5.687950131
5.622540278
5.457082433
5.525453272
5.571680397
5.541642501
5.543431612
5.577039783
5.699898621
5.775634472
5.688945143
5.492951882
5.485595118
5.544913566
5.49755813
5.604623884
5.473741158
5.558206033
5.620721533
5.655415503
5.599227135
5.523407621
5.508803627
5.42530452
5.47552587
5.574743927
5.525620992
5.645558956
5.714733711
5.662390122
5.588451068
5.679816922
5.586556049
5.519673705
5.499552932
5.567890397
5.650808615
5.694169364
5.656587123
5.649019786
5.551836762
5.587622508
5.599085963
5.702241927
5.505340192
5.510606535
5.586194505
5.46332128
5.52391263
5.611472591
5.56998545
5.601271381
5.579717976
5.656384169
5.727358449
5.63402338
5.443862497
5.497736547
5.548587916
5.650150139
5.671254138
5.787515301
5.81382677
5.680687659
5.686038267
5.649066131
5.447957846
5.563278001
5.695286911
5.625769402
5.700407958
5.764072715
5.787101793
5.715734128
5.671559618
5.663461349
5.714905253
5.755288827
5.615110298
5.660002849
5.698980734
5.644313745
5.710340479
5.663476632
5.499153817
5.437539015
5.51797551
5.399182684
5.336045862
5.647365752
5.731105975
5.595413778
5.635518945
5.608410587
5.605157619
5.546504134
5.627900377
5.70909687
5.740973608
5.754757346
5.67999967
5.551625583
5.407210464
5.379172391
5.61444446
5.628530436
5.656195469
5.747263808
5.652071303
5.475980231
5.515278089
5.478162282
5.31898161
5.450531715
5.622115606
5.64484092
5.541159076
5.532446232
5.575238706
5.568395028
5.491344332
5.561790911
5.522910544
5.485608346
5.441570701
5.568140735
5.789101708
5.781300008
5.571572023
5.584012094
5.58526204
5.555572478
5.485081198
5.497126899
5.507910503
5.502256645
5.411519858
5.451318586
5.529083858
5.594514652
5.842880895
5.656124522
5.60961148
5.737303333
5.776975243
5.699417864
5.746066365
5.809690542
5.953733053
5.936069319
5.815291209
5.729743193
5.815519225
6.086405789
5.833828139
5.619403865
5.675638585
5.720161522
5.790826148
5.652899259
5.591223858
5.650809522
5.729908784
5.798428254
5.723164395
5.653617077
5.644001074
5.678032668
5.705727145
5.508445518
5.491232939
5.556753433
5.565941051
5.58047168
5.638858848
5.941522885
5.904326653
5.712397316
5.49559214
5.501272289
5.592092538
5.546711523
5.572518787
5.715112235
5.718029291
5.707895586
5.491907566
5.542996124
5.531230833
5.555444921
5.629397212
5.575617004
5.764994495
5.86463988
5.782836244
5.61008917
5.681886609
5.763329958
5.672722254
5.639581943
5.603571022
5.738395671
5.836151178
5.715729756
5.597453751
5.489512141
5.539156441
5.575978072
5.662330569
5.621004398
5.638054622
5.753056729
5.778450011
5.58084405
5.570480498
5.538116207
5.629169218
5.496137988
5.541362333
5.634486626
5.628091917
5.676141525
5.544924401
5.536450313
5.484715443
5.483222132
5.480388444
5.53045609
5.668024339
5.634730365
5.562373001
5.480477967
5.468598761
5.462612506
5.54384355
5.626118911
5.667931329
5.649437016
5.582702856
5.608330328
5.671590394
5.558046644
5.553387723
5.476867981
5.533009359
5.513551691
5.568495665
5.583638747
5.527268946
5.44210711
5.436444631
5.399423087
5.395543135
5.525336603
5.416649049
5.461044601
5.411565499
5.390822671
5.375809534
5.529687618
5.617091181
5.681529658
5.669071703
5.688019837
5.656440182
5.636667477
5.584760769
5.532377815
5.525276041
5.542789904
5.362477276
5.197580739
5.218658346
5.383769064
5.446905761
5.431440274
5.397249089
5.316785286
5.489630125
5.644766357
5.711640959
5.635312671
5.52843115
5.454398581
5.549957472
5.598619853
5.422228216
5.568612095
5.575742798
5.61674767
5.601366256
5.721978401
5.702291951
5.564817261
5.516926998
5.480369807
5.427840006
5.477518378
5.463024034
5.350833065
5.383704925
5.454697437
5.457403944
5.423306334
5.341380741
5.323741446
5.481439043
5.531611272
5.449950177
5.637122304
5.766511761
5.657042674
5.836478522
5.805766653
5.85036839
5.74047726
5.596631427
5.610021767
5.491167412
5.417367717
5.496838731
5.435652764
5.524216763
5.509618236
5.396368385
5.433184646
5.475488197
5.407834739
5.399499602
5.436788471
5.601951106
5.745259134
5.704213516
5.767080601
5.630850432
5.624179583
5.668697486
5.584920686
5.541376758
5.582352289
5.66591355
5.637715433
5.595697361
5.559325294
5.460417165
5.492556094
5.472883692
5.659709529
5.675125997
5.603627939
5.4569236
5.573739087
5.660293706
5.719776583
5.657867651
5.628221971
5.58395376
5.764211148
5.787658413
5.806884916
5.808282693
5.605279034
5.653957902
5.414317944
5.543593846
5.629588426
5.699658702
5.566192786
5.528097435
5.614681103
5.648278608
5.48698034
5.507589092
5.586591622
5.634394719
5.567899842
5.594471708
5.471347862
5.523932123
5.630682326
5.565683934
5.505394092
5.47219013
5.610671445
5.708163157
5.679835664
5.688990134
5.657947131
5.522196827
5.470989217
5.565207583
5.393587906
5.542300462
5.60512748
5.551969399
5.636761037
5.7221011
5.696404089
5.727119042
5.673042891
5.565349691
5.7142362
5.77384947
5.625030232
5.682445357
5.479865064
5.470546385
5.377968205
5.477282752
5.479231201
5.42148442
5.448615736
5.425441746
5.462429288
5.478356171
5.654083063
5.767544446
5.807739741
5.776423016
5.678648174
5.745700069
5.759056586
5.660649507
5.624591406
5.422360032
5.579980343
5.660370502
5.673808948
5.678480688
5.571702592
5.531149276
5.522024212
5.595882664
5.632693483
5.552096681
5.493148156
5.421310468
5.580624741
5.731978011
5.627887615
5.564417338
5.637967386
5.666440123
5.691360356
5.719104856
5.63875816
5.607089978
5.691420857
5.672801221
5.620625177
5.736574413
5.773005982
5.731681894
5.619512147
5.450703315
5.541221256
5.573938758
5.521110712
5.520196861
5.448053157
5.545412222
5.626869489
5.56958346
5.511981704
5.651961644
5.723261092
5.907975866
5.788983977
5.562852256
5.552894096
5.682578676
5.677753815
5.722870652
5.766861091
5.627767761
5.57945789
5.562066578
5.598506095
5.628219676
5.69984843
5.777609465
5.829920287
5.849272585
5.826337312
5.768903844
5.930800289
5.613895058
5.654508389
5.495083534
5.546715052
5.643234114
5.689771994
5.675042642
5.71153604
5.672106344
5.714604468
5.674281533
5.747221916
5.738332596
5.872763589
5.804555486
5.70294703
5.564183544
5.50539652
5.533680992
5.543039719
5.634868765
5.598485462
5.659049921
5.599317278
5.661750523
5.788029737
5.847648711
5.658429659
5.573930015
5.541861117
5.458147852
5.449507107
5.466053512
5.437263912
5.481771693
5.563772421
5.715050049
5.656174508
5.78860071
5.803769801
5.613621047
5.546135781
5.557837249
5.716360608
5.768438517
5.925507571
5.79517744
5.702723643
5.571904917
5.608968883
5.602324676
5.641394986
5.594068518
5.60243729
5.562029722
5.634457798
5.774777447
5.95765246
5.85039591
5.628898039
5.523055625
5.364355276
5.533683856
5.65096524
5.645238768
5.558994402
5.486748893
5.406948808
5.492511871
5.730090178
5.644076166
5.584372276
5.707678042
5.658753444
5.579134696
5.479735562
5.516633752
5.421928911
5.392101482
5.513983108
5.542069358
5.529513085
5.60324593
5.69339082
5.669599399
5.605560661
5.526068949
5.410016899
5.360037223
5.29121484
5.539627762
5.757914911
5.684132518
5.613954645
5.529158799
5.648282308
5.490514446
5.73270821
5.76651054
5.673121088
5.59419528
5.653462648
5.553674772
5.547917934
5.504172336
5.536933472
5.526994934
5.497750721
5.560783569
5.52444372
5.433377402
5.378744143
5.558416392
5.620614916
5.594148877
5.674431051
5.684941238
5.622407241
5.424647247
5.482359371
5.652770142
5.537968858
5.532994093
5.465923322
5.601013061
5.644538615
5.739118049
5.625600695
5.441617793
5.491769259
5.556905893
5.56492517
5.544843612
5.526633058
5.488910293
5.410178598
5.505185749
5.629170187
5.673223595
5.646941571
5.564830322
5.515187527
5.520867798
5.464714723
5.454546479
5.571731361
5.594367113
5.57673842
5.603287305
5.558036245
5.626984867
5.468885768
5.507960999
5.48247552
5.45755908
5.446250442
5.459013765
5.664638642
5.714837247
5.558302101
5.512569757
5.603672301
5.432806102
5.472847993
5.593793937
5.390599921
5.34661943
5.446475821
5.566291678
5.598481181
5.648522568
5.673024963
5.63252834
5.588785498
5.610736108
5.558932482
5.50935328
5.520945468
5.756179853
5.736430228
5.535626912
5.613113794
5.543394755
5.634847294
5.569594545
5.480492215
5.531724589
5.597343585
5.522745185
5.648800653
5.778671177
5.709713604
5.640060901
5.663150617
5.608802091
5.66704796
5.602463203
5.581662275
5.409105387
5.365258448
5.544525059
5.418010929
5.434833938
5.431069356
5.451840022
5.469168811
5.377712821
5.429649646
5.533469367
5.465145998
5.510484079
5.64741803
5.778195368
5.783290013
5.702437042
5.537326239
5.547360345
5.555989261
5.549890163
5.554772006
5.713594087
5.620937171
5.644271383
5.606809713
5.560245838
5.567930845
5.61006892
5.692537109
5.521596436
5.51041704
5.529154929
5.550854755
5.582611048
5.552032481
5.569165286
5.520727608
5.446494779
5.372064
5.304672235
5.60790014
5.56916128
5.648213392
5.814751918
5.648417751
5.622671045
5.669603578
5.610255527
5.578300814
5.653052572
5.633669036
5.658796447
5.539002936
5.615014979
5.697426355
5.575225742
5.560161194
5.702641113
5.77051968
5.821181289
5.610711254
5.570073709
5.491867145
5.69863377
5.767913212
5.783713993
5.699073109
5.685913341
5.651578567
5.763379644
5.812958885
5.816192369
5.663694092
5.50625024
5.537614315
5.529402376
5.66581079
5.683816753
5.774511311
5.616095147
5.60697603
5.536132718
5.610521331
5.783967054
5.785619406
5.791131497
5.761004141
5.693064589
5.662788619
5.708628579
5.676957194
5.654467325
5.75665317
5.699815376
5.603508929
5.584571603
5.67066026
5.672863405
5.602738322
5.603899262
5.567854539
5.838614872
5.79151689
5.724910681
5.653678371
5.574548047
5.538557729
5.466720598
5.547668599
5.700758008
5.671085475
5.602230097
5.582089754
5.659932325
5.685202041
5.713291857
5.662666918
5.587006773
5.540464142
5.635485371
5.599564543
5.511129746
5.531578073
5.830775752
5.845020596
5.683625888
5.50268126
5.358929482
5.357646054
5.459985668
5.514956431
5.560016021
5.592510084
5.679721582
5.643092948
5.605899407
5.511107672
5.654094693
5.735623557
5.801006377
5.612079524
5.739192407
5.741404137
5.716016859
5.707094535
5.780814279
5.710187947
5.88392868
5.87276984
5.85367894
5.8482078
5.594914615
5.620293748
5.6251043
5.671848237
5.754605671
5.81022048
5.713860681
5.723367573
5.688391509
5.643468378
5.652929829
5.717541186
5.689013302
5.567784759
5.685750832
5.629758357
5.588946895
5.6335726
5.681338711
5.566999396
5.514084748
5.484807498
5.656073
5.708408414
5.806144389
5.716342585
5.572470624
5.441841649
5.569380216
5.680518075
5.579483606
5.701880898
5.657854373
5.651670247
5.635964428
5.591201548
5.619505372
5.743992942
5.65428922
5.589109975
5.626073634
5.638853355
5.643103115
5.757438123
5.75576276
5.596028838
5.626785828
5.668187553
5.512247325
5.579909012
5.530658748
5.536452998
5.468424085
5.398092644
5.410769993
5.492128266
5.635622972
5.681164269
5.621210938
5.658507047
5.501770274
5.444606753
5.463623393
5.483763531
5.598687618
5.55567173
5.543337541
5.544975375
5.409164993
5.459712007
5.375839374
5.319527638
5.461528551
5.660932079
5.645511371
5.656321461
5.623636974
5.504765315
5.622454408
5.609597415
5.641423336
5.561240305
5.492552556
5.540957089
5.57821111
5.483788892
5.589553547
5.557005489
5.517369574
5.410248964
5.552021808
5.661001045
5.636110371
5.61419799
5.537183221
5.455946164
5.438601551
5.451669479
5.528051655
5.490104073
5.557685868
5.571193751
5.548275127
5.45344136
5.394562
5.494091141
5.540486156
5.760318713
5.784511869
5.669317671
5.44740071
5.440433842
5.489660275
5.494260017
5.426614764
5.474363524
5.541444732
5.627968296
5.674224495
5.435909167
5.338498255
5.451791371
5.45272777
5.281206255
5.355703036
5.465026989
5.45653268
5.434955039
5.479101489
5.461803688
5.4782632
5.454121568
5.561108573
5.656720917
5.569137973
5.565787439
5.620327562
5.597149762
5.586378715
5.521574958
5.57483187
5.577629617
5.486087549
5.436011848
5.562463365
5.657130437
5.622976038
5.547111742
5.388319506
5.434467253
5.547130223
5.410258043
5.406796956
5.516197301
5.609390671
5.60308686
5.393573924
5.403357292
5.539949513
5.617065716
5.4274819
5.465434091
5.636945184
5.765087452
5.55815106
5.510730484
5.399999252
5.520879436
5.5761976
5.613540529
5.464898759
5.543870855
5.570324817
5.55568161
5.60234036
5.610401117
5.564959476
5.479991846
5.501405755
5.598502372
5.599320789
5.595897298
5.597846937
5.551353221
5.506859401
5.475615482
5.538116537
5.33816309
5.361338323
5.314954884
5.325276849
5.44149506
5.419664998
5.431581366
5.445023441
5.576118484
5.594822192
5.419407316
5.437651459
5.32489269
5.404807146
5.448401277
5.426004783
5.425169277
5.614489918
5.58333733
5.524285418
5.670598499
5.809959478
5.568912586
5.825495195
5.591471871
5.631493707
5.574553197
5.710486224
5.714662536
5.741173715
5.779134144
5.770799517
5.713436906
5.627705027
5.613291217
5.588099593
5.628056855
5.401956149
5.359101059
5.458451613
5.646715053
5.754886202
5.848690761
5.620147325
5.752743852
5.489058049
5.410450279
5.516562576
5.617051299
5.565072469
5.598149403
5.588721596
5.459340153
5.4181809
5.384335061
5.551537271
5.6083374
5.617696726
5.648466531
5.501323831
5.401870788
5.406227109
5.550555027
5.548678545
5.443984467
5.415317382
5.420775455
5.488657055
5.528287067
5.714298899
5.534675981
5.451313777
5.530880781
5.619183858
5.563552916
5.568438626
5.503478551
5.566978908
5.386420106
5.36277389
5.600740027
5.69664791
5.616138941
5.372426395
5.510444158
5.592948314
5.539578673
5.5080951
5.675491191
5.557446198
5.665532539
5.547499246
5.727471432
5.744416123
5.743259418
5.76072928
5.78245516
5.644235411
5.693654817
5.591048687
5.600687639
5.561181968
5.474999675
5.813966425
5.707464655
5.640696428
5.570735485
5.536844197
5.519269974
5.556857004
5.458687383
5.458042446
5.496290846
5.61531995
5.682058881
5.596877951
5.498597811
5.680707093
5.693473293
5.716877704
5.645636979
5.798751116
5.848891402
5.653882762
5.603560629
5.479337068
5.490964708
5.545403697
5.610824901
5.472638283
5.489964105
5.445155869
5.447074246
5.671234253
5.494683949
5.53918616
5.655930614
5.550150361
5.458227342
5.489602723
5.674755984
5.617256827
5.563055989
5.772653113
5.696909535
5.692964222
5.537114455
5.579175931
5.650801522
5.684437433
5.713676355
5.72159081
5.584952689
5.529448408
5.775032306
5.639243162
5.487166934
5.410602008
5.477674529
5.613292882
5.610466806
5.746693486
5.773531027
5.761737818
5.584605309
5.542805935
5.508381257
5.528114477
5.622602958
5.63264103
5.689058494
5.763523779
5.73266698
5.832462081
5.648011311
5.519250146
5.446365885
5.447034891
5.477951562
5.542435491
5.540726167
5.721819658
5.722691455
5.592153928
5.625676391
5.596655659
5.532777378
5.570937052
5.670120547
5.584971138
5.696467336
5.76537273
5.64882621
5.578334976
5.67375152
5.736322101
5.652491112
5.575763543
5.625754952
5.703514148
5.629331718
5.600622694
5.662427491
5.593555889
5.804206611
5.735647163
5.517716902
5.505287332
5.571907125
5.603326484
5.595063403
5.569521797
5.617055737
5.709605001
5.635494295
5.720680238
5.680218818
5.68859158
5.517765837
5.430705269
5.425294365
5.552291333
5.61691075
5.683687278
5.63607658
5.63559267
5.65359805
5.576457407
5.561977399
5.573279458
5.467344881
5.441876342
5.375163135
5.427142216
5.465241278
5.387671538
5.563573824
5.765077283
5.709756727
5.504757585
5.359304108
5.491610761
5.578173313
5.449327347
5.470284357
5.4428159
5.543060795
5.495087239
5.602479544
5.557672228
5.597103545
5.454856835
5.541638035
5.457974646
5.307102394
5.38882893
5.386326275
5.548361087
5.512719306
5.536460592
5.505451858
5.40579592
5.351976227
5.460103109
5.455204889
5.525652024
5.670293856
5.753386759
5.755731538
5.807670707
5.683152447
5.608065323
5.662430333
5.681558886
5.706461106
5.826103614
5.545448763
5.507328742
5.566363558
5.49089991
5.560339718
5.757612884
5.655161926
5.721889001
5.672341592
5.528444982
5.624344659
5.53962722
5.524386893
5.556926322
5.506028543
5.453457838
5.620696427
5.776124224
5.697692876
5.51551241
5.567567533
5.478564563
5.407947588
5.531577642
5.68484786
5.737022496
5.608329443
5.518044838
5.481779327
5.449946364
5.514673787
5.541929225
5.549230721
5.577536614
5.573657022
5.555243413
5.408130852
5.531559782
5.687104016
5.653714976
5.570182954
5.637724241
5.779108018
5.717411252
5.609326261
5.511441305
5.479821229
5.409941426
5.403878263
5.325302533
5.385431223
5.441668816
5.427218494
5.579687392
5.603078285
5.531424589
5.72271283
5.646837116
5.482797186
5.566350988
5.519736488
5.497687266
5.504264525
5.678578967
5.557299592
5.505334076
5.379053005
5.616382998
5.627679853
5.685409925
5.56446848
5.394546809
5.617294221
5.579981453
5.564283723
5.715918371
5.761411811
5.736449895
5.618804619
5.518466779
5.583179819
5.714420559
5.629889805
5.55012498
5.50886527
5.510304386
5.599691738
5.7636972
5.611748547
5.648264984
5.70490325
5.766760322
5.485957989
5.494278608
5.537829463
5.467680429
5.406825268
5.494574266
5.650788718
5.6294863
5.548830925
5.540253795
5.668650277
5.549305004
5.59834375
5.64744874
5.651607381
5.39279311
5.348254369
5.550260046
5.719386252
5.465723096
5.50539242
5.282394358
5.389336954
5.488404562
5.496131378
5.517938521
5.558777703
5.714943029
5.847254006
5.623062703
5.63080983
5.609988108
5.466413261
5.488425041
5.394810589
5.609137344
5.604860158
5.458800146
5.482658728
5.599634931
5.51764692
5.619142979
5.564233724
5.544954977
5.609675162
5.78811624
5.822451223
5.743221146
5.587921182
5.764914968
5.689224181
5.677223102
5.636393449
5.736405393
5.615721928
5.629776637
5.636307282
5.53323431
5.503030823
5.48475163
5.493721462
5.469881775
5.597793382
5.686513277
5.43131276
5.49216137
5.469438337
5.529286382
5.536332226
5.440634233
5.567863086
5.754813649
5.677587726
5.425800053
5.52102476
5.797941791
5.802549094
5.717600921
5.715759922
5.643594037
5.591508886
5.606757064
5.545273096
5.404432846
5.561147986
5.651251259
5.643634931
5.634497955
5.711534183
5.740153414
5.725400756
5.586310972
5.523395698
5.636596611
5.721842855
5.724871307
5.775711592
5.736952931
5.728897311
5.767358861
5.747602193
5.817960755
5.787255695
5.794898532
5.739610369
5.510818015
5.402029772
5.424892347
5.641184794
5.630748819
5.499162106
5.427459185
5.576923972
5.618086798
5.681529642
5.565919189
5.591999856
5.57153029
5.591297337
5.561687725
5.688341628
5.77186297
5.822292106
5.689924397
5.692263409
5.713295713
5.711374321
5.67710709
5.501426685
5.578471524
5.738035315
5.643865844
5.57440641
5.504992906
5.639760419
5.643704618
5.746574823
5.677852848
5.602710705
5.628444766
5.674398025
5.565928128
5.508694746
5.643104747
5.650049767
5.590480555
5.663711383
5.54322247
5.572406728
5.557105782
5.534267537
5.644403262
5.679597563
5.87638482
5.777801652
5.689355133
5.580597387
5.594592172
5.653547383
5.569483803
5.439820826
5.427144497
5.523860499
5.565736628
5.627137378
5.597349012
5.538831408
5.645355165
5.827820882
5.770233501
5.837985492
5.873729168
5.710804115
5.607844824
5.782557936
5.711096976
5.714332468
5.753890311
5.660545704
5.764458126
5.817732488
5.553264961
5.541593385
5.663465158
5.615427416
5.539292236
5.682753222
5.514306595
5.687165229
5.639605884
5.52156724
5.552561398
5.438831468
5.516568312
5.550353693
5.475602043
5.416437545
5.324347672
5.368269156
5.510637699
5.560526557
5.707881085
5.776481712
5.714397822
5.559704423
5.4934942
5.420510228
5.588829925
5.678744793
5.558212051
5.518221394
5.566223364
5.742740732
5.597893925
5.475668506
)
;

boundaryField
{
    xPeriodic_half0
    {
        type            cyclic;
    }
    xPeriodic_half1
    {
        type            cyclic;
    }
    yPeriodic_half0
    {
        type            cyclic;
    }
    yPeriodic_half1
    {
        type            cyclic;
    }
    zPeriodic_half0
    {
        type            cyclic;
    }
    zPeriodic_half1
    {
        type            cyclic;
    }
}


// ************************************************************************* //
