/*--------------------------------*- C++ -*----------------------------------*\
| =========                 |                                                 |
| \\      /  F ield         | OpenFOAM: The Open Source CFD Toolbox           |
|  \\    /   O peration     | Version:  2.4.0-MNF                             |
|   \\  /    A nd           | Web:      www.OpenFOAM.org                      |
|    \\/     M anipulation  |                                                 |
\*---------------------------------------------------------------------------*/
FoamFile
{
    version     2.0;
    format      ascii;
    class       volScalarField;
    location    "0.001";
    object      Ma_O2;
}
// * * * * * * * * * * * * * * * * * * * * * * * * * * * * * * * * * * * * * //

dimensions      [0 0 0 0 0 0 0];

internalField   nonuniform List<scalar> 
5120
(
6.277250441
6.050210547
5.531720353
5.579182911
5.667144799
6.027426312
6.049790341
5.75027146
6.200535171
5.950412179
5.693320799
5.738675949
5.679576248
5.523803839
5.398229464
5.661760273
5.671756574
5.731588768
5.933903247
5.999597476
5.705905424
5.860146253
5.811863889
5.901366237
6.006581688
5.74500621
5.82685033
5.9813834
6.379012114
6.12575202
5.970211234
5.898165297
5.65591653
6.147707725
6.060941125
6.09765374
6.224905686
6.101783093
5.572476935
5.956382373
5.564642261
5.559002997
5.919181992
5.925212984
5.79518334
5.896428357
5.605389055
5.756872698
5.815064858
5.973334753
5.946751686
5.993964205
6.352531674
6.479274413
6.052017702
5.944382593
5.796853898
5.849853776
5.788329794
5.559632723
6.095496529
5.591732059
5.594951281
5.453670401
5.581126813
5.821723612
5.877389481
5.868929744
5.764020266
5.7144015
5.636586504
5.531852502
5.228202661
5.493138587
5.535006582
5.947187679
6.265058985
6.146030745
5.978353985
6.124375526
5.768415562
5.906253718
6.194822462
6.412196285
6.370307393
5.994113561
5.56900598
5.640957211
5.722637797
5.824902194
5.900623027
5.872880748
6.084666221
5.864137994
5.819542956
5.794878055
6.134340684
5.988102748
5.718458635
5.603120593
5.453325981
5.684540791
5.732382118
5.746725937
5.828541106
6.051332548
5.926831506
5.853727612
5.944127553
5.896997345
5.859058003
5.917461966
6.2472746
6.212531766
5.801233478
5.657528164
5.755430351
5.878720991
5.705451165
5.520088305
5.959488332
6.197567259
5.861174364
5.729173368
5.905584649
6.372112796
6.023188239
6.398126042
6.216052197
6.124337989
6.032613424
5.863171744
5.758739666
6.251389625
6.424144159
6.199294946
6.176266788
5.848761564
5.924276441
5.876361495
6.294883695
6.044956254
5.880440518
5.85162265
6.031878049
6.122271139
6.066175273
6.153361389
6.156446857
6.175185967
6.011247867
5.593493561
5.568793034
5.762803479
5.864159172
5.954740823
5.959651806
6.320602283
6.277846155
6.203321529
5.978398038
5.923866455
6.428827541
6.290857623
5.968833189
6.186699454
5.942288383
5.712890738
5.43901765
5.571798772
5.602122173
5.6399585
5.83855528
5.740306563
5.809991201
5.721857426
5.70678461
5.882018275
5.918385594
5.922651368
5.754591351
6.101889162
5.962639521
5.684815278
5.719469896
5.947389652
5.891030177
5.746950272
5.888549838
5.853143326
5.92016576
6.084428146
6.235005395
6.072193636
6.163104834
6.173760876
6.127638813
5.795468632
6.05246993
5.886465685
5.847129995
5.693599119
5.752477248
6.358819449
6.3148082
5.839743496
6.002022694
6.013724994
5.509315882
5.509325275
5.709609076
5.976857512
6.143414045
5.713000642
5.564894274
5.724521882
5.881236508
6.213820225
6.046391925
5.834583663
5.933131677
5.802781631
5.804460517
5.582891038
5.921005141
5.978526942
5.654151663
5.767606525
6.000070497
6.246068082
6.385834516
6.227783506
6.03946355
5.82157532
5.816984576
5.56015198
5.513069649
5.773314323
5.956464206
5.929994849
6.024340589
5.503730486
5.233119313
5.426537309
5.735633633
5.84210415
5.62375963
5.558502752
5.611096344
5.599034064
5.922566787
5.95641129
6.168514001
6.032322738
5.746318085
5.707945948
5.622967179
5.445380234
5.67699703
5.878306581
5.470740088
5.416839409
5.910696446
6.251689215
6.188486543
6.064539685
5.62461703
5.710447713
6.165369178
6.462050557
6.028853499
6.307758245
6.341398426
6.149300384
6.135966746
5.94652859
5.656123997
5.767534114
5.73611838
5.628888364
5.245978233
5.59467202
5.959236744
5.95950542
6.149166097
6.413813263
6.290282754
5.878099404
5.68425187
6.197677724
6.357178468
6.156095559
6.046543952
5.748027442
5.676413985
5.811919357
5.766450919
5.944314297
5.760102911
5.630466032
5.853744786
5.578839779
5.609019621
5.53889311
5.725671399
5.991681432
6.029831614
6.107782704
5.861992121
5.65907027
5.884047121
6.326930166
6.107419002
6.064488032
6.278412989
5.881869895
5.696557389
5.576344753
5.707821456
5.951698785
6.33665676
6.068312131
6.036181593
5.949545144
6.004304933
5.846025007
5.995688468
6.206300431
6.268724395
6.32760863
6.271150688
5.747960532
5.591700664
5.549993066
5.8743755
5.726922339
5.462538199
5.664555254
5.9441842
6.136782448
5.980515451
5.98995106
5.999195857
5.961722256
6.125297953
6.102825477
6.142853193
5.982115137
5.811381217
5.886843495
6.102069122
5.955105912
5.739324615
5.70217237
5.739997475
5.826502485
5.846051136
5.694185575
5.758056592
5.615914725
5.987707826
6.14954352
5.889180251
6.084310648
6.256541027
6.322935297
6.255908198
6.176286101
6.017250344
6.054643137
5.865441026
5.917430428
5.934189765
5.865826463
5.773892834
5.644511979
5.71226382
5.660080272
5.829474199
6.006260805
5.789155446
5.739432923
5.783423675
6.485751069
6.051781039
6.070133902
6.171082155
6.14032738
6.212956591
5.975981359
6.353518605
6.403795656
6.025642435
5.869291774
5.959731413
6.302223075
6.507619894
6.260220503
6.11189595
5.890099203
6.233660315
6.11572531
6.007537189
6.032213228
6.166653476
6.005657591
6.323973255
6.075248556
6.079929857
6.180471013
6.18783741
6.414388966
5.718473742
5.821351306
5.86670579
6.006979962
5.850819108
6.023722971
6.206604188
6.281707957
6.004376407
5.917663148
5.996781213
5.924984261
5.76533411
6.036244222
5.861931305
6.012221055
5.818975838
5.457820653
5.500712407
5.730342576
5.764235464
5.838685792
5.903132877
5.686690102
5.600413222
5.850311707
6.190420737
6.17470769
5.895252842
5.830715434
6.050438773
6.263880615
6.058257105
5.584345029
5.739763539
5.918776609
5.979119325
5.863258139
5.870007413
5.60642095
5.260925989
5.394918257
5.504988412
5.682461553
5.750338133
5.890973168
5.920374381
6.009341393
5.957291279
5.944555813
5.986467095
5.962092769
5.913786725
5.891254101
5.975328287
5.738263582
5.745803528
5.812637979
5.651590819
5.865222316
6.080523823
5.715119382
5.707500654
5.777533052
5.909814508
5.8898233
6.180148062
6.112361831
5.72892172
6.013038613
5.863778523
5.711490285
5.809084444
6.033988524
5.845283884
6.060609786
5.674472791
5.669697765
5.795787808
5.64935574
5.656861688
5.940449839
6.055487759
5.973810432
5.903693852
5.794924995
5.689757319
5.632948153
5.748158875
5.66060703
5.613100426
5.810054686
5.927978811
5.893159329
6.150796307
6.104573251
6.093888349
5.944952149
5.435733434
5.532140863
5.704797888
5.410028126
5.636085614
5.881490967
5.987746111
5.934973203
5.737348619
5.71243495
5.759946779
5.622438397
6.047143759
5.607280375
5.775347555
5.864479245
5.703533471
5.941271153
5.915220619
6.037615634
5.853041992
5.884032098
5.43877078
5.661672221
5.953753985
5.817463671
5.575813774
5.792062074
5.846308624
5.856321954
5.544813771
5.973692665
5.747677074
6.092696169
5.550417162
5.691709982
5.954590253
6.140524306
6.040249763
6.073241924
5.979626109
5.720671034
5.526014167
5.797278517
5.934320734
5.97841353
5.703924549
5.479350118
5.800852708
5.82721763
6.114573968
5.983024939
5.956514843
5.784956605
5.658824637
5.644361979
5.874334368
6.016703514
5.763889154
5.579668667
6.114505757
6.030152603
5.776177374
5.750152479
5.993068763
6.339390544
5.748191964
6.03943451
6.354628376
6.526983605
6.480821499
6.870514237
6.665658493
6.26203432
6.064718019
5.779930861
5.885482192
5.760421445
5.874769708
6.02674645
5.695258967
5.623290052
5.945777438
5.939952558
5.7990321
5.922349623
5.704651846
5.399053979
5.576277521
6.071364233
5.484267209
5.300910058
5.438301961
5.609450814
5.457953189
5.608755879
5.432769086
5.725133775
5.8695089
5.748974923
5.696995788
5.711912979
5.578705487
5.767277604
6.262873595
6.000195747
6.081523094
5.865165459
5.653405719
5.552110714
5.535478768
5.631423585
5.464364878
5.641099117
5.698173582
5.866023505
6.211886589
6.529305589
6.442877114
6.001119027
6.050329937
5.911276927
5.981080866
6.123932392
5.742346755
5.729585021
5.802732248
5.72888067
5.500100485
5.520361391
5.717356992
5.797936467
5.828093731
5.854512368
5.849718021
5.824293903
5.881335643
5.910868642
6.071345825
6.395930895
6.314277037
6.030467066
5.844601877
5.654527854
5.546142794
5.638239006
5.775934841
5.235340992
5.521477169
5.418908739
5.960292714
6.041006047
6.019342284
6.080116162
5.755151398
5.687136564
5.462878805
5.779146032
5.964103557
6.009172378
6.033498435
6.034512485
6.047096274
6.036745351
5.943523619
5.904231764
5.823033712
6.294082057
6.429974809
6.097943493
5.956862097
5.941899984
6.175719161
6.326222539
6.048529585
6.175621091
6.092782346
5.792100481
5.857214876
5.648245036
5.415222321
5.853202088
5.909820812
5.800758784
5.722608274
6.131473607
5.936327928
5.952777016
5.848927375
5.934988787
6.020436915
5.978683322
6.151723262
6.066791956
6.090830236
5.929053085
6.161141057
6.373056817
6.141089235
6.264059836
6.073730216
5.528846734
5.743648048
5.79078789
5.889932103
5.647359478
5.634467659
5.548211538
5.698134921
5.686776995
5.933741098
5.897347087
5.798334587
5.533466837
5.460336188
5.907432314
5.915493498
6.14155258
6.190172352
6.090987827
6.041403397
6.473408729
6.294115596
6.049815
5.711885184
5.45617717
5.659460141
5.944426057
5.992075116
6.053710696
6.0129311
6.002143231
5.734294451
6.019709575
6.030021298
5.922347403
6.095563458
6.014440329
5.925650833
5.999690403
5.793108568
5.77974113
5.834347597
5.762541166
5.77178801
5.830703294
6.012386924
6.135777973
6.111155594
6.081953378
6.020122747
6.088272083
5.924576318
5.932574237
6.072286297
6.216614033
5.941940354
5.69479742
5.773141424
6.024336483
5.927955529
5.830680463
5.843083767
5.931175496
5.866060159
5.553832928
5.860237232
6.054355299
5.750331703
6.033799809
6.271003007
6.035865528
6.083004753
5.93798033
6.074300346
6.09377683
6.022941659
6.201599736
5.976717295
5.889191199
5.993117847
6.04899633
6.221433104
6.252077757
5.761288747
6.021393736
6.063163094
6.036307058
6.158568003
5.951406225
5.465591676
5.610179808
5.795396218
5.953698475
5.934802678
5.923818067
5.823125824
5.760445116
6.016014625
6.245277638
6.277833241
5.866833065
5.654775023
5.403271723
5.748577997
5.820742857
5.927657957
5.999358
5.82317729
5.768460038
6.042347812
6.147263684
5.995088217
5.987082682
5.972542256
5.986940266
5.861393381
6.212160965
5.795043568
5.720191975
5.912746255
5.833230192
6.157623075
5.92091274
5.852503397
5.687124807
5.590819356
5.828515695
5.666239245
5.939027105
5.835346398
6.130356658
6.220016458
6.321497259
6.34960531
6.319164385
5.979978049
6.09878225
6.124298434
5.95498621
6.0559903
5.880301106
6.032706657
5.99691701
5.876928145
5.451418569
6.016673463
5.635599203
5.747286118
5.730294697
6.072731741
5.84487518
5.793220893
5.772139954
5.640663146
5.729950768
5.864515391
6.350040862
6.34807544
6.269617498
6.036858121
6.139367455
5.860124012
5.683460108
5.668659224
5.71130755
6.276054059
5.970466942
5.912606135
5.354350447
5.838965602
5.788873978
5.949946451
6.031665278
5.987156639
6.331998287
6.164460471
6.146550326
6.09902446
6.10684095
6.209499872
6.039668509
6.141451828
5.804915709
5.95477835
5.99845452
5.910942389
5.966129569
5.990141468
6.044534282
6.122067249
6.331968148
6.461005107
5.830403571
5.841693739
5.854299729
5.902433383
5.825803293
5.781497044
5.859984405
5.642928797
5.923275081
5.87266592
5.978452049
5.947121109
5.919131587
6.250615912
6.34173338
6.365281127
6.044013655
6.130079136
6.093611348
5.895064172
5.833149004
5.920733703
5.620223885
5.598031008
5.902301667
5.801588771
6.163267098
5.71252517
6.040663262
5.967944416
5.88737484
5.905897701
6.023118152
5.947556782
6.017887389
6.190538959
6.081369774
5.684315954
5.453375365
5.827898214
5.809422978
5.836445627
5.667472123
5.548587917
5.389539386
5.560874583
5.865227025
5.962488607
6.056608147
6.06819443
5.707258389
5.71823756
5.80394163
5.951332411
5.677825289
5.74256256
5.807301139
6.085384172
6.0963919
5.937107783
6.002975849
6.116027795
5.952972162
6.121469789
5.96330318
5.793559694
5.888816174
5.706965329
5.661175834
5.783387027
5.805496396
5.820077891
5.720816859
5.660473519
6.01699903
6.014678094
6.091468254
5.740718996
5.795481615
5.850328275
5.715721168
6.009477577
6.106738598
6.161931013
5.808727266
5.738993707
5.547662916
5.601261572
5.812217468
5.784355673
5.848508959
6.123030099
6.352917828
6.577293595
6.163683034
6.032511383
6.050424629
6.581105673
6.346733942
6.570122356
6.307208123
5.981802076
5.987826122
5.927985636
6.09566319
5.870948256
5.836419011
5.741017443
5.941868434
6.113477165
6.426800334
6.247895584
6.297120306
6.3740287
6.460635454
6.534277223
6.492084295
6.109603236
5.945402546
5.742692297
5.86766752
6.046941624
5.965041276
5.969598284
5.855998833
6.037270081
5.827846653
5.850447913
5.73643316
5.731101441
5.730779651
6.017907856
5.922662402
5.801376132
6.002505366
6.006350783
6.32119233
5.85449008
5.987272355
6.151177516
5.749356009
5.854631326
5.893451814
5.828178513
5.506052866
5.77536309
5.952857597
6.303297283
5.840610609
5.719333229
5.793596214
5.771485054
6.352225474
6.070286253
6.024432583
5.919604756
5.889866241
6.109499608
5.934708223
5.876673808
5.887100999
5.771821081
5.696194115
5.750306489
5.879614248
6.065725717
6.00900139
6.20323202
6.071204494
5.60640378
5.826824482
5.827240374
5.857409359
5.86074486
5.895573986
5.749476743
5.749359076
5.745434602
5.707824361
5.88566367
6.290845264
6.043894303
5.902003075
5.987916161
6.122530333
5.910278184
5.823006302
5.682144079
5.499474162
5.869503535
5.764645825
5.748837394
5.751512324
5.728774951
5.882346406
6.089209535
5.815827501
6.367429601
6.406158697
6.367567484
6.159082374
5.926354522
6.152500213
6.381443223
6.249807237
6.129529519
5.97924662
5.833409424
6.127845352
5.997463433
5.971812663
6.066154905
5.983459216
5.917790709
5.895134263
6.030474104
6.048674685
6.079433355
6.039648678
5.71042332
6.001641432
6.389351901
6.058067299
5.941491938
5.832832289
5.88288637
5.775168139
5.798335856
5.910099415
5.845322681
5.788531583
5.810421546
5.899444967
5.960759588
5.790659232
6.057685422
6.044014955
6.088576835
6.286755998
6.338065343
6.171575524
6.102790168
6.036686218
5.69097881
5.502732491
5.88719847
5.881330809
6.117193872
5.970946148
5.68706672
5.960919355
6.06931425
6.075142597
6.391974161
6.103689459
6.048100774
6.013335676
5.900537476
5.845883689
6.123293312
6.175565154
6.288991242
6.122942579
6.500743878
6.436073512
6.173525713
6.221764696
6.367371406
6.066200052
6.039150757
5.947763081
5.77814124
6.249707761
6.198153924
6.513623684
6.229041579
6.081239131
6.111596986
5.82525067
5.714727291
5.654383333
5.932129017
5.823342965
5.730511462
5.483195859
5.569542724
5.728578396
5.603049636
6.020409321
6.093728311
6.036724367
5.787623706
5.786497406
6.023735497
6.209704029
6.457547396
6.380410911
6.197922677
6.045726879
5.714909278
5.671064011
5.66914282
5.585660179
5.74871684
5.946358073
5.749609623
6.082876468
5.93024173
5.968758619
6.153774605
6.456137594
6.106909797
5.812877162
5.522810526
5.676789387
5.796592473
5.758993098
6.062265195
6.132284512
5.908334386
6.342710815
6.332328356
5.774025979
5.740049087
5.899385495
6.099010321
5.881742795
5.72734708
5.594310821
5.633122674
5.726345456
5.979245733
6.435774303
5.989084297
6.058934931
5.851750853
6.088445152
5.802035735
5.503724454
5.70799061
5.499263588
5.384877912
5.651615492
5.523541835
5.667532851
5.825601682
5.663266091
5.971507918
6.051755996
6.223046843
6.105167883
5.893230943
5.772925599
6.051837131
6.084863932
5.999421275
5.786372157
5.921803751
6.091878462
6.006521535
5.759906097
5.811548613
5.648580119
5.83765717
5.840545065
5.778780219
5.76652739
5.788930464
5.798972495
5.883450803
5.792559295
5.708047013
5.863945744
5.815150611
5.630162157
5.716101445
5.94292677
6.027668038
6.140497439
6.343688961
6.228007122
6.32348299
6.341785912
6.195589232
6.062184036
5.883504747
5.700376971
5.63159923
5.653661089
5.473474124
5.772656772
5.665898464
5.918733654
6.042055891
6.32551889
6.265338944
6.095550972
6.137424131
5.969719441
6.063062573
6.355614471
6.041541059
6.216376635
5.919096533
5.780492819
5.716370321
5.951616484
5.971565427
5.881729812
5.963673197
5.727294188
5.639435329
5.673742267
5.801763257
5.933468677
6.120532118
5.720478306
6.227382396
6.273458965
6.084139642
5.99735308
5.81399048
5.741219298
5.965450947
5.873605629
6.071583832
5.587244388
5.602533306
5.764220155
5.893748344
5.873383439
5.971458512
5.762662335
5.722635026
5.679375606
5.865370006
5.798663812
5.434235407
5.718147292
5.757925591
6.090145605
6.042243649
5.867958403
5.905875649
6.144828623
5.668430172
5.754675398
5.849320209
5.804000333
5.824389246
5.595734204
5.965023818
5.6962655
5.913563918
5.841496361
5.60207499
5.534415924
5.96376627
5.833868345
5.723713129
5.685157765
5.918095422
5.862645671
5.764882664
6.066247926
5.963634056
5.889019209
6.029666294
6.169882176
6.335259517
6.276425754
6.013732683
5.918773114
6.073665251
5.745697185
5.949092181
5.891534051
5.885309812
5.885090976
5.556019224
5.436436611
5.386577504
5.394485496
5.774909124
5.884191899
6.153054448
6.058694211
6.063833465
6.006351876
6.216344552
5.812901436
6.058993002
6.245855076
6.03979286
5.983717475
5.943710653
5.941969052
5.510339457
5.397258468
5.382344787
5.652895174
5.988799654
5.856464959
5.669092108
5.924490608
6.122963332
6.26142712
6.174909567
6.158126236
6.022539382
6.294822588
6.42061218
6.285602982
6.058222684
5.840973151
5.629523765
5.762443003
5.936163247
6.083270338
6.303907523
6.056303526
6.196696793
6.181373296
6.195492799
5.995942342
6.17200891
6.113181229
6.262474826
6.131584041
5.829643178
5.785503247
5.852017826
6.193748503
5.946914586
5.823397047
5.805319115
5.925074867
6.032057626
6.072793324
6.158743813
6.185570737
6.087566533
6.181145415
6.217603452
6.10105242
5.758789721
6.000751834
5.811434516
6.019208742
5.936236066
5.821970504
5.400910909
5.608702959
5.61021258
5.995276005
5.998990953
5.777133479
6.517522073
6.616976739
6.851250974
6.652404417
6.260755334
6.068130007
6.363032457
6.625419025
6.27676151
6.371671034
6.609757477
6.344660091
5.968671067
5.965982203
6.046537344
6.013962788
6.04391903
6.193503753
6.289596407
6.55819278
6.052445501
5.902401305
5.829975894
5.889418576
5.736956844
5.958833175
5.936586025
5.985716677
6.013847101
5.947340958
6.003813777
6.107311015
6.20805867
6.387322707
6.401566604
6.167823815
5.871096461
5.508202026
5.670874314
5.828001267
5.800765989
5.757498266
6.257475791
6.01491916
5.932554043
5.793451525
5.710753809
5.547815414
5.516039363
5.758080084
5.73601367
5.944915016
5.845953581
5.82338453
5.980810588
6.094782475
5.918538191
5.714774371
5.762969397
5.628261306
5.838092918
5.776194631
5.703977662
5.633284198
5.66301858
5.782076377
6.036040214
6.152624073
5.952309342
5.960825112
5.976565104
6.174415839
6.164092683
5.696079581
5.76153888
5.905180624
6.014086361
5.916157079
5.823266458
5.931810267
5.774093277
5.852917337
5.738558764
5.611490665
5.612998677
5.908191926
5.957121143
5.860598769
5.784316144
5.921709563
6.205703683
5.789292063
6.02152999
6.218432718
5.911178255
5.858679538
5.942462388
5.798439635
5.8601948
5.787993208
6.067811844
6.171219902
6.016239976
5.756799005
5.755547903
5.948011666
6.148598468
6.170333871
5.868212406
6.08285862
5.844396272
5.826426459
5.935785642
5.960231611
6.36265083
5.908088626
5.681897588
5.828004628
5.918776924
6.000223793
5.881052538
6.172442384
6.00127609
5.906572316
5.848119812
5.437934893
5.629088208
5.696666057
6.048823684
6.090273145
5.60337138
5.570303925
5.631697647
5.852876232
5.784350542
5.656244507
5.572404026
5.583917895
5.707681696
5.586355577
6.198373066
5.621769398
5.65968012
5.918378563
5.837456717
5.772224691
5.919602717
6.175000138
6.155297442
5.935468918
6.145910738
6.377433508
6.324291502
6.212409184
6.216238128
6.201651831
6.116126851
5.772401671
6.051176026
6.132772787
5.908881481
6.178287654
6.236215248
6.058061019
6.081439507
5.851638196
5.925741764
5.901206407
5.941578101
5.666821767
5.838598302
5.996047678
6.094161139
6.02821026
5.943483351
5.996292989
5.938976914
6.086217219
5.982344288
5.918976733
6.255113431
6.538931209
6.307126926
6.425020132
6.287674376
5.966326401
5.883594429
5.730927167
5.685264855
6.178787103
6.054909989
5.996342069
5.928824208
6.060018211
6.072916553
6.349782789
6.253038109
6.369566084
5.921956902
5.853433478
5.75750531
5.684607955
5.910943204
6.140866696
5.984716974
5.832833812
6.062840135
5.886395171
6.13714429
5.983887831
5.815016236
5.708431824
5.808519813
6.110068822
5.951922513
5.754452327
5.946985407
6.061131673
6.048721339
5.879883775
5.851296374
5.595711348
5.177165238
5.582105557
5.755913505
5.803115576
6.163928024
5.988925659
6.326101785
6.342986294
6.085560856
5.951679805
5.852753351
6.06356397
6.332786132
6.222014808
5.976571963
6.225775441
6.251277582
5.89476054
5.772855081
5.942906995
6.010512342
5.839221772
5.614665007
5.951188401
5.924314635
6.087022346
5.771080681
5.651501301
5.616044355
5.816855722
6.219191026
6.386862715
5.998049431
5.916316872
5.793525719
6.305696656
6.000867157
5.933409761
6.410651365
6.174090983
6.238907011
5.980733834
5.958911772
5.808980531
5.887959394
5.993106059
6.332083174
6.153993466
5.956350451
5.974516395
5.734525872
5.633856393
5.814661
6.099971373
5.877855841
5.590610271
5.868181313
5.935538343
5.902501125
5.987674342
6.020269215
6.230619951
6.315836612
6.367887863
6.447363685
6.197967958
6.064232307
5.988133705
5.985380649
5.709046005
6.122951627
6.162103785
6.032134857
5.680690758
6.16531652
6.334013401
6.534722101
5.888060818
6.143609601
5.9665488
6.218339583
6.062455043
5.89356847
5.996792954
6.022755225
5.949581412
6.07826007
6.545792837
6.323738011
6.02693107
6.032545269
6.195607481
6.437694205
6.470407652
6.191892127
5.949671064
5.679966793
6.069753281
5.730309959
5.726828789
5.816385003
6.145351757
6.09831721
5.837073855
6.018230062
6.157246606
6.20837914
6.052875193
5.870715564
5.792487051
5.972186834
6.214698229
6.169272778
5.917849055
5.924001747
6.109053654
5.966991224
5.747828089
6.321679872
6.122647407
6.166699987
6.032064225
5.994602147
6.064879749
6.092991764
5.901167684
5.895006839
5.893410422
5.864392446
5.987622885
6.131456722
6.2638643
6.254004509
6.090029631
6.26743792
6.468986813
6.48578212
6.390720779
5.730845504
5.87710162
5.515723294
5.594897534
5.585294441
5.910180224
6.13646132
6.09461776
5.989708149
5.746589702
5.810325103
5.715979042
5.735543838
5.975131019
5.885403636
6.265018702
6.293468378
6.095336897
5.822314579
5.633570337
5.763094344
5.946474832
5.90833821
6.368512338
6.269454938
6.058091803
6.007493836
6.13125386
6.066666584
6.21817411
6.105219391
5.986607472
6.129322677
6.457909017
6.297807344
5.837598116
5.822734654
5.955032199
6.60039835
6.409083487
6.017063761
6.085552926
6.272011584
6.148557417
6.068860526
6.002153391
5.7165514
5.751075566
6.072625415
5.893589614
5.917679507
6.131571952
6.041706405
5.968883326
6.343723759
6.665883371
6.538649059
6.323521713
6.014959942
6.016348845
5.885218268
5.729308698
5.816241219
6.003599782
6.188890582
5.916708068
5.954126928
6.007197449
5.818615191
5.810957005
5.885875219
6.371170229
6.1751802
5.814973896
5.812713827
5.970647851
5.815018204
5.654840312
5.683475045
5.985337479
5.90775557
5.949319163
5.761605296
5.640893768
5.574577301
6.074244019
5.803032375
5.625026642
5.581427976
5.562635733
5.677169975
5.488472806
5.567478374
5.593169567
5.808735092
5.757499595
5.579417189
5.818359021
5.877557336
5.943450798
5.758151447
5.883506123
5.88922718
5.623745042
5.625131347
5.726124585
5.791127134
5.894536126
5.804004283
5.782910822
5.719032867
5.827489517
6.069723558
6.047223285
6.012132917
5.784117896
6.406705867
6.200094314
5.669071186
5.443325046
5.930160722
5.763535192
5.762653255
5.824894996
5.861961542
6.30132018
5.992885496
6.003641479
5.795423324
5.908687184
5.892505513
5.86910308
5.825363615
5.969090304
5.802162616
5.674158694
5.561578233
5.580901919
5.842265968
5.906759329
6.208910092
6.160645951
5.842631292
5.683991023
5.677333892
5.902442016
5.775842978
5.67951453
6.05352041
6.01965249
6.107277685
6.180111519
5.988934663
5.812125652
6.175571067
6.26859268
5.932515308
5.993754957
5.802647036
6.194430556
5.814722897
5.619253132
5.875498196
5.930393576
5.828372445
5.690070678
5.915663012
5.876470574
5.871943112
6.248793726
6.311199945
5.993729619
5.663733484
5.482504927
5.32264873
5.420029702
5.538632904
5.6104931
5.798693154
5.791633503
6.200647792
6.04920334
5.968730763
6.135878661
6.139243092
6.261819521
5.862186646
5.858708319
5.953998565
5.748346557
6.130816986
6.401151229
6.107946807
6.13331412
5.972135633
5.540307689
5.590751493
5.584629394
5.651120102
6.170518889
5.869902039
6.078659824
5.762814065
5.549389148
5.943266456
6.186269243
6.399881874
5.982736615
5.948857531
5.802481058
5.960856842
6.13508777
5.873891379
5.889282799
6.238464324
6.267708134
6.373826111
6.116680444
5.826703065
5.863124465
6.470912661
6.099632559
6.33691402
6.453242675
6.329025715
6.062489941
5.841466653
5.79936338
5.741180616
5.992396245
6.255101771
6.199999121
5.978423387
6.286868346
6.585960349
6.536327596
6.228981468
6.245486644
6.404537828
6.618320324
6.058425893
6.235101508
6.12573311
6.020445726
5.94495248
6.135122874
5.991498067
5.95893333
5.931514142
5.996077365
6.141250126
6.329182656
6.427588369
6.111019427
5.799098559
5.90423584
6.051045031
5.853282682
5.939171059
5.842827383
5.737098268
5.838201397
5.849549372
5.959172303
5.825212096
5.816412068
5.754818945
6.108856787
6.11440427
6.16186186
6.365821401
6.307691627
6.340849857
5.924456191
5.610611777
5.811074674
6.142492991
5.952169527
5.865966873
5.776223284
5.767875854
5.902753689
5.840461647
5.62497398
5.599916189
5.86711046
5.769920091
5.849007535
5.709319667
5.981613259
5.923861838
5.835044964
5.738763223
5.835762681
5.861714598
5.970463591
5.645319256
5.610818329
5.741111972
6.235673889
5.960317411
6.080584089
5.947931137
5.827430153
5.762714246
5.675136295
5.647747262
5.657639669
5.916925198
6.032565698
5.503179484
5.598482897
5.551643239
5.679083958
5.585674564
5.584230483
5.744717325
5.778929404
5.842183037
5.932114355
5.858758214
5.672476715
5.722168278
5.993943739
5.9141462
6.082796096
6.183719938
5.997341502
5.50927344
5.612310842
5.872591551
6.21847476
5.906541657
5.767028112
6.218235438
6.270847761
6.276771593
6.296531625
5.916251703
5.777326106
6.162742702
6.458331513
6.431910813
6.144241471
6.050910597
5.905056299
5.679130881
5.783866239
6.375832961
6.302280048
6.499264271
6.123578655
5.801080167
6.166212243
6.061524784
6.116370111
5.931919792
5.883966625
6.131642162
6.012752472
5.834608844
5.949691491
5.95168295
6.127944052
5.785525746
5.81683052
6.020232706
6.201831957
6.203957147
6.187809945
5.942344493
5.964932275
6.041754079
6.10439558
5.836936561
5.954174407
6.272955628
6.336224471
6.097845147
5.877635131
5.85770986
6.147799301
6.328171597
6.054913376
6.003244886
6.119755975
5.908091244
5.981136778
6.189498821
6.017584431
6.168644289
6.202104296
6.266016111
5.938261273
5.703253949
5.736775198
5.577562401
5.658368831
5.787519598
5.799959497
6.114723004
5.723823789
5.6256045
5.582035846
6.008902519
5.828336024
6.007852804
5.87978217
5.641761717
5.9341431
5.815531034
5.887376726
6.052388536
5.713781358
5.581556591
5.603426587
5.84940036
5.929012049
5.772955747
6.164482883
5.790606414
5.645653691
6.142226004
6.114539564
6.126112006
5.727489825
5.835152882
5.891160785
5.713172469
5.991124952
5.835518158
5.880177561
5.465707597
5.607809402
5.708334685
6.047344275
5.927546754
5.721288369
5.79777474
5.758800591
6.005967809
6.103923544
6.009797864
6.059409696
6.317105907
6.369806408
6.274759399
5.663533077
5.587343332
5.634843571
5.546471497
5.569113509
6.008726318
6.29674576
6.32358819
6.5476422
6.537930531
6.502470435
6.285563041
6.188085404
5.886311803
5.98094916
5.690147411
5.51690978
5.559456417
5.335919249
5.507167515
5.655192706
5.747084401
5.815255912
6.023096624
5.893954565
5.852367827
5.78233247
5.736847012
5.714399346
5.883252459
6.056025765
6.031194482
5.901817422
5.643892309
5.809896644
5.88904464
6.242888533
6.0139591
6.1342092
5.900134034
5.883975141
6.250711588
5.787367663
5.927496654
6.052433937
6.198462794
6.200117435
6.146189443
5.737211602
5.587556536
5.567117019
5.586006777
5.446874714
6.043820751
6.505358265
6.563778707
5.948428457
6.085966919
6.020881434
5.988007013
5.988099992
5.616441415
5.683077559
5.645642912
5.940014796
6.165657716
6.053893285
6.104817583
6.077023381
6.252009869
6.180289806
6.081053052
6.069124135
6.120295012
6.266170623
6.053162347
5.886274573
6.125637184
6.019903269
6.053915381
6.292783871
6.599226677
6.523286868
6.149964976
5.919545884
6.1665732
6.059653412
5.714759507
5.738846647
5.943406779
6.107152738
6.176016208
6.0146842
6.303817666
5.8568389
6.0111941
6.178404713
6.278962188
6.060489014
6.001396472
6.037218981
6.353702665
6.141776304
6.075307584
6.135173855
6.001586141
5.820272364
6.205140573
6.310917768
6.1988699
6.155853826
5.889980055
5.854519065
6.12872722
5.814748007
5.612182258
5.64805056
5.83528391
5.895516687
5.920339578
5.946073864
6.135270723
5.916457406
6.448984274
6.105517025
6.095098425
6.168276746
5.962490667
5.887346441
5.922740085
5.92054597
5.994577985
6.20829792
6.199194987
6.209221594
6.174643929
6.012377986
5.74961456
5.962609631
6.096922615
5.990113112
6.144714624
6.230271679
6.00258226
6.158212458
6.01362352
6.050199454
6.087823013
6.104063059
6.161824083
6.020356599
5.868360509
6.02346385
5.642812018
5.604509838
5.82263521
5.726861154
5.918449012
5.541141543
5.657245578
5.725743516
5.86387092
5.912202684
5.971604
5.812067511
5.945648676
5.767794833
5.84577256
5.68687728
5.617474477
5.558653983
5.448351002
5.362878223
5.496637843
5.323628511
5.492432769
6.069822135
6.146080186
6.201281231
6.255088884
6.079031163
5.890215871
5.735227427
6.066469155
5.966359535
5.84879109
5.849157639
6.125300541
6.292867324
6.07559045
5.739632877
5.869117348
5.577445422
5.708691331
6.182245365
6.411561289
6.134457377
6.064128266
5.971900539
6.101778369
5.892089438
5.907188086
5.9530211
6.28695339
6.260522423
6.141668992
6.00210116
5.669221963
5.601924026
5.901399205
6.182290794
6.115356434
5.943589032
6.159912689
5.718635741
5.798034566
5.659061509
5.808530891
5.599514355
5.738123093
6.012263321
6.106729404
6.034803857
5.922757267
6.145671882
5.998196628
5.718289721
5.676185047
5.672733575
5.629002085
5.70112252
5.772818441
5.78102625
6.112694494
5.964091294
5.866398069
6.169187447
5.937763114
6.129543552
6.617503499
6.252065237
6.186516772
6.29867199
6.202444582
5.794545837
5.596731545
5.660112047
6.244928183
6.460736785
6.538805016
6.382922149
6.212739167
6.161178991
5.597058896
5.841445953
5.909397582
5.957663057
5.871040076
5.801383447
5.655821877
5.78268082
5.878031007
5.730702121
5.674353383
5.866530131
5.974120996
5.921805355
5.574664525
5.554289398
5.466421301
5.445736901
5.785443058
5.524408341
5.985797455
5.939894305
5.707709621
5.502753184
5.466674749
5.76665839
5.865916422
5.839269845
5.916197313
5.822639496
5.688559931
5.718080892
5.596771775
5.811053791
5.695358821
5.405644346
5.507650001
5.490421891
5.932278858
6.132575497
5.471975935
5.637163385
5.523515846
5.818168255
5.933453755
6.257270828
5.971332448
5.970804897
5.524289112
5.263106081
5.76542443
5.561022156
5.782830692
5.650067857
5.621011522
6.010329112
6.02812129
6.010558799
5.748258642
5.588135684
5.693073246
5.685410154
6.098548747
6.139947546
6.209286621
5.758387973
5.418509551
5.558942465
5.8522254
5.921570348
5.615459157
5.650963593
5.494964659
5.621308599
5.790250047
5.738645497
5.537196014
5.581773783
5.636942606
5.667419381
6.114850799
6.163659801
5.989066068
5.867628732
5.861360584
5.879414279
5.893907935
5.961718273
6.113456851
5.97137518
6.005151229
5.793311551
5.60441782
5.862205173
5.846294069
5.932436439
5.763202576
6.087675991
6.044305938
6.129926453
5.99817079
6.184251293
6.126679452
6.061714768
6.066778862
6.1202468
6.071839533
6.221637199
6.17438072
6.0513037
5.999270533
5.97607986
6.003169998
6.0495945
6.192085573
6.282386778
6.154184981
5.735876674
5.760345124
6.188111996
5.811421664
5.910880605
5.862599454
6.006563904
5.880587647
6.188368691
6.288730095
6.159656753
6.032314159
6.164944421
6.1642701
5.965721833
5.870108835
6.017526974
5.940003172
6.141563554
5.999518999
6.074768733
5.769325585
5.66890852
5.748958319
5.673497847
5.735798609
5.873635143
6.185910169
6.279452404
6.227634122
6.058822788
6.183882988
6.150411002
6.048797947
6.105400322
5.978137812
5.694780964
5.938880554
6.134582829
6.065843514
5.956143966
5.931324654
5.82355303
5.69689352
5.655063416
5.82835884
5.649931995
5.749664368
5.928361661
6.077398954
6.132847536
5.945717985
5.763049234
5.848908289
5.93103766
5.875779224
5.913867625
5.472033241
5.644232371
5.942455756
5.784450137
6.012113568
5.900123782
5.714380703
5.755536038
6.127122896
6.276472378
6.442541063
6.260969911
6.043674195
5.827576751
5.791465658
6.166989997
6.172769328
6.10910588
6.213804974
5.838319037
5.807742771
5.729838739
5.811058731
5.85696603
5.88170698
5.839738953
6.08824161
5.990805198
5.855225148
6.094855278
5.875624466
5.725447037
6.099272668
6.05148216
6.098400709
5.961796016
6.05918271
6.188123405
6.323744699
6.183147845
6.157083721
5.764374712
5.63510122
5.627183772
5.493732246
5.872923132
5.679989516
5.752875679
5.618171934
5.600681423
5.850142545
5.861193436
5.762745053
5.86414261
5.875341724
5.869484525
5.715904238
5.60550627
5.608114085
5.913515036
5.725138776
5.578436834
5.631303555
6.148674224
6.301661561
5.634004092
5.737591229
5.663434823
5.524965766
5.615859394
5.892958071
5.894909104
5.930463518
5.744448479
5.973502853
5.995692636
5.731249215
6.050278283
6.447914089
5.853706064
5.817375203
5.955143291
6.259113765
5.872700944
5.862518116
5.928272332
6.104655002
6.253354863
6.099645399
6.027063254
6.064736198
5.928468832
5.717162749
5.871732553
5.839757537
5.510396871
5.733178667
5.596950529
5.59674001
5.81832456
6.001220041
6.296756605
6.120656093
5.898271259
5.828753275
5.951515864
5.964386942
6.100353799
6.082503067
5.635513474
5.664978103
5.835001954
5.789833175
5.947153381
5.965308353
5.874365586
5.650094611
5.804947214
5.902432922
6.009345737
5.804054475
5.469190199
5.519684787
5.570645408
5.587066188
5.851329543
6.354421544
6.063769385
6.334166104
6.268507071
6.041424061
5.827013967
5.823767477
5.618684202
5.543417607
5.493688045
5.426769646
5.698643838
6.079774977
5.807968464
5.71934818
5.764639289
5.693501307
5.865669262
5.656515354
5.861658132
5.913429781
5.981831277
5.549137297
5.555098311
5.867779762
5.792192986
5.69503833
5.80660309
5.608403472
5.696515408
5.728609896
5.555064568
5.676328139
5.672205257
5.827624175
5.868568932
5.932570357
6.217746715
6.146014092
6.040245481
5.784714745
5.728745084
5.706153007
5.479987623
5.349012322
5.791670207
5.834865186
5.959210499
5.923049102
5.850982229
5.916344336
5.853155411
5.785551608
5.48160973
5.812246013
5.97558326
5.581065837
5.508159402
5.709326869
5.717361192
5.988388289
5.931244848
6.250329277
6.08154942
6.115241855
6.109965361
5.702363542
5.702793569
5.852534269
5.641423512
5.795929574
5.893700867
5.881949769
5.560676003
5.602008177
5.808199101
6.045368406
6.069936095
6.140702009
6.027459594
5.820762076
6.177711613
6.144897443
6.02385822
5.875210183
5.929425707
5.733590989
5.760220224
5.46836186
5.674935865
5.499924834
5.539042801
6.060424306
6.313254178
6.19085487
5.991409164
5.872051856
6.071231745
6.115657569
6.005760185
6.280114713
6.240305654
6.130324124
5.734018524
5.6914142
5.827972683
6.016737558
5.961836793
6.212089428
6.098920258
6.134065026
6.264361644
6.134471968
5.61984986
5.645416752
5.677565376
6.251353096
6.491278018
6.666648877
6.308481434
6.019373753
5.866490252
5.897420622
5.80541735
5.877473224
5.458354912
5.35636595
5.434158862
5.641404294
5.63155951
5.551276631
5.608568258
5.453390778
5.567902887
5.477788023
5.477663341
5.49192417
5.727837452
6.014842915
6.164065453
5.966897471
5.879995049
6.289702012
5.974695935
5.789428467
5.900908951
5.643590531
5.732828136
5.76957009
5.617313603
5.723396109
5.981561899
5.868052687
5.688976288
5.735321083
5.546449094
5.68708731
5.55847297
5.71455867
6.108670104
5.866648545
5.8545435
5.724964716
5.539725672
5.469907123
5.757392159
6.015773307
5.909882865
5.857443594
5.780265962
5.931096707
5.607422974
5.974866808
5.773022531
6.032114809
6.250518539
6.15735703
6.250620079
5.854702501
5.704304105
6.048290698
6.140144261
6.136529591
6.184690945
6.191488976
6.252460862
6.027802731
6.111358997
6.212655935
6.08424198
5.73559391
5.534907939
5.706935827
5.978494343
6.079916356
6.121029916
6.02217498
5.892912975
5.859750879
6.141371522
6.540523928
5.976069989
6.002700817
6.236837092
6.295725562
6.355348309
6.320215476
6.123880221
6.000189759
6.235422996
6.268031156
6.06536867
5.701841186
5.870848316
5.809899073
5.709738691
5.817126684
6.106959854
6.565170407
6.586205031
5.891565617
5.97760872
6.023948987
5.696252521
5.982386501
6.232121043
6.26044747
6.205028011
5.920059421
6.024380658
5.718697429
5.58737945
5.585167801
5.826115699
5.781227656
5.820427977
5.768664475
5.908024473
6.087019836
6.073782545
5.500651439
5.696335111
5.768243717
5.774441251
5.601720449
5.698340016
5.923575067
5.940456254
5.99934835
5.786437999
5.454446839
6.00455404
5.794369193
5.518941736
5.398641186
5.883581519
5.768047795
5.639535826
5.5563238
5.462943829
6.183226533
6.101362578
6.1159845
6.146495999
6.113196216
5.996599811
5.743149648
6.175854164
5.985737808
5.9715073
6.102713449
5.941156884
5.910232064
5.87038247
5.984531094
5.876530528
5.969579222
6.04353058
5.785272805
6.27824621
6.079760297
6.09983622
6.024810837
5.818994544
5.911677183
6.09043965
6.495544027
6.002283182
5.679231115
5.980265974
6.272113734
5.970639572
6.021998164
5.620829524
5.742975264
5.722124839
5.895072258
6.165996333
6.026875655
5.904217893
5.676152744
6.012366443
5.903729356
5.994648438
5.999642022
6.03217031
5.95420155
5.946702676
5.890637992
6.181804046
5.780910427
5.76562025
5.891809532
5.600057098
5.332541854
5.668810019
5.933988149
6.015969144
6.205438845
6.097294179
6.173208649
6.203047062
6.285032482
6.326811268
6.59376634
6.159923306
6.014129953
5.97550768
5.923997052
5.685754221
5.703408128
6.005405523
5.93065054
5.87679936
5.932955594
6.104408816
5.989646869
6.023833208
6.007314171
5.784506654
5.938780803
5.90830121
6.240914068
5.954021505
5.79663332
5.752057922
5.65602511
5.552742106
5.372834723
5.849694921
5.920882207
6.045774601
5.833287193
5.886631038
5.713480598
5.831268934
6.187253187
6.387797221
6.007560555
6.044776194
5.743631596
5.676666123
5.597983525
5.576399209
5.496526788
5.59279179
5.479418019
5.526422579
5.609563544
6.09984517
6.347602906
6.016956561
5.838120959
5.805509095
5.740427778
5.683370679
5.671591151
5.668993466
5.92563104
6.030643661
6.058930478
5.937636099
6.231053265
6.272096383
6.117963368
5.896192486
6.082160258
6.131194945
5.936760431
6.040585642
6.042815599
5.761827617
5.691633193
5.623870593
5.644202778
5.973921352
6.074942991
6.307577413
6.10355551
6.308767426
5.886138532
5.564851293
5.601370724
5.784435426
5.829497957
5.69009511
5.65628527
5.639690552
5.858844704
5.92248511
6.182956591
6.105937825
5.954009216
5.901014368
6.108265423
5.674046158
5.396354739
5.710327311
6.108798861
6.124767116
5.896166011
5.984171495
5.799891556
5.680605321
5.47687708
5.75425782
6.057485275
6.058686008
6.136660745
6.262917638
6.073029999
5.977593918
6.087225669
5.973573863
6.110846735
6.298158472
6.177615229
6.145798322
5.888918578
6.047338999
6.268888316
6.308974858
6.170961573
6.283017601
6.051123477
6.059377413
5.928373474
5.97444443
6.031036038
6.250427089
6.302981393
6.435167209
6.281579502
5.956381219
5.490335219
5.642236378
5.753498602
5.814233775
5.770349919
6.098246709
5.716896981
6.067868064
5.845301262
6.1006103
6.086359961
5.872624005
5.810150296
5.828607159
5.724743231
5.880970303
6.064784006
5.877203783
5.890514684
6.112844387
6.08480377
5.881390143
5.789843884
5.906806365
5.792756679
5.578857406
5.927593306
5.781589211
6.034324623
6.048575277
5.997822409
5.933777003
5.842946164
5.909137875
5.823015476
5.970697398
6.041150017
6.163641518
5.859792098
5.577094678
5.759835888
5.922923693
5.909823816
5.817682415
5.684424683
5.82397493
5.979996364
5.976721455
5.79927987
5.794905613
5.871698519
5.748175294
5.818439042
5.802395876
5.707284307
5.779301494
6.026826595
6.032932272
6.349964073
6.289690745
6.33001962
6.416785424
6.227624338
5.729436291
5.788317748
5.935127657
5.665080738
5.715723371
5.677939207
6.193450147
6.314618613
6.071328821
6.167805238
5.776373447
5.948167511
5.873270515
5.790619091
5.681168457
5.953118557
5.706817422
5.633171377
5.512616653
5.468648323
5.561047027
5.578661061
5.693278124
5.953937037
6.370853342
6.490578885
6.285520009
6.285333605
6.380870888
5.934705699
5.762102734
5.740112459
5.821665265
5.706168563
5.775068149
6.034399759
5.85917212
5.904170962
5.613082363
5.874257206
5.769569825
5.96418003
5.886285192
6.002592179
5.824514397
5.928823797
5.88941023
5.896597023
6.001830258
5.71525399
5.611937252
5.818192594
6.282198788
6.129708193
6.026011276
5.900304668
5.988746015
6.310570274
6.127350676
5.836644948
5.867946189
5.941955428
5.866022711
5.616369582
6.015328623
6.250944119
6.253079547
5.763821485
5.411565744
5.397859888
5.815672038
5.911583707
5.992946295
5.981095173
5.9255411
5.976485094
5.721436166
5.697202729
5.788032043
5.5601665
5.572268134
5.539935163
5.622019734
6.136758759
6.123768792
6.014172857
5.923019947
6.171924662
6.081834858
5.625062671
5.337252715
5.734252389
5.439125721
5.716712319
5.613254511
5.640807412
6.211110786
5.999917761
6.038176002
5.901717392
5.727039376
5.930662144
6.100310955
5.690631836
5.550379935
5.271977207
5.519791748
5.478684541
5.674178216
5.825561503
5.732182187
5.65614363
5.544293194
5.538383843
5.59935279
5.693313525
5.263805651
5.317409239
5.394725684
5.47724743
5.686692218
5.68816758
5.444174306
5.851699814
5.919037018
5.959005708
5.787648283
5.954898339
5.81207189
6.020745293
6.098252129
5.783731649
5.962521853
6.018309967
5.74303103
5.524295304
5.464482533
5.695827418
5.653644006
5.826651105
5.711103032
5.888544107
6.07491947
5.974659128
5.970657523
5.935884674
5.846839991
5.757270428
5.597017316
5.466043902
5.497689271
5.695606807
5.558505189
5.681667723
5.74333624
5.782676612
5.747013752
5.778387804
5.518127504
5.674698256
5.701809052
5.7098431
5.991975533
6.049206308
5.994783042
5.806448591
5.890145023
5.91167853
5.928527131
5.82535819
5.981142929
5.965433872
5.982144149
5.670491161
5.966589289
6.126385952
6.046397724
6.07989763
5.711972597
5.39280403
5.681756583
5.924695059
5.931707244
5.793678754
5.902308648
5.910450233
5.930451132
5.91974443
5.561005364
5.634233729
5.783247118
5.820690165
5.779957382
5.644250686
5.753183818
6.038387211
6.023542516
5.621881339
5.700150279
5.898757266
5.954838853
5.963274054
5.905420156
5.457703724
5.639200917
5.73053608
5.681452831
5.434269338
5.812795906
5.717155403
5.6015317
5.840416576
5.821537158
5.892473953
5.844505536
5.645475309
5.758664765
5.892909306
6.179996417
6.085494537
5.848054194
5.549182453
5.570202813
5.662638327
5.377259757
5.512361448
5.967020979
5.873942403
5.801174518
5.487349675
5.719957217
5.688348241
5.671824424
5.623206584
5.485009889
5.660389023
5.998197282
6.055114524
5.868690275
5.952348024
6.013513515
6.141764441
5.926558655
5.525193574
5.656240722
5.947902043
5.903707146
5.99793839
6.183052156
6.078530117
5.932623401
5.935504742
5.993064572
6.099526326
6.340105286
5.942018094
6.013683997
6.230836241
6.001518609
6.229829769
6.093951233
5.503664705
5.621498397
5.667836393
5.870228678
6.044891965
5.675102957
6.090132804
5.925190995
5.897105745
5.745151053
6.064083712
5.840544743
5.759671578
6.041434114
6.206354691
6.051728176
5.648407653
6.079503549
5.644036041
5.732949541
6.413832041
5.838319078
5.858512397
5.796438694
5.652905428
5.743181829
5.611366828
5.428865211
5.257291482
5.420649636
5.882300577
6.182351763
6.042916711
5.777679194
6.07797052
6.088898188
5.962538956
5.746256214
5.758318305
5.621079666
5.373232932
5.597549144
5.8020219
6.039794015
5.619106367
5.689600488
5.778883424
5.875744043
5.81605677
5.55622195
5.692033663
5.748755363
5.54525675
5.555964946
5.588774077
5.745593823
6.347504319
5.959767534
5.973032371
5.883003105
5.935757269
5.716386211
5.909745905
5.942349453
6.249170464
6.314781786
6.374921614
6.288821728
6.429878947
6.424885246
6.00682204
5.654558057
6.209625774
6.176918252
6.123637649
6.130346885
5.680210076
5.811216087
6.005367686
6.135129514
5.737989716
5.741266944
6.474612143
6.198997981
6.03256908
5.814416858
5.422491865
5.349160447
5.447674092
5.792649125
5.945742379
6.109326575
6.051020918
5.74383102
5.690526746
5.481993363
5.752386075
5.934341479
5.702504631
5.963348227
6.212935041
6.452079778
5.685159449
5.757282577
5.765866996
5.697484032
5.810681531
5.959610565
6.46504062
6.388476618
6.134392167
5.795079109
5.730936059
6.187005674
6.051232685
6.025740103
6.061424382
6.103696994
6.051057031
5.805650829
5.748920788
5.698879365
5.938392464
6.091065223
5.860478173
6.037571905
5.956388479
5.996128225
6.099664385
6.178350819
5.907338738
5.88086021
5.681552608
5.484099896
5.694120122
6.031770072
6.254031807
6.173010097
6.293227285
6.161551832
5.852435741
5.805680437
5.345635723
5.527155827
5.757581311
5.74921333
5.645097278
5.596738167
5.700730711
5.337161569
5.204843211
5.65641999
5.999448298
5.826192797
5.976944834
5.749052849
5.849809102
5.882985281
5.813824494
5.878297121
5.700146825
5.50434887
5.31548552
5.297883794
5.532152593
5.692056551
5.584516644
5.584585881
5.518251514
5.466857644
5.715836787
5.603753958
5.694172767
5.727985276
5.754156319
5.895346548
5.877126399
5.858854946
6.048468379
6.011353225
5.849788036
5.736633857
5.67348223
5.586173674
5.611581328
5.541117595
5.344198495
5.18663825
5.28788678
5.827144391
5.665480606
5.744441281
5.235039462
5.23678092
5.789272134
5.973975187
6.258961788
5.832662998
5.881738544
5.928563678
5.637395582
5.494662049
5.697287255
5.982394123
5.752241177
5.939085715
5.98791077
6.250779435
6.479263945
6.072906897
6.005913077
5.960393278
5.768422168
5.80044204
5.862488826
6.021650577
6.229789388
6.077536594
5.896875676
5.455003671
5.344896317
5.378902872
5.877109402
5.825295941
5.817642594
5.917180596
6.215856429
5.817254262
5.924043876
5.781247174
6.063262679
6.126134915
5.834448985
5.652879748
5.646229072
5.611567278
5.693816173
5.784668415
5.783691858
5.593691284
5.765371399
5.713353345
6.2061029
5.842585663
5.511526738
5.486615172
5.752722434
6.22739661
6.663754082
6.375525123
5.748832864
5.492993926
5.837435184
5.899412572
5.94174697
5.863157856
6.006211543
5.76237788
5.664369421
5.618912507
5.868043471
6.055075073
5.61750245
5.724742363
5.734566743
5.704678925
5.511792761
5.627807406
5.662163845
5.609259151
5.718160327
6.063210223
6.046799092
5.949194051
6.090792206
5.803915087
5.963786056
5.729457465
6.0563309
5.919700465
5.68354909
5.762217541
6.127383718
5.979864259
6.007585289
5.872684249
5.879918855
5.710896565
5.819719594
5.736540578
5.845903732
5.861905491
5.704718839
5.525612728
5.309229019
5.256919397
5.423884624
5.564794499
5.657204928
5.916200858
6.178788572
6.052266452
6.269625003
6.365976165
5.830706015
5.471008039
5.854342511
5.453088369
5.520568707
5.72647842
5.817649343
6.008861404
5.842049753
5.78332091
5.73023174
6.020733173
6.03353266
6.15051716
5.98071976
5.877313173
6.031662535
6.127871298
5.625889464
5.568534252
5.389997372
5.786874825
5.812592211
5.6932247
6.034983831
5.97330056
5.653000117
5.677459944
5.889547499
6.032976766
5.883656028
5.984408947
6.169250438
6.118854543
6.163910868
5.805849803
5.565043434
5.777720389
6.325690953
6.304967661
6.224556033
5.652120682
5.723523672
5.594641581
5.791764452
6.055374276
5.89704447
5.859866185
5.743861738
6.259929964
6.131402265
5.818578486
5.667115601
5.996619417
6.107644663
6.217363592
6.142738176
5.941164991
5.830824794
5.727978497
6.130334036
6.349422369
6.258989665
6.365008656
6.063073324
5.798545037
5.542031361
5.857662851
6.169242367
6.045482695
5.891668976
5.914804395
6.017667321
5.927493887
5.992529326
6.093211291
6.026612279
6.165253747
6.344217144
6.222994848
5.899829272
6.123221563
6.136063969
6.05630339
5.750893378
6.150655205
5.9167387
5.737097369
5.850880788
5.958935863
6.372934861
6.417740769
6.532635635
6.392664935
5.883195316
5.882139486
6.295573846
6.507286687
5.861150676
6.085459947
5.723704596
5.889952787
6.280787313
6.316329378
6.017328499
5.791912678
6.090598406
6.176482333
5.95174256
5.894608279
5.667157723
5.967456535
5.995260898
6.113948405
6.198852285
6.048717902
5.899565514
5.621592196
5.87294653
5.850350268
5.87581729
5.77701723
5.987751988
6.166617956
6.686021378
5.92316772
5.627980499
5.794781452
5.64819669
5.547523999
5.454254842
5.558269071
5.782305736
5.980848595
5.872766847
5.949267484
5.983793051
6.232702848
6.106592046
5.715940059
5.820620196
6.112733604
6.129646945
6.400625397
5.998212274
5.906595931
5.55163494
5.589808325
5.477439075
5.669248514
5.997715505
5.884906147
5.750325788
5.714384227
5.971849914
6.282205403
6.308629979
6.14164872
5.798030682
5.475625024
5.463769022
5.662531278
5.720328939
5.717590701
5.671960919
5.250684538
5.579717572
6.166938465
5.947893428
5.826455492
5.758807278
6.064901821
6.019469113
5.966008178
6.105899561
5.898615026
5.951938857
6.128424251
6.184732283
6.232269482
6.094912424
6.001302643
6.022922164
6.167614661
6.259416135
6.193149697
5.983007537
5.685002129
5.988745334
6.270950992
6.358499238
6.343542656
6.17361516
5.956656194
5.78663037
6.126031763
6.131474346
6.300887949
6.136399444
6.144206679
5.738880675
5.572416604
5.542626378
5.838774447
5.545428901
5.435502767
5.53965136
5.820903555
5.608589924
5.729786925
5.821118
6.047723618
6.408585513
6.394279808
5.943013479
5.54564051
5.729294577
6.060515175
6.232533232
5.916063076
5.707520062
5.642457962
5.606837695
5.746987824
6.253748542
5.982395344
5.628281619
5.419388281
5.501842179
5.353690794
5.654902564
5.65466069
5.745640523
5.604790315
5.528414754
5.873699112
6.050689312
6.053572364
5.749165782
5.823062472
5.871197937
5.939489238
6.04758755
6.275244704
5.961726591
6.03638338
6.25642075
6.044012777
6.068552984
5.84637795
5.639340711
5.476736084
5.4389974
5.453205547
5.496008901
5.79607867
5.761052605
5.94135779
6.034876067
6.057161761
5.92179401
5.758388537
6.003594762
6.009406479
5.734080653
6.193682056
5.957191144
6.045243316
6.053969794
5.791649823
5.752742134
6.119111881
6.279622349
5.862636148
5.696287816
5.601838984
5.800857338
6.06621897
5.840237751
5.967588979
6.06289895
5.986626912
5.824227587
6.067194901
6.22891446
6.207336582
5.999647972
5.95951332
5.883660202
6.026752479
5.912252083
5.814891455
5.639161165
5.69712428
5.824880056
5.875551338
5.883955078
5.781476731
5.888396567
5.582815709
5.671892343
5.872394011
6.223401739
5.979411569
6.104071262
6.011534488
5.872405079
5.911004324
6.212309667
6.023905691
6.170714303
6.147997222
5.931396562
5.786881857
5.759858683
5.664954298
6.077319088
5.992777034
6.067420322
5.709653604
5.853322683
5.902667876
5.74070883
5.852066652
5.815785
6.081406183
5.99641702
5.919521538
6.14026461
6.083900592
6.082627164
5.943478013
5.684882911
5.793624646
6.04904141
5.587546747
5.300066248
5.689953389
5.831164287
6.171481243
6.289180227
6.080413771
6.046970787
6.151005738
6.022985883
5.805221246
5.953726916
6.078508644
6.155201146
5.849345796
5.911128512
6.090444643
6.004070408
5.883691485
5.773272578
6.081761502
6.408928696
5.876905284
5.855553235
5.598550585
5.850707404
6.209102135
6.1192851
5.909810146
5.998284063
5.975381771
6.063574803
6.112789108
5.879725957
5.777018684
5.9599719
6.094391444
5.778606412
6.233395218
5.955971822
6.028713064
5.908453454
6.075607517
5.711189743
6.067791756
6.525968822
6.124219685
6.232496508
6.206854883
6.160287984
6.011596607
6.169581874
6.198481436
6.077601309
6.205805909
6.083826705
5.659155837
5.953576746
6.01278881
5.956792855
5.677108013
5.922022974
5.771379591
6.293312128
6.46230085
5.880642637
5.956178443
5.899643726
5.813426414
5.907538278
6.108061192
6.199306913
6.449124442
6.104940568
5.827906801
5.757413352
5.777716061
5.6876271
5.649163137
5.869535734
5.804988308
5.837383679
5.694887323
5.511057975
5.454515968
5.831589184
5.548047532
5.574838273
5.62631105
5.480910312
5.691042234
5.708309124
5.571758532
5.432317859
5.556677486
5.792870775
5.892755533
5.952415172
5.684386241
5.780437534
5.838018561
6.031026202
5.748152907
5.85533067
5.882424033
6.005791738
6.094992782
6.199527814
5.743878022
5.753846083
5.727175591
6.036634582
6.217439598
5.909166429
6.224967898
6.072723094
5.856551853
6.053438076
6.166550916
6.311605175
6.230130512
5.836496023
5.925500157
6.106304456
6.51063902
6.435414767
6.070843531
5.972041397
5.887815822
6.055781794
5.926732163
5.625970131
5.512900578
5.856470348
5.843917201
5.926677515
5.863537351
5.908160178
5.840829372
5.803822721
5.809193417
5.83878841
6.120946
5.972651094
6.0819674
6.339771041
6.259351009
6.141244955
5.623409889
5.374530084
5.970559945
6.042700303
5.977607234
5.926958601
6.154681357
6.185497464
6.138864994
6.024444613
6.011828882
5.833045866
5.836847626
5.878765384
5.758581929
5.974179555
5.818533597
5.889482407
5.72127706
5.613095798
5.732100849
5.933177739
6.170987737
6.088417813
6.048314214
5.972791142
5.94216744
5.885679835
5.817226905
6.055709754
6.103845247
6.350562907
6.268498044
5.793496913
5.91824853
5.411653776
5.442360682
5.754324982
6.11172115
6.169451111
6.234853457
6.185255381
5.955690335
6.154056966
5.991252444
6.336545272
6.353452383
5.87715586
5.828115844
5.786026741
5.743920291
5.789546254
6.053813212
5.976817597
5.597832763
5.516012185
5.850562892
5.84431151
5.980582641
5.674987888
5.598628988
5.49724287
5.353742274
5.462388208
5.520992156
5.693912685
5.718423899
5.6639264
5.634674008
5.67882262
5.420862136
5.636838389
6.020112907
6.151634662
5.849984096
5.605217864
5.58969974
5.66882002
5.762455921
5.685467458
5.664156914
5.97649727
5.782308735
5.891605049
5.862767094
5.684777668
5.658888859
5.780466516
5.255807734
5.27857301
5.691148279
5.680857384
5.534662581
5.539099203
5.559608386
5.447148069
5.407918885
5.572333011
5.929420415
5.690908036
5.776295117
5.683767285
5.635013751
5.684683227
5.823165897
5.82782951
5.71366763
5.422640726
5.206462305
5.709959722
5.927767764
5.988720436
5.830558057
5.493251638
5.4062135
6.282506516
5.877396858
5.669213622
5.556039219
5.918001068
5.871911345
5.745756136
5.892397192
6.003660148
5.733466795
5.59942981
5.740754689
5.87668846
6.059975697
5.983944335
5.77093996
5.573988143
5.898782048
6.271993273
6.372101068
5.978132365
6.136481259
6.16462889
5.941349807
5.873585943
5.499654014
5.4172408
5.534494177
5.826301308
5.809664036
5.743297409
5.805593094
5.779834338
5.989976028
5.769567416
5.743197754
5.810244705
5.443358422
5.230550631
5.396800426
5.243770065
5.213558479
5.517636118
5.727825016
5.98718909
6.078396432
6.012424406
5.630640055
5.203729847
5.457472478
5.480551458
5.599071049
5.435774253
5.55920879
5.729811491
5.742273152
5.786724163
6.131261128
6.203462598
5.814283845
5.880040292
5.907890663
6.041586303
5.783133296
5.64735409
5.577359615
5.842264191
6.167049903
6.381760097
6.008848868
5.9300055
5.748055173
5.559627938
5.735515222
5.595942708
5.298990248
5.410910073
5.634714181
5.832538595
5.987118127
5.8722721
6.079642846
5.501225509
5.494857157
5.887534469
5.873428847
5.552149749
5.464354213
5.623647569
5.466175568
5.491329203
5.397420843
5.557813596
5.737943263
6.0491148
5.791035486
5.754282097
5.636522242
5.655178124
5.955358434
6.124845656
5.739858255
5.958221181
5.944952089
6.061741638
6.08270027
6.125596303
5.939490961
5.52394544
5.671498394
5.940490438
6.039528898
5.848235722
5.537182728
5.818515173
5.969387323
5.909816253
5.948260065
6.251266122
6.025383894
5.650059424
6.091553585
6.300873371
6.203966494
5.933220181
5.840051497
5.817210579
5.706263233
5.871147585
5.769634886
5.730240389
5.817479247
6.557388089
6.72884021
6.252052957
5.997754513
5.972250491
6.080788081
5.935369626
5.651485857
6.086198243
5.888187454
5.951489822
5.906125092
5.542661332
5.589714428
5.623455237
5.72338407
5.630425374
5.599189898
5.747503207
6.19629577
5.67798819
5.768225885
6.037276588
6.372573211
6.223493493
5.947471114
5.838358561
6.06225899
5.880768871
5.645987155
5.366007903
5.392855392
5.758285916
6.052027755
5.557952045
5.570415022
5.676527262
5.589690758
5.95305009
6.070593759
5.984551837
6.074009238
5.826035414
5.618978871
5.777917853
5.551245014
5.72110515
5.702101906
6.279973974
6.053589282
5.785860894
5.466814133
5.452547308
5.734969687
6.165585588
6.277861327
6.192346344
6.323829234
6.213337183
6.311129602
6.193237463
5.959298219
5.733411318
5.916403787
6.077293813
6.125771178
6.111020221
6.019723473
6.097907474
5.717366098
5.688566882
5.700271567
5.708095786
5.812418196
5.762532335
5.909194234
6.354204027
6.372002012
6.370361326
6.261599474
6.037266817
5.952178373
5.920898034
5.739565736
5.665334593
6.050416081
6.067693601
6.191539652
5.787867577
5.72670469
5.778396942
5.870644427
5.933361678
6.146105786
6.176047437
6.228783749
6.595231774
6.317959726
5.976770571
5.962663656
6.032317132
5.704409767
5.678643229
5.543397953
5.792760143
5.801362646
5.728069456
5.738535925
5.778045599
6.089097727
5.909218516
5.42275479
5.70527681
6.203904691
6.234865584
6.315757412
6.454625622
5.749650255
5.937102627
5.996206406
5.881099987
5.767229853
5.731545223
5.699338067
5.544722364
5.357769855
5.573051839
5.520126299
6.195787554
6.153845143
5.98754759
6.077073887
6.164179659
5.747969905
5.781421382
5.529013181
5.399907226
5.680714224
5.505400616
5.449905002
5.406963682
5.666612203
5.965996019
5.907088751
5.734067596
6.042839043
5.980891136
6.337583498
5.650791038
5.555285228
5.685268656
5.788905853
5.601461944
5.662860881
5.562507517
5.864389129
5.968085615
5.892873974
5.823552434
5.445526172
5.526513153
5.521915994
5.710558982
5.80787123
5.710929569
5.800881637
5.556839047
5.471405107
5.616511661
5.735188442
6.033442171
5.765593647
5.901822176
5.801621156
5.792478519
5.76820439
5.712647726
5.799693523
5.977124034
6.076615965
6.057238725
5.898509774
5.642587178
5.585483165
5.511084764
5.521516952
5.975844718
5.900007617
6.204960412
6.16129818
6.124048838
5.914125055
5.685976563
5.622303777
5.513178085
5.403795656
5.512964134
5.992612123
6.208257593
5.792942402
5.571044796
5.476678493
5.348665977
5.23750523
5.58365848
5.710793441
5.852682961
6.025524311
5.775888789
5.587390297
5.458612253
5.713430963
5.692929999
5.752407562
6.042274338
5.834518368
5.845472062
5.670377411
5.892422755
5.89151025
5.997090736
6.051254634
6.251424623
6.001274171
5.648185199
5.54998321
5.507096562
5.46601591
5.386537864
5.410049193
5.40823709
5.248116953
5.411229812
5.640497569
5.716313897
5.927208532
5.820895174
5.747034187
5.696132572
5.677192083
5.972591413
5.948391415
5.687070029
5.976926484
5.84805014
6.054493285
5.97344355
5.601081235
5.97222904
5.935312342
5.789871191
5.69920337
5.505678498
5.60003222
6.007239881
6.11401131
6.149197304
6.340704667
6.311426997
6.114923266
5.921177558
5.765796312
5.882154975
5.773671538
5.618732873
5.538545871
5.461070629
5.846276754
6.248796154
5.918416696
6.459236916
6.392038334
6.134407742
5.524524982
5.722525874
5.574776763
5.436780907
5.557533463
5.929768684
6.340781221
6.357173704
6.437525594
6.150017042
6.019717447
5.694666144
5.731198149
6.073542531
6.155601788
6.031944246
6.414704358
6.332441353
6.485709615
6.156580145
5.855881279
5.636367903
5.542470491
5.940096543
5.650747029
5.562260222
5.977589138
6.057921214
6.293907937
6.066746307
5.965501419
6.104019447
6.250289087
6.334310245
6.31028485
5.989100715
6.171562224
5.750721933
5.576988
6.070674147
6.205328238
6.183822449
6.243043994
6.164819552
6.157939059
6.206321161
6.487612845
6.092896543
5.883276703
6.066526193
6.139681254
6.212382998
6.2546222
6.15882034
6.133640522
6.075671275
5.779534453
5.672150502
5.828984698
5.729566472
5.422148464
5.657949305
5.918659533
5.866679477
5.664309967
5.802681275
5.434964988
5.397299457
5.747517387
5.980146469
6.079212498
5.997520635
5.811948585
5.491506958
5.922588143
5.796850738
5.901954459
6.095339593
6.20318717
6.205031373
5.974855038
5.94730138
5.932784716
5.505006258
5.610599058
5.989137883
6.110028595
5.943632851
6.236292676
6.031657111
6.15005007
6.146573381
5.933345389
6.056681596
6.146066304
5.909665595
5.853237588
6.123065346
5.88400627
5.954882854
6.059934096
5.907560533
5.594892997
5.700206405
5.87700351
5.412853794
5.237405912
5.298296273
5.847813947
5.948616131
5.610694057
5.712349645
5.927860827
6.075884756
5.831569311
5.405529795
5.438893645
5.537988206
5.523464253
5.499145634
5.582945948
5.768758435
6.110629413
5.858193655
5.529685417
5.644771686
5.771330382
5.557393883
5.597862402
5.833557536
6.174654905
6.088427228
5.540228528
5.366197091
5.747425799
5.93227647
6.342532988
6.358141573
5.989817867
5.865569968
5.940276427
5.971884607
5.985039533
5.965191381
5.971737634
5.924260735
5.950436219
5.796891408
5.685147827
5.619635881
5.652819873
5.668292456
5.661464651
6.048581699
5.989382668
6.118877447
5.972994451
5.981691167
6.082356309
6.223733148
6.003900914
5.961242664
6.098240041
5.753462659
5.810120856
5.749225153
5.463750461
6.108775581
6.269093496
6.098137179
6.215179043
6.370996667
6.315517936
6.001611892
6.146657597
6.069989717
6.019868625
6.235903191
6.157475342
6.012585002
6.230104588
5.767243517
5.966088631
5.981066269
5.794543711
5.796931175
5.891923207
5.675155629
5.639224151
5.542565587
5.576813684
5.916100191
5.810223016
5.983098773
5.971574194
5.867847424
5.729833497
5.573806671
5.464944332
5.716423808
5.592172113
5.802058694
5.735027863
6.014402104
5.97454665
5.617775003
5.579760447
6.039799098
6.360515282
6.24502375
6.082778156
5.987519235
6.046920186
5.87918453
5.72777227
)
;

boundaryField
{
    xPeriodic_half0
    {
        type            cyclic;
    }
    xPeriodic_half1
    {
        type            cyclic;
    }
    yPeriodic_half0
    {
        type            cyclic;
    }
    yPeriodic_half1
    {
        type            cyclic;
    }
    zPeriodic_half0
    {
        type            cyclic;
    }
    zPeriodic_half1
    {
        type            cyclic;
    }
}


// ************************************************************************* //
