/*--------------------------------*- C++ -*----------------------------------*\
| =========                 |                                                 |
| \\      /  F ield         | OpenFOAM: The Open Source CFD Toolbox           |
|  \\    /   O peration     | Version:  2.4.0-MNF                             |
|   \\  /    A nd           | Web:      www.OpenFOAM.org                      |
|    \\/     M anipulation  |                                                 |
\*---------------------------------------------------------------------------*/
FoamFile
{
    version     2.0;
    format      ascii;
    class       volScalarField;
    location    "0.001";
    object      overallT_mixture;
}
// * * * * * * * * * * * * * * * * * * * * * * * * * * * * * * * * * * * * * //

dimensions      [0 0 0 1 0 0 0];

internalField   nonuniform List<scalar> 
5120
(
304.5552333
299.9157807
304.7171647
303.4790322
305.9814274
302.6299608
308.7905068
310.9488384
299.1498898
299.4135932
311.2470908
306.3994721
317.3132681
315.1879223
323.0882382
314.6191681
306.5460226
308.1797431
296.7923028
298.6494226
302.4297624
301.6913908
306.4445211
310.4262723
301.4015157
306.5570504
316.4284705
321.6590784
313.0657872
309.3105495
309.995323
308.0269554
304.8835708
293.1540765
285.3666255
290.2584747
292.2434031
294.9694812
309.3954225
303.4132282
326.4062385
323.8602703
317.3029611
310.4278304
313.644813
309.8172401
313.4990607
313.9296496
314.282847
311.4261081
316.7565749
310.8997105
305.1477615
298.6236034
302.7398332
298.6269378
301.4235699
314.7946272
322.2693187
326.4045357
287.4770635
299.7617151
305.7215767
311.9793399
305.9025739
296.1873633
301.2962695
293.7492923
296.3573032
306.5356869
305.8011632
307.1067215
310.7567395
301.7348889
305.2811846
293.418449
300.2180138
300.9811121
298.9812995
290.6049408
302.1204306
301.2245812
300.6297708
291.8637376
297.9561664
313.8488141
313.2598472
305.509997
306.8926743
307.9608214
306.4350027
302.2806131
296.6257425
300.7241321
299.5941547
302.1604751
304.009121
317.2907843
311.5928701
306.5367707
304.9540427
305.5422064
313.1413493
324.3511501
315.5887647
301.5946859
309.027887
304.2104553
301.5484731
299.5467661
301.6362281
296.6856053
290.2466761
293.2078343
305.1146415
310.4484835
310.5133306
299.6620316
305.8518362
314.3931957
304.8597167
300.6151159
306.2857013
311.8858489
312.6584383
308.0169746
300.0680744
299.9133122
298.7136355
308.7721892
313.0614862
313.9805836
309.7982366
299.0761276
300.2529944
303.6520851
298.5420625
316.1685329
310.0690751
306.8342725
305.190271
301.0972868
296.1746488
298.2946563
301.1785513
299.3031647
302.0718529
296.0571224
297.1700245
300.9813668
300.4703743
301.631313
299.9959242
298.644692
296.8911943
298.4645905
304.1895192
294.7331743
302.1597995
299.5668122
289.7889975
291.0188119
282.582277
282.548519
294.0320587
297.3237653
315.8631884
326.9339445
324.4094869
312.3201907
319.4037329
320.6147081
309.3664006
301.8071035
309.9457379
304.0798447
300.5874761
301.0016672
299.5544926
296.5149488
294.5286893
292.5463274
293.4515325
289.1935449
296.3925712
297.0314964
296.9634284
294.9724181
290.9114657
301.8200866
295.9071114
289.4027059
298.5684585
295.1011542
287.6551839
290.4581817
301.4614594
295.3854885
294.6973957
287.0483835
293.1527311
296.1329634
297.676903
287.9053613
286.3282665
294.0691473
290.8065536
294.1228721
289.3403349
298.9794303
301.4162621
290.7891029
283.8231795
293.2923481
306.1972891
312.210969
287.1360546
292.5829062
288.5742988
294.9916775
302.8214216
297.0449632
288.5689197
282.7798443
291.6541053
293.5439221
292.7760559
295.2345702
293.4506848
285.8074519
279.3632841
278.2762862
273.7632269
275.2897392
289.0599802
286.6904043
300.9609655
293.0317607
297.0206374
302.8749347
287.8289287
295.2100387
297.1966775
301.7634077
299.6305492
300.9586337
297.0565234
300.8172491
296.9049456
299.9054216
288.9143611
294.6103037
302.9691306
299.6470033
289.453518
289.0343968
282.3431514
283.1177862
287.7953307
290.6645037
302.9289726
303.3640312
297.1260645
300.7090019
308.1806721
309.6630691
313.6676525
308.1009948
309.4508584
299.0498001
301.1704586
288.8621719
290.7761875
291.3770503
290.5361138
296.4636147
296.7031529
299.4623002
288.3616995
295.865619
303.0884229
298.8267643
288.430696
281.6627112
300.9607135
294.3554801
287.810416
291.0613223
304.3779257
308.3669693
300.5597405
303.2182741
293.033161
303.3196336
305.9813948
298.9961119
302.2068816
303.0123871
305.0106302
297.7221839
301.7589513
307.8222784
302.2148132
314.4929541
304.3301682
297.0145379
293.961002
300.1046977
306.9001448
297.2395574
302.0115015
293.2713387
302.0126297
304.6119421
298.7812618
300.227802
299.8795022
303.2338107
301.327729
300.335437
297.0851571
295.8212733
294.3251737
303.0005184
298.0447791
306.2100701
305.0385509
294.3697277
296.1878152
292.4451434
292.5126916
300.083148
291.6610805
299.6734958
296.8318447
301.3858804
302.3955502
297.0505181
303.4094174
299.5093379
293.0934156
299.08174
302.6558365
295.119744
301.1698774
299.4547955
297.1314777
296.0833658
298.6086229
299.7645806
299.606725
303.9977199
306.8029191
303.4573199
304.8222671
308.3079588
306.3248928
300.1418216
300.913213
296.8115355
292.3666256
295.5327679
290.2984139
300.2540879
303.7429678
302.6105823
307.3249848
301.8275703
304.4689572
307.4643126
297.9633824
297.9109327
293.0792619
292.7741475
296.872153
298.1566258
303.4750299
303.6765914
297.9173305
293.8546084
302.397552
306.8071793
302.942136
295.2216837
298.1343893
301.4005482
315.1003308
317.0493679
304.1771658
298.7452764
291.2385722
288.763974
297.0053082
304.8326265
300.8021446
298.8700102
289.9054655
289.9634287
291.9201288
300.4939592
298.3757006
294.5656841
296.5410431
302.0567977
301.1703189
306.5726043
298.1919553
297.3047585
303.5092308
296.410116
290.9669481
279.9714751
288.6414591
288.7808302
290.6885997
287.9069434
297.3521894
284.4716728
288.6471427
298.6643538
310.6769327
307.3106137
306.2991807
300.4366072
305.7142177
302.2100598
301.1790315
290.1478551
295.8139354
301.7174641
300.7829283
297.0242994
292.4213263
295.0465137
289.4251962
295.3986426
298.0203888
292.7168728
288.5854754
294.6906662
308.5669853
309.7528108
302.859395
288.3863056
288.5912526
297.47456
302.1988961
296.5335454
295.313138
295.0608156
289.9474259
306.2335373
316.6155796
307.144363
305.1094282
300.5336942
310.3516237
305.2636411
300.1202386
306.4746281
285.8987401
301.1880191
305.3641945
311.4157576
307.6497479
306.4399075
298.3780592
302.9699868
308.4346597
304.7969394
311.8087356
307.0422429
298.7665998
308.1245375
312.9599635
315.014305
307.0346378
306.6769679
287.1226692
283.7283919
309.6556237
295.3161471
311.2167035
312.3348428
309.1920319
307.1789417
321.7537815
308.8182616
315.7324619
317.0271314
305.2769037
304.2105128
312.4910645
305.5291899
296.759463
297.3122499
289.7496938
292.102797
304.0022133
308.49479
293.5699181
291.7272253
295.5461475
297.4796065
302.2265857
302.9151346
297.720784
305.725076
309.7513677
302.0091577
306.3144313
306.61172
307.1096397
311.6311113
306.2828158
288.7843839
283.5811958
284.2422908
288.1378872
295.9664444
299.6762863
303.129854
298.5412828
307.3149057
306.5573785
299.5074958
305.1409478
298.6009879
304.6785637
299.9555458
306.897423
303.8130549
322.1673854
313.1605667
303.7955743
299.295281
310.0998167
306.7584767
303.4021328
299.7087914
297.828307
292.397244
288.6007015
280.072714
283.3744866
290.2035739
300.3282647
297.5890256
301.598628
308.2843758
311.0142858
309.6934465
310.7262946
299.5586636
293.8944759
297.7069197
301.0789822
308.1302486
297.3509932
301.2142513
278.2707511
280.4007156
289.2602565
294.1828022
294.2243307
292.2453416
292.935721
285.43717
297.7223062
302.9914299
300.5626381
299.8760537
305.05747
298.0137465
289.5783662
278.0882295
281.4933696
288.0778047
281.5244637
277.8769749
296.1097877
300.8849168
296.7229552
294.289664
296.3690578
306.2153535
305.5049976
304.1402719
293.9940173
291.6275917
305.2359444
310.5317878
294.4534386
299.0685937
299.5856423
300.0639729
309.588761
303.5883087
302.5760329
304.883513
310.1919154
303.2720355
308.8913293
305.5493743
302.6628559
303.7341756
310.8642899
313.1913103
311.2045318
307.9936546
302.7928719
295.1603132
300.8188239
296.7220676
289.0826151
296.5551284
294.9980903
299.4635505
299.8506913
304.6753413
308.3007925
305.4528736
306.3096749
299.4319025
299.0953544
294.924842
294.9279139
292.3926232
295.290808
301.8879656
306.4621621
312.5746516
313.3910754
301.0159211
311.7860313
310.5252503
309.6955227
307.0844605
311.4539443
309.510691
305.1182436
296.9378089
299.2835252
305.4968358
304.0716969
301.456441
296.2831498
284.6213345
285.7389275
288.0253428
292.621755
304.37957
299.9817674
296.8496474
305.9898608
301.3944187
299.0931371
311.5713502
307.9263442
308.9368518
315.6453003
314.2520551
321.7923699
302.0139419
304.8120773
311.89856
323.7103698
318.0538191
307.0746273
299.5444986
299.8382116
299.5940859
312.5571641
313.9163073
298.083835
294.9329326
305.8240523
301.7275786
305.8952082
315.8045943
309.8078401
308.7764257
305.3305774
309.9619139
312.9717249
309.1972399
298.4829003
315.6347792
313.5489703
301.3445816
301.6552652
298.4847766
297.5246858
294.1857879
305.7191033
300.1619309
295.584303
288.1531433
296.03892
304.6300277
294.1868001
298.816115
307.167848
303.6471465
302.6450476
302.5924521
306.2673014
304.9563909
301.7054245
311.720586
316.2536055
313.4812466
316.6885543
317.7847583
315.3375032
315.4362596
319.127889
313.6078037
304.9411707
301.2607249
301.9069057
298.8924702
298.2332217
306.288907
305.2481688
303.2540965
309.4975423
303.9960742
297.1600757
295.1692564
292.7090969
289.2771795
296.1698612
296.9671961
307.5335899
311.3300606
308.7427358
309.4887489
304.8068821
308.2291366
291.4112039
298.3101566
296.9893952
291.7752511
292.5313057
289.3380806
293.1613459
298.581537
292.0596006
282.7578843
287.865403
297.6801558
297.4028181
298.3704245
293.9714727
292.3827013
295.0235152
303.9319997
301.1247156
289.7518879
306.5524197
291.2500495
287.7792294
296.8590244
293.354377
286.8871927
280.3515583
282.0610336
283.3467976
285.8369178
288.9421882
290.1722643
286.2558951
289.0232564
284.3860713
298.06411
291.7082062
290.9970124
294.1348989
296.2793305
283.0229303
284.4175286
282.739156
278.7083991
281.7390113
293.3485852
295.9595904
292.6691179
293.7291254
290.8123643
291.1661922
295.0560432
304.1421034
297.9794095
307.6372226
290.7378126
284.9913116
287.9886405
281.0540745
285.13556
311.4959028
312.7656853
311.2072823
303.1094711
298.6284032
294.7654384
295.9018857
297.6058318
299.4318951
293.9311482
294.683816
304.7056614
301.9038069
306.9487008
292.437599
299.6007365
305.6733374
308.3886757
310.0729668
307.6140923
300.0761428
301.9378381
304.0773587
303.3001736
303.2917872
295.5132071
298.3924231
286.491908
285.5248642
299.6822759
296.0815771
289.4029976
286.8515665
290.1149644
298.7276515
299.9449514
293.7828214
292.6045028
301.8343913
308.3566524
300.6340752
291.6301228
301.1942136
297.8583137
292.3821823
289.1958954
298.2092714
302.2273205
294.7747571
295.9100968
291.6039547
291.4308239
288.5894807
300.9045478
303.9094715
312.5128872
300.7237061
306.8530087
294.8134732
291.1866412
304.6382302
306.7165655
309.7492626
308.6517939
304.0880124
298.3258816
297.2162122
302.5148515
300.7239794
295.3617796
298.5817686
298.8581477
304.8529973
316.9718319
317.6605217
315.3524833
308.6498463
299.2987198
307.6204256
305.389404
301.8923492
296.7019425
292.8974987
294.8010659
288.1659892
281.3271379
275.6367621
287.824313
280.3519475
284.2141617
287.4963407
297.1003377
294.1195685
294.9227894
296.4069433
290.7973951
289.7289706
294.9107279
291.2344976
296.1529624
289.4315304
287.4652353
290.7459165
297.6497788
288.6543828
287.6207677
287.6134527
296.8761601
299.5930027
293.0176807
293.9117093
290.5653874
299.9721395
296.6577075
296.6207019
298.9035638
296.9442325
291.9002605
292.3347789
292.8197281
289.1969577
293.0322824
302.5279019
293.3486324
293.2119947
297.1933081
303.090657
291.8899748
298.0276304
306.3977339
311.4033733
307.3044154
299.9089549
301.7593974
308.7232337
309.7487966
315.397115
309.9737711
307.640963
297.2189268
302.168451
300.4363124
305.100088
311.3739158
307.2236963
305.7078852
306.6704744
309.9084734
308.8695236
305.0407924
302.3307302
302.6837452
305.870054
318.9985163
314.9604049
306.1846334
301.8989602
299.077056
301.2292466
296.9257441
296.4475324
294.8628505
295.2736
288.1253222
288.4422006
299.7552849
300.6514945
301.2011346
303.1639836
295.1457922
301.7951086
311.0761051
307.6838381
302.6057556
298.0303773
297.4344917
304.6560779
309.3089555
313.4892198
304.7438599
296.8410203
307.9900354
298.2149172
307.7705096
306.2608848
302.006776
302.1553063
299.0775452
302.8697542
312.3634959
304.0377571
303.6164731
301.461317
295.4196818
298.2081189
302.8273233
296.444307
300.8962838
294.1166259
289.5217186
307.452505
307.2510585
314.1635219
312.5999701
308.982003
307.3430226
309.1423621
311.4853294
320.3858048
319.2719223
319.8358466
309.9498089
308.1567723
307.5403124
304.2524499
301.6815545
297.9605534
296.5656373
295.3860902
304.8458288
287.9802392
287.248345
294.3838445
294.4669211
297.4244738
296.8665589
309.1355633
304.7789015
292.9618928
297.1249862
299.1594177
305.3442219
307.2344943
305.3875983
297.993237
296.6364504
314.4422373
307.303639
296.2566779
279.5136432
301.2483795
294.9881818
292.3464386
296.598106
292.0168492
299.3854571
296.4995347
304.0325219
311.354596
311.646329
305.810891
302.808873
306.9794534
307.5851888
314.7906636
301.7135457
293.1819522
293.0736412
302.9712788
300.5761683
282.5949573
292.2683372
291.5980301
295.3536679
302.3883772
313.4939545
315.7558134
307.0647284
297.1022185
290.6173196
292.8406768
296.4645466
300.5448008
302.5079395
295.0082119
296.1657004
298.6490251
302.6641048
305.7618437
291.8877338
308.5649762
310.0674169
304.1060908
293.6157617
289.3481711
292.1287181
301.2256464
298.5532993
310.5853295
306.127519
303.9640871
313.8224501
309.7922292
305.4847772
303.3847561
300.6865115
311.265839
306.1154652
309.7227111
315.5164693
285.2025815
289.7028198
298.1902734
297.3227753
307.983322
308.5783097
306.687997
303.5430902
297.4942349
299.297804
300.9686613
299.8711256
291.3417133
292.2761588
286.5676052
295.3316768
291.9926124
288.181054
294.8509964
289.8717512
306.5783146
302.3451185
311.8438994
310.8322801
298.0861343
293.2806766
285.2956554
298.0091266
296.4969654
309.2871627
314.0629517
304.5601136
305.4957146
310.0617891
307.5174799
308.7094757
295.3925996
301.2564588
307.6102835
323.0093028
310.1974365
305.6025206
292.1955182
290.7564949
284.9990976
296.8675167
305.0489913
309.5172154
296.4236198
289.4388796
284.3175012
303.9839477
308.6761669
301.9971921
299.155871
295.1607222
298.8156615
305.9748437
305.1007412
303.7132239
313.3715173
310.0928969
304.1766947
298.926918
291.1017816
291.4181304
275.0186315
281.9455924
292.2477122
303.8992734
300.0138012
303.6948693
302.3059117
306.6324326
309.8706519
306.6325238
311.1437429
299.1539302
304.5638228
307.1165062
284.9111903
295.2481341
304.0118545
300.8545534
299.8252946
299.063214
296.8450715
303.4955141
300.0891741
297.9401959
301.1059129
291.4828838
293.3990515
297.7917562
303.8620011
302.8674337
306.1975658
314.854803
303.3119107
292.8501209
302.1490032
301.4324478
314.2110992
313.1732175
309.5939981
310.0088922
312.921443
297.7899366
305.8971573
304.1884672
302.7829428
300.2919749
303.8058585
299.4518871
299.1036252
306.6935716
313.8619965
304.9732415
301.5143848
307.5497765
316.9517271
297.599238
301.1510591
298.6559203
300.0578175
313.073909
296.3444114
297.6822581
299.30406
298.9560418
302.4451517
301.8042375
305.9591328
305.4307881
304.6040117
292.7555918
295.072252
302.9826378
305.6812258
313.3310286
308.0567685
311.2195429
299.0818826
306.6998018
302.9392789
293.1340925
288.7998206
292.620422
284.1347288
293.1703439
283.794003
285.0107039
283.4515
298.7743365
303.4751164
304.9607069
303.1245563
300.7253642
296.0817219
299.0004675
299.51012
304.7273944
293.156359
290.7201563
284.7803157
283.4143117
289.6322898
288.4577599
303.5878831
301.2296873
306.6034626
304.2348839
306.3291449
296.2871716
301.2399275
301.7123641
305.5130365
309.2084921
308.1564999
305.8350523
292.6656224
295.8467684
295.6870695
293.1618729
283.6158061
279.787801
287.4450528
296.6091586
297.2750264
306.2169493
303.8141994
306.0384661
301.6064741
300.1099459
302.0291346
296.335566
304.1528516
298.496169
299.0973468
296.728477
300.4013906
293.4643444
299.141762
294.9288569
305.5899646
296.5709498
303.3072065
309.9903745
316.6785657
305.126416
303.4984775
299.5093868
302.6307834
306.1930014
299.1279259
296.2948984
305.226565
307.5265788
299.7073301
302.6498118
307.9305012
296.9020604
291.8273678
299.8601979
307.5520857
305.9034594
300.9093421
303.9908642
297.0233869
304.2460616
307.8185949
306.413508
306.3858977
304.0033411
310.8250088
311.2648405
310.1390016
305.4318556
310.057153
310.7469217
312.233717
308.1422577
305.5678353
302.0623414
307.6182928
318.9490719
302.2033326
297.8299962
304.0929202
300.6238943
303.6432427
301.0493155
309.2137675
310.3622915
306.2323312
302.9070591
306.0079038
314.6293134
308.5274602
310.9945337
287.8943913
304.7865354
306.5426346
309.3492552
306.7189065
284.5177448
284.2717419
290.8620227
294.2788408
300.0763892
290.7992508
296.6936761
290.0753355
284.9861992
289.3862061
295.3849919
296.6185565
294.0384384
287.3780751
287.653038
307.1461351
304.6590572
306.5484809
308.1152628
315.702278
307.162495
295.6122132
302.7754097
307.5057707
306.8077712
303.7764267
295.8487021
301.716871
308.3574552
305.9843263
301.9681313
301.3821457
300.0559077
291.9936121
301.3461304
303.8926292
291.2007157
296.60753
295.7822344
289.2060815
309.323985
312.8251039
308.5645323
304.5103833
313.4870103
312.1851229
304.6399709
303.427221
298.3202065
291.0533481
285.9669429
292.3243702
295.7335776
298.6228296
304.9628098
289.2443832
290.1917815
292.6689526
289.1814346
302.8154434
294.243111
294.7970354
303.6866999
302.2212316
288.9231414
296.7869101
298.4390574
302.6975167
307.645603
300.8298456
294.3441885
296.3924946
303.6094881
297.1304574
296.1722146
299.6999232
304.0274245
312.7222855
311.5354122
313.0651103
312.219782
301.0413446
298.6976228
296.4816077
297.136418
296.6297806
291.3097725
297.2376342
299.9338998
298.2108142
301.6281655
305.318476
294.1700181
296.3807214
290.3452251
288.0728623
292.9597219
294.5699714
286.989026
285.0745527
281.0978091
281.1244335
288.3195028
288.8098408
286.7673826
287.4396762
288.4536727
284.5779888
281.8581446
296.2595523
301.777552
297.5350397
294.8439902
290.766346
289.6874177
304.4693123
299.6083702
293.0128597
296.4914586
305.5542906
304.4276738
303.718491
292.2453365
287.8568721
288.0156944
289.3859888
290.6276667
288.2517892
291.8753075
296.3602401
301.5930084
315.8182495
313.46316
306.4701103
297.9180523
307.4409851
308.5347288
299.6555858
299.3504268
295.4453746
299.4834172
297.933401
295.7390778
292.612467
292.170842
298.5347255
297.9152003
295.6712036
291.5327805
294.6722671
289.7066857
282.4801536
299.4241868
294.2537491
307.0217061
283.2875766
294.2050406
297.7474893
304.3319811
306.7498081
305.2899716
304.9149063
300.1947003
300.4551951
294.4350083
290.7876083
282.8689081
290.0764567
290.9285407
287.3163267
288.8412224
295.4303599
293.8929116
289.6275767
278.5378664
300.7421917
303.2611531
309.6901531
305.2663583
304.9343251
296.7527634
299.5187227
300.1609069
297.1947085
301.5080128
291.3046123
300.6901304
299.1563346
302.7840284
301.2710109
301.2319556
293.8429223
297.491892
298.061624
302.5190711
287.2428181
291.5273279
292.7964747
289.369843
289.1435693
293.1395068
294.8462368
290.5109332
295.4647904
290.7357787
306.2552107
306.4127011
294.8609848
284.4109802
285.6456577
296.9192398
296.6644503
287.1747503
293.7670794
298.8401628
301.7876796
286.3506551
290.1052906
305.1078192
299.2738957
304.9613784
306.0067052
308.923121
302.2512987
307.0011557
307.1739016
301.9809833
307.1109158
301.2118927
310.5846697
303.8369016
300.8773616
297.4746411
294.4602023
298.2507716
295.2117133
308.2953594
309.2213638
310.0657322
303.9270995
301.4990472
308.2918214
300.1013337
300.2465591
296.4530689
295.0655317
296.2143613
291.9774167
286.2474808
288.5993127
295.6973087
295.7015242
300.3112217
297.4362081
296.0026811
299.6506323
304.6832063
302.0442358
311.0898572
313.0737604
314.8319608
295.8596808
303.8189758
312.0523413
318.1504434
310.8595509
306.7462537
290.6429612
293.4778997
293.2720052
292.5051803
292.6874001
287.3675861
289.7888618
300.9489695
295.4911142
294.2683123
300.5679166
300.0704763
305.3180022
302.2616817
317.9396187
314.5868188
315.2930083
298.7052798
304.1703756
308.9618105
308.3896129
303.7220799
308.8934026
298.7761977
301.314017
300.8671152
307.9323977
308.0088956
310.1297027
321.0158716
322.8374051
312.1325528
313.4224628
312.8123141
314.5602902
315.7737667
298.8060169
293.3478662
305.7687616
305.4538809
307.4630749
309.0545328
306.2014273
315.5341338
303.2644643
299.1594424
305.9650699
311.3768151
295.1835493
297.2081551
303.185967
309.1409359
303.3634649
308.9715461
303.5804974
291.752651
297.4294083
306.568355
311.5120508
305.7453483
312.8527754
306.4379939
295.9618986
297.2456863
302.9954327
302.2406991
289.5995335
289.4230062
297.3198196
304.8164989
304.4238209
300.2672747
297.5566667
287.9241741
302.9216886
309.9739091
306.1668957
314.4318497
319.1958651
317.4240121
310.8994017
310.6956877
321.5923558
319.5819805
313.4708913
304.415899
302.0369719
295.2797541
281.1980855
285.2192181
282.9946578
294.8395862
299.2192582
302.4987476
305.0462778
304.0432135
307.9485316
308.7407253
303.5019637
303.6639318
304.3508878
301.9451635
302.8406212
295.6563751
303.2924594
302.9665064
294.783466
290.8860722
312.3233706
312.375789
296.6349474
288.9522985
275.6098217
273.2714867
273.0587349
279.2681403
282.8044304
291.2840956
292.571843
299.4355632
301.4942336
308.265316
299.0713029
307.2686584
301.6770605
305.6616146
299.974339
312.694458
306.1814898
304.822259
307.8345534
305.8360736
307.1679065
304.6425059
307.4369229
303.595646
305.785387
301.6717937
293.1589608
292.6437875
287.8907016
291.8274221
301.8271199
294.1897158
299.9720595
305.086549
315.4336828
309.5989278
302.024306
311.7460877
297.7746691
298.7052683
293.8830683
295.8037962
299.2300269
296.6693966
298.639074
306.400646
307.0267896
302.8131392
306.070895
296.2418626
285.9631512
284.6627601
287.848355
290.0489749
286.774511
304.5944152
285.7191717
287.3703227
291.493765
284.4500054
290.1828004
297.7718217
295.7779508
293.5614349
287.2329693
281.2536611
287.1304627
291.6738262
289.5577536
292.9836968
298.8192347
303.5053214
298.3109692
297.2364794
294.6399355
284.4730707
302.3501321
299.6286346
307.447102
303.6924628
303.0322026
293.1476954
291.0179762
293.4571275
296.1698846
291.2954678
299.977545
299.5951922
301.2046696
305.176961
302.940421
290.7429504
295.4414295
290.9926162
298.7022846
301.7554232
303.531322
292.2476185
284.370121
279.5495204
286.7917608
297.0985514
290.8998961
282.4857267
275.3587871
277.811197
292.3326602
290.4267649
286.4559476
279.2016807
287.3305746
305.9230197
305.0030766
303.0538487
292.6940503
298.4959394
298.0373001
298.7226795
289.0707505
296.010255
284.3805661
281.8878731
293.7768497
288.8750367
287.4017268
289.4552912
287.7936854
294.0541528
300.4579561
300.9826143
296.4813192
289.3210396
296.5791781
296.6187358
296.2647101
303.5762001
314.4747152
319.1492839
304.1215684
301.311193
308.2726882
307.0730615
300.1042049
291.836603
291.118014
296.4720994
298.1229182
295.0998049
298.4465178
307.9329214
302.3345549
297.6851515
300.9200691
309.9090654
310.6765022
307.0803492
295.9581093
302.5675826
299.7490568
297.6671294
301.5498009
295.6050669
297.8836854
294.7207291
282.7345246
287.4217643
285.9844984
299.6879145
297.8779621
301.003239
296.3181933
292.0968204
287.0152397
297.9387549
297.4913671
295.0045863
305.8194214
297.8797415
293.7259891
301.5706945
295.8850508
297.0536263
297.6105069
294.393881
294.1045636
307.8246947
304.6954388
307.0448416
316.2295143
314.4377669
311.3014205
315.0741935
311.5070741
297.8456131
305.3885016
309.5472535
311.9819288
311.7899797
308.1113409
301.4406947
305.9560698
293.933106
299.5065476
302.0059611
298.8628864
291.1860519
285.8274326
289.1712631
302.650776
309.4913256
304.532598
308.2038088
304.8323997
312.329552
306.3895124
299.3220423
307.1467596
314.8648905
313.7608172
305.4729692
307.7757788
313.1174635
317.3830532
320.7208667
303.4636997
310.4876367
309.0956032
308.5542639
301.3956186
307.9429918
310.0515964
321.4028358
324.9863862
315.3082088
323.8777058
305.9504544
318.6813783
318.7216333
309.0488532
307.7020994
298.5266811
299.6061059
287.6407345
295.0851945
306.3138846
300.6061707
298.2321364
292.4220709
301.4474118
309.0478214
318.2301756
305.8016718
311.9788526
316.1655385
310.2814457
316.8042199
309.8707551
305.2276165
304.9069647
307.8517575
307.4742131
308.9310498
314.3119863
309.6551256
300.7149028
294.4755224
296.630136
299.8121257
298.4896308
306.2530515
311.7140719
303.9290955
312.5353171
307.6245159
309.6024746
302.5381046
297.0397464
292.3563228
296.2083569
300.171764
299.9306591
294.9326979
284.1861069
290.6670164
296.235961
299.4844796
298.1779173
307.0188544
306.3915033
303.3112408
302.9036725
307.813363
296.9020515
292.9752309
299.307164
304.4329531
294.823314
298.5766992
290.3030158
287.9366648
294.3656039
299.4463218
303.9625696
303.8094218
307.6554167
314.4287573
316.9720638
315.2623518
314.2674181
303.8937372
292.7761058
293.8791004
295.3191737
302.1822549
291.9925676
296.2912942
292.3901191
285.1282104
288.9714054
282.746892
284.316259
289.8868352
284.6624691
296.7961029
303.1439759
296.6180298
293.4524304
289.4088983
285.2994382
286.2322218
294.368466
289.1116823
290.3736763
296.236835
297.459992
299.0878715
292.5941576
286.5438655
289.0850943
294.8216808
298.3669458
297.1153234
294.3778779
287.5403334
283.9364984
284.6981151
286.7575773
290.116182
290.985939
297.1835073
300.903182
301.1137144
293.5742258
291.0203113
284.6597117
291.2390173
303.6645754
303.0801808
299.2898911
302.9742524
299.0434548
293.02572
293.1993258
291.5694364
295.3225077
297.0505732
299.6237601
303.8298245
300.7762975
299.7288297
291.8454696
287.8003461
294.9507034
289.3814223
295.4858172
292.9297362
297.6318889
306.9487861
305.9975225
311.0539473
309.6130687
310.3729273
313.4994882
306.9035535
303.6969849
303.5404223
302.4462545
302.9665346
312.3700866
299.8578286
291.6416279
302.4716845
306.6129655
310.0589065
310.2885239
301.9219219
295.29559
308.435128
312.4526379
308.9920724
307.8950535
302.99774
305.325316
309.0196208
319.0323266
318.7291909
299.2024925
299.5104569
301.4532653
290.4586033
286.8106159
288.3963033
290.9524802
287.5362918
296.2697502
294.6298184
307.2379379
292.7132925
293.344369
298.2830549
299.4123696
300.5523181
301.9788799
302.2943759
296.9876766
291.4117027
280.9187588
285.2609949
282.05975
281.5492926
276.3622872
280.1329118
290.2834491
294.6532381
287.8077942
300.2646256
311.034749
303.8913127
299.9332078
302.2831589
307.2582531
304.8633987
296.5156885
292.8085197
289.3319219
295.6666814
298.5850567
289.7212427
296.6099004
291.5875706
295.8089239
296.696794
285.1434119
301.8139261
306.0996874
312.7076181
304.7777778
314.4814382
323.1094394
315.6929171
307.4668698
302.258774
309.3440507
303.3538034
306.5444852
304.1076018
302.0071873
302.6698472
301.696929
298.2968478
301.6401484
295.3632108
295.2431529
290.9618174
296.0952342
297.5544666
299.1621681
293.2221158
286.77814
289.9401866
288.9905377
302.7879909
304.0650711
314.7870871
313.1911028
300.6163704
302.4858807
301.0491429
292.5276683
303.2833694
308.3685987
307.885076
298.7241555
300.4634825
305.2085169
300.720214
302.6971518
291.8216324
292.1750331
292.9718629
295.8903326
300.1599275
306.3224676
294.8371071
297.5968254
302.7124799
301.2187703
305.7145593
303.2810163
307.2395466
302.5800804
298.7332149
304.3951104
305.1404267
305.1306054
301.9127859
298.5232739
296.9548638
296.0618294
298.4019218
294.5662499
296.7471232
292.631563
299.7899853
306.0292353
310.8591288
305.909418
312.4682738
298.8426382
290.5329132
290.6911982
285.5238166
286.5187133
285.8292068
281.9496735
291.677151
303.8654848
299.9903581
300.9157973
303.5988698
311.1026075
314.8255567
304.3890315
310.44973
310.9930911
310.0871037
309.9454759
317.8975373
314.6157763
305.8839846
300.9646561
304.5559026
301.8063959
300.4249694
303.4555933
309.7781177
320.9022022
324.3914266
321.7454594
320.480202
310.750493
303.8035848
313.9810099
315.2470767
304.2935937
312.6572561
310.0513896
298.7182111
302.5358533
302.5586767
300.8011163
303.1518178
307.6083246
306.974732
305.599442
322.7664243
304.8988929
296.3409852
299.3087325
305.9699342
300.2180472
298.5233402
293.0335811
293.1636622
297.6047179
296.8385274
294.8271796
287.9914689
291.6197157
302.4566918
307.562786
315.0778954
316.7015641
320.8396521
321.7739676
314.2995785
295.3038332
296.231469
307.053737
305.5433697
302.1194699
297.6873517
299.9752184
294.769115
291.3259663
284.670689
291.9646754
301.6526193
301.635745
301.9330995
289.4533474
295.5456581
296.605686
297.7400092
297.2431328
295.464294
294.0674812
301.5694366
298.4505672
287.4899311
295.7620496
297.3727878
305.6180719
308.3594947
293.6221329
287.2398013
285.9379574
288.1945407
299.6917437
298.9111251
298.529205
291.9813603
299.3472031
295.2612021
305.1977493
297.9503563
295.6840522
292.0677541
289.7477062
287.7522995
283.9787768
279.4153961
284.5133467
287.3063796
286.0130596
295.3837234
290.7386223
303.4301638
303.5704327
308.3353791
312.5188521
306.4884022
295.0866645
294.8310418
288.3169351
289.8546411
298.0927483
293.5809788
294.6592044
303.4621501
307.3461382
303.1503669
297.7645678
289.6585886
290.8101484
285.9741778
286.6062899
293.3695669
298.4208071
293.3335915
285.3338467
297.765014
303.0385496
296.6413045
303.3829103
301.304568
304.7375843
305.8944792
309.3140339
304.9316437
301.9149075
302.321814
298.7067263
293.9102481
296.3514069
297.4963928
302.3563592
301.5229314
288.4045455
297.2257583
307.2123009
302.9873501
303.849551
299.2640184
306.0663317
301.9011139
311.7927796
314.2417667
308.2844969
305.4155947
304.0392837
304.2968608
301.4979982
297.2204973
298.8751956
298.6432887
298.8365547
299.0979154
298.9962319
304.4391124
307.8704769
301.3750309
301.0682739
301.8589916
303.9673453
314.1507869
297.3645344
290.9641378
292.5651272
289.1808435
292.5280237
299.6709264
292.9959446
288.7750764
293.5747838
292.2296265
289.2170706
293.9046082
298.8834263
302.5091193
303.661762
304.0121321
296.4960756
302.3975176
307.4591707
304.7525929
292.9228736
306.6506251
299.5142706
297.7069408
287.0789672
297.9003291
294.5778659
287.8269309
287.7799356
290.9761187
293.9184897
286.461175
293.1297621
305.1208401
308.8701432
306.777074
305.4425533
305.8794074
296.8647427
294.0474359
284.1607761
283.792544
290.0993118
287.3914985
278.1499589
280.1273607
278.8132512
280.3144876
283.7372472
281.1099242
275.8254356
287.9041043
285.9786274
282.3282276
281.8573378
297.6025342
298.9997771
291.9880724
290.6632301
286.4801529
286.9114811
286.4074154
287.786182
297.717884
298.8987269
301.044654
303.8398762
297.119149
297.3208372
302.4225604
307.5880522
302.4913143
307.3251608
301.9511456
303.6850642
303.5873975
307.8602704
298.8145509
294.2141889
291.2754422
302.4521762
300.2840411
299.3717491
301.4146164
306.6509907
307.153652
310.5586593
310.4222144
306.753674
305.1639289
304.5437436
298.8109219
297.3228058
301.2476179
302.8834101
301.3365777
306.874924
305.2699806
306.3932537
296.2929034
299.5584832
308.6037559
308.8453843
303.905809
298.6790774
311.9210435
305.7331284
300.7145625
307.8147097
315.4813105
306.5630163
301.0733723
298.9936187
302.6048164
297.5934634
300.9985513
303.7047664
309.6529209
314.5586416
305.7654639
296.5503834
298.0247136
292.1017518
299.740536
301.5934263
304.2848794
306.3636286
307.988697
295.4090981
298.6509777
299.9897753
305.1738124
309.0017916
312.7552697
307.510713
292.1974221
299.7682702
296.5117051
292.0179355
292.0862214
289.2806895
294.9528731
304.4936062
301.0918869
304.0257359
309.0295909
311.9290927
304.380617
303.015346
302.6884954
305.7859513
303.0899471
299.6648904
298.3243036
299.7037352
301.1367166
292.8913826
289.544821
291.0328196
295.2509029
300.7254422
291.8641374
289.7876802
298.8712955
301.231584
309.6966347
309.8165829
304.4354411
303.6237322
302.9401401
299.3119922
308.1342239
312.0205603
317.4610723
309.4200588
304.1183596
300.1611509
305.4018073
295.6499259
296.0751281
311.8628084
304.8955689
298.5943359
301.6876036
302.4860998
292.9032669
295.2957204
307.4440183
311.2188499
303.8340022
303.081635
306.7948661
304.3580898
299.5494946
292.6638361
297.5302761
301.3732471
307.2278836
306.8760831
313.5854348
290.6334541
300.3408946
298.4940121
298.8021069
299.8672158
305.6652377
295.8962972
294.7235343
291.84511
293.043503
282.6603323
279.4946823
283.5720835
288.6450791
304.4458215
296.0174769
302.740945
296.3251859
292.1578843
297.4891757
301.9529904
299.8958331
289.5590407
301.8944748
296.2949177
301.7332578
293.6022443
281.0092325
276.1493506
285.1215403
288.3527988
293.0554267
299.3410265
300.3897901
301.917169
297.8349172
290.0839211
308.8993354
300.7710605
299.9975884
306.3099337
305.2214629
303.2426712
304.6001315
296.4413433
295.6546535
295.9210703
301.8521343
305.4184703
290.0377994
301.7367324
298.3640131
290.421903
290.0555537
289.1146659
300.3630359
299.688076
297.0162356
302.9673878
305.9033272
298.4734816
303.4959539
303.0821094
293.1275168
294.5474825
306.5111103
304.9128085
308.5089106
301.979842
300.1532796
302.7509892
300.3305035
301.7345639
304.2316091
305.2402729
305.5635398
298.5747726
305.0650686
301.6513895
297.3365258
304.7280678
299.4971946
308.6312332
308.5990646
306.0417576
304.7011913
312.7399649
306.511308
309.3796827
297.4891105
295.7820166
299.0799188
312.6673261
307.0400405
309.0527549
300.8492276
304.7858629
300.6965517
293.7968403
303.741563
306.6520932
308.4773261
308.7274382
309.2407417
305.5022208
304.5390586
295.0720476
308.8318754
306.8270263
310.2805761
309.4551472
297.9938026
295.6410109
295.601505
285.039631
297.3704852
299.9187324
306.3446145
305.346754
303.0298646
290.5923861
282.3080713
291.3646732
294.2814219
293.5320827
281.2676558
297.0937602
303.4998202
305.6904168
313.9838759
318.6794662
304.997552
303.2929679
298.1504066
298.6437265
293.0287811
287.5825581
297.9641137
293.3123574
282.7191553
306.3767788
299.2903431
298.5735935
300.3290835
304.5500056
301.0145906
294.4350757
298.8777215
297.8424398
291.61114
291.7912478
296.1546997
298.1896553
295.4782972
291.8515941
302.3911099
292.6376273
295.2679175
298.3612062
299.4700401
287.9221532
298.9068004
297.2079935
298.5251268
300.1733445
297.0700091
301.3305203
295.8272234
293.730707
303.9417195
299.2922531
283.3320873
286.1493134
296.2122886
296.1322709
280.8468918
285.1116841
285.5879629
293.6928891
292.486577
294.105798
294.1739085
309.5922111
307.8524771
310.0123663
307.3789846
303.4278453
308.4806105
310.5414874
302.2457204
305.6137706
310.2447738
309.6765284
309.2134538
306.4451305
308.4233183
295.6604992
288.5608542
293.7547108
288.2746051
315.5615857
314.8037066
302.4455976
305.1249553
308.2016194
295.9871691
293.3329826
291.7558849
297.0610586
296.3961353
297.0117176
304.6514791
307.4212332
307.304766
305.0476284
302.2057287
303.041312
311.8269307
318.805897
320.1393793
302.3661094
307.0144116
297.8550114
301.4404858
304.8479671
296.0799539
300.680662
299.0194664
305.3806079
306.2109596
307.2398512
297.822066
298.636511
312.0470708
307.7409792
310.5909683
307.983701
304.3933854
291.0941382
307.5875071
301.3288197
294.3686713
303.2835291
300.4359981
289.7447708
282.9925862
288.187929
285.5251028
293.058461
290.8025841
291.8020177
294.8116594
286.4407285
284.1579529
292.4064326
301.8120925
290.6183634
292.433406
297.9798801
299.0597205
286.7490734
289.6999347
291.6301659
297.1947733
292.5149791
291.6208659
289.2125026
298.2771209
304.6133778
297.2263339
299.3192375
300.9816505
302.1282923
297.852739
288.0810108
300.5439753
292.2773432
284.0558044
282.8030325
284.1897477
299.8244249
290.8606233
289.635045
288.530385
297.5640297
303.2556777
301.4221322
296.2445551
296.7870202
305.2586427
308.5276639
309.2557954
301.0583847
306.7325655
311.2850491
306.5654254
312.4843307
313.1050867
309.3008852
304.6455201
299.715077
307.0177808
301.8878997
299.3144923
307.2899201
307.3340322
304.1064171
293.1843778
298.2765492
304.554846
304.2898479
304.2000649
311.6641422
314.5362069
312.8491199
317.5985934
298.5329711
293.4008925
298.5933938
294.8763653
297.8451784
287.9447533
299.1871333
303.9650914
309.0580512
304.0783868
303.3870637
308.5510812
311.3609673
316.6172364
311.7050222
314.8851001
302.3167224
301.4455906
297.2527706
298.2618651
299.4188571
296.414421
291.8266463
296.4766997
302.2650175
304.1790615
292.9337568
291.040284
286.6141015
289.1098485
295.8162323
297.4490747
308.0966759
316.9543742
318.2451488
309.4782945
300.3065616
297.6176188
298.4888505
300.4969189
305.9632619
312.6288969
316.1656552
307.6547253
295.9643012
292.1533343
291.2068466
297.214411
294.7358052
284.8543512
285.8483886
293.3790914
287.341516
296.1892212
297.7272213
288.7825369
281.8761527
286.4820175
296.2878617
300.3344996
304.5305274
300.9874849
301.7204836
291.8214789
297.6897971
299.0514591
300.271915
305.632022
307.655727
299.4562999
292.4300218
291.4304283
302.1512276
300.0987771
301.2933994
304.4828857
310.1321402
301.3660814
296.7982386
288.135506
286.4160049
286.4826507
285.6161666
292.7479466
300.2055877
298.6407826
301.326349
306.7008354
314.4326288
314.5387631
313.9705249
314.4931331
312.2198123
307.4132255
309.9126502
298.6212253
303.371933
307.902244
313.2968226
305.3732454
309.0093079
302.4742237
310.3817321
313.5904398
299.9835625
305.0957288
297.8897601
293.1316258
305.5530407
309.9135077
318.0714573
304.8785674
285.6683324
290.6207857
296.0470869
304.7234275
305.7853744
306.0608362
298.7461898
304.1791233
300.9531162
299.1397941
301.2701823
296.0031827
296.0685873
296.4263863
287.5708154
297.4083623
300.7702235
297.1761334
298.411276
295.54013
301.3005843
293.8167612
286.8678696
295.459555
291.0177372
296.5864957
296.8146014
303.6823443
302.1344034
295.6080947
295.2960535
293.5734362
297.2709622
288.5566737
301.0268439
289.4927406
293.6335847
299.466197
297.0083756
304.4124058
302.3435771
297.1076831
309.9563951
308.0837435
303.4808687
307.5105654
305.9673237
300.9917936
299.8541773
296.2579128
293.8398928
297.8705724
306.3827395
296.5810313
290.8331287
293.0544345
289.9514007
294.9177904
297.5210582
303.4134059
311.5597686
310.3182883
312.2793671
317.8796578
311.529148
295.2353109
296.0218427
291.4678341
297.2987604
302.9846455
304.8741633
306.1011894
296.5471212
300.4640919
294.8278642
302.3130897
297.4461914
300.0577423
306.6045792
308.638654
304.9418751
298.3642155
299.1671277
304.3283602
302.2902255
308.165198
305.7787558
302.1278192
303.0632889
293.3065854
295.1493355
294.4998542
294.2863966
296.7045304
294.2199725
294.2649389
300.8348016
305.3779325
310.8856879
311.2689037
311.0768429
305.4570439
303.9684475
303.5777429
316.7776603
307.9867765
303.5132509
296.8805938
306.3409059
301.597629
300.9589859
293.9571855
301.2100621
299.4842479
295.1477386
297.1354565
302.4134833
300.728977
304.2880704
305.251668
296.7925487
289.9822991
288.9697355
292.0284407
283.4372905
283.9581141
289.9276476
284.7873518
292.5750832
294.2057924
300.9505297
303.9178664
280.774068
297.8681001
305.6097373
296.0190523
295.6301046
299.2233476
295.3660042
303.3133937
299.4803136
295.4675792
294.9460915
292.571227
302.2389676
309.7607193
309.0961705
298.1651912
306.0644348
297.4658736
284.5247785
273.0816954
302.0260294
296.4341934
294.4791754
297.1787254
299.9230941
300.7206935
293.9649674
288.4512734
285.793606
291.9967983
296.0139961
293.2792428
292.9106539
297.0400901
294.7315888
283.8275014
287.0828891
293.1722296
294.0319913
300.3335292
304.2783986
301.9415614
309.9120023
306.7718876
314.4653629
305.3876955
300.781159
292.3334967
292.1912977
296.9658946
299.7691373
300.9692347
303.5359432
303.0044513
307.7069904
306.8197858
298.5753784
296.4768106
300.3834693
295.694611
301.9931133
295.728763
307.1203968
308.9027096
295.4652372
297.8850187
302.6105403
301.3845268
306.537934
308.0165785
302.1797878
303.2270212
302.9652033
295.8322923
291.9231136
290.9506286
304.6690411
298.2810712
300.5480901
300.3877375
294.8288328
302.1157517
296.838094
290.5261852
282.8581738
282.803714
290.7938537
300.3007553
297.7203307
302.6939215
293.5136063
298.1854593
305.4710366
309.6487951
305.640792
298.9477778
299.7119802
290.8962216
291.8771239
293.0139718
305.5331637
301.136307
299.7142819
305.5808923
302.5478926
299.1594679
303.1865774
299.9284974
297.1189966
298.6443761
296.2366866
298.0524497
298.4818189
292.5512956
282.2416169
284.0859808
291.5066161
306.1936074
312.2527707
306.0395487
292.5121501
301.5195631
292.544412
278.9973744
277.6946361
290.5137829
287.0085784
298.4108089
309.3257899
305.5824415
299.4567637
299.1523635
299.5315304
306.7224828
309.7562648
306.9855246
299.3850132
295.5266047
289.9439436
283.7359
308.1093099
300.6597879
294.3800172
287.2944026
281.5587111
288.6592345
299.050456
296.7134535
293.5343114
307.8456402
312.3625518
305.1380892
304.4119397
301.2096379
300.6622321
309.7210715
310.8285029
314.0669287
303.7019316
302.1864359
301.1618514
300.4145824
305.429065
310.8344256
295.1026444
288.4435701
291.6573446
288.8089195
295.4482861
287.5903193
287.4198871
289.706037
291.1306188
287.3280794
286.0715848
293.3625737
303.352285
302.8978754
301.5604432
296.2911357
303.8650909
304.3662383
301.0911068
296.790255
303.3308741
306.5458143
306.0137336
297.9400185
300.571322
310.3439983
308.7825758
306.7639026
296.8049837
303.7962574
306.3743929
304.2954654
311.8409485
316.5767776
316.0236561
315.8294261
302.5921888
304.2697564
305.9181401
308.4019646
300.4795058
300.0696384
302.460824
307.6688923
296.0689242
300.8804761
302.5428845
301.9672537
304.3760429
309.7125305
306.9236458
299.7606487
306.644566
310.6592641
309.9425135
308.267147
295.6886496
307.3000959
303.3038121
303.3844975
306.0938014
299.2806411
302.2511871
297.1151399
313.9002148
317.8206251
316.0847268
304.7866593
312.7609679
310.7149873
321.0716786
316.0953815
309.5439598
295.7438311
287.0877683
288.4263927
295.0848497
303.8726209
304.3927996
308.2969852
303.6772547
310.4502058
308.489804
313.372338
311.0557074
301.3671254
299.3875001
301.1264486
298.5452879
300.032127
293.9100031
298.8409432
306.9742857
306.9078401
299.7118095
292.5485143
295.2302364
298.7820525
309.6480213
316.4590373
315.2464145
314.7123119
313.6552802
308.6474091
302.8904499
308.533549
301.594295
309.5536432
306.4379542
305.5942801
304.2058377
300.7343506
289.543918
297.2736727
308.21581
299.4513547
289.9629927
293.0912524
294.6094827
293.9024466
303.2621317
305.4708954
306.3481773
307.6064077
305.201765
297.574928
295.4694541
293.1312575
300.1371855
299.723954
297.5801421
298.0253245
313.0344288
306.0723878
299.0301057
294.6845027
302.9656861
297.8064862
291.2147913
288.3506384
290.6291644
302.63055
303.0806567
301.629721
301.7431218
306.1989487
318.1219956
310.7003751
299.9874749
298.3592695
301.2329326
307.4924143
310.711758
317.7995522
306.7222235
298.6063938
298.0741794
296.3833983
296.3593467
302.5450067
304.5322576
302.0856668
302.9444342
311.2009845
313.394161
309.057852
297.517257
299.6826812
295.1228673
294.7528057
301.7530768
298.1410905
298.6081579
289.5497953
301.729142
301.0392273
298.9701869
307.5890745
297.7577018
286.8017578
285.3572608
282.0604177
287.291218
289.5288643
284.3128983
291.2577191
307.5172341
306.1551463
303.066585
294.0523969
290.8876176
291.8508799
286.3973422
293.4001825
293.8781209
292.8127688
311.6191161
299.3561625
294.253396
303.1591457
295.645696
290.4141668
289.7453881
298.1897811
299.2780594
298.2229292
296.8497384
287.3017607
290.8094169
286.772554
288.1798106
293.0678527
286.4445255
293.7258213
308.0924541
316.5534633
297.8713937
308.334397
314.7498815
296.5245559
293.0787699
295.0501707
292.3640088
295.5626909
296.7596164
299.5139737
297.94326
299.012039
297.1625897
297.4732141
296.4094269
299.8133762
304.9158037
304.7872461
293.4518945
293.2092243
300.6021575
294.3745622
291.9057863
305.8399222
300.4022879
303.9337005
314.3119914
304.2221871
291.4988598
291.2729218
302.2400405
305.1647963
304.0684479
306.3863407
308.4702262
306.0641636
301.6477013
306.8702872
308.1824223
297.8830557
286.1668286
281.4679139
296.9276447
293.7883595
294.4744482
304.9826447
302.5145214
300.022719
293.9720323
296.029506
300.2274581
303.8195873
298.9428924
295.818385
280.5583308
290.8832977
295.7372272
288.6879459
283.9486644
287.7485432
289.6055587
282.9120742
282.328271
284.4155498
287.8298479
286.8917439
279.6031439
265.8277386
279.8630939
293.7056523
288.421767
285.5102824
281.2117312
286.247703
296.7808127
289.9422028
284.283656
281.9090621
290.0347264
297.4306074
284.5425404
287.1477049
280.6952054
291.2807374
297.0581498
301.1371559
300.4614569
295.86953
284.4241964
265.0184347
272.8360449
289.6111721
294.3966429
296.4024494
292.5600487
292.4594611
294.5823178
285.586626
285.559003
283.4215167
310.3437162
305.8990889
303.6164066
303.5256235
296.8380034
300.5677576
289.3373577
284.7775737
285.6241062
292.0399219
288.6779641
285.8340318
294.1759495
303.1761636
302.1242843
292.5524529
287.0602612
291.9465767
296.5935837
307.0891563
303.1468976
306.9412766
299.217418
303.538531
307.5123163
297.7778427
293.0292221
304.0066496
301.0469997
299.6559306
297.5103206
310.8936747
308.4082495
301.3743573
296.5498631
287.5785153
290.8931815
293.0393256
300.4792977
303.6598446
308.0702004
305.4036962
298.800156
304.294699
311.1942391
314.4023443
310.414917
308.2168644
298.2447023
294.7114086
286.8019714
294.6507556
294.6703833
290.9303216
296.3545898
308.0815258
304.9122935
307.6718905
302.5979133
303.8388101
306.1748431
311.2530491
305.3032423
308.276829
310.6115075
308.6473471
310.0077803
306.1747534
313.6436841
307.5096342
304.2490425
307.4055462
313.6080441
303.3652584
296.1484245
296.1723697
296.0554435
299.6529367
304.6952323
308.0755357
306.9279763
306.5930963
307.6331355
301.4164132
311.2706353
316.0752906
318.383359
299.6861578
299.2000341
303.7250926
311.5507876
316.1374252
306.3977836
302.1261781
300.7441885
300.4231186
303.1715766
303.225671
294.8985678
298.2104082
315.4672473
300.9011468
303.7060119
300.5199481
296.4465323
289.695273
291.3583605
306.7492154
308.399854
302.622704
302.813876
300.2614124
300.4680506
307.5832259
309.8125016
314.2233542
317.1927273
321.2108324
326.358945
324.6733255
310.8002856
300.7635654
301.4621642
297.1054195
285.9399324
288.0642001
282.9438347
284.4215999
282.6216513
289.27866
299.5305921
301.2807916
310.2071947
317.2113492
308.9740353
312.0727297
300.5071045
302.2712622
312.6671028
314.1457233
300.9914656
304.147597
306.0986697
301.366878
292.6446154
286.2545991
291.8297917
285.9811934
295.917301
300.4461788
294.3998784
297.2725285
307.9827724
307.0809599
299.5533196
297.9518314
299.5460493
299.3401395
302.2282526
300.9293821
306.8165653
293.2767568
290.6088996
295.7946097
308.9620056
299.8852876
289.8561257
290.3495298
292.1935625
291.9810078
301.6783434
292.7436882
298.5672964
296.6805678
295.5653534
303.8688707
304.0894331
310.3068717
303.9210064
297.3109903
286.7638962
287.4906495
291.7837385
291.3233998
287.4345343
299.9546996
300.5096254
294.3935336
293.9448986
296.8210486
294.1151233
301.8784155
298.0128163
295.0500195
300.55812
300.8402801
297.6590948
290.5080342
289.6563726
286.6978212
306.7452549
305.7915591
306.4115796
306.8230905
300.4984926
305.5448307
304.3078716
297.6428194
296.9611351
289.4964662
288.9437963
295.2806007
295.0610755
291.2225345
300.6803105
293.9140982
288.5189538
300.1234518
297.5222686
309.0743274
304.9252135
307.1615614
302.9157689
304.7900379
318.4321952
323.4390515
324.4012153
317.976095
321.1346609
307.6772435
294.0606143
288.9201784
286.829721
295.5597525
286.5885212
292.0568382
296.7891337
298.9797666
307.8649261
294.2678208
292.6158006
293.2390545
292.6317757
299.9395277
299.1859573
300.1830074
299.3057687
298.030087
308.0974899
312.8842825
318.5474272
308.5956857
297.6183606
306.1670921
306.1165813
296.8114727
296.6584117
290.656009
289.2462789
294.8105246
300.85264
292.4625472
296.4214492
298.1574884
286.7344105
282.8289318
285.9864588
298.7653052
313.8702891
310.3761078
306.202411
308.523027
305.3861146
313.2280769
307.4892965
298.1191666
298.944089
307.7346345
304.0167916
295.2176684
283.379799
292.1118527
300.7121975
299.2839999
292.9892292
288.8247964
288.9635681
288.3936431
301.3091191
305.9486186
307.2628852
309.6714013
305.7613591
304.2960806
294.7407794
289.8546182
285.9802328
287.2639772
292.8786986
283.732547
297.7369847
293.2305549
306.584299
301.763868
301.1819369
298.8065224
305.2209902
295.8513783
290.9391841
289.1373237
287.1055028
278.9214066
283.4781672
277.4763696
286.5875937
297.2583937
305.7162449
309.6505563
304.8767345
300.4596429
298.1819893
298.3231109
295.9678331
297.1676424
290.1323994
279.6737066
276.618582
290.6891933
296.6991996
297.3501876
304.3446569
302.6845042
300.4559085
303.2584422
299.210457
299.6333716
295.2239403
303.493671
295.6349237
290.8459925
303.9261572
305.2025116
307.3445363
298.1802596
297.8966795
289.1758486
296.1289524
295.574488
300.3307652
300.3882775
298.0763068
295.2147977
297.1230917
298.2507515
303.6611256
298.4244003
294.5294886
285.7876352
288.0144074
303.9239308
297.243397
311.1746294
301.0934794
294.9416662
296.8436788
296.8978975
295.6597428
296.5193358
297.7386069
286.2753183
294.5332149
294.8832265
290.8309905
291.5107059
293.0100529
298.0880725
296.0022267
300.144404
304.6150517
300.8946929
303.4709477
305.6131527
302.3713474
296.807623
293.9495962
303.4439427
307.4216535
316.5410662
318.4912096
315.7375557
300.4204045
290.2905915
291.0775029
293.8919439
298.985535
294.4483393
310.5064571
295.4757476
298.653057
293.6000171
293.3918375
291.5131411
299.78589
305.8351421
310.3105913
301.8135485
301.9684323
308.6645001
299.6892306
300.4685464
305.0195575
308.9867998
299.7073521
293.8602036
294.7271027
291.6521429
289.3058261
293.9599402
309.8092161
308.0192569
299.9265203
305.2180972
302.7001059
309.0775214
296.273667
293.2995559
289.253452
292.7158462
299.2677159
296.8214919
299.1149835
298.0199306
304.3815424
305.8939325
307.2291218
308.340092
304.8467918
304.5622325
301.790337
303.8517869
289.22936
298.6344707
305.4233903
307.5330884
306.7384534
295.7178905
293.7540605
298.5749476
304.4088435
309.5058464
302.3871596
307.926421
297.9700617
293.4125372
299.354237
295.5130717
293.4054337
281.7563301
274.3681879
286.3112873
294.7114
289.5070005
303.1890012
299.8807496
295.3772733
310.5122173
309.4838739
310.6596093
306.8345329
305.1649244
299.2974158
293.1698422
293.2751831
290.7587894
290.2970835
295.4809189
297.8131259
296.573587
288.5975434
289.757002
293.9170121
294.2545421
296.4373413
287.3061341
288.8929246
298.3367733
291.9469484
282.7865929
292.1120883
291.7151743
287.9043724
292.1524493
297.0850639
295.1129087
302.0510452
299.0543408
302.9816308
303.6717966
305.8257134
301.9686449
304.7038274
310.0715314
311.2957729
309.335473
311.3838771
311.7316313
313.8691254
314.9664622
309.6656708
310.4906955
307.7844094
298.6797872
294.1171179
296.1314204
296.889436
308.4159136
308.5336467
304.0285465
302.753494
307.0698168
290.4485648
301.3102109
297.3912653
303.8511596
301.2884136
306.6925813
306.3573409
300.4208869
315.9410104
306.2810375
305.7876514
305.1526124
299.3737176
307.1143341
297.796227
297.5857463
302.5099071
313.3918459
311.8117839
293.1773784
298.7547862
296.188567
288.0606803
300.9600728
305.359294
305.1299742
305.7559935
303.7462768
296.7676783
298.5940561
296.5871313
308.4243984
297.9247922
288.0207823
300.9347925
297.036777
291.047632
285.003903
284.0452284
292.986397
297.0267253
301.6279373
286.1495212
282.1457817
285.2571949
287.1853085
291.6694248
291.6711062
292.833082
291.7329933
287.5678191
296.5465725
305.730342
304.6037346
306.0081292
294.0366083
295.7166065
294.3775013
299.3732497
297.4871728
306.6341154
306.3000296
289.5097683
289.7410655
290.0886067
291.3803169
296.9867011
302.9575819
296.7229334
298.3082777
294.2420574
294.1866996
302.8931001
309.063809
300.1787269
298.6118903
298.0353837
300.8306527
306.262842
310.8129353
291.3864981
290.7559659
293.3847282
298.1743486
301.3956407
305.2334873
300.827735
296.6160326
295.2289306
296.9943484
308.3348542
304.108877
301.9035135
292.81019
292.060707
294.474421
303.2499858
308.6483505
305.0884787
305.8347557
301.5354192
304.5935758
288.792666
285.473455
287.2953248
298.588688
310.4369453
311.1745409
303.6597939
295.9851168
290.1404523
293.0028867
284.1970369
291.1714386
298.6973111
306.6909508
293.7571135
285.8698504
285.4606042
294.3157159
286.4979216
287.1937272
287.3311784
287.3033962
283.2660119
283.2030532
269.8703758
275.0013526
282.6288462
289.2478343
308.5726706
306.0969241
307.5696781
303.5127692
293.8103758
286.6780192
294.0511778
291.0292628
289.9051531
290.215653
296.9017859
294.3871075
292.1095044
298.6499391
291.9766284
293.307547
301.5244257
299.6651448
297.700631
307.5631193
310.900523
312.3722598
306.024772
297.9340296
294.131953
295.7200039
299.3194389
305.8154332
302.3949495
291.4800212
307.3419305
297.4150002
296.7220777
294.7291665
298.1118823
300.5242583
298.8567461
293.8155127
300.4577479
297.2353584
297.9790929
298.8147866
298.0087186
290.7658738
293.4222914
302.639314
302.3341784
300.886131
301.0413466
306.5062759
309.2457152
306.8519086
311.9953628
309.9256313
311.6109467
301.1330348
294.4644282
289.1620203
295.1216499
296.9085273
304.3693208
310.5011037
311.387201
309.0426892
300.7832199
305.8644743
304.2030755
304.9662875
316.0249849
313.0929847
311.3284839
310.7593744
299.2415439
283.8540174
283.7980376
290.3832674
299.0283184
308.6175254
298.7608685
300.8310248
301.8412147
307.0330938
310.8778753
309.3538667
305.8481251
312.3412943
307.4426777
308.4643661
305.2366536
313.0103175
304.6172677
296.2648949
303.8772128
303.2427027
311.9951162
313.3756369
313.6896724
312.1301374
305.381289
304.9345574
296.4788253
293.6917266
291.2029918
298.4314475
306.710057
303.4029603
296.1109797
285.3877132
286.8993646
297.7355472
304.3471724
302.5004014
294.3959894
300.0151993
306.1397576
301.6845814
300.1273589
297.0063749
294.5575166
304.4352731
308.6946229
300.943411
302.8175932
313.5606895
301.2794365
298.5058129
305.9392286
307.9080443
306.2762639
305.1749348
307.203531
306.0351026
302.8351259
295.6782691
299.6515067
302.4924892
298.3765567
298.6330765
295.5673843
295.8474881
291.8010851
294.6621259
302.5298076
314.4482082
304.8738219
293.5193548
298.3842247
308.7112716
317.4810435
310.1447232
308.7815548
311.1258122
309.696044
304.4257557
298.5814233
298.5107006
307.0710407
307.1001522
300.4809613
300.1237557
302.087277
304.4053733
298.4512452
291.3825284
302.079698
303.5934888
310.0438086
305.0070227
306.8501872
302.4355432
317.8307422
307.0517777
308.6511035
313.1710087
311.8245278
308.3857314
307.366919
311.7097582
307.3952936
306.8459116
300.5666013
305.4347726
302.4600475
305.1526265
313.8042316
318.4609489
310.2690964
325.2858718
330.7935221
332.2123939
313.8379277
311.9926811
311.4681063
300.8246989
301.2284817
296.6009166
302.4390982
313.8845525
315.4548432
323.0080876
322.3449739
315.023462
311.1963439
306.6859358
300.194405
300.0169168
298.7315761
290.27529
283.2896667
296.4769597
287.6205429
298.7479382
301.545897
302.8678324
293.9605446
297.1596759
290.9318018
294.9813509
294.0955439
302.7702802
303.3743567
307.7845534
306.1943401
297.8291132
303.1760104
311.6744767
314.9248495
303.551019
297.0873424
289.3774709
292.8465071
298.1922402
314.2627894
321.3773788
313.1791834
308.3688704
306.8472717
304.0797472
304.1279894
307.1530105
311.0513396
310.8959133
307.0328053
302.853435
301.769428
303.6054396
307.0256274
306.5004078
305.7828999
295.095874
305.0518921
307.836017
308.4813555
309.466608
305.5311637
311.4268168
302.9989511
306.7102839
312.8868072
309.4256532
301.0703482
296.9587444
301.9404545
301.6383572
306.4657757
314.1906749
317.7295944
306.6776456
295.4822172
298.6578641
313.8436202
300.0750858
292.4682955
295.2295956
301.8580865
295.4287808
300.8700193
297.1997416
303.1332835
297.946822
304.6141041
299.0961839
297.9407506
296.2713445
298.2538603
297.1115174
299.2244815
294.9446023
300.7884768
305.4639027
285.0480124
292.5961506
297.5084784
305.1047111
309.1218437
309.3267591
307.1918227
315.2856405
301.708247
298.9681646
294.9420646
299.0093226
299.893142
305.631729
301.4167379
298.2396941
297.6605994
299.992986
289.6582217
281.5029744
298.3266269
302.1623559
306.9386688
300.9141033
296.7163931
291.369106
299.3784478
300.2814757
303.8878022
306.6496148
290.2329033
300.7173271
295.8092872
294.5686796
293.5095893
296.399125
295.8248904
292.0173546
303.8566873
303.9232275
293.8367669
296.8519359
299.3505181
309.3760281
309.3635835
307.00072
297.2202054
296.4555206
296.5196897
298.5167563
302.0271249
285.3097577
289.0724347
303.1632945
316.2145166
312.2281247
304.4271888
300.6973262
290.2707247
299.3077321
288.0366631
300.9247517
295.4434768
301.3932873
298.5169671
289.7979439
287.8381354
289.1506342
281.7302281
292.7668555
289.8083547
296.7477854
303.4994396
303.4905534
304.4715942
295.7894307
298.0938794
297.4913615
293.7492778
290.6870462
291.0468554
292.4596794
296.6522639
295.5452003
298.8425786
290.6992728
297.9421442
289.1417145
285.1067928
284.4984478
291.3030002
290.8069862
287.1456985
295.4526895
293.1991073
293.7553255
286.1908872
291.4437066
292.7086536
290.239287
303.1992447
285.3260137
293.6790544
305.0074328
303.3802932
300.7792139
302.2097385
304.8839417
297.1549506
297.7632342
287.7194178
292.038224
285.1078322
289.0283462
295.094796
301.6115575
309.3664736
311.4178292
303.6318221
302.7530732
297.1335897
300.7287597
297.4741207
296.499352
301.0371635
303.1833183
303.531268
311.4620134
310.433162
312.2918512
307.8325735
307.3288733
314.4870215
307.5003409
297.2434839
296.2279949
308.2326418
316.0225827
307.9520488
307.0146574
303.3597824
302.050877
306.7996428
302.1302388
300.4165643
288.28828
295.0033152
288.399885
302.5028318
295.8506385
306.0715552
317.4598935
310.0134651
311.9431947
302.0631752
305.7790131
298.4141815
288.615529
291.2062573
302.9496655
305.0831082
302.9393803
298.7741318
289.3488202
290.8753086
291.493871
293.1447804
290.517268
295.7194476
293.5581034
291.451274
292.7903398
292.2780385
302.3507795
301.1048299
295.0565731
304.9207523
298.1984666
295.4370783
298.3455843
292.4198641
295.6105801
301.773977
299.5161525
302.8953171
304.4204306
302.6962243
305.8291247
303.9147223
297.8935724
293.4259002
294.1515015
302.0045117
297.8253808
302.9519947
308.9902895
301.8128004
298.3617297
292.3524002
300.8434921
309.0666915
309.8470513
313.2796367
308.4231624
313.4747918
313.7036481
309.9562566
308.3932426
310.3157031
314.414392
307.2682285
299.1655892
298.4667426
304.785519
305.1516511
301.5005439
301.1560994
309.2553638
311.3025901
310.95789
309.9247059
315.5283127
319.3204803
316.0763362
313.0976182
314.147001
308.9031812
304.5734142
310.358579
303.8779718
302.9897236
310.4198569
314.7956801
310.2793398
310.9594854
308.2656777
298.6079254
303.7992741
302.5914289
313.3806107
311.8143015
308.3502561
303.7642117
301.1000917
314.3018057
293.9394099
294.9211379
297.2053961
291.2586431
291.2370952
285.9023418
294.676541
297.7433823
303.7458851
297.0772758
302.2808877
303.3815596
309.3803482
312.3648972
310.3420818
295.08812
298.1969883
297.5421704
292.8574494
289.3738312
305.831091
310.8105724
311.4815193
311.1943902
309.0642099
307.635891
306.2270523
305.8319652
305.8080378
308.0585526
306.9006772
314.0538336
312.0205352
309.0152874
302.5598655
312.670043
316.0089698
307.1013978
293.4903043
313.0225935
306.0325533
327.9861381
324.4942453
313.5450205
309.7542649
303.6961175
298.757048
293.0413925
286.4468384
293.9995229
292.4798694
293.2599869
302.9994787
297.592836
307.7045703
296.4694018
301.1598713
311.5686187
309.7740209
304.4246823
310.5387941
296.5275764
294.8517715
304.406044
298.4452773
288.1855426
286.8908297
291.8741294
307.738131
298.1527615
298.2665013
299.3296068
297.0670277
292.7280203
298.8725425
309.4266251
308.4550802
313.3708031
311.3325719
310.6041471
309.1375355
300.6005155
289.1770295
280.8026069
297.5696401
294.1140321
294.9949193
294.4496768
305.2319398
308.4684182
306.9411801
300.2188067
302.73015
318.2467977
314.6539329
287.5682147
285.6070565
288.3124195
295.4070991
301.2675872
310.2689196
312.9624834
320.6830643
327.5303274
313.3380013
307.3932872
307.6804739
300.5132336
292.7115137
292.4212382
287.6479634
293.7502062
294.4257382
284.4223756
282.188129
288.4031707
288.2393525
291.5185872
291.6905828
287.1941003
292.3516463
290.9039565
284.5654006
289.4374784
291.3119668
298.7312509
308.3929133
311.3276386
300.6669848
298.4878664
308.6808566
313.0806162
303.3508283
297.1651456
290.8477728
308.3177687
306.6539705
305.9803753
305.5705169
302.2051472
296.3465346
294.2024982
292.6275475
297.6895747
293.1171299
291.676797
292.682402
288.0490363
297.251637
294.268997
286.5590977
294.1548985
297.8931129
297.5332748
299.5734957
288.7739473
282.4111833
290.180525
296.7931296
295.5476328
292.4341981
300.7614779
301.9658499
293.4918828
289.218785
297.0031587
295.9650394
304.2996191
298.5089948
300.1381704
298.9962207
291.6492366
292.378768
287.7326187
293.0855391
297.4368532
304.9644818
300.0132113
292.9804831
304.2752537
318.448401
311.6994581
303.5957187
311.4833461
308.81164
307.9508688
304.3255953
305.9562226
290.928536
288.8344252
283.8029908
282.0944987
288.3879351
294.0640573
291.949039
297.1589267
301.7765519
302.0173446
305.768748
295.7840769
283.929225
299.9819869
301.4377201
293.2374017
295.2234291
299.9414352
295.0844823
310.1164884
299.6434271
299.0255968
309.6021775
305.4484364
313.6371664
305.2547515
300.7121995
313.0063517
318.7544787
320.863048
317.0193126
303.3712359
308.2884313
305.2953973
299.714724
302.5131007
312.9613846
308.4512479
308.2986494
295.3064054
292.3890185
304.2122954
306.3896609
308.3932254
294.5093027
302.2685381
307.3919574
)
;

boundaryField
{
    xPeriodic_half0
    {
        type            cyclic;
    }
    xPeriodic_half1
    {
        type            cyclic;
    }
    yPeriodic_half0
    {
        type            cyclic;
    }
    yPeriodic_half1
    {
        type            cyclic;
    }
    zPeriodic_half0
    {
        type            cyclic;
    }
    zPeriodic_half1
    {
        type            cyclic;
    }
}


// ************************************************************************* //
