/*--------------------------------*- C++ -*----------------------------------*\
| =========                 |                                                 |
| \\      /  F ield         | OpenFOAM: The Open Source CFD Toolbox           |
|  \\    /   O peration     | Version:  2.4.0-MNF                             |
|   \\  /    A nd           | Web:      www.OpenFOAM.org                      |
|    \\/     M anipulation  |                                                 |
\*---------------------------------------------------------------------------*/
FoamFile
{
    version     2.0;
    format      ascii;
    class       volScalarField;
    location    "0.001";
    object      p_N2;
}
// * * * * * * * * * * * * * * * * * * * * * * * * * * * * * * * * * * * * * //

dimensions      [1 -1 -2 0 0 0 0];

internalField   nonuniform List<scalar> 
5120
(
0.3409254294
0.3081648153
0.2995474672
0.3232478578
0.3269561612
0.3244103354
0.3109357365
0.3178768518
0.3267900519
0.3208714507
0.314803437
0.3174357904
0.3378250787
0.3413663183
0.3310602601
0.3414903921
0.3475596462
0.3325698537
0.3198778398
0.3164681082
0.3166247436
0.3139383469
0.339054808
0.3559469546
0.3438493732
0.3303278443
0.3443763995
0.3658256076
0.3291072027
0.3218092588
0.3352076699
0.3452548555
0.3330608686
0.3120469481
0.2847437996
0.3197644414
0.3307929148
0.3377140772
0.3364591262
0.3298653084
0.295404482
0.2899735285
0.307739481
0.3161223006
0.3425346469
0.3465601025
0.3302634373
0.320246408
0.3236801003
0.3388937703
0.3491356746
0.3550684788
0.3577282438
0.3704744584
0.3567197901
0.3475779805
0.322181357
0.3538888142
0.3452311667
0.3133628929
0.2955318879
0.3051419632
0.3334329109
0.3568450265
0.3363842272
0.3151657767
0.3378060027
0.3183970767
0.3178397952
0.3298000409
0.3321335465
0.3183760784
0.3079269545
0.2889366481
0.3222814715
0.3155678465
0.3383171905
0.3266800632
0.3183127339
0.3084489748
0.3280264514
0.3209828642
0.2998038987
0.2980094877
0.3227441256
0.3468984504
0.3203640991
0.3231101989
0.3365379842
0.3261285061
0.3349961738
0.3032891738
0.3103111544
0.3076107124
0.330973091
0.3276874587
0.3506851143
0.360594731
0.3351964423
0.3283059141
0.3103452383
0.3177666453
0.342587259
0.3526306571
0.3281938808
0.3142570941
0.3233451198
0.3065948022
0.3059679117
0.3003358571
0.3133704521
0.3306594998
0.3079141723
0.3001726027
0.2995964265
0.3374578733
0.3351204681
0.3241937918
0.3306212394
0.3297402468
0.3278913666
0.3021665432
0.3253509592
0.3424201433
0.3501960777
0.3538193372
0.3046160926
0.3342450545
0.3405932131
0.3506308978
0.3474855049
0.3285283427
0.321284334
0.3427792637
0.3588759407
0.3607625714
0.3514505741
0.3866377286
0.366146489
0.344530525
0.3487591292
0.3284062233
0.3269513843
0.31588478
0.3426339455
0.3351255934
0.3460689285
0.3213292184
0.31771771
0.350457279
0.3549607351
0.3315421331
0.3626622729
0.3514389227
0.3695879207
0.3861084846
0.3975813886
0.354395174
0.3438606034
0.3358447036
0.2978058875
0.2702613635
0.2746639965
0.2846449032
0.3143997127
0.3474783237
0.3654659912
0.3508202088
0.3391703924
0.336823567
0.3491128567
0.3648051396
0.3489701032
0.335632992
0.3410704737
0.3145925913
0.3306891684
0.3157512947
0.3348858314
0.3288626907
0.3291904264
0.3232641911
0.3130631594
0.2778204055
0.2930092277
0.2868749774
0.300193946
0.305790217
0.3042053524
0.3021260239
0.3262496767
0.3213348491
0.3439508521
0.3301002153
0.3258286544
0.3351884255
0.3327261032
0.306013285
0.3009431697
0.2956450784
0.2974336995
0.3045609869
0.3004070646
0.320494246
0.3161752752
0.2960416994
0.2971133531
0.2904904817
0.2822135447
0.3153313598
0.3182865277
0.295991994
0.2873808883
0.3123194199
0.3377466878
0.3364043059
0.3170559213
0.3446935105
0.3459485115
0.316148097
0.3338910605
0.3119264933
0.2971564748
0.289782891
0.2995577064
0.3002321054
0.2866395909
0.3069165025
0.3216066577
0.3117349201
0.3132488352
0.3215408209
0.3226145832
0.3039932614
0.3280660848
0.319669585
0.3280348745
0.3086504177
0.3159794342
0.3450239265
0.3015743067
0.3101942011
0.2949866831
0.273182173
0.292899576
0.3035362172
0.293426804
0.3079623491
0.3116659824
0.3145540715
0.3115722112
0.3291959376
0.3279476307
0.3119524803
0.287572868
0.2925067922
0.300092035
0.2958605168
0.3045675648
0.296398942
0.2973616709
0.2848646364
0.3020164997
0.3338418065
0.3308269411
0.3303580371
0.3175986525
0.3464569799
0.3626490382
0.3426137556
0.3192874375
0.3061241715
0.3051749703
0.3131288557
0.3259064388
0.3031998847
0.3045581248
0.3016803427
0.2646057298
0.2972402627
0.3265382719
0.3305918499
0.304397971
0.2808992922
0.3267406055
0.3222087183
0.3181145224
0.2973516483
0.3001852945
0.334631533
0.3135963192
0.3071525466
0.2922851558
0.2842097178
0.2909966899
0.2995266071
0.3061513471
0.3298259646
0.3406060019
0.3259705178
0.3391894539
0.3382185162
0.3184621959
0.3132994361
0.3195639931
0.3130309176
0.3089720945
0.3365495561
0.3506742856
0.3115027278
0.3241259658
0.296547446
0.2949014555
0.3201273571
0.334549925
0.3166657015
0.3231038231
0.3212333692
0.3267173321
0.3550299893
0.3204729363
0.3331321295
0.325254711
0.3207868509
0.3259454614
0.3695868239
0.3439950782
0.3345355045
0.2990028166
0.3075332728
0.3156024141
0.3146117121
0.292624613
0.3311864577
0.35655371
0.3480336114
0.3068549807
0.2995608577
0.3001444961
0.3161809719
0.3393432991
0.3388847254
0.3520081696
0.3318553261
0.3357436487
0.3228236444
0.317656343
0.3096290216
0.3212092789
0.3309068268
0.3137639274
0.3001682021
0.2876305335
0.2743995889
0.3005079476
0.3279952505
0.3278673963
0.3287436721
0.3425456203
0.3302717409
0.3041169469
0.3153946004
0.2938567391
0.2834935118
0.3019830709
0.3061834141
0.3166134697
0.2893221039
0.3134382924
0.305151093
0.3102335917
0.3173784526
0.3241168521
0.3186511473
0.3257279827
0.3076135893
0.3095680927
0.3155245369
0.2974975073
0.3005237569
0.2981108669
0.302218934
0.2960049779
0.3080449168
0.3282810024
0.3408606273
0.3522695292
0.3430762411
0.3172878296
0.3008280017
0.2994632682
0.2960444194
0.3144853111
0.3164125373
0.3055309754
0.3118322364
0.2915079859
0.2840713876
0.2752981062
0.2798540713
0.2992657388
0.2945909009
0.3152041021
0.3356828225
0.313408528
0.3294605676
0.3195288561
0.3134716482
0.3175453301
0.3061572216
0.3071052918
0.2769826737
0.2982599656
0.314897583
0.31079452
0.2981827444
0.3257439888
0.311436073
0.3075215941
0.3202452348
0.3331909576
0.3254895115
0.3028171133
0.2851468266
0.2618770482
0.2646518961
0.2489115868
0.2516574438
0.296946651
0.306083971
0.3043117857
0.3028955302
0.3004090684
0.3051031619
0.2942723352
0.2992249524
0.2996707774
0.2801284289
0.2858145387
0.3006711255
0.3353262471
0.322486419
0.3244306743
0.314071509
0.3046054964
0.3128077838
0.3311956328
0.3353534158
0.3184029507
0.3120615931
0.2866866253
0.3114232855
0.3250578681
0.3203821132
0.3089531678
0.3070676313
0.3480257176
0.3316748805
0.3127348637
0.3347878728
0.2975451152
0.3326383781
0.3261590211
0.3542662809
0.3347313702
0.3160648258
0.3239226318
0.3374760171
0.3360234856
0.3221842348
0.3467048143
0.358945645
0.3350103385
0.3189783761
0.3615455847
0.3635954427
0.3394379179
0.3312270297
0.3164939242
0.3029141213
0.312730438
0.3009312022
0.3263042135
0.3195331244
0.3202377988
0.3088140335
0.3247871371
0.3089357186
0.2936145268
0.290077847
0.2682006155
0.2543984807
0.3074398415
0.2990164193
0.3151230687
0.3049363426
0.2794873307
0.2976525078
0.3187850608
0.3008306386
0.3081087784
0.3124096508
0.3354741489
0.348355266
0.3423970678
0.3611582862
0.3378600404
0.3573108684
0.3775491837
0.3385989547
0.3158468181
0.327670139
0.3123797132
0.3138714968
0.3038260971
0.2862929611
0.3056690065
0.3046802994
0.3082438207
0.3230987579
0.3429782029
0.3424297899
0.3124871432
0.3311379265
0.3275876361
0.3079541845
0.3008086086
0.314163453
0.3396403517
0.3586384477
0.3616911373
0.3520635783
0.3730972329
0.3343823067
0.3419145124
0.3213030782
0.3222760551
0.3147165932
0.3357412859
0.3562199559
0.3161899987
0.3156469988
0.2976064978
0.2798678831
0.2700338159
0.2876656987
0.3301367883
0.3290616126
0.3419993219
0.3534507224
0.3457090408
0.3458437496
0.3263361651
0.3302954739
0.3160170676
0.3342349836
0.3205140277
0.3279806809
0.3294615245
0.3314682002
0.2967967359
0.3079545673
0.3360740989
0.3354924356
0.3363803262
0.3263440843
0.320534847
0.2955465479
0.3198095894
0.3271012305
0.3335792388
0.3138133225
0.3330172891
0.326941742
0.3105421195
0.2995699093
0.2999680482
0.3205852119
0.3083758823
0.2895372489
0.3517001528
0.3461743009
0.3276567486
0.316955027
0.2956766495
0.3173243207
0.317534304
0.3037768493
0.2883321264
0.2852670344
0.3217521414
0.3249003115
0.3027113288
0.3209019589
0.3286097203
0.3255823626
0.3253428428
0.2970676123
0.3109363793
0.3593033257
0.3035265269
0.3153556799
0.3415791197
0.3369958637
0.3096178176
0.2961009756
0.3013090064
0.3273550406
0.3564515147
0.3418354213
0.3286019115
0.3044778583
0.31579365
0.3314516045
0.3057759502
0.311715527
0.3081894979
0.3241873386
0.2995267456
0.2878290524
0.3176123475
0.3078852075
0.3184652127
0.3074488318
0.3113922415
0.3094410796
0.3152335543
0.3057111535
0.3140181506
0.308860372
0.3300514534
0.3522874658
0.339033348
0.3068046258
0.3013560056
0.3164376569
0.3190778156
0.3207868018
0.3119668977
0.318659527
0.3298532446
0.30089125
0.2812101168
0.2897711385
0.290015811
0.2967751236
0.3048435051
0.2711020882
0.2723851093
0.2883809213
0.3076147794
0.3080306679
0.3138749344
0.301950484
0.3183923995
0.3381688049
0.332631285
0.3449299847
0.336617325
0.3241249519
0.3261067527
0.3133022671
0.3463418906
0.3189745593
0.3235578342
0.3228037859
0.3298649338
0.3432153231
0.3438798092
0.3200085189
0.3178166982
0.3076630653
0.342807124
0.3375303341
0.2985841151
0.2738103784
0.3032086693
0.3178798463
0.3309776602
0.3310500262
0.2932890766
0.3051967933
0.3095140181
0.3335960597
0.3506156478
0.3426525821
0.3070887817
0.3271227126
0.3356742767
0.3138776035
0.2966295335
0.3187811052
0.3147676027
0.3125001909
0.3469390156
0.3470896357
0.3229141334
0.2909406649
0.3065210763
0.2796023364
0.3058631206
0.3181035926
0.3282691079
0.3057413691
0.3103673606
0.3106221705
0.3221380005
0.3235006464
0.3088139566
0.3291301193
0.3227050635
0.3012057829
0.2822145901
0.3022808424
0.3004851584
0.3013182703
0.33293235
0.3283813053
0.314503202
0.3157312648
0.3239375251
0.298233649
0.3063099945
0.3266877041
0.3198536711
0.3378520618
0.3194349642
0.3299908696
0.3167610024
0.3179044856
0.3026445703
0.3343800809
0.3420401118
0.3172774047
0.3250069783
0.3117924321
0.306009283
0.3131761723
0.3119892425
0.3204377093
0.2938507041
0.295641161
0.2946581168
0.2992227158
0.3102201789
0.2993874021
0.3220663352
0.3276869851
0.3178228013
0.3087366865
0.3142348021
0.3258461663
0.3278400611
0.3258391084
0.302497713
0.2828487884
0.281178203
0.2967103363
0.300634061
0.3028360711
0.3379370164
0.3133059722
0.3050275657
0.3178550912
0.3459852538
0.323399972
0.3013129656
0.289831332
0.3035236596
0.3067441903
0.3189095304
0.3141508277
0.3403511013
0.340673314
0.3100784261
0.3280750295
0.3275706581
0.3152968737
0.2969831506
0.3021501949
0.3041502241
0.3222467082
0.3391782243
0.3318976523
0.3458142057
0.3836881307
0.3709030198
0.3427738854
0.3382622713
0.3057901412
0.2970735821
0.3142875463
0.3285989879
0.3349923541
0.3591192501
0.317800476
0.2929453312
0.2951595425
0.2930136502
0.3007772279
0.331340327
0.3291600683
0.3202649066
0.301044707
0.3034870326
0.3227419609
0.2983511466
0.3118001448
0.3151583601
0.3153997473
0.3064076459
0.3237717554
0.3370582465
0.3127335732
0.2724559342
0.2920281859
0.3130229056
0.2969595982
0.302944281
0.305698858
0.3226140504
0.3308014818
0.3306914745
0.3281407851
0.3165822853
0.3097435771
0.3157891195
0.3028981427
0.2847314744
0.3078620324
0.3066142763
0.2886659101
0.2997570359
0.2887227878
0.3037934398
0.3066440106
0.2810147073
0.2882095077
0.2945020582
0.3257507748
0.3242782458
0.3067136582
0.3407358545
0.3529437241
0.3472146122
0.335900599
0.3249755809
0.3146193529
0.3035634217
0.3217264437
0.3227764082
0.3226472645
0.3225171629
0.3445384524
0.3238862872
0.3319806412
0.3358061825
0.3556285626
0.3203375927
0.3061083711
0.3185971315
0.3379811821
0.3563144107
0.3518683558
0.3058782545
0.3083368154
0.3109749582
0.3223942836
0.3142819171
0.3111020116
0.3219572341
0.3195674973
0.307282201
0.3160247859
0.3307089437
0.341289998
0.3452866061
0.333579051
0.3425726174
0.3078443802
0.3236285982
0.3372477703
0.3243450756
0.3226882334
0.3206986859
0.3107644215
0.3085807192
0.3390818033
0.3154305197
0.3079569318
0.3118701453
0.3299830245
0.3270198133
0.3135294597
0.3229411886
0.3199140357
0.3054377203
0.3182461101
0.3127458885
0.3209728156
0.3346129511
0.3281954405
0.3337881388
0.3359741405
0.3376087344
0.3277160556
0.3405630419
0.3418800522
0.3405474801
0.3226409782
0.3137517627
0.3206637141
0.3387117533
0.3416071376
0.3489494583
0.3483862306
0.3396232548
0.3189591631
0.3417565384
0.3424838172
0.304516754
0.3106720512
0.338092676
0.3344135147
0.3389058357
0.3728547632
0.3502663292
0.3134977237
0.3055575901
0.3398986901
0.3474608278
0.365834023
0.3292753852
0.3152561599
0.3323894331
0.3534996058
0.3736037613
0.3414593719
0.3316481335
0.3136977139
0.2956930012
0.2880003138
0.3035494774
0.3229612276
0.3177541903
0.3048286662
0.3159408798
0.3464140963
0.343322514
0.3484171556
0.3353609625
0.3458764735
0.3562021143
0.3816828836
0.3750003651
0.347924061
0.3303926063
0.3187066412
0.3327932413
0.3072701666
0.3484354234
0.3389749583
0.3113660628
0.2938082533
0.2991695316
0.306374966
0.3229824905
0.3355176291
0.3298085619
0.3102969111
0.3285199849
0.349788824
0.3493451393
0.3419188228
0.341377051
0.3264725479
0.3303920369
0.3618911268
0.3794870945
0.3549406084
0.3155695571
0.3572563763
0.3357110209
0.3335999013
0.3254928426
0.3322882488
0.331888841
0.3196092021
0.3267386229
0.3473739192
0.3416110876
0.351057773
0.3336416181
0.3089534234
0.3087601335
0.3278569022
0.3142230779
0.3070765697
0.2862774028
0.3036983061
0.3264629041
0.34335413
0.3479360599
0.3550059389
0.3405563983
0.3451278509
0.3503580474
0.3521972809
0.3657883516
0.3509196592
0.3397151776
0.3072934002
0.3099984476
0.3211664036
0.3096767748
0.2944083888
0.28876027
0.2944461334
0.3130350171
0.3282656683
0.3155641656
0.3041755691
0.33626107
0.3467841946
0.3550342195
0.3667058792
0.3748640122
0.3779612269
0.3610488263
0.3299865367
0.3287903767
0.323470497
0.3133429942
0.3069169673
0.3002011012
0.3175935063
0.3503263491
0.3461394766
0.3317617703
0.2865526525
0.3140060432
0.3401304907
0.3224545625
0.3102887367
0.3265242675
0.3378139917
0.3359711813
0.3309433797
0.3382820327
0.3595870459
0.3492124824
0.3055320487
0.3260323191
0.3237114863
0.3393899272
0.3387253009
0.3217698715
0.3022639125
0.3023917057
0.2928496009
0.2995564032
0.2876172193
0.3034618644
0.3124290524
0.3082662605
0.3387646933
0.3479478241
0.3478739892
0.3238487107
0.3177670312
0.3321837362
0.3245914792
0.3141276855
0.3109118592
0.2855668994
0.2852517474
0.2600501502
0.294853726
0.3160247831
0.3064977697
0.3199137156
0.337027649
0.3228582305
0.314502314
0.2955448065
0.3183468379
0.3376372609
0.3172813892
0.3146253227
0.32557377
0.3276288867
0.3284472001
0.3139753904
0.2879420758
0.2797581214
0.2561224642
0.2990508976
0.3306860315
0.3406836835
0.3494207003
0.3070548263
0.3132752487
0.3317323838
0.3245441565
0.3396071045
0.3379320515
0.3402663146
0.3411450442
0.340364511
0.3421235681
0.3331535339
0.3261823838
0.3139173653
0.3077535147
0.3084315143
0.333439397
0.3223789067
0.3072911216
0.3214470903
0.3068355473
0.3030381354
0.3109591709
0.340680686
0.3593510637
0.3335193099
0.2982069892
0.2757495332
0.2994615794
0.2992600827
0.3221695177
0.3287518534
0.3041483094
0.3014259283
0.3314653666
0.3140624244
0.309352555
0.2859519468
0.3130465054
0.3228909003
0.336105113
0.342138279
0.3163266699
0.2848044195
0.2740916621
0.2697827761
0.3045376579
0.3045742427
0.3153114563
0.2958296352
0.2957081665
0.2884140121
0.3433548776
0.3163157643
0.3247013826
0.3272163451
0.3240921686
0.3300555729
0.3313761538
0.3252590949
0.3280766558
0.3435358205
0.3338875607
0.3046772723
0.3107338683
0.3097812344
0.3030577595
0.2893494666
0.3192953393
0.3224454411
0.337864537
0.3456429914
0.2987974878
0.3084670837
0.3319552762
0.3125575463
0.3042315034
0.3225118543
0.2881092242
0.3105184231
0.3375901215
0.3306248644
0.339054664
0.3215094014
0.3048430775
0.2987962183
0.3142861421
0.3255032503
0.3326886026
0.3369728272
0.3307798168
0.3214683679
0.2968843505
0.3159878547
0.3201749289
0.3405756018
0.3364489027
0.3508145296
0.365052538
0.3611414078
0.3487995014
0.3263119646
0.320861528
0.3168314609
0.3325699206
0.3372917764
0.3353195187
0.3562584682
0.347627931
0.3417049967
0.3304840222
0.3213297032
0.3122127674
0.307957522
0.3055086736
0.3051142767
0.3282963647
0.3329176894
0.3203288792
0.3092879541
0.3168873444
0.3622556815
0.3199759576
0.3333082145
0.3308805988
0.3322581968
0.3718644003
0.3491083449
0.3463574413
0.3416108176
0.3666274564
0.3575859282
0.3501518416
0.3438415344
0.3451436083
0.3371240058
0.3304324238
0.3227504062
0.361235989
0.3746957969
0.3839654058
0.3423481742
0.3541445393
0.3280736787
0.3187831421
0.3088071255
0.2988868079
0.2903204967
0.3240686696
0.3376270758
0.3514315084
0.3536716939
0.3503337213
0.3535690555
0.3902955294
0.3856173408
0.3525106456
0.3391188272
0.3092270704
0.3059849566
0.3058808028
0.3121312695
0.3448727868
0.3278885587
0.3401931616
0.3296636221
0.3103793939
0.3236066414
0.3218281391
0.3579631069
0.344157056
0.3510972353
0.3565187112
0.3811465615
0.321044404
0.3131029358
0.3068754116
0.309220901
0.3214066137
0.3130525794
0.310331528
0.3200765101
0.3224063011
0.3373687485
0.3357806858
0.3073288258
0.2987777472
0.3148749544
0.3295498908
0.3234258367
0.3397489161
0.3362156292
0.3296929412
0.303217306
0.3083249634
0.3068200252
0.3050680749
0.3137379458
0.3349653248
0.349321763
0.346055089
0.3232508597
0.3043017654
0.3387252192
0.3287598158
0.3409420267
0.3337274269
0.3524750756
0.3647377254
0.3763140171
0.3565184968
0.331928682
0.3381626746
0.3250306853
0.3231140168
0.3036640462
0.3048447098
0.3211933346
0.3362346455
0.3069433483
0.3009281813
0.3422453768
0.33274908
0.3162399063
0.3523055744
0.3643537833
0.3582260801
0.3459123936
0.3283634767
0.3114808654
0.3128669176
0.3412920841
0.3361840295
0.3304456781
0.3296287135
0.3544508458
0.3319848652
0.3192684809
0.3057383102
0.3216083621
0.3343647579
0.3444846847
0.3360028374
0.3203228897
0.3102286284
0.3247227378
0.3442847359
0.3310195923
0.3296360911
0.347756894
0.3536481174
0.3462506564
0.3587791207
0.387195376
0.3687289395
0.3310181427
0.3132427594
0.3375722634
0.3722478557
0.3697548594
0.3807212155
0.335445666
0.3555131388
0.3597512548
0.3509281143
0.34608149
0.3138708365
0.3109595679
0.314680762
0.3139848817
0.3299636397
0.3261210817
0.3613632129
0.3465320241
0.329364385
0.3394928779
0.3571014811
0.3580943646
0.3343842205
0.3446147997
0.3402609812
0.3094563207
0.3255141929
0.3248927128
0.3243555504
0.3349430033
0.3201206232
0.320876216
0.3421869161
0.3303636408
0.3312729908
0.3270693022
0.314524173
0.3411068492
0.3383807164
0.3348528802
0.3207755628
0.3172289465
0.3080839338
0.2922177463
0.3005706857
0.3159350848
0.2759739479
0.2738985854
0.2792307913
0.2826867358
0.3313669246
0.3341431346
0.3487849321
0.3451599292
0.3841571536
0.3299211249
0.3097345025
0.3077182844
0.3004437459
0.3001951978
0.3064500752
0.3192109336
0.317281462
0.3286273721
0.3322843802
0.3214383451
0.3100598283
0.3155492714
0.3117778388
0.3339012312
0.3268512866
0.3431742107
0.3235759761
0.3160247438
0.2839864216
0.3069976383
0.3253429096
0.3000522578
0.3237122187
0.3276019061
0.3205056374
0.3139580392
0.3114907143
0.3221528227
0.3276355089
0.3092114381
0.3132785944
0.3410793839
0.3494825771
0.3452396658
0.357947991
0.3333378754
0.3244698228
0.3063742388
0.2942662989
0.2793260981
0.2795342786
0.3048885435
0.3001105283
0.2940942826
0.3442079827
0.3465971493
0.3438382794
0.3270106996
0.2906651552
0.3090106631
0.3283488757
0.3352680822
0.3210781811
0.3102120085
0.2864197165
0.3110531232
0.3276754159
0.308577683
0.283397402
0.2732036079
0.2922465594
0.3114290142
0.3132362002
0.368163476
0.3748472176
0.3579650801
0.3447958577
0.3335358543
0.3129725696
0.3551812436
0.3181435912
0.3245672009
0.310085146
0.3277826651
0.3289901191
0.3080847605
0.2914197606
0.2778385972
0.271275734
0.2645050073
0.2697666873
0.2905935734
0.318380938
0.3314075892
0.350099796
0.3778539613
0.3746397863
0.3561723326
0.338909659
0.3315587918
0.330434775
0.326476845
0.3416020914
0.3584910646
0.3607542766
0.3484552881
0.3313157056
0.3262000355
0.3247061954
0.3215167906
0.3527650263
0.3522468364
0.3285549977
0.3360476193
0.3319861859
0.2946234505
0.3341467475
0.3083049408
0.3279248997
0.3147273088
0.3369697089
0.3351890764
0.3360712207
0.3440707869
0.3167002509
0.3119427332
0.3213449375
0.3113860999
0.3073203162
0.3245093294
0.317518361
0.3396194503
0.3290646606
0.3153422156
0.3229779676
0.3581551743
0.3541847846
0.3258898206
0.3046053458
0.3494361247
0.351532755
0.3500814035
0.333357881
0.3456670338
0.3475307148
0.3590677043
0.3474788
0.3312860236
0.3334005255
0.2984731042
0.290242301
0.294850579
0.31348265
0.3326508407
0.3329564512
0.3188170668
0.3426758833
0.3506407545
0.3615004509
0.3419882705
0.3438941211
0.3521918607
0.3426433613
0.3299318031
0.3512085368
0.3570640093
0.332493457
0.3132456492
0.2974158612
0.3182389586
0.3153436846
0.3229226361
0.2867283797
0.3041298188
0.32042976
0.3386881291
0.3265796894
0.3442061241
0.3472375193
0.3595770116
0.3408642599
0.3393731456
0.3531256844
0.3540676114
0.3562498589
0.3476650674
0.3270516986
0.3080004227
0.3162771337
0.3054734142
0.3001485301
0.2915310288
0.3170401146
0.3414982072
0.3370503286
0.3352284597
0.3036242327
0.3115793121
0.3198226015
0.3480232015
0.3800794694
0.3861444739
0.3771848422
0.3422057981
0.3361549722
0.351192797
0.3242867973
0.3121152361
0.3128160856
0.3042487309
0.321843858
0.2992956638
0.2969912585
0.3003202429
0.3066958407
0.3295874721
0.3433468682
0.3449221537
0.3485557307
0.3377907929
0.3408958478
0.3303528694
0.3558029249
0.3760506555
0.3619706028
0.3025897611
0.3143388138
0.3179812339
0.3395587059
0.340395569
0.3127702511
0.2984260891
0.3007894378
0.314071125
0.3201671511
0.3333921923
0.3144271552
0.3253483411
0.3389496316
0.3577095078
0.3334215701
0.3338420241
0.3299711493
0.3228149175
0.3168924138
0.3527753982
0.3490551915
0.3453846396
0.3096730376
0.3258149025
0.3538763114
0.3528051554
0.3430668219
0.3474861262
0.3441155554
0.3533488361
0.3542633251
0.3549607794
0.3413852117
0.312500175
0.3482159957
0.3619463787
0.3211195349
0.3223614033
0.3089965562
0.3221502595
0.2951825451
0.2792473782
0.2662072228
0.2878803835
0.2664458656
0.2933565887
0.3279515146
0.3416984457
0.3381706927
0.3354089961
0.3102922757
0.3142089103
0.3114146124
0.2756090383
0.2681127233
0.2860815218
0.3290270417
0.336208476
0.3401051098
0.321851882
0.2839827238
0.2957752537
0.3310771941
0.3237556896
0.3084013705
0.3333879947
0.3394053614
0.3228564814
0.3325667294
0.3235836386
0.309968227
0.2791040558
0.2742908969
0.280042825
0.2804848502
0.2807258099
0.2864417909
0.2796129361
0.2628582239
0.2925561905
0.3351375838
0.332229294
0.3300658416
0.3248090853
0.3143018237
0.2917438754
0.3073497784
0.3322984018
0.3486871612
0.3274643876
0.3138355609
0.3031260144
0.2957589533
0.287312159
0.2892446922
0.2929340085
0.3175279862
0.3178838244
0.3026649794
0.2930104196
0.3155266347
0.3184353956
0.3186525646
0.3206238074
0.3523505082
0.363859274
0.3384680157
0.3186138487
0.3003831675
0.315155625
0.3166065707
0.3118262622
0.2935863828
0.3277166515
0.3420878356
0.308390734
0.2956173959
0.2732728679
0.2723678242
0.2825661313
0.2874926836
0.3227563265
0.3368330968
0.3287922894
0.3176970754
0.3170494463
0.3152239387
0.302716541
0.2828323413
0.2973962502
0.2899990268
0.2880781127
0.3115340563
0.2973057208
0.3019516396
0.3187858527
0.3047497568
0.2998283523
0.3074666484
0.3249539208
0.3032599139
0.3269671945
0.3431611961
0.3126332991
0.2941962464
0.2841869005
0.2972806508
0.3176681434
0.3212916829
0.3167743836
0.3246223262
0.331954306
0.3207788631
0.3436002439
0.3434003246
0.3216650496
0.3455443777
0.3283561581
0.3343635185
0.3336785794
0.3331152422
0.3363333057
0.3507925894
0.3653899308
0.3554558486
0.3561200555
0.3433360855
0.3089129803
0.3041198549
0.3089308573
0.321592534
0.3220815872
0.3451626058
0.3120958127
0.3390341446
0.3341595933
0.3069237667
0.3198564661
0.3262926613
0.308090858
0.3083455903
0.3164253838
0.3302735157
0.3287394685
0.3307871763
0.3102694138
0.3314034673
0.3182839764
0.3219331194
0.3209099595
0.3254509804
0.3449196617
0.3373222155
0.3281493091
0.3285729246
0.3362774829
0.3218706224
0.3063043737
0.2952911881
0.3062362159
0.3236519995
0.3267373744
0.3370857836
0.3350249695
0.3286304733
0.3114631238
0.3303880755
0.3348956929
0.3141412141
0.3138370965
0.3000527259
0.3170759068
0.3136709477
0.3137046177
0.2996443197
0.2942435767
0.3101984241
0.332375295
0.3452529505
0.3297789398
0.2888580991
0.2894418009
0.3079783928
0.3439687828
0.3358762639
0.3203919995
0.318501157
0.3109956875
0.3103825237
0.310517287
0.3066987051
0.3082139493
0.3120355624
0.3205125199
0.3254540883
0.3402589061
0.3534552794
0.3248496456
0.2940475692
0.3234302941
0.3162086393
0.3193166727
0.3286101748
0.3436184503
0.3230699942
0.3100668489
0.3069505899
0.306438556
0.3117857793
0.3219856381
0.3337828723
0.3101763489
0.3370904789
0.3750497462
0.400777532
0.3454831831
0.3396736857
0.3451991801
0.3773465396
0.3382037952
0.3028116473
0.3085694201
0.3126294653
0.3152321699
0.349980287
0.3537130032
0.3732055626
0.3423244546
0.3471248867
0.3436775776
0.3317922004
0.3513764702
0.3429889925
0.3314394216
0.3289929915
0.3272796739
0.3250831645
0.3374596467
0.3052761599
0.2903928873
0.2948892171
0.3002841853
0.2893840486
0.2949969043
0.3050588599
0.3046031863
0.3220103515
0.329042522
0.3344517301
0.319383828
0.3478919676
0.3595203997
0.3482203752
0.3537500615
0.3446891928
0.3453463078
0.3709773546
0.3404124543
0.3466696494
0.3400140287
0.3443653373
0.3468137131
0.3520612206
0.3344176973
0.3420767743
0.3525088962
0.3595199572
0.3566317296
0.3587670407
0.3452221944
0.3281652342
0.3378508814
0.3440214884
0.3275538505
0.3281088801
0.3192675094
0.3048675775
0.3187824514
0.3175697229
0.3402825025
0.3497310231
0.317036109
0.302944794
0.3043210574
0.3324504555
0.3607307309
0.361668589
0.3598173205
0.3401708598
0.341355207
0.3394071379
0.3149883462
0.2988954659
0.3446875635
0.344198909
0.3279013366
0.2928143825
0.2958697351
0.3211213863
0.3208896789
0.3164608548
0.313074546
0.3175999281
0.3027134332
0.2909705703
0.2760750343
0.2726829798
0.2998563569
0.3182831691
0.3234050168
0.3249040057
0.362105725
0.3463188118
0.3362300654
0.312798178
0.3170823979
0.3185113049
0.3259063982
0.2944728852
0.2670809446
0.287085184
0.326001339
0.3163156345
0.3168087056
0.2979274476
0.3182299464
0.2955838217
0.300389281
0.2824429188
0.3017877005
0.3135868887
0.302749277
0.325151547
0.3583818791
0.3452489053
0.3025733876
0.3149096803
0.2951345787
0.2942982642
0.3253672376
0.3096789858
0.28573694
0.2666582094
0.2935798893
0.3171148061
0.3080181064
0.3042602565
0.328094964
0.3160478074
0.3239474359
0.3255068001
0.3321014101
0.3518406248
0.3066137018
0.3027039157
0.3142052889
0.3037670097
0.3017792157
0.3108835145
0.2823294725
0.2816632969
0.32390813
0.3243849078
0.3059818653
0.3139468398
0.3146133555
0.3056635315
0.3323382178
0.3373481632
0.3323900652
0.3212914243
0.3302477507
0.3299736306
0.3274629244
0.3242998405
0.2974147069
0.28933799
0.313886793
0.3293874913
0.3425350014
0.3281305111
0.3252228303
0.303904988
0.3090828422
0.3197137401
0.3081142921
0.3186624367
0.3027471038
0.308099373
0.2944337072
0.3191513256
0.3084827083
0.3349320767
0.2956182072
0.2994025285
0.3075199119
0.282611437
0.2690833387
0.2962807281
0.3018409817
0.3133606646
0.3322184636
0.3253953245
0.333594311
0.3167477816
0.3158697366
0.3056016256
0.321302601
0.3076505941
0.3099359689
0.3049819168
0.2943096488
0.2990374739
0.3206246682
0.2897468893
0.291067913
0.3188794923
0.3424618958
0.3332684548
0.3293345441
0.3280954048
0.3122893346
0.3127351868
0.3137804854
0.3261187518
0.3193763315
0.3216960841
0.3033862292
0.3047366469
0.3068281813
0.3035741008
0.2965526776
0.3187522225
0.3229937422
0.3559675027
0.3782250279
0.3926901609
0.3627930656
0.3678135156
0.3511667618
0.3722929173
0.3495204167
0.3263415796
0.3359074578
0.3229549552
0.3378503229
0.3296235346
0.301993093
0.2849737851
0.2796636743
0.2861880771
0.2999207586
0.3157930099
0.3244386787
0.3444864278
0.3241618912
0.3212143764
0.3348353521
0.3236812361
0.3419584934
0.337882071
0.3257282903
0.3214203727
0.2965169578
0.3091633279
0.3204122799
0.3158400185
0.3007247101
0.32165022
0.3556413077
0.3412445844
0.3256160097
0.3338702674
0.2986049407
0.3213830521
0.3306284077
0.3099521494
0.3199378079
0.3273229141
0.3291281632
0.3603992735
0.3718839137
0.3363006778
0.3041291663
0.3189150983
0.3194677465
0.3023118833
0.313782735
0.3303657027
0.3313702851
0.3280196235
0.3319264342
0.3129916402
0.3464333542
0.3263643001
0.3118962236
0.3317158119
0.3296113237
0.3278079107
0.316628385
0.3422866045
0.336761775
0.3406042473
0.3021136691
0.291661514
0.2931071064
0.3114314747
0.3104813956
0.3281660874
0.3493646077
0.3573671339
0.3394360752
0.3332917146
0.3605803897
0.3441402765
0.3081984806
0.3067554206
0.3025402125
0.3045161405
0.3009547972
0.3126672307
0.3237296481
0.3430404115
0.3480919402
0.3387152537
0.3548135306
0.3431956596
0.3373974758
0.3379386512
0.3062478877
0.3381759169
0.3315089999
0.3539448143
0.3180426058
0.3506851518
0.3824857385
0.3713453156
0.3521507432
0.331271472
0.3312548311
0.3108360801
0.3079207991
0.2915607612
0.3067696793
0.3227652557
0.3347578872
0.3145240622
0.3139748739
0.2970099933
0.298116468
0.2869502769
0.3224484842
0.3126977188
0.3561897822
0.3154590147
0.3088670247
0.2924703792
0.3318186418
0.3238171977
0.3304742764
0.3597300266
0.3400740849
0.3265302659
0.3173664587
0.3307116648
0.3037995378
0.3232532565
0.3277548162
0.3352016822
0.343771181
0.3683536466
0.3565013971
0.3588536405
0.3369298217
0.3135797287
0.3356803909
0.3341313387
0.3374546058
0.3541487509
0.3536355157
0.3356262215
0.3346678966
0.3431722354
0.3342524477
0.334557948
0.3506078874
0.3561443411
0.343594723
0.3227702652
0.3567669107
0.3268405022
0.3264719214
0.3358669619
0.3036716144
0.2986901091
0.3032185073
0.3244038509
0.3141611814
0.311608379
0.2947815125
0.3059713489
0.3144159562
0.3254985009
0.3243959382
0.3162686954
0.3135784896
0.3248659864
0.3102524238
0.3093164942
0.2870986173
0.2677591832
0.2601544695
0.2971218778
0.2922011126
0.2922619851
0.2959070999
0.2832743056
0.3228208935
0.3260745753
0.3286080317
0.3092506513
0.3216091356
0.3095332208
0.2930157578
0.3304270165
0.3336120329
0.3143648536
0.3023732354
0.299877407
0.2963547227
0.2967927242
0.2968654867
0.3101644864
0.3605484841
0.3705991585
0.3563134977
0.3669658411
0.3365456797
0.3317904439
0.3287645194
0.3269452788
0.3039264088
0.3179178492
0.3098200693
0.2750077385
0.2961066402
0.3299987366
0.3170251588
0.3106220894
0.3171576125
0.3029874925
0.3122276361
0.3328309276
0.3199301013
0.3051706126
0.3478154674
0.3180216946
0.3153217752
0.3186424296
0.2940584272
0.3154048836
0.3328929098
0.3488411807
0.337519006
0.3377150236
0.3269519202
0.3256558085
0.3288701987
0.3432118904
0.3315030748
0.3518068827
0.3647911706
0.3449771578
0.3200442449
0.3243539792
0.3323085805
0.3158871623
0.3331690059
0.3148587082
0.3292002801
0.3253075424
0.3088047182
0.2840310104
0.3106615586
0.3165177073
0.3215739472
0.3144686726
0.2927661532
0.2996639566
0.3227729805
0.3233721853
0.309301826
0.3096303322
0.3117847647
0.3028007644
0.3125008782
0.3079399789
0.308811308
0.3010369469
0.2896180883
0.3201112782
0.3050070753
0.282666543
0.2929513381
0.2989676276
0.3338615392
0.3419911954
0.3426620865
0.332608219
0.331651866
0.3004514006
0.314191842
0.2978795064
0.3245321972
0.308763769
0.2920482443
0.2909885527
0.3010020137
0.2848587769
0.3062423939
0.3075435476
0.3056719199
0.3365984085
0.3133728146
0.3165578688
0.312158283
0.3317219142
0.3327332046
0.3272383017
0.287976338
0.2807108942
0.2843505318
0.283701585
0.3286688759
0.3245875507
0.3099243468
0.3138392667
0.3238212196
0.3116706457
0.3093451921
0.2765024199
0.3105619987
0.3243908571
0.3079006007
0.3375299238
0.3308087973
0.3138152687
0.2928708285
0.3047969332
0.3096123529
0.3246002352
0.3276352627
0.3150058361
0.3345841311
0.3256117748
0.3511087835
0.3226759452
0.3469536666
0.3298653991
0.3167992441
0.3154671575
0.3284898318
0.3381709218
0.3463049595
0.3405708213
0.3014710018
0.3198658658
0.3385858914
0.3306261095
0.3409519707
0.3258150371
0.3271711129
0.3303586287
0.3252850631
0.3149753441
0.3122605885
0.3312676753
0.3319299601
0.3378131021
0.3228056869
0.2998811218
0.3111292671
0.3185525392
0.2971040825
0.2941112634
0.3214437347
0.3293656116
0.3277266737
0.3136001557
0.3087570162
0.304802775
0.3095018466
0.3332629815
0.3312091294
0.3294312443
0.3067582313
0.3086070675
0.2954962417
0.3162306657
0.3177630667
0.3155579346
0.3249157917
0.3149917125
0.3262997593
0.3281813174
0.3167454701
0.3040865474
0.3017006015
0.3218127587
0.3185699292
0.3327372799
0.3540752866
0.3421565989
0.3047773411
0.3218614441
0.3096448301
0.3089502806
0.2832005055
0.2836093379
0.2921359089
0.2937827936
0.2896391441
0.2905761119
0.3273825488
0.3235542444
0.3159334923
0.3604494967
0.3767918462
0.3664533511
0.3648358345
0.3661703021
0.3253593154
0.3015656993
0.3255255108
0.3109430743
0.3186434138
0.3113060129
0.3153087731
0.3190233138
0.3153603857
0.3189407329
0.3265296076
0.3192356806
0.2828558605
0.3126106654
0.314417066
0.3013985899
0.3036854465
0.3411395095
0.3421102224
0.3223728433
0.3266427446
0.3247558375
0.3142875022
0.2934557859
0.3184506683
0.320978495
0.3040283678
0.3068677863
0.3123699901
0.3008680275
0.3363330499
0.3423039077
0.3345527197
0.3253280887
0.3437797755
0.3174874345
0.328124154
0.3533958761
0.3528388317
0.328281207
0.3258913621
0.3257474656
0.3469772614
0.3566189751
0.3145643152
0.3027851831
0.3042322393
0.3072345425
0.3175480499
0.3357103836
0.3234184266
0.3249202672
0.3176813905
0.3239673452
0.2949535173
0.3018254462
0.2965312244
0.2986774901
0.3134367116
0.3131842428
0.3195109883
0.3228655956
0.3028529404
0.324909429
0.3263523568
0.3132219469
0.3331800462
0.3705525123
0.3673517452
0.3573861161
0.3729426753
0.3942493095
0.384347292
0.359859186
0.3287745605
0.3155314968
0.3097613304
0.33663082
0.341770418
0.3539269468
0.3541774224
0.3347806263
0.3407743394
0.3245466842
0.3173399348
0.3283321644
0.3275325082
0.3285586147
0.321504099
0.3359968838
0.3300110765
0.3397877104
0.3447170899
0.3716280311
0.3633136827
0.3726646824
0.3491075388
0.3178693289
0.3149255067
0.3457513087
0.3269250845
0.3256763381
0.291313624
0.2968535774
0.3308930736
0.3429385993
0.3282481181
0.3256748416
0.3482733968
0.3364028291
0.3189656945
0.3215254789
0.3334377775
0.3093011437
0.3195426822
0.3295129653
0.3352443473
0.3288921202
0.33196758
0.3013995067
0.299444214
0.2986591084
0.344115417
0.3282984754
0.3145090952
0.3095855418
0.3013861229
0.3036191608
0.3008920093
0.2913280812
0.2891195972
0.2990314048
0.2884532536
0.3255701679
0.3472795865
0.3539878479
0.3318201199
0.3249025038
0.3241136922
0.3414398441
0.3343882147
0.3406802935
0.3434425371
0.340066252
0.3159667791
0.3242189453
0.3097241322
0.3254066434
0.3207938951
0.3293559416
0.3105351191
0.2878060732
0.2931166393
0.2959615508
0.2966387828
0.3269520164
0.3242960791
0.3249949808
0.3209466774
0.3429324854
0.3311579288
0.3374501336
0.3229893701
0.3091318942
0.3040174302
0.3029751718
0.3241798889
0.3248147754
0.2987720234
0.3167764072
0.3318379599
0.3293017915
0.2823578775
0.2640440833
0.271328948
0.2703343147
0.3101864553
0.3145416488
0.3497948709
0.3417123608
0.336340847
0.3506433854
0.3338169917
0.3324947994
0.3175527004
0.3291599758
0.3299964489
0.3336520803
0.3279887767
0.2892680158
0.2724410032
0.2821127444
0.2803777126
0.3169694657
0.3146927084
0.3104439189
0.3112395277
0.3000703965
0.3152501787
0.353837322
0.3325821608
0.3322297701
0.3015501693
0.2992855284
0.297573984
0.3071944936
0.3089199382
0.2872203739
0.2944364114
0.2936735873
0.2836282822
0.2866667919
0.3010733414
0.3105690831
0.3138251779
0.291276817
0.2817103869
0.3091440484
0.3187551051
0.3109865084
0.3028294351
0.3164998202
0.3217355683
0.3181668738
0.3124865829
0.304366507
0.2832649349
0.3215031635
0.3238291448
0.3260880805
0.3094586735
0.3195938014
0.3093836722
0.3344977157
0.3405655638
0.3546810955
0.3563165117
0.3488532923
0.3117331327
0.32390982
0.3207679009
0.3129955215
0.3298974508
0.3378792841
0.3295643664
0.311302885
0.3012791863
0.3048193522
0.3120333058
0.3093543259
0.3176895589
0.3034966127
0.3013592142
0.2932644083
0.3261682652
0.3372437775
0.3198115693
0.3135197776
0.2928746077
0.2963378525
0.3029648087
0.3131582953
0.3181510974
0.3231061969
0.3024497498
0.3034780802
0.2906673586
0.3199015337
0.3002730293
0.3156355784
0.3304502718
0.3314763496
0.3458512269
0.3402545291
0.3138790069
0.2949194116
0.2787566811
0.3164391046
0.3545967399
0.3449645297
0.3412640488
0.3188196296
0.3086822792
0.3071269764
0.3203938194
0.315019814
0.3276047037
0.3029326058
0.3362711235
0.3304528742
0.3300052175
0.337874342
0.3577435224
0.3070510025
0.328177441
0.3199056633
0.3383884048
0.3261948389
0.314719097
0.3243808358
0.3287668881
0.305276366
0.3522346679
0.3296546169
0.3199279702
0.3163354141
0.3094064308
0.3217160785
0.3102972482
0.3206289145
0.3424827482
0.318444273
0.3259638587
0.3468470456
0.3610851084
0.3673583552
0.3254056549
0.3464061637
0.3065478123
0.3060502883
0.3103537545
0.3337928652
0.3034884484
0.3309740414
0.3398470969
0.3227057173
0.3388585532
0.3206053343
0.3431934841
0.3078186281
0.2855586604
0.3043246829
0.2950357135
0.27901545
0.3016885042
0.3231871073
0.3276506033
0.301046888
0.2950630386
0.279309079
0.3060066958
0.3113145745
0.2907045074
0.3231853618
0.3386559396
0.3354046783
0.3461921312
0.3370884937
0.3059310756
0.3105836045
0.3169162725
0.3113819586
0.3270123272
0.3345219435
0.3476045914
0.3540446413
0.3417603298
0.3303332867
0.3097544509
0.3222526691
0.3164106804
0.2904048392
0.3244422995
0.3209403458
0.3086749233
0.3288217977
0.347004301
0.336921092
0.3353389733
0.3325000695
0.3223050895
0.3193007715
0.3214975211
0.329428691
0.3502906374
0.3419103878
0.3645273464
0.3382055109
0.3331215315
0.3304291774
0.3446095938
0.3467432096
0.335581345
0.3535379824
0.3507727789
0.3613370983
0.3727282329
0.36206873
0.3495908006
0.3406360095
0.3340641017
0.3228464102
0.3299505983
0.3035515231
0.296160121
0.3075745929
0.3035311837
0.308271501
0.3149353174
0.3199329801
0.3008241345
0.3293634613
0.3227782741
0.3069690306
0.3436946563
0.3382512579
0.3180809651
0.3129154121
0.2980240612
0.291402451
0.3162937594
0.3263920916
0.3319654168
0.313242516
0.3255442013
0.322799924
0.3445661852
0.3601970205
0.3501642887
0.3285396776
0.3221628018
0.3221502511
0.2924723485
0.3039748505
0.3445669875
0.3429946618
0.3262549113
0.3477222821
0.3321035652
0.3492802564
0.3642697715
0.3208835808
0.3160715449
0.3270178096
0.3177548079
0.3042772068
0.279529219
0.3269614342
0.3155297705
0.2976143404
0.2931992049
0.293983607
0.3539620749
0.3007717133
0.2948938192
0.3058403084
0.3503677253
0.36531157
0.3584024122
0.3505637763
0.3529653683
0.3586564917
0.3364084037
0.3323762049
0.3168330625
0.326550548
0.3544470779
0.3253248094
0.3375760012
0.3523899955
0.3686962292
0.3555724979
0.3321952933
0.3511178752
0.3566390348
0.3422265475
0.3624015863
0.3688813139
0.3579741479
0.3379349642
0.3435404474
0.3511237127
0.3504158048
0.3328498343
0.3248586944
0.3283979346
0.3184860211
0.3264634502
0.3121544166
0.3015318475
0.3099513853
0.3295276649
0.3000410918
0.2862561807
0.3097676967
0.3087813581
0.3111392933
0.3241405031
0.3281384432
0.3262723395
0.3289301432
0.3329808187
0.3177243655
0.3401246474
0.3095080318
0.2946760862
0.2799957552
0.2865835283
0.2831446644
0.2870790089
0.2903936805
0.2768970165
0.3170354727
0.3382794191
0.3181656881
0.3243892407
0.3101505683
0.286997388
0.2797489075
0.2980269731
0.3116585223
0.2995754775
0.3202118535
0.2935569352
0.2988021726
0.3004204065
0.3120177389
0.3097095475
0.3164624936
0.3309461299
0.3289005769
0.3128642577
0.3176902693
0.2964619699
0.3032758161
0.3237822022
0.3240869911
0.2947567618
0.290012525
0.3025788226
0.3041618589
0.3294725329
0.3385515253
0.2950402132
0.2636017596
0.2891846935
0.3004780142
0.3112868816
0.3228589513
0.3070420654
0.3217366706
0.3167930799
0.3092689676
0.3237471995
0.3171783884
0.3259321801
0.3431458257
0.3292093687
0.3214203106
0.3159962978
0.3069849719
0.3149699711
0.3129400214
0.3299931703
0.3430129842
0.3423017375
0.32080111
0.3086561895
0.3099222897
0.3092924947
0.3005026333
0.3097500377
0.3092697072
0.2933684656
0.3050964292
0.3243944851
0.3055196152
0.3108992218
0.2886936118
0.3072728795
0.3179519466
0.3051588437
0.3070920284
0.3028455056
0.3234092414
0.3313986859
0.3454027467
0.3283536859
0.3220689261
0.311041858
0.320888167
0.327031386
0.3312907575
0.3244171074
0.3008620667
0.2936078779
0.3296275425
0.3532785948
0.3692062686
0.3502797035
0.2974202058
0.2954530348
0.3054300795
0.3174803051
0.317762319
0.3192675867
0.335846842
0.3520119491
0.3368820066
0.3334115478
0.3128346168
0.3155982567
0.3006938486
0.3185153483
0.3060686774
0.330276025
0.3148058815
0.3073953966
0.3043260181
0.3036286166
0.3106059859
0.3302776214
0.3289610278
0.3184938609
0.2995005588
0.2787813127
0.2740778265
0.2957707098
0.3068431989
0.3224745149
0.3136236231
0.2851398295
0.3151620635
0.3060528353
0.3419971912
0.2910819159
0.3151486752
0.3262002771
0.3092719849
0.3416204228
0.3323050117
0.3284612989
0.3469166872
0.3620606123
0.3448192005
0.3309505249
0.3228232318
0.3076220522
0.3115981652
0.29881397
0.3140182831
0.3215977911
0.338349794
0.3234898068
0.2945724039
0.3207375129
0.3233004544
0.346999466
0.3662403101
0.3749537965
0.3849770311
0.3560601326
0.3383523289
0.36339331
0.3496364113
0.3066252157
0.2921949982
0.2852515823
0.2856657614
0.3125051431
0.3249074449
0.3236281867
0.3137008612
0.3269257385
0.3188333727
0.3226315466
0.3244489905
0.3116337865
0.3437570926
0.3438518781
0.3354182696
0.3259429873
0.326058561
0.3424110491
0.3266397054
0.3251308073
0.3373975912
0.3279008119
0.332615393
0.3273094631
0.3275729904
0.3136162691
0.3193691221
0.3220459294
0.3205056087
0.3249866593
0.3441525905
0.3486663656
0.3314836451
0.3355796476
0.3164509199
0.3100800575
0.3115318315
0.3104478968
0.3327462725
0.30766693
0.3105588366
0.3164454923
0.3256228328
0.3323826753
0.3127065344
0.3141228983
0.3342429021
0.2855661719
0.2734565051
0.2810964788
0.3050893798
0.3249290293
0.3441143525
0.3377756768
0.3152179222
0.3096887419
0.3158042762
0.3184033777
0.3187895112
0.3046457317
0.3136755026
0.3108612548
0.3286174422
0.334076347
0.3427870763
0.3522551308
0.2858605792
0.3071231335
0.3318458644
0.3172171184
0.3220962386
0.3222198827
0.3005470017
0.3315699305
0.3424246896
0.320199952
0.3196341289
0.3255350633
0.3570356597
0.3602622574
0.3408614115
0.3092412929
0.2833575273
0.3036351936
0.2721319563
0.27301715
0.3278695724
0.331962073
0.2968912074
0.2880273806
0.2947989055
0.3019835567
0.3036259641
0.2913953656
0.2982693176
0.3309123795
0.3435052755
0.3277730914
0.3102161319
0.3146519409
0.3133018851
0.2920325243
0.3021569296
0.3117040822
0.3115593585
0.327370137
0.3347224837
0.3323540484
0.3333872948
0.3628639875
0.3404684257
0.303847529
0.3056841529
0.3003794594
0.2911412072
0.3091755904
0.3173141822
0.3454323436
0.3426677091
0.3424860168
0.3600939033
0.3445134753
0.3267536458
0.3229378446
0.3290523544
0.326707364
0.3196183016
0.3306428151
0.3507342395
0.3546968768
0.3321653845
0.3216993799
0.3288914406
0.3136044828
0.3307984239
0.3445684592
0.345177316
0.3437537485
0.3489592952
0.334416365
0.3095696529
0.3257489781
0.3538321982
0.3180427495
0.3088986776
0.3002604589
0.3018331925
0.3167762435
0.3139832485
0.297214155
0.2955850901
0.2855044392
0.2866293885
0.3312508511
0.3314888185
0.3509407388
0.3481105955
0.343730683
0.3514210296
0.3353633332
0.3309614764
0.31603325
0.3026359169
0.2996442122
0.2835341967
0.2924547479
0.3205379145
0.3196982879
0.3014435082
0.2961846516
0.295050962
0.3039161894
0.3149150859
0.3233066158
0.3292284822
0.3392875093
0.3371727553
0.350169002
0.3546890677
0.3283634027
0.2954397629
0.2945612848
0.3046959621
0.3213295116
0.3381245112
0.3359004353
0.3184405877
0.3353980736
0.3225455579
0.2843407985
0.3007612828
0.3138342507
0.3286836841
0.3425596053
0.3516188489
0.3384432714
0.3159187229
0.2761377086
0.2959475778
0.3099608136
0.32285324
0.3204764442
0.2994282992
0.2980692896
0.2945061073
0.2760225397
0.3497288638
0.330985135
0.3390429832
0.3220405301
0.2966529167
0.3093392099
0.33471229
0.3156282863
0.2978987048
0.3060613282
0.307632102
0.2947014181
0.287875748
0.273554333
0.270585533
0.2990252701
0.3231707541
0.3323952683
0.3394608688
0.3402921863
0.3080166116
0.3194217126
0.348505666
0.3418363939
0.3169501378
0.3090207413
0.3099641319
0.2917224114
0.3120232846
0.2924133863
0.2800812276
0.2869910572
0.2862713993
0.2869410393
0.3008375204
0.3200161026
0.3708713937
0.3620865325
0.348222565
0.3078235844
0.3477066275
0.332808374
0.323487559
0.3287565242
0.3127247024
0.2981858943
0.3096232776
0.2988388803
0.3151042565
0.3400910659
0.3635406497
0.352058599
0.3229458952
0.3094451678
0.3066790127
0.3014784209
0.2999444327
0.3297508418
0.3548688556
0.365852986
0.3218431442
0.3311794807
0.3457439209
0.3524051664
0.3498625573
0.3622745192
0.3444266457
0.3460045874
0.2948158074
0.3076959043
0.3000966028
0.3062608149
0.3043623593
0.3656315545
0.3779995518
0.3515303178
0.3594258683
0.3385159271
0.3414752539
0.3301436609
0.3053354696
0.3250637759
0.3214701402
0.3418162945
0.3281118243
0.3240840774
0.3169498681
0.3017267847
0.3401038572
0.3613002419
0.3572634806
0.3283530415
0.3577105071
0.3434125325
0.3503023757
0.3354974151
0.3311820551
0.2968069148
0.2839518366
0.2799741149
0.3000129757
0.329147152
0.3504322638
0.3393822619
0.3148561429
0.3236482555
0.3384528771
0.3764609211
0.3304614422
0.3351304638
0.333113089
0.3110173393
0.3062748195
0.3448029584
0.3442387843
0.3352925651
0.3494798887
0.331042662
0.3041635715
0.2884436729
0.3185074368
0.3162214059
0.3629854013
0.3641470358
0.3397393278
0.3124217108
0.2988867655
0.2912928793
0.2985102111
0.3037726833
0.3112116492
0.3192086629
0.3365465757
0.3195124775
0.3305060466
0.3141651376
0.3044204069
0.3301665668
0.3644395193
0.345478916
0.3096722049
0.3201430476
0.3165495029
0.3133614906
0.3112858119
0.3148315771
0.3376900545
0.3550518991
0.3727429655
0.3551983468
0.3268513584
0.3221235446
0.3042354327
0.3079343702
0.2993692451
0.2937001957
0.3129139724
0.3091694553
0.3296744396
0.3440738788
0.3141767933
0.3015871662
0.2855650806
0.2653201397
0.2994696378
0.3169493577
0.324400761
0.3380979488
0.338194004
0.3260514557
0.3390998495
0.3386014037
0.3381942698
0.3302733533
0.3424468804
0.3607539437
0.3423811395
0.3568375527
0.3382023219
0.3046616085
0.2775404414
0.2800521001
0.2981853797
0.3140503338
0.3142243973
0.3273270788
0.3324166995
0.3260770487
0.3419311418
0.3440336938
0.3250140192
0.2984187979
0.2943873223
0.2850579896
0.3060858434
0.3044012732
0.3090009896
0.2899667325
0.308248835
0.2961675098
0.3208419581
0.3278590357
0.319535998
0.3149049695
0.3130973836
0.2922764478
0.2981878073
0.2986299441
0.2833393927
0.2730789653
0.3078550547
0.3058013819
0.3217647428
0.3201580352
0.3191433027
0.2999981853
0.2915583398
0.3137912354
0.3276433976
0.3188419488
0.3518806325
0.3231023232
0.3075905996
0.3128825691
0.3153338822
0.3222260926
0.298899072
0.3072605345
0.3223609041
0.3291932914
0.3058136795
0.3133825261
0.3201158503
0.3255341025
0.3106668371
0.3179697641
0.3294366814
0.32427074
0.3301348755
0.3504061825
0.332248343
0.3564688331
0.3754047819
0.3095934142
0.2991011785
0.3322656017
0.3389938715
0.3343511513
0.3556018993
0.3628050246
0.3423472926
0.3231002852
0.3182344031
0.2984988877
0.3020010272
0.3355319583
0.3461329475
0.3643341863
0.3384297459
0.330313737
0.2982897603
0.2873720238
0.3068740592
0.3649021478
0.3441908685
0.353929964
0.3618746116
0.3393801715
0.326480833
0.336091813
0.3496387982
0.3492903736
0.3446106028
0.3579225555
0.352342146
0.3256654623
0.3204472298
0.3199184929
0.3171989215
0.3020158964
0.290959437
0.2969399779
0.321368074
0.3348958026
0.3429327502
0.3507538475
0.3607876228
0.3278125665
0.3431724897
0.3308652285
0.3416668776
0.3281072373
0.3364909485
0.3336031317
0.315903002
0.3228349196
0.3499315467
0.3194494554
0.2866214073
0.2831925738
0.2823445981
0.2770719052
0.2789077976
0.278974348
0.2880410255
0.3117316895
0.2988010775
0.2667275124
0.2799915122
0.3199946126
0.3205767018
0.3221771629
0.3015843344
0.3165250968
0.3311203268
0.3086019323
0.3039977194
0.3020177302
0.3084259822
0.3100530132
0.3397343521
0.3221040917
0.2938991379
0.3222934476
0.3094958004
0.2961781609
0.3028979235
0.3029541283
0.2978614214
0.2682421774
0.2735840347
0.2913478596
0.3214332853
0.3096865941
0.2976254872
0.3197792686
0.2912466843
0.2854020144
0.3053146359
0.332545924
0.3283823086
0.3295014017
0.3385465526
0.3362215957
0.3218954598
0.3257575969
0.2881872611
0.2819993844
0.2904393768
0.3156660354
0.2984300365
0.2854195628
0.2960204535
0.3021236491
0.3216355233
0.3152539571
0.2883241449
0.2884837462
0.3077195468
0.3333339621
0.32353795
0.3308654198
0.305258616
0.3012473366
0.2963473616
0.298778122
0.2849113151
0.3273722567
0.3062320843
0.2992017062
0.2856518461
0.3113804718
0.3144461094
0.3033587862
0.3028123122
0.2903684984
0.3253655993
0.3359877253
0.3211940155
0.321028971
0.2946848136
0.3007033696
0.313569251
0.314027009
0.340569032
0.3385813297
0.3483282366
0.3298550365
0.3154870058
0.3127807256
0.3212112114
0.3404879557
0.3547747191
0.3397433522
0.3144559071
0.3247493163
0.3400443388
0.3466837297
0.323453227
0.3043786826
0.2846770263
0.2921648662
0.3060557339
0.3177371064
0.3328743956
0.3474545707
0.3303094804
0.3174032394
0.3561094074
0.3388098361
0.3559574704
0.3465701202
0.3427427667
0.3324721509
0.3194051128
0.3052332585
0.3102504918
0.3097394992
0.3179454596
0.3059538037
0.3359021169
0.3304043605
0.3191122774
0.3202276351
0.3427756184
0.3689645146
0.3668260855
0.3708217328
0.3494010614
0.353903971
0.3178946537
0.3462423844
0.3364316448
0.3091677749
0.3064677937
0.3144088434
0.3388379627
0.3489132721
0.323627674
0.3036547998
0.3492910531
0.3352395607
0.3310242234
0.346848339
0.3396837365
0.3176155769
0.3215039822
0.3359018462
0.3313358963
0.3501465315
0.3500174685
0.3480397993
0.3577262066
0.3667185983
0.3472468427
0.3232193815
0.3189423577
0.3213670316
0.3198105774
0.3493401891
0.3325454066
0.340398478
0.3664380591
0.3274673828
0.3090725464
0.3128300526
0.2752507495
0.270851728
0.2752672904
0.2928427458
0.3229308626
0.3023264853
0.3356338963
0.3459697428
0.3225721466
0.3435881157
0.3423592434
0.3314932083
0.3581452291
0.3398208189
0.3639908812
0.3659202264
0.3500980447
0.3439993856
0.303832421
0.2864495172
0.3105757161
0.3049375914
0.2997565818
0.3010656496
0.2891832793
0.3058476344
0.3232756885
0.3379427486
0.3209814125
0.3226947271
0.3222894472
0.3148404952
0.3658611052
0.3471897126
0.3339646308
0.3059045143
0.2848574348
0.3058551962
0.3411274389
0.3360780955
0.3104890347
0.2883139321
0.3062678304
0.3031335431
0.3122622067
0.2964531605
0.2959897908
0.2883828812
0.2943639952
0.3015683436
0.302456975
0.3516126057
0.3218694322
0.3271157316
0.2991503551
0.3206353092
0.3515573082
0.3105774663
0.2975261961
0.309923013
0.297297604
0.2918443907
0.3041364958
0.3409652263
0.3269817673
0.3449644597
0.3184748189
0.29602819
0.3099462605
0.3328849753
0.3358431057
0.3103175777
0.2922536141
0.2920562292
0.3192546446
0.3403170464
0.3515713791
0.3268335158
0.3230619775
0.340559433
0.3191747024
0.2982213717
0.2960835544
0.2820878267
0.2711461956
0.2734698668
0.2814343336
0.3017415567
0.3309055773
0.3056382339
0.2849289351
0.3240122583
0.3199414106
0.3561083204
0.3314172843
0.3340884775
0.3047412096
0.3126746352
0.3321627959
0.3134819576
0.3351259292
0.3296625958
0.3188316996
0.2886377031
0.2957301254
0.2853534579
0.2746660895
0.2861462126
0.2799037174
0.2893338696
0.325561612
0.316125376
0.3366449618
0.307389813
0.3259408755
0.3122837387
0.3085885906
0.3090858587
0.3324094155
0.338476507
0.3182213115
0.3259556476
0.3425638287
0.3511591332
0.3594968579
0.3486371728
0.3120085418
0.3225529497
0.3288886124
0.3252076152
0.3124848107
0.3186093271
0.3241851232
0.330653337
0.3220529182
0.3273669801
0.3452617071
0.3477847436
0.3060037938
0.3050453191
0.3199292539
0.3469318536
0.3602673364
0.3508982339
0.3598933847
0.3502646713
0.3309884539
0.3330433473
0.3238306968
0.3209310317
0.3325171505
0.3476122732
0.3291504089
0.3130712382
0.3142717948
0.3144515993
0.3441521729
0.3603315495
0.3236484348
0.3208098871
0.2847267613
0.290377187
0.3047081553
0.3020581446
0.3068145898
0.2915294231
0.3115503712
0.3007561485
0.2856148315
0.2898235078
0.2818838644
0.3018398789
0.314810266
0.3132840744
0.2869250031
0.2989814921
0.3294542333
0.3156079842
0.3277381723
0.3171789794
0.3023113382
0.2918042369
0.3096367636
0.3186320933
0.3213589609
0.3009728345
0.3009764606
0.2913967356
0.3114399574
0.3199957818
0.3450232497
0.3337513253
0.3089802614
0.3011335761
0.3228933636
0.2989555468
0.2939003532
0.3118850701
0.3078845674
0.2941614959
0.3003379522
0.3089165421
0.3202619487
0.319628836
0.3260891822
0.3208698097
0.3181092566
0.3375741716
0.3314049617
0.3265836355
0.2980822199
0.3138280325
0.3025049876
0.3046117517
0.3344994858
0.3318152253
0.3169420483
0.2900896542
0.2776089084
0.2657273342
0.2773396928
0.3013831447
0.3094780665
0.3163663542
0.2964584966
0.3061045148
0.3229075586
0.3197891213
0.3329685545
0.320884104
0.2848474657
0.2723772677
0.2923264175
0.3343248154
0.3268736665
0.3353601597
0.3048629011
0.2894324027
0.2833786533
0.2866557073
0.2989334571
0.3064320079
0.3042115807
0.3005094091
0.3110705064
0.3098813887
0.3005923486
0.3186884785
0.3204874618
0.324280804
0.3312776368
0.3417285975
0.3476133997
0.3338969567
0.3554280648
0.3722594445
0.3205072032
0.2973970901
0.2918103423
0.299056595
0.2985910557
0.318978515
0.3347401223
0.3515128706
0.3080902235
0.302828666
0.3059477361
0.312453775
0.3221485598
0.2959838314
0.3185237312
0.31034982
0.3025365168
0.3317609622
0.3440641648
0.3188982333
0.3269820066
0.3156793447
0.3314655931
0.314442379
0.2901085292
0.292021622
0.2855859494
0.2917682282
0.3056458536
0.331304502
0.3087071111
0.3157785949
0.3247967078
0.3295461124
0.3054842974
0.2981990397
0.3551140625
0.3495714015
0.3098003844
0.314188623
0.3090627129
0.3212715576
0.2977714424
0.3003807454
0.3118519474
0.3343522255
0.3678402361
0.3518413608
0.3447551172
0.3280209809
0.3565841433
0.3405649333
0.3552577289
0.3460741323
0.3332745344
0.3278909364
0.3263373898
0.3130514256
0.3195391035
0.3310999048
0.3163242909
0.3193815563
0.3222889216
0.308326916
0.2998745744
0.2949170042
0.2914745363
0.2970400406
0.3001764829
0.3324210844
0.3232768247
0.3316590457
0.3520066725
0.3577225416
0.3316069073
0.3148069044
0.2824755502
0.3220711784
0.3145690286
0.30381046
0.3375034262
0.3146437936
0.3001880625
0.3299321207
0.3325333305
0.3299859923
0.2995299163
0.3000492878
0.3053893185
0.3046941419
0.3045247371
0.3334704955
0.3358786584
0.3331347897
0.3300891095
0.3116855205
0.2868739379
0.2862764872
0.3240179174
0.3275581265
0.3306982824
0.3212923812
0.3374389728
0.3305108351
0.3279937041
0.3193284853
0.3148521919
0.2894644912
0.2677744684
0.2878023105
0.3013613315
0.2938791291
0.2895128185
0.2779442563
0.3047569202
0.300074702
0.3386637673
0.3491823259
0.3373246505
0.3404719087
0.3126098373
0.3383613705
0.3588657487
0.3505300645
0.3882536294
0.375602689
0.351361195
0.3466745083
0.3394375428
0.3028410199
0.293222613
0.2997879454
0.3034339745
0.3269540313
0.3237846446
0.3192314073
0.3435212505
0.3371416615
0.3144520856
0.3227815214
0.3221047136
0.3202489563
0.3232168094
0.3310821753
0.3143815284
0.317133698
0.3319937728
0.3242706021
0.3289727809
0.3223606704
0.3194614836
0.3095609634
0.306377903
0.3193167356
0.3305259826
0.3463257384
0.3437281356
0.302841732
0.341157904
0.3431003041
0.3144499376
0.3309569401
0.3247612562
0.3226597194
0.3205912593
0.3221218773
0.3203033365
0.3241437044
0.3067454007
0.3310224441
0.329493826
0.3184910084
0.3549770791
0.346037346
0.3199935152
0.312232674
0.3162981815
0.3310275156
0.3219061356
0.3309173437
0.3068183366
0.3031086699
0.3012024716
0.315645328
0.3181287768
0.3217176699
0.3187087294
0.3062649194
0.306876467
0.3311511513
0.3625497677
0.3616717486
0.3598075561
0.3349420882
0.3137746912
0.2937527133
0.3075216246
0.3183783539
0.3422373703
0.3154670232
0.2922204469
0.3037793569
0.3105003524
0.3055072547
0.3097262565
0.3130409414
0.3012447538
0.3124035277
0.3191857939
0.3110641327
0.334928723
0.3381064766
0.3563946021
0.3278360324
0.3195850495
0.325876622
0.3481337418
0.3276786122
0.2771620174
0.2976780489
0.2880829497
0.3032707234
0.3013237513
0.2990630857
0.308415643
0.2963171283
0.286999959
0.3028075479
0.3054245232
0.3065921135
0.2961513215
0.2867813607
0.2859436134
0.2782957128
0.3137689436
0.3224812406
0.3101350145
0.3123293374
0.3169167483
0.3034888466
0.256857677
0.2507303684
0.2755206463
0.3259639365
0.3557046651
0.3808260408
0.3686599721
0.3407058687
0.3421944981
0.3196237195
0.320697254
0.3206316796
0.3191287732
0.3401424277
0.2994434142
0.2915698186
0.2900097191
0.3048775764
0.308009566
0.3102176476
0.3328956186
0.3421276892
0.321769282
0.3211687437
0.2927945367
0.2999521269
0.3112998771
0.3215609398
0.3503430537
0.3506882914
0.3533268812
0.3373284819
0.3332807873
0.3063103572
0.3372408633
0.3281736374
0.3268818318
0.3206855478
0.3264129671
0.3392222114
0.349832118
0.3418169824
0.3153283015
0.3191393574
0.3338997486
0.3223496188
0.2919799271
0.3063582949
0.3513405213
0.3574180837
0.3160134848
0.3086609371
0.2947702003
0.3207225819
0.3564106248
0.3813463083
0.3366748048
0.3210874857
0.3249166576
0.3005848704
0.3088651259
0.3208834182
0.3271118835
0.3194393407
0.3077072284
0.32449749
0.3339838694
0.3326882325
0.311681525
0.3127334327
0.3078033198
0.2942484893
0.2995808974
0.337863038
0.3323627165
0.2946431367
0.3237911778
0.323212377
0.3300924632
0.3279680553
0.3513816427
0.3439997846
0.3665159276
0.3373519247
0.317666184
0.3296620097
0.3302753118
0.3305617507
0.3623004447
0.3614920202
0.3583365368
0.3428317828
0.3300380659
0.3221102125
0.3290664527
0.3275287886
0.3457630146
0.3351529006
0.3176832097
0.3453508255
0.3220517433
0.3195735179
0.3298163918
0.3333674015
0.3362450883
0.3361960217
0.3235734958
0.3075563731
0.3083715422
0.3331540155
0.3418428361
0.3345957083
0.3313698382
0.3508048432
0.3289717747
0.3344004424
0.3229924741
0.3163769455
0.3344026552
0.3261812331
0.3286640119
0.320389939
0.3108705008
0.3253981337
0.3190408998
0.3125727185
0.3023038742
0.2927440968
0.304898056
0.3179292072
0.3189048533
0.3312770998
0.3524039484
0.3213831539
0.3395949085
0.3157031011
0.3190280314
0.3290294585
0.298976211
0.2973362833
0.2893535307
0.3041764647
0.3290645109
0.3183632238
0.2955255885
0.2727591032
0.2670258772
0.3185785676
0.328975858
0.2932734027
0.289781585
0.3069680714
0.2875260151
0.2942038578
0.3014233571
0.3151297695
0.3136951266
0.2976925806
0.3262282786
0.3276355414
0.3158330597
0.3179574924
0.3302101289
0.3259762675
0.3044326259
0.3105948729
0.3036280912
0.3259715051
0.3361857706
0.3219734189
0.328751199
0.3395173711
0.3222409735
0.3055935937
0.3322923647
0.3352528579
0.3458805178
0.327413307
0.3301169742
0.3478648477
0.3495585045
0.3245318657
0.3174229355
0.3205822788
0.3450618964
0.3547322385
0.3528023505
0.3237299022
0.3485254151
0.338767166
0.3128446955
0.2956893226
0.3201262686
0.3219744453
0.3322174042
0.3275074299
0.3201523826
0.3170766355
0.3340921151
0.3305081823
0.3358072962
0.3506918872
0.3314967159
0.3157369921
0.3134194878
0.3098252015
0.3141967127
0.3068594779
0.3172732775
0.3275713155
0.3119079511
0.3239443402
0.3084865946
0.3119192931
0.2911180672
0.3159479984
0.3206930194
0.3392011335
0.3383258322
0.3013397318
0.3214276772
0.3334010996
0.3246725692
0.3036736628
0.306047853
0.3290134014
0.3131523446
0.350942076
0.3363409263
0.3347694708
0.3325988434
0.3304481463
0.305911257
0.3330661509
0.3422126236
0.3184709474
0.2944881204
0.3184795525
0.3016324286
0.3397159601
0.3344511579
0.3157298289
0.3058357739
0.2942593151
0.314846327
0.3161146657
0.3085718877
0.3121204598
0.3112386862
0.2959395028
0.3063136673
0.3290605421
0.359410656
0.3610112387
0.3443922734
0.3240465674
0.3080105803
0.2974977844
0.3085142302
0.3036584486
0.3279949263
0.3689866473
0.3404195107
0.3249513965
0.3314928919
0.308748604
0.3134951777
0.3137496927
0.3388904978
0.3517401604
0.3221843791
0.3266529649
0.3275665849
0.3158687696
0.3350626216
0.3394149006
0.3439678652
0.325648086
0.355101339
0.3505063841
0.346562394
0.338886847
0.3439961025
0.3463764979
0.3060844057
0.3374731195
0.347203646
0.3300494888
0.3208106138
0.3284408047
0.3277893094
0.311855283
0.315115014
0.3586116885
0.3656319639
0.3222466723
0.3155943297
0.331785627
0.3792772475
0.3667296415
0.3516995532
0.3572457009
0.3670627258
0.329531268
0.3629194978
0.342317391
0.3514128046
0.3141946444
0.2998636116
0.310981337
0.311969997
0.3181596011
0.3169555107
0.2971795631
0.3282833901
0.3173068944
0.3453933628
0.3519930511
0.2946825919
0.3042604512
0.3308583089
0.3470482373
0.3457495853
0.3375216895
0.3149404773
0.335218279
0.3341381545
0.3478132303
0.3387539219
0.3356056617
0.343303405
0.3562653783
0.3209710297
0.3376734506
0.3260971255
0.326142146
0.3047122668
0.315783975
0.31866572
0.3467792229
0.3554364124
0.3489009036
0.3530239212
0.3520206528
0.3313659223
0.3016054654
0.3103356614
0.319815486
0.2952693985
0.3388466182
0.3351721957
0.3119553359
0.317331333
0.3191710426
0.3130988199
0.2844396939
0.2991244087
0.3088811156
0.3166159936
0.3191950527
0.3002347711
0.3278535613
0.3119143708
0.3233799656
0.332833098
0.3195182446
0.3106689651
0.3285818661
0.3290936331
0.2915533635
0.3107428419
0.3398805257
0.3517055114
0.3503654393
0.3227155103
0.3404503439
0.3266173678
0.3252318853
0.3144337394
0.327178671
0.3317786524
0.3257931698
0.3198047908
0.3182310852
0.3135774987
0.3068771925
0.2979342718
0.314906804
0.2997882519
0.3143424284
0.329664048
0.3309297746
0.3372561199
0.3272166116
0.3149439198
0.3394041514
0.3184032489
0.3153851097
0.3158069021
0.2949386803
0.3078943844
0.3257875049
0.322941993
0.3271387706
0.3365841146
0.3173306575
0.3213791356
0.3153894209
0.3304766227
0.303124438
0.2829633125
0.2835769684
0.2912424196
0.2892561887
0.2914705729
0.3138041783
0.3137150373
0.2962988308
0.3107945692
0.2895381327
0.2932118378
0.3062475677
0.3256504788
0.3335438042
0.3393047211
0.3460905854
0.3488889862
0.3176669156
0.3004884438
0.3089698226
0.2963560319
0.2863986804
0.2870812082
0.3144453162
0.3196471409
0.306601555
0.2947252233
0.2981121649
0.3167875522
0.3315895681
0.328759131
0.3300983243
0.3400640255
0.3244027969
0.3414813734
0.353702353
0.3366473728
0.3563050181
0.3160782942
0.2899111534
0.3025479358
0.2911191547
0.278470132
0.280251483
0.3153620206
0.364199537
0.3329776336
0.3420327932
0.3216887473
0.3307337834
0.3362197596
0.3309026632
0.3182104758
0.2987426385
0.2982554276
0.3209956327
0.3547432259
0.3419988027
0.3580275605
0.3607262534
0.3487064253
0.328069428
0.3066864815
0.3117914794
0.3033921985
0.3137962075
0.3201151333
0.3257418828
0.338594224
0.3389554138
0.3398724577
0.3123505176
0.2956587046
0.2918434665
0.2926161351
0.2971560883
0.3168619173
0.2909140573
0.3008277858
0.3004860939
0.2744365331
0.3134293261
0.3095934838
0.2952018493
0.3038959935
0.3158092277
0.2901846228
0.3240980319
0.3392154812
0.3356460831
0.3476565201
0.3179986574
0.3125983661
0.3087712401
0.3207078525
0.3455697085
0.3360923525
0.3273223713
0.302319039
0.2942931285
0.3202817789
0.3144948631
0.3132722256
0.3353379266
0.3296246467
0.3104659107
0.317022215
0.3400865325
0.3350245067
0.3366632636
0.3490753587
0.351540521
0.3345000319
0.3304716774
0.3195053434
0.3200811855
0.3175669607
0.3258636053
0.3277923968
0.3069651714
0.3066242529
0.3462197573
0.3361017502
0.2998631308
0.2907609472
0.2896191521
0.3061448671
0.3104586713
0.3517948677
0.3431348686
0.3625986238
0.3284080507
0.3404806667
0.3483643909
0.3172999342
0.3227820261
0.34385216
0.3195044947
0.3290685866
0.3595059085
0.3459757954
0.3385848742
0.3465308686
0.3572370227
0.3177377847
0.3748347947
0.3782611596
0.3817707974
0.3517582286
0.3274360593
0.3138914614
0.3294739248
0.341879008
0.3023249568
0.343498074
0.366854099
0.3299232299
0.3281184096
0.3261539937
0.3368458009
0.3595154008
0.3350461995
0.3052668169
0.3133890934
0.3195520838
0.3383547065
0.3555307612
0.3523613183
0.3184798618
0.3512260371
0.3526170858
0.3269237282
0.3087266073
0.3176347833
0.3218608968
0.3023758786
0.3030393118
0.3165926258
0.3290312575
0.3335799253
0.3321416538
0.3305417241
0.3272116622
0.3171989852
0.3248923917
0.3213480173
0.3278626393
0.3340608097
0.3649558143
0.3785938354
0.3164498599
0.2891858153
0.3088898356
0.3065821379
0.3470138297
0.3244265243
0.325233239
0.3312635005
0.3439085044
0.3342608643
0.3360437439
0.3266561926
0.364447853
0.3512651415
0.3362444876
0.3596765356
0.3619727121
0.3764469236
0.3301468077
0.3345213445
0.359271234
0.3293091345
0.3365575267
0.3510537854
0.3186306641
0.3367805181
0.3574821038
0.3311918593
0.3002729779
0.3049823684
0.3061018711
0.3446504302
0.311437482
0.3289145333
0.322740573
0.3267216157
0.3200379199
0.3312143477
0.3156434507
0.3015518058
0.3093152254
0.3224472859
0.3229185346
0.3106925156
0.3200907992
0.3378112548
0.3232401456
0.3589600986
0.3279526551
0.3233045506
0.2940846346
0.3052224019
0.3423668031
0.3235567069
0.2874305174
0.2991834132
0.3247264469
0.3294251963
0.2658722668
0.2736530196
0.2966407039
0.2906630043
0.305929671
0.3186564884
0.3220409422
0.3476110369
0.355793353
0.3175824668
0.3234283372
0.3245671837
0.3321312209
0.322493676
0.3030411398
0.290499233
0.3157524368
0.3293161613
0.3163741258
0.3017721274
0.2994197725
0.3054405186
0.3234802703
0.3052030566
0.3212425234
0.3106427323
0.291149032
0.2774083972
0.2931075489
0.3029638418
0.304117647
0.3151672265
0.3150381597
0.2809821675
0.2982829828
0.3163831191
0.3339064195
0.3191130092
0.3213347529
0.2952747327
0.2936420717
0.2887811997
0.306782694
0.3087728543
0.3057984561
0.3005499134
0.2867530267
0.2806936842
0.2914933408
0.2783055992
0.2799674932
0.3089341313
0.2900995067
0.3289674309
0.3279265365
0.308050592
0.3189226499
0.3250812271
0.3136491388
0.3128039709
0.3158459962
0.311692462
0.3224674902
0.3183374219
0.305327543
0.2851924185
0.2952717013
0.3023702105
0.2759400984
0.2797811444
0.2935294192
0.3054981733
0.3272277247
0.3185726821
0.3247348311
0.3196340573
0.2973803456
0.2863724195
0.2738648583
0.2855894027
0.2960153649
0.3201932931
0.3233296315
0.3107356118
0.3386468492
0.3517315035
0.3490976196
0.3410440758
0.3228380199
0.3084762856
0.3134731367
0.3142357999
0.3380281271
0.3082571849
0.3139474652
0.3055778255
0.3040167175
0.323478227
0.320742634
0.2830204324
0.2930388218
0.2932239273
0.3066296836
0.3221839377
0.304257726
0.2930257158
0.3140733653
0.3083124477
0.2864806893
0.2901504966
0.30728821
0.3010999534
0.3176925119
0.2896702381
0.281971763
0.2868960222
0.2981726505
0.3046537075
0.3170234799
0.3251548251
0.3111379902
0.325004852
0.3244932729
0.2952524264
0.2921621155
0.2914526874
0.2884742719
0.2749278486
0.2841231259
0.291488987
0.2883785226
0.3054957858
0.307009211
0.3070932364
0.3351090188
0.3347155396
0.3152727118
0.2886697332
0.3036813791
0.3034283855
)
;

boundaryField
{
    xPeriodic_half0
    {
        type            cyclic;
    }
    xPeriodic_half1
    {
        type            cyclic;
    }
    yPeriodic_half0
    {
        type            cyclic;
    }
    yPeriodic_half1
    {
        type            cyclic;
    }
    zPeriodic_half0
    {
        type            cyclic;
    }
    zPeriodic_half1
    {
        type            cyclic;
    }
}


// ************************************************************************* //
