/*--------------------------------*- C++ -*----------------------------------*\
| =========                 |                                                 |
| \\      /  F ield         | OpenFOAM: The Open Source CFD Toolbox           |
|  \\    /   O peration     | Version:  2.4.0-MNF                             |
|   \\  /    A nd           | Web:      www.OpenFOAM.org                      |
|    \\/     M anipulation  |                                                 |
\*---------------------------------------------------------------------------*/
FoamFile
{
    version     2.0;
    format      ascii;
    class       volScalarField;
    location    "0.001";
    object      p_O2;
}
// * * * * * * * * * * * * * * * * * * * * * * * * * * * * * * * * * * * * * //

dimensions      [1 -1 -2 0 0 0 0];

internalField   nonuniform List<scalar> 
5120
(
0.07646642625
0.08929151595
0.1185900219
0.1144832796
0.1043669856
0.08726258821
0.08500918807
0.09701491099
0.08348517912
0.08560750161
0.09617709423
0.09470049106
0.09538989485
0.1169263106
0.1234822949
0.1065933268
0.1047002142
0.0991232031
0.08685992008
0.08813363524
0.1013167383
0.09513369313
0.09404062106
0.08572863392
0.08409635475
0.09319482593
0.08447608351
0.08144378255
0.0646959814
0.08564959692
0.09330025836
0.09436814474
0.09682624051
0.0875341731
0.09197063719
0.1111378775
0.1051384868
0.1063497615
0.121921134
0.09725823241
0.1013169127
0.1088742306
0.09457435618
0.09922302592
0.09978353037
0.08455294343
0.1013019008
0.1092414721
0.1049327072
0.09858922908
0.1050531421
0.1049703965
0.09810915204
0.09822134801
0.1077909793
0.1127261591
0.1180390931
0.1024871511
0.09921266039
0.1085828728
0.1022720773
0.1277249302
0.1263451828
0.1274064321
0.1147216372
0.1128260189
0.1019370863
0.1105428346
0.1120525357
0.1028037274
0.1107523512
0.09785000867
0.1029468409
0.08752156553
0.09135892007
0.0769966385
0.07577507445
0.07758785374
0.08620109534
0.09073165183
0.0933683365
0.08438641302
0.08262677928
0.0744409061
0.07656470543
0.09198270025
0.1096412769
0.1099386075
0.09557399122
0.07891954638
0.07600964706
0.07819267195
0.07656495205
0.08834939394
0.0936005565
0.09409180193
0.07744038523
0.0778997968
0.0975493234
0.1026028491
0.09657140708
0.09312944602
0.08718779952
0.08143102524
0.0897669575
0.08413948886
0.08086772202
0.08328751043
0.09151558433
0.1013714064
0.09186301648
0.09192732951
0.08064004041
0.08490817676
0.09614263197
0.09671724257
0.08514164634
0.08822591054
0.09306373301
0.09883359852
0.08822813423
0.08730078576
0.09059303925
0.1004247989
0.0931822161
0.0752436726
0.08871444585
0.07642595108
0.08203476046
0.08557945584
0.09297201498
0.09959228586
0.09264069809
0.08119458711
0.07478765767
0.08180628585
0.08648301693
0.08825863174
0.08429364207
0.08229399556
0.09100325275
0.08821169028
0.09887907332
0.0908590628
0.09418605529
0.09124022235
0.09245585563
0.08329651303
0.08093241723
0.07824364186
0.0880939552
0.0875900188
0.09203644941
0.08621352005
0.08438127865
0.08939922509
0.08784359246
0.08067362705
0.08202055372
0.09209144386
0.08568884235
0.09611589063
0.08054833826
0.08243969621
0.08252552522
0.07676880008
0.09094618044
0.1039439427
0.1120733922
0.1014684451
0.09804538266
0.09840584249
0.09485244271
0.09754606945
0.09383766828
0.1021559124
0.09752860307
0.09293960778
0.0883464484
0.08341023876
0.08551496963
0.0760058375
0.08487386861
0.0994071702
0.09980199178
0.09009228383
0.08712142114
0.09149015252
0.09172295187
0.0990536829
0.09435774207
0.08822645087
0.0835057706
0.09449783096
0.08250145074
0.08110149484
0.07341694523
0.08065754756
0.07843554205
0.08990714636
0.08934533395
0.09363409632
0.09815190885
0.0750921282
0.07629913551
0.09410009615
0.09102574641
0.0892834931
0.1004609687
0.1003128388
0.1016106857
0.09350969745
0.08711458371
0.09565431083
0.1006088284
0.09430230822
0.0834228953
0.06985615467
0.07588660088
0.08616996468
0.09249795755
0.09274251138
0.09578517162
0.09723732135
0.08819916736
0.08508154238
0.09413729565
0.0977266033
0.09380031176
0.09173152503
0.08594591142
0.08588795913
0.08346633499
0.08792809121
0.07866203911
0.09114508444
0.1023834398
0.09533268532
0.09125497699
0.0926518403
0.06797610537
0.08920686305
0.1043966663
0.100031766
0.08836268502
0.09030708629
0.09627371201
0.1001237667
0.104663402
0.1018231735
0.09765768202
0.08912075046
0.08212188995
0.09237733703
0.09981828006
0.09170439533
0.09814692332
0.09622552282
0.08824373453
0.07794654035
0.09869808909
0.1013086826
0.08913580379
0.08093505539
0.07729497336
0.08361850765
0.1005535285
0.09800334127
0.08664525063
0.07796886442
0.09374875335
0.08840680622
0.0937039238
0.0897616535
0.08493721719
0.09011094696
0.1020967206
0.09618727137
0.09824698388
0.09567718447
0.1178993327
0.09448052866
0.08279101786
0.08273126557
0.07823803567
0.07555837381
0.08999660001
0.1037347327
0.1134515439
0.09591685026
0.08550568362
0.08348242234
0.09281446001
0.1099491802
0.1131458694
0.1027143691
0.1009331689
0.08362404295
0.09187432788
0.1026307833
0.1040530018
0.1170302469
0.1216071841
0.1197151395
0.1117835113
0.1011894706
0.09030891906
0.08584747271
0.08959880739
0.1089510334
0.1055968752
0.08475520062
0.09378651881
0.09568504343
0.07828977581
0.09577739696
0.1063943244
0.1145350586
0.1129709416
0.1014538822
0.08947158171
0.09452885898
0.09476763642
0.09964230323
0.1021521596
0.107606198
0.09517282652
0.08901657438
0.08022788247
0.08245914579
0.08057731035
0.09225777478
0.09727154292
0.08909482804
0.08213557914
0.08689814296
0.1119593655
0.09872251318
0.09288036169
0.08730957599
0.08670139048
0.08824129135
0.08798689374
0.09543688078
0.09589164724
0.09427401372
0.09234805884
0.09809672011
0.1033053028
0.103134726
0.09656062068
0.09778104116
0.09841364097
0.1001876851
0.09577145496
0.1004692643
0.09351483431
0.1023178248
0.09970603544
0.1048722209
0.09100549908
0.08395055379
0.09651956983
0.08727891101
0.0780646347
0.09263326505
0.09653477746
0.09840770175
0.1056211146
0.09881177046
0.1002464042
0.0987463979
0.09869225215
0.1042199333
0.1097359019
0.1003298151
0.1002413175
0.09407123234
0.08867998776
0.09521745772
0.09699295665
0.1045733907
0.08985938861
0.07353779173
0.08504781928
0.08057149934
0.07540244
0.07801905235
0.08002265562
0.08292919242
0.0766052161
0.08068840826
0.08822006609
0.09956492215
0.08916882817
0.07559659294
0.06878739335
0.07691532291
0.08359960852
0.0852963325
0.0905872093
0.100825627
0.1082226303
0.1049781983
0.09870665979
0.09560716127
0.07976583693
0.07840788858
0.07326285118
0.07698537582
0.07629795777
0.06469687159
0.08248699672
0.08722014681
0.08393539614
0.08310505418
0.09663447855
0.0984907035
0.09035809956
0.08578390138
0.09220175341
0.08940824825
0.08496157338
0.08800645394
0.09146087696
0.08292571577
0.0924099577
0.08429209912
0.09307952702
0.1012762488
0.1000054345
0.09341913967
0.09244677737
0.08947919943
0.08919740963
0.1081225543
0.1038798999
0.0912415736
0.08122143987
0.08462339537
0.09452945681
0.1006073957
0.09313639638
0.0807955143
0.07899016354
0.09446462478
0.09302064235
0.08682065169
0.09248385696
0.1000882799
0.1051032822
0.1149927606
0.1248208228
0.1143963599
0.1078916201
0.09218749155
0.08889827542
0.09598310015
0.1027426566
0.0942846471
0.08787551618
0.09151770817
0.08712044878
0.098932631
0.1073639653
0.1057008743
0.09296536193
0.0956694095
0.09447825184
0.08785003109
0.09630989045
0.09005940146
0.08588618846
0.1039502859
0.09582501927
0.08897581697
0.09211440637
0.08622524833
0.07583825794
0.08021395197
0.09842040667
0.09214517502
0.09582028376
0.0916648314
0.08456057082
0.07364649143
0.07329903233
0.07849343989
0.08752636706
0.0908423805
0.08748240237
0.1014759636
0.0995011491
0.09225686975
0.08898261932
0.08758024109
0.08627046163
0.09171656924
0.09719035573
0.0924116374
0.1077557091
0.1023998683
0.1010566414
0.09323482779
0.08630448201
0.08600906383
0.07706955441
0.07284273251
0.08256218047
0.0744792322
0.09849872522
0.08949658018
0.08215775684
0.09856227469
0.1007576601
0.09538498574
0.1014764433
0.1012730132
0.1036257781
0.1072980774
0.09839555667
0.09311255254
0.08240056346
0.1012606902
0.09824017765
0.09971275117
0.09653541943
0.09474424614
0.0938808002
0.09013616803
0.08717570598
0.09309550974
0.107067691
0.1000888085
0.0922077577
0.09956895869
0.0990224755
0.0910383187
0.09205826937
0.08972528893
0.0959702492
0.09024684367
0.0922982629
0.07864073868
0.1023370878
0.09342396819
0.09530701303
0.09459966562
0.08826362301
0.08330302849
0.07895022774
0.09613315298
0.09182464027
0.08679723259
0.08910015431
0.08887602431
0.1068056041
0.1205762091
0.09767562413
0.09154414476
0.08503217569
0.08726782678
0.09227629658
0.09749878942
0.0945676511
0.08980804485
0.07653815336
0.07930034633
0.08688189457
0.09344004537
0.07903793898
0.07753503053
0.09056728102
0.09249927742
0.08149592926
0.07214726032
0.08624962881
0.08330421232
0.08120676352
0.0760688169
0.05735585706
0.05525298416
0.05650035584
0.07295676577
0.08867869675
0.104486531
0.1022229776
0.1055376061
0.09827032835
0.08884619051
0.09231691729
0.0885317977
0.06971689995
0.07319952836
0.08412741881
0.08269368614
0.0911902429
0.1067501075
0.08889418312
0.06402285621
0.1019151137
0.1013716767
0.09763132727
0.08540419149
0.09471594598
0.08997119464
0.1043146985
0.101208304
0.09995321505
0.1082770037
0.1104280835
0.1097524146
0.1161920859
0.09707614355
0.07205601541
0.07804656006
0.06801603043
0.08517548562
0.09188697405
0.08862905613
0.1072886003
0.1089142046
0.1158859841
0.1045434505
0.1052459907
0.1000947395
0.08338755081
0.08238910047
0.08794362997
0.1049173974
0.1032129109
0.1033862723
0.107413561
0.1007514561
0.1164416342
0.1082577682
0.1017884959
0.10053112
0.1144580229
0.1149955205
0.09200565436
0.0969979377
0.1086767396
0.1062522236
0.1023063982
0.1090623075
0.1122104756
0.1046279628
0.09673920772
0.07735816126
0.07693929105
0.08472730409
0.09477643324
0.1055015425
0.1095847401
0.1010961706
0.08531400287
0.1128558872
0.1039911377
0.1063231925
0.09079160165
0.09233391717
0.09776701731
0.08249098656
0.08886957788
0.08770082623
0.09910301726
0.09340122461
0.08902096843
0.09585255744
0.0977529521
0.1059480072
0.09975814147
0.09445249957
0.09567029682
0.1002692574
0.09813622786
0.07944038566
0.07716220749
0.08479330721
0.09965207801
0.09673132322
0.08703161663
0.0816626159
0.08327765353
0.08239363076
0.08160031199
0.0947932025
0.09033810486
0.09535302407
0.1124228606
0.09347899627
0.09077852855
0.1015541012
0.1013507111
0.09048266251
0.09576248734
0.09438124779
0.1079908158
0.09630685762
0.08555492856
0.08309568712
0.07715002079
0.08378059512
0.08654734959
0.09728200517
0.08246818632
0.07681100326
0.08193052732
0.08647873591
0.08864954258
0.1023728609
0.1059583699
0.08892405879
0.09192964742
0.1035653753
0.1117242146
0.1135409839
0.1002824175
0.1084415301
0.09058873086
0.0935010605
0.09188984376
0.09632081001
0.1018768593
0.08273846694
0.08824137944
0.08729781371
0.092347316
0.08971374516
0.09786172278
0.0867529173
0.08449287173
0.09175563987
0.1013358346
0.1066078722
0.09148876553
0.08298825191
0.08379425298
0.08757592999
0.08501804871
0.08076817153
0.09084797108
0.08690704132
0.08651420182
0.09269770451
0.09104990314
0.08794926339
0.08836967904
0.08105746948
0.08637695457
0.09702454628
0.1001036216
0.1085634347
0.1097597033
0.1097927906
0.09640075246
0.08403120638
0.07978645261
0.08360959977
0.07277990234
0.06742947717
0.06455040478
0.06988445004
0.07030498857
0.07683187561
0.08482645207
0.1021603258
0.08811378204
0.082296291
0.09291705998
0.1087253509
0.1082954778
0.09844949242
0.1035863364
0.1041193679
0.09623290977
0.08921061358
0.09259929665
0.08065330936
0.08429006342
0.08731593004
0.08735636206
0.0978371318
0.0809085953
0.07821769159
0.08878697275
0.09213554728
0.1003978771
0.09242174839
0.09553753826
0.09202004415
0.07377777512
0.07236895602
0.08149734456
0.0863843816
0.08278461202
0.09166806602
0.08364313827
0.09224201119
0.1028661744
0.09372950795
0.09310986071
0.09316980182
0.09774199761
0.1007075689
0.0944983157
0.09574099791
0.08375897918
0.08404923362
0.07837761482
0.09205447605
0.1015908261
0.1121260141
0.1097025174
0.0941693313
0.09400606723
0.09698086937
0.1017940896
0.09945873422
0.07850863835
0.08426448511
0.08873761346
0.08538406824
0.09012678563
0.09524241539
0.09406544089
0.08305393511
0.1003949872
0.0922872479
0.08376722346
0.08523619343
0.07558590239
0.07698264251
0.08137493765
0.08183828582
0.07738607633
0.07626587858
0.08962733763
0.08654698192
0.08743592755
0.08563903839
0.0743195365
0.07565889772
0.08363626171
0.083830514
0.09680524444
0.08560150826
0.08613745699
0.09772873879
0.09824453681
0.1047940696
0.100202962
0.09026626316
0.0960402754
0.1031671516
0.09099369996
0.0977686535
0.08854885687
0.09408341581
0.08404083027
0.07777767516
0.08754174624
0.08765996593
0.08752535521
0.08328169929
0.0756332377
0.06928042911
0.07406833188
0.08629128587
0.0876315294
0.08052457677
0.09626533704
0.1113068768
0.1077859981
0.0989489398
0.07745626586
0.08371395627
0.08632531325
0.1027201078
0.09332490316
0.09946085266
0.09833510103
0.09589060271
0.1038521601
0.09423592773
0.09704394664
0.09309542675
0.0823242194
0.08143549073
0.07573342276
0.07790308805
0.08250753495
0.09374287858
0.07787811868
0.08122230666
0.08503418299
0.08514990902
0.08100422329
0.08778564815
0.08739488966
0.08609856846
0.08264727078
0.1007470922
0.09240786112
0.08818981211
0.09312062461
0.0942806122
0.1047709152
0.101409851
0.1053249362
0.08821675855
0.07871704629
0.07013861176
0.07460418602
0.07415256299
0.07018400883
0.07352546204
0.07117635402
0.09141233707
0.09732764145
0.09219192
0.1008365654
0.1036226171
0.1001698354
0.105588985
0.09940918036
0.08550144839
0.08841309632
0.07321470088
0.08261967742
0.08382546292
0.09638479576
0.1082839981
0.1022558439
0.08917648286
0.09349337187
0.08661781589
0.08406130972
0.09344404622
0.1060232078
0.1117257378
0.09209271897
0.0949532755
0.09926670417
0.1014748562
0.1072824157
0.1182742818
0.1049038634
0.09254270303
0.08130417615
0.07276170084
0.06943016808
0.08014950646
0.09625244392
0.09546651307
0.09479601074
0.1049638559
0.1038590489
0.09648954822
0.08548929189
0.0887623219
0.09501657118
0.09008180063
0.08464409299
0.09422163382
0.08607439321
0.09022690103
0.0882192527
0.08616138225
0.1014855775
0.1050438897
0.1073312321
0.1100704333
0.1048645794
0.1069751926
0.114405776
0.09904329744
0.09028774134
0.08920037229
0.09692583848
0.0850337744
0.07768266888
0.08781289341
0.09199291168
0.09689842574
0.09327751142
0.1082816744
0.1121546023
0.1251680979
0.1202836656
0.1042916721
0.1094169752
0.09815260936
0.08473359049
0.07789394399
0.06622037026
0.0765299728
0.08223779195
0.08147899593
0.07878705446
0.0840337981
0.08103548685
0.08699836078
0.09622080108
0.09559746038
0.08397367244
0.08024421309
0.09535275317
0.09580109872
0.1069488886
0.1075000052
0.09716684862
0.07878866448
0.09314563272
0.09201003441
0.09551812743
0.09010657851
0.0861872377
0.08957110613
0.09247536744
0.1037722042
0.1113146711
0.1092339472
0.09827041363
0.1041188736
0.1041197347
0.1025623507
0.09241197327
0.09294201587
0.0979036962
0.1048041727
0.1036266735
0.1160735399
0.09942083947
0.08839336013
0.09395539609
0.08237937284
0.08233526303
0.08198729312
0.08998515461
0.09451609206
0.09562594393
0.1062623752
0.1055919092
0.1054317444
0.1057075632
0.1031960736
0.08891383232
0.08485672001
0.07175733249
0.08329656715
0.09825110381
0.08137345594
0.08464157164
0.07422876248
0.07908242829
0.08665696127
0.09725731849
0.09732280029
0.08180065702
0.0891110289
0.09598412164
0.09672746361
0.09987784657
0.09292138802
0.08655199078
0.08679501504
0.09111199344
0.08978736
0.08830330162
0.0946960899
0.1046442043
0.09431468959
0.08100431361
0.08254353856
0.08353255751
0.08171386655
0.08767382879
0.08360835909
0.1057618142
0.1056165306
0.08383988137
0.07571634737
0.08031152643
0.09583577346
0.09088574972
0.08159769221
0.09123244713
0.09354126169
0.1044557001
0.1017355314
0.09055866248
0.1026616531
0.09740568067
0.09489568984
0.08913849266
0.08821474618
0.07626727297
0.0923856702
0.08261531674
0.08345927953
0.08826172344
0.09838412257
0.09863257788
0.08784458293
0.07889096462
0.08061581597
0.0845978058
0.09244605465
0.1057831666
0.09596321967
0.1006266016
0.09580224313
0.09412091305
0.09413579096
0.09449010564
0.08865042731
0.08983424084
0.08911942141
0.09669276835
0.09803277655
0.1020901497
0.09078633601
0.08088660152
0.09045987861
0.09467559541
0.08879032733
0.09080130155
0.09138852973
0.09946638524
0.09312560492
0.1016912057
0.1061652096
0.1014771995
0.1080964976
0.1041823532
0.1111944339
0.09248946481
0.09362290005
0.08103962893
0.06671851667
0.06323889676
0.07508249629
0.06837125237
0.07516153103
0.09158901657
0.1047760316
0.0912363469
0.08690608059
0.08163669821
0.08963274951
0.1118523064
0.1014020702
0.1052263811
0.1046470183
0.08734274302
0.09272045204
0.09343408044
0.08563381975
0.1068905615
0.100334481
0.09630013461
0.09224369621
0.08328716299
0.08769005374
0.0774406579
0.07958621327
0.09211039878
0.09256618114
0.09195777701
0.100697989
0.09196834321
0.08781706942
0.09012744448
0.0722405619
0.0727532775
0.06606417906
0.08732864661
0.09548289784
0.07623196542
0.08812817745
0.09986523818
0.0952005349
0.0847679599
0.08921882746
0.09010335702
0.1035313578
0.09965604176
0.09302389126
0.0994718012
0.08616231232
0.07497527949
0.07775505078
0.08838592216
0.08943798877
0.08079673356
0.07409129711
0.05930968724
0.06198969877
0.07820287753
0.07525661689
0.08027871134
0.08705053223
0.09099905092
0.0935978276
0.09325674599
0.08346994823
0.09138128323
0.07848299569
0.09583414211
0.09282141268
0.08293725019
0.0770259974
0.09327470126
0.1026359449
0.1102288868
0.1076573351
0.1034304015
0.1010628868
0.09986298608
0.09305763834
0.09713554536
0.08305363502
0.07845537314
0.1000784363
0.09801946129
0.08808955732
0.08042767328
0.08990461418
0.08979989443
0.1025361128
0.1036862653
0.1043535564
0.09256458098
0.08127369777
0.09327616013
0.08846084477
0.1053681373
0.09892476947
0.08296770598
0.08919345102
0.08794446529
0.09781833714
0.09912508295
0.08585280446
0.1000754704
0.0928794672
0.08188624713
0.09585388265
0.08781708108
0.08604038324
0.07080802502
0.07172210778
0.08591047757
0.09052510686
0.08607484488
0.07853874105
0.08389681089
0.08395156262
0.08150405236
0.07759570076
0.07648197697
0.08296523628
0.07628205095
0.08752168441
0.08631270359
0.09033837929
0.09351907592
0.08528865409
0.08714916001
0.08026818548
0.07606572401
0.08104611228
0.09178571469
0.08688791988
0.09143239244
0.09304050022
0.0980614425
0.08101653235
0.09067250975
0.08531887695
0.07317530545
0.08334445536
0.08465470952
0.08397279386
0.08769519911
0.09291269081
0.1027561638
0.1054839939
0.1080320152
0.1011011256
0.1142286135
0.1077927314
0.1150671709
0.1013164022
0.09430831214
0.07848204228
0.08500416907
0.09079762462
0.09969113659
0.1040941886
0.1024724653
0.08760799546
0.09759940052
0.09103891827
0.1019125099
0.107907586
0.1097593203
0.09412963761
0.105049281
0.1063350108
0.1047999884
0.1091611685
0.1072033479
0.1013209653
0.09614469121
0.08845848305
0.08813982743
0.1112589478
0.0887647235
0.08538194386
0.09299735953
0.09405981409
0.1039996949
0.1043148672
0.0959032335
0.1031760472
0.09632624047
0.1264429137
0.1145383717
0.103964864
0.09652300241
0.1014725459
0.09633501407
0.09489052219
0.09733109988
0.1033690423
0.09613106956
0.08998737282
0.1058854871
0.09246999976
0.08662281756
0.07031456058
0.07928387624
0.08484569827
0.08475718371
0.08467742112
0.09557924169
0.09951637776
0.09309878867
0.09636160861
0.09488917803
0.09840730175
0.0951793184
0.1026010113
0.09499847958
0.0980956946
0.1052878407
0.09884162109
0.08674800946
0.08961356646
0.09895807649
0.09669417641
0.07677208598
0.07838705749
0.08153656134
0.07807493853
0.08885447948
0.09241131773
0.08014732939
0.07955100364
0.0749811816
0.07921213753
0.08730040581
0.08988997127
0.09093051591
0.100443502
0.09526407043
0.09043156497
0.08675742897
0.08134049501
0.09196092247
0.09667255869
0.106392942
0.1037774255
0.0944796938
0.08912310374
0.07844042522
0.08461942555
0.08260690962
0.07924991421
0.07482257099
0.1004193475
0.0862909463
0.07471461284
0.07752474509
0.08167155763
0.08509837446
0.08321858185
0.08468451027
0.09885076502
0.1107922177
0.1023449231
0.09690113586
0.1041225338
0.1095539242
0.1085918224
0.09817260594
0.09060566193
0.08716758199
0.08733744698
0.08429750224
0.07567077614
0.08102852936
0.08406697633
0.1054730448
0.1051237143
0.1045577628
0.09058035941
0.09087032488
0.09105362866
0.08529979891
0.09079263265
0.08944779158
0.0880834294
0.09094107473
0.09201548957
0.08279845171
0.08385220242
0.08741895221
0.09113068443
0.1006109036
0.1113444291
0.09642316088
0.08008786818
0.0852374591
0.09762824621
0.103742512
0.09015874819
0.1033194879
0.08894236608
0.09236223906
0.08424591335
0.09316405804
0.08580446835
0.08871252585
0.09181924926
0.1022679192
0.09253298848
0.08758416148
0.08154915988
0.08210698177
0.09517233359
0.1272725775
0.1227106819
0.1257168215
0.110172724
0.1079704207
0.1118826619
0.08084095197
0.07399405976
0.06559013559
0.07921347014
0.09196455381
0.09958447375
0.09126710161
0.08200602982
0.08699409746
0.0797286477
0.08152432039
0.08493611973
0.09013189059
0.09710476017
0.08404150908
0.09809071816
0.1084469767
0.09428633354
0.09257331802
0.08930580382
0.08000665061
0.1048674417
0.09571571856
0.09098565662
0.1047103838
0.09910810102
0.1004222513
0.09189887557
0.09598624935
0.09658077208
0.09351216121
0.08906807346
0.0870289469
0.08095503655
0.0827366985
0.08745607456
0.09447724598
0.1031410145
0.1003034657
0.08788219687
0.09294095842
0.08183518505
0.07024911873
0.07638066045
0.08271652574
0.09038626556
0.08994530991
0.1083176678
0.09644664364
0.08914078439
0.08494715835
0.07260200567
0.08472600901
0.0882516742
0.08720183423
0.08226069174
0.08479496532
0.09389066451
0.09639900247
0.1001055485
0.09272438715
0.09702491205
0.1059990832
0.1069836731
0.09857387432
0.09090779446
0.08330943555
0.07619853457
0.08358599644
0.08774471139
0.08253415446
0.08603744586
0.08230959893
0.09990550721
0.09884533175
0.102346824
0.09829071367
0.1046205401
0.1011568026
0.09073573179
0.1022185857
0.09871590912
0.1047879077
0.09743324539
0.107735794
0.09766976219
0.1007139164
0.1041480811
0.1029069482
0.0919220058
0.07692828226
0.08560371175
0.07959006342
0.07776129125
0.08709866268
0.08572369284
0.08328577236
0.08550046518
0.09221576144
0.09859835756
0.08403083616
0.07991979996
0.07987499045
0.0899014752
0.09217708891
0.07793443769
0.07204627455
0.0699345054
0.08769022198
0.07617317889
0.0779409557
0.07634761355
0.07420188146
0.08075372211
0.06255712684
0.07611508979
0.08431866736
0.08818323131
0.08575705269
0.0823581715
0.08421797397
0.08329566677
0.09201782545
0.0899284843
0.08479697338
0.09012102979
0.08326605641
0.07959815884
0.07249989799
0.07862583907
0.09957851023
0.09903329281
0.09823703192
0.08833877892
0.09264154487
0.1014233711
0.106397575
0.1047176992
0.09260439834
0.1004304856
0.07434562574
0.09308797521
0.09338472088
0.08868699127
0.08849606908
0.09706306574
0.09620425098
0.09496562951
0.09380479942
0.09997497205
0.09513804373
0.09029998205
0.08860340033
0.08257043379
0.0766448989
0.08689860151
0.08526905891
0.09622508296
0.07961496983
0.07297807639
0.09205720119
0.09002794153
0.08863541465
0.09495565516
0.09533244763
0.1019080843
0.09517782209
0.096469156
0.09457448
0.11519874
0.1070915188
0.09509239435
0.09078703066
0.09209395199
0.1005764779
0.09877173617
0.08935012038
0.08581943499
0.08645691338
0.08906187141
0.08086692388
0.071568116
0.08071245527
0.07951565074
0.09177428618
0.1027909744
0.1059503731
0.1161232938
0.1225584562
0.09843447033
0.09631546002
0.0965608584
0.09867291488
0.1009298657
0.08835327899
0.08481758918
0.09094038518
0.08367701591
0.09268497015
0.09606725064
0.100025079
0.09983918998
0.09888564487
0.08890648601
0.08976934248
0.08461085651
0.07595504215
0.07954709853
0.07324252463
0.08614491463
0.09924240704
0.1035434871
0.09988397714
0.08982086091
0.09283309779
0.1014765827
0.09567481014
0.08989551727
0.09508546438
0.1002603292
0.09609905432
0.0997529085
0.111308714
0.09108886301
0.09386808902
0.106635892
0.08810877712
0.09719443219
0.08758059048
0.08350376831
0.09731885392
0.1043401036
0.1035214612
0.09174146504
0.08175855436
0.08174029318
0.0875158961
0.08260152329
0.08269505116
0.1033699092
0.1018522824
0.09698169867
0.09389313485
0.09171676841
0.09497933065
0.08176453418
0.08718974697
0.07085869349
0.08566549537
0.1001531844
0.1062784404
0.1014179112
0.08832363299
0.08557205388
0.09317941075
0.09808679084
0.1049225305
0.09008306162
0.08913565544
0.1010395219
0.08603611276
0.09636567174
0.0832320321
0.09255952852
0.0891425479
0.09315781065
0.0969701892
0.09609815382
0.08418258643
0.08092858104
0.07540031706
0.0738392245
0.09042387159
0.09714905416
0.08400806232
0.08483136916
0.09363401989
0.1047078949
0.09739645994
0.09635788556
0.1171333722
0.1087590209
0.1106726858
0.1035658691
0.09287985261
0.08913215779
0.08485738469
0.09452357191
0.09762495748
0.09575212618
0.1013375913
0.1040814764
0.08798697319
0.08081776443
0.08232281563
0.1021225248
0.08036401488
0.08253047122
0.07446702588
0.1038382617
0.09665800255
0.1035446244
0.09923842139
0.1034489608
0.1000658998
0.09380803908
0.08979266157
0.08427349638
0.08773968152
0.07570757034
0.08419222277
0.09566875169
0.09967522821
0.09269571976
0.080758879
0.07764464402
0.09055471738
0.1009030232
0.1132962904
0.09950225528
0.1112689348
0.1168936402
0.1078195763
0.08972668001
0.08434074728
0.08869486758
0.08082013608
0.08228474903
0.08948504538
0.1046523782
0.1100449512
0.1067666517
0.0943153589
0.09000266563
0.08150709793
0.08727049051
0.0877027694
0.08728293077
0.09363422639
0.1100186618
0.0774066479
0.08555045521
0.07478173806
0.07834221852
0.08648004594
0.07828072127
0.08427166726
0.09004046166
0.09407649069
0.09514762628
0.09467016803
0.08708460216
0.08849143053
0.07934049096
0.07732101223
0.08150027378
0.07924674569
0.07672738126
0.07615747499
0.07345695401
0.1046579959
0.09695894489
0.1132160557
0.112652885
0.1116439615
0.09993822118
0.08930136441
0.07857634982
0.08572572096
0.0944451138
0.09226726984
0.09479384544
0.09337439163
0.08812296392
0.0858440805
0.07061080837
0.07323721248
0.0898050078
0.1007998689
0.1088998439
0.1032234021
0.09646489317
0.08778920063
0.07329924947
0.07606450492
0.08313733502
0.09202723468
0.09846971737
0.09962786432
0.08770971046
0.0946837586
0.1056711336
0.09750706418
0.08977346502
0.0881143019
0.1075753792
0.104086837
0.0911544832
0.0683483415
0.07406013343
0.109286221
0.09963083836
0.09149425799
0.09896868941
0.09041016236
0.09374651515
0.09277728563
0.08147487342
0.07421161436
0.08016885099
0.08585601419
0.08166607441
0.08861400667
0.09625482651
0.08580895888
0.07791091455
0.08584770759
0.09869374849
0.1149646006
0.1136057921
0.08804369421
0.09030877611
0.09210209224
0.08776311398
0.08134399024
0.09315811118
0.09025790672
0.09438836235
0.09508003767
0.09718746975
0.09286846366
0.08150669477
0.08441620785
0.1000156879
0.1019194796
0.09597462191
0.09442578572
0.1067944429
0.09707234043
0.08745630121
0.1025686995
0.09562457303
0.09010443397
0.09456315082
0.10435771
0.09023507781
0.09953082407
0.1048687095
0.09670309296
0.09793628923
0.09627163469
0.1057868934
0.1079637881
0.1107241829
0.09629044235
0.09853334035
0.09749295945
0.09326354678
0.09768699848
0.09760173278
0.1057357309
0.1033806194
0.1073709064
0.1116487921
0.1122302232
0.1138447664
0.112093613
0.100029639
0.09437206939
0.09183921155
0.08436209926
0.08124788487
0.06923707727
0.07510161302
0.08503544335
0.0960029083
0.07353489041
0.07657056914
0.09763150879
0.1149022044
0.09491726456
0.09639316625
0.100435669
0.09882813146
0.1047800305
0.08438063178
0.09092053135
0.09987248694
0.1036105326
0.1016932414
0.09518466158
0.09061455638
0.08989488985
0.0787598406
0.08635582438
0.1003176461
0.09766248229
0.09623555032
0.08998074149
0.09197367927
0.09555436826
0.0880433533
0.09514368439
0.09920940961
0.1009635786
0.09806200696
0.1108815643
0.1091179994
0.09291622837
0.0891176397
0.09080076868
0.09471202633
0.08650699723
0.09388842332
0.08887638863
0.0855734766
0.09652512292
0.1007429851
0.1019722272
0.09338250424
0.09641156542
0.1071899945
0.1009528523
0.09215088554
0.09762173641
0.0863382349
0.07877357497
0.08347880797
0.08743281273
0.07850478301
0.07619259868
0.08228210997
0.1033528413
0.1107519721
0.1233588752
0.1221196588
0.1240370578
0.1090058157
0.1002233833
0.09849149409
0.07832918663
0.09137267362
0.1034273347
0.1021656147
0.09615691218
0.09423852313
0.1130247757
0.1141237575
0.102658311
0.105548551
0.08904313628
0.08196724604
0.09385490917
0.1026427346
0.1035497445
0.1115267447
0.1088858954
0.1055990767
0.09379146802
0.08194087008
0.08799894904
0.0753103859
0.08376358602
0.09889623237
0.09569291196
0.09144150226
0.07796851675
0.09704198831
0.09972165665
0.09647391164
0.08801933533
0.07816143256
0.0817096029
0.08129483175
0.07278385755
0.0791305859
0.07812365159
0.08982830745
0.09467326769
0.09628468547
0.080400531
0.08769583635
0.07569577424
0.07458734901
0.07400585208
0.08599213746
0.1033552059
0.1016774497
0.09199970321
0.09269979617
0.08832520984
0.09326487407
0.1062203956
0.08830291123
0.08095125849
0.07838300476
0.08402110846
0.08762430977
0.08602616335
0.07894030265
0.08516695072
0.08200345956
0.08229825178
0.09649740493
0.1015232054
0.09318282318
0.09495316323
0.1037199916
0.1008881428
0.09449800887
0.09514250169
0.08882511464
0.08180577007
0.09136447096
0.1004762782
0.1007373348
0.1008623565
0.09774276305
0.09200416822
0.0912810995
0.1035850019
0.09734078797
0.1020775118
0.1047468029
0.1041781065
0.1079823313
0.1048047675
0.09292809769
0.0896187086
0.0954023782
0.08815046033
0.09147550919
0.09138903596
0.09935695669
0.115324031
0.09560997996
0.09297905154
0.09121820885
0.1074115177
0.09860350952
0.08782018586
0.09118724682
0.09501001026
0.1067869509
0.1134071489
0.1044111039
0.1037986249
0.1053452814
0.1001510621
0.08941164215
0.0842809223
0.09130497673
0.1007960588
0.0960387602
0.08947877167
0.08882602077
0.09856645336
0.09720869617
0.08723066812
0.07019921808
0.08192700315
0.06964560296
0.0849699279
0.08476296372
0.0895418086
0.09529940421
0.105922897
0.0960438304
0.0856322696
0.08418846156
0.1026948437
0.1019818524
0.1040491765
0.1021052066
0.1096440956
0.1059014967
0.08370980659
0.08791847332
0.08151414842
0.08017190264
0.09617733006
0.1056308818
0.09409025525
0.08811465742
0.08918493098
0.08537822926
0.08337354494
0.09028100732
0.1027358409
0.09269626228
0.0883257036
0.07824963188
0.0831977095
0.07759360917
0.06620359066
0.07096208607
0.07583567348
0.07816206655
0.09568036121
0.09675736438
0.09060457038
0.08753746949
0.0825211294
0.09068511786
0.0956559566
0.1029146863
0.1141046322
0.1122185673
0.08810403874
0.09732151147
0.08980189642
0.09743385612
0.10040235
0.08549612056
0.08402803754
0.0848330968
0.09661272509
0.1009924142
0.093898073
0.1017150418
0.09583260191
0.09265255387
0.08625813332
0.08218020738
0.08873155863
0.09184685765
0.0836182298
0.08410882917
0.08839031686
0.09321106121
0.1006777214
0.09671809011
0.09531354582
0.09338062137
0.1056363999
0.09349681399
0.09012988763
0.08099060607
0.08635273967
0.0931098352
0.09634099443
0.08856381857
0.08058875788
0.09247957368
0.09501811079
0.09100361399
0.1018570857
0.09201687244
0.08808701129
0.08067386509
0.08616013824
0.07662477301
0.07506851358
0.07839382612
0.09210433837
0.08573114668
0.09310993782
0.08949700155
0.07950357774
0.08777160158
0.07837110343
0.100097412
0.1048638705
0.09733628069
0.07822968221
0.0782657226
0.07551642755
0.08861854033
0.1024304389
0.08838089666
0.08882825188
0.08670889481
0.08447932947
0.09779833872
0.08906245659
0.08956302592
0.08697523782
0.09318807001
0.0979418248
0.07836730686
0.09265793637
0.09548358168
0.09121411179
0.09427462138
0.08631324811
0.09407631668
0.08403016618
0.07753256432
0.08500048079
0.09269402352
0.09964911088
0.09724020298
0.1219105054
0.1041620088
0.09889067007
0.08084729836
0.0840026841
0.09540658091
0.09440572398
0.0940693455
0.1048165686
0.1004474845
0.1036381167
0.08385640868
0.07837202076
0.07552439988
0.08082566212
0.09931877771
0.1057217967
0.09713392275
0.09519693073
0.09932144427
0.08431968515
0.08351781805
0.08550347099
0.08141462051
0.08748759714
0.08827084222
0.08949190817
0.09490621102
0.07922463801
0.08864938102
0.0977456095
0.1043837681
0.1002421096
0.1036282509
0.1011488407
0.09104742677
0.08851490266
0.09007395618
0.07936779268
0.08618048638
0.08245562948
0.08861216128
0.09001527221
0.08955843343
0.084075787
0.0796097647
0.0833330987
0.08144709993
0.1006553755
0.09559484596
0.09949829006
0.08639598037
0.09383975187
0.08758546081
0.09848939849
0.09419059586
0.08175825079
0.09283210064
0.08212162606
0.08649689131
0.08321848839
0.08267827781
0.0832898614
0.09399689967
0.09204141567
0.1063101468
0.1002080879
0.1105535209
0.09591121213
0.08695080297
0.08255308131
0.09847871739
0.08864412731
0.0819802261
0.08197254595
0.0751281614
0.08678119602
0.09698296931
0.09963915636
0.08809286137
0.07575299078
0.08092803362
0.08276143857
0.08346841647
0.08330532226
0.08956083662
0.1011461627
0.1024156735
0.1015695904
0.09196246552
0.09559369469
0.09986772885
0.09091115827
0.09273905734
0.08665020621
0.08713778862
0.07955649846
0.07526247957
0.08310638605
0.08799964212
0.07888937628
0.08505381851
0.1074732513
0.1075727948
0.1052006666
0.0974062033
0.09645081134
0.1063511988
0.07144969771
0.08222954064
0.08985412631
0.08837502838
0.09534007989
0.1004497318
0.09426795845
0.09180337149
0.0723297543
0.07617800401
0.08179745222
0.08019375257
0.09158803656
0.1034368707
0.08805071931
0.09146001954
0.0906646707
0.08131940948
0.08760080985
0.08566930566
0.0833371518
0.0957909344
0.104057793
0.097120369
0.08362383226
0.07443626516
0.0805850901
0.07633501789
0.0807899114
0.09528955532
0.08432428026
0.08509469739
0.0917159122
0.09106876981
0.100867924
0.09520884851
0.09330568479
0.09178589289
0.08702796112
0.08041321851
0.09205601282
0.09538604195
0.09465409114
0.1003769869
0.09724257193
0.08239654782
0.0826338999
0.09041446583
0.0915305512
0.09356155618
0.09552557971
0.09069986562
0.09337505599
0.08478101219
0.08023355886
0.08121280915
0.08686482567
0.09840514687
0.1055929574
0.09355250837
0.0948541789
0.09442735362
0.09240097663
0.1026520081
0.09786719398
0.1098577962
0.1168357109
0.1115227126
0.1081046419
0.09672407371
0.09214475105
0.08431232083
0.0851329442
0.1013576766
0.1015101997
0.1029131259
0.102109848
0.0875963103
0.09500784589
0.0999184072
0.09629069574
0.1091526038
0.09529521413
0.07261973091
0.0714414171
0.06917300022
0.07403653389
0.0858203655
0.0954453116
0.1052905368
0.101172747
0.1028670272
0.1055422908
0.09641730142
0.08024230358
0.08545824784
0.0956817764
0.110545852
0.1019634018
0.1029775452
0.1058676622
0.08428712394
0.0765072567
0.08095849298
0.08743747113
0.09061391269
0.09160334709
0.09081324892
0.1033220186
0.1065037421
0.09900906607
0.0904839009
0.09584204164
0.1022638488
0.1118210414
0.1033638431
0.09515602664
0.07953911493
0.07815954687
0.08672786566
0.07529518628
0.09070934912
0.09000520045
0.09522794845
0.08899493812
0.09688295459
0.08604450498
0.07721722289
0.08728833051
0.08760783747
0.08157013155
0.08199954104
0.07947619573
0.09547582554
0.1016100495
0.1157081519
0.1037863026
0.09870668108
0.08863480786
0.08105035943
0.09220556841
0.09910853812
0.1042465994
0.09101879
0.09273241214
0.09125603968
0.08099500884
0.09380678763
0.09001984886
0.08073506676
0.08447271025
0.1091354602
0.1186509804
0.1115653175
0.08676017126
0.07399626608
0.07615587806
0.08251238729
0.09845824025
0.1006559153
0.09057006976
0.08676322889
0.08107771268
0.08820502862
0.09487935474
0.09444413602
0.1018089006
0.08937649375
0.09087525654
0.1104789607
0.1102204391
0.09870668832
0.08822674722
0.09086428972
0.09283290672
0.1050162241
0.1078961798
0.0973427328
0.08369392817
0.09143578122
0.08950939192
0.08102487507
0.08839918434
0.09855220448
0.1019751221
0.09093190974
0.08670235193
0.09650745112
0.08640267869
0.08900596533
0.1023626647
0.1002640198
0.1052302349
0.09026189749
0.1017390009
0.1177525556
0.1108413148
0.1072228106
0.08457757514
0.08221364558
0.1157100664
0.1104181315
0.1075680805
0.09608883834
0.09085053226
0.08297963918
0.09145340119
0.09184313478
0.1203201777
0.1232089078
0.09663894757
0.09672052964
0.09607206083
0.1050697507
0.1065093553
0.08924817267
0.08260613279
0.08632267392
0.09372915145
0.110025627
0.09341073982
0.09238147274
0.07215798526
0.07050769811
0.07603808025
0.09423973049
0.1125346787
0.1143607069
0.09758986803
0.1037414772
0.1170031408
0.1145520871
0.1081718272
0.1039792304
0.09860949164
0.1017427941
0.09966876908
0.1046590677
0.09971776583
0.09494703399
0.07988663702
0.08252133063
0.09370989546
0.1010774733
0.1054203866
0.1015407973
0.1038627054
0.09677237976
0.1005869473
0.103765573
0.09670071741
0.1148124365
0.1225791052
0.1135790648
0.1084186421
0.09899861333
0.09715823535
0.0776528947
0.07575570424
0.07645592193
0.1055843683
0.09249833295
0.08820292121
0.07983086188
0.08475701257
0.08913422585
0.08926085169
0.08891616191
0.09515982905
0.1048017172
0.104740336
0.09451044998
0.09403060373
0.08300299831
0.08890542402
0.08470094442
0.09444828285
0.1168179479
0.1204179364
0.1083826634
0.09896128304
0.09340719295
0.09614337667
0.09788210127
0.1025607606
0.08811211981
0.08058439058
0.08576290759
0.09097551742
0.08243554198
0.09176524876
0.1028643531
0.1060299175
0.1005682287
0.09730108624
0.08992599507
0.09947728299
0.0899047928
0.09831189385
0.09792639828
0.1064705202
0.1094700817
0.1002094594
0.09759099702
0.08350961856
0.0883645028
0.08416375103
0.09333699016
0.08761847148
0.1020336852
0.107799293
0.101101734
0.09975975665
0.1116009341
0.09700524648
0.07772376783
0.08734956635
0.0918558529
0.09478682619
0.09606744907
0.09818760633
0.1032886704
0.09448570356
0.1019412962
0.09689574376
0.09019623604
0.08592080771
0.07775473693
0.0923188512
0.09149540969
0.09239879537
0.09006244661
0.0928238111
0.07691607286
0.1026939727
0.1004515024
0.0846180589
0.08720373866
0.08106739251
0.08945719667
0.09352275842
0.0906801964
0.08314297033
0.07370904355
0.07387538883
0.08085929428
0.1006650344
0.1062842086
0.09937014503
0.09290770976
0.09652459942
0.09028715862
0.0927617694
0.1084554785
0.1067077718
0.1110919391
0.09050917252
0.09110129305
0.09053771675
0.0954819082
0.08850131318
0.08646860619
0.09019149831
0.08785226611
0.1161372491
0.1245402412
0.1031235195
0.1088782317
0.1117650771
0.1101145108
0.1007258839
0.08905224008
0.07286691378
0.07505873569
0.08453274389
0.09735499686
0.1116555762
0.121613576
0.1220828225
0.10744432
0.1001978327
0.102907072
0.1087579156
0.116556133
0.1150808231
0.1120432708
0.1104724883
0.09719761485
0.08333860728
0.08729893712
0.08667913657
0.09620423708
0.09859885422
0.08714457453
0.08950135926
0.09125298381
0.08969866207
0.08367186173
0.07677308473
0.0962377551
0.1024118218
0.09889571968
0.1036073263
0.09208526283
0.07332074528
0.08071233631
0.07826729001
0.0920726511
0.08766829688
0.08316308306
0.094506081
0.08150783227
0.07331536059
0.0909154278
0.08604960591
0.0874614909
0.0792942791
0.0921160548
0.1068798298
0.1000467864
0.08409520977
0.08609429643
0.09370563593
0.107207736
0.1007046567
0.1063238571
0.1090510994
0.0969902941
0.09343521914
0.1105535469
0.09122517187
0.1031159688
0.1014247113
0.09891143489
0.0923841332
0.08773437301
0.09199564745
0.0976175684
0.08618900683
0.07822568507
0.08487990854
0.07996319703
0.0827341741
0.09752817378
0.1065851859
0.1062584786
0.1126098791
0.1084585801
0.09369431187
0.09444743531
0.09662826542
0.09455514338
0.0965238547
0.08752563672
0.08846932523
0.1031696519
0.1098594387
0.09939502536
0.09860352602
0.08779960881
0.08280594553
0.0841157977
0.07129289554
0.07362184569
0.07985672012
0.08767305225
0.08044476195
0.09047432362
0.1031798011
0.1149975055
0.1260800945
0.1079704958
0.09187311339
0.09744835088
0.1030639627
0.09126123119
0.09199780813
0.100251136
0.1060939547
0.09676325626
0.08248867566
0.08221486147
0.09340127021
0.103459912
0.09618468936
0.09612395495
0.09854899285
0.08667912887
0.09213852633
0.08360104073
0.07065940003
0.08233975244
0.09085459351
0.1008857506
0.09550427727
0.1007628727
0.09086766141
0.07869439339
0.07896518395
0.07321871854
0.09519662771
0.09863417561
0.1013929894
0.09614653324
0.1065048678
0.09907701975
0.09976922844
0.102965337
0.1004380392
0.09922396925
0.1034104713
0.1105815759
0.09754122753
0.1057620316
0.0937737946
0.08824642593
0.1024155463
0.1020331202
0.1095184522
0.1038898355
0.09358556078
0.1050867647
0.08974363195
0.08427294381
0.0945414378
0.09629450049
0.1052631247
0.09048616971
0.07986056105
0.09730007217
0.09319019629
0.08094077555
0.09294317983
0.1031486587
0.1093051164
0.09678367631
0.09902411686
0.0933738312
0.09049247396
0.09333759813
0.1013929439
0.09075948902
0.08917206328
0.08577193613
0.08496539659
0.07624605283
0.0872592834
0.09405780461
0.1124031108
0.1044400972
0.1124403676
0.1122166961
0.08562839693
0.07200074757
0.06613746136
0.07852809953
0.0825703972
0.0838259108
0.0865606127
0.095788476
0.08502804949
0.08206688962
0.08385219581
0.09728034296
0.1059400152
0.1014922493
0.09184566655
0.09220192386
0.07555085771
0.07739209539
0.0762986478
0.08183871835
0.08481194836
0.1028833516
0.1123623839
0.1154297227
0.08996332797
0.08368481432
0.07432731274
0.08664164274
0.07856814713
0.09470112734
0.09255527825
0.09907666476
0.08635308978
0.09302670238
0.09320876631
0.09044062252
0.08926992555
0.08396489592
0.09577698205
0.09829572793
0.1054679648
0.1092933405
0.1204221225
0.1184817912
0.1056800264
0.09288380257
0.08501794741
0.07897551652
0.08844068189
0.09153000019
0.07987704983
0.08921124452
0.09617185017
0.09633855334
0.1115721245
0.1148536623
0.1205278376
0.1217965952
0.1227866743
0.1021051294
0.1061631059
0.1123410743
0.09957550032
0.1188665379
0.107776118
0.1172431776
0.1039811351
0.08317906776
0.1015626699
0.100822321
0.1066630741
0.1080298812
0.112183602
0.1044469541
0.09368155771
0.1017935268
0.1046571969
0.1005794106
0.0928652476
0.1003495447
0.09567404435
0.1010155433
0.09048346489
0.08865432565
0.09561628794
0.09485698792
0.1149033843
0.1178494908
0.1044386252
0.09513208443
0.09131602761
0.08818106797
0.08188774801
0.07455951928
0.08472539292
0.0890616364
0.08454706362
0.08681682571
0.09310208396
0.092210745
0.08347674423
0.07734265569
0.08702438598
0.08284452746
0.08511171286
0.09207390667
0.1042992939
0.1004426723
0.06894591749
0.0866575221
0.09394009396
0.08710722971
0.08284343866
0.08293983885
0.08335057942
0.09005462904
0.08964040501
0.08001556479
0.07598914134
0.08583029407
0.0978720306
0.08851985181
0.08732633387
0.09605642015
0.09602811711
0.08797409612
0.07273114336
0.06903344546
0.107502114
0.1090152286
0.09775385573
0.1119399392
0.08569559424
0.07742930093
0.07794971175
0.07356328678
0.08914509421
0.09444098565
0.1134452516
0.1299159818
0.1285028389
0.1099092115
0.1111598292
0.1055056893
0.1073044499
0.09443127773
0.09330942837
0.1037977495
0.1279343665
0.1269587803
0.1220826664
0.1144974785
0.1182242694
0.108619931
0.09286414864
0.09723989524
0.0857738617
0.09616969156
0.09475270551
0.07774040653
0.09359804386
0.1035703656
0.1197168243
0.1037442896
0.1054416506
0.1064099008
0.1243036255
0.1267565597
0.08198295183
0.08759637552
0.08606611696
0.09295908382
0.08880112548
0.09163731749
0.09698100102
0.08333453948
0.08799084119
0.08932564453
0.09246395053
0.09529608159
0.09637516581
0.08752880869
0.08239381732
0.08750087014
0.09550060201
0.09285577442
0.08829316004
0.07722358034
0.1066193368
0.1064193406
0.1011209475
0.09961781394
0.1037146432
0.1062344911
0.08124957243
0.1059885348
0.1204575439
0.1022659264
0.09447729008
0.1029205129
0.1026956551
0.1110442277
0.1024065069
0.1045705122
0.0964022422
0.08786498817
0.09894285563
0.110555348
0.09410265408
0.07692418435
0.07646335576
0.08190838807
0.07596114236
0.07028276201
0.08510111835
0.09189901692
0.1023917594
0.09269135025
0.107284544
0.1009993706
0.08002244315
0.09493385224
0.1081935992
0.1027275015
0.08641280245
0.08577057891
0.0707924613
0.07985974073
0.08897016897
0.09180044993
0.07853862393
0.07464225161
0.06686978909
0.09139620659
0.0934425385
0.1027141105
0.09842416481
0.0989618353
0.0997318897
0.09184714818
0.09197001569
0.101157925
0.09627634598
0.0860843424
0.09038657398
0.09689327075
0.1007837904
0.1081659668
0.09435033931
0.09289307194
0.08507825314
0.09017210178
0.09209253176
0.08911514806
0.09717047794
0.09459892374
0.09780481808
0.07856079165
0.08178605513
0.07862698108
0.08624266888
0.0889966842
0.09971541345
0.096415713
0.09372788958
0.08591566018
0.1046191316
0.09713087147
0.1046153588
0.1102142433
0.1128239466
0.1125418108
0.1051918009
0.1022915409
0.1084401189
0.1059088301
0.1091809177
0.08547633801
0.07752912915
0.09247887074
0.09858360931
0.09888136641
0.09716441406
0.09817970827
0.09815548829
0.1067159708
0.0879558976
0.08924922986
0.09878404981
0.1039344358
0.09074505972
0.09381367949
0.0837458728
0.09788352196
0.08281169975
0.08100831421
0.09087317071
0.08600211632
0.08922747428
0.09351854551
0.09882797996
0.1037654779
0.1057116116
0.09368262908
0.09109591591
0.08328434471
0.09083885591
0.08293120391
0.08123763922
0.09697630121
0.1016696006
0.09579091111
0.1048522327
0.1052253815
0.1134578861
0.1085206293
0.09360706241
0.086316535
0.07982272986
0.08620890844
0.09479576822
0.09872991255
0.09169687485
0.0995339073
0.1135654691
0.0929623911
0.07346498325
0.07242466605
0.08578128138
0.07304212579
0.08153874976
0.08785964482
0.100841981
0.1024176891
0.09186509546
0.09633618332
0.0955343025
0.09465674616
0.0946258592
0.09246469713
0.08840872617
0.09364870083
0.08031466919
0.07217858624
0.07732437311
0.08068943887
0.08937672871
0.09022706958
0.08443830429
0.07611463611
0.08042003774
0.07632287995
0.09356426891
0.08985932938
0.09626763904
0.08864018913
0.08683746315
0.08386599996
0.0848547668
0.08545475938
0.08902185382
0.09254061628
0.1107391478
0.1159856541
0.1103338754
0.1144674858
0.1091452309
0.09160218136
0.1042044947
0.09878475247
0.1073075651
0.09918735483
0.09633856269
0.1053647303
0.1122300913
0.09486847554
0.09925640196
0.1025775369
0.09205990631
0.1023574459
0.1044230864
0.09127477968
0.09821770975
0.1015365465
0.1052291109
0.1057528945
0.1111056054
0.1275236449
0.09170192033
0.1011209639
0.1008538433
0.1028439088
0.09493171859
0.1002210967
0.1075086976
0.09951104052
0.09570660028
0.0928781316
0.09413266207
0.08312278956
0.08963164103
0.1065778339
0.09684324913
0.09597174394
0.08484500094
0.08803193213
0.09687346008
0.09330108997
0.09803708002
0.08782148381
0.09539199099
0.09638465489
0.09841387453
0.1023527691
0.09340872808
0.09572513272
0.09033370643
0.08577203739
0.07635714311
0.07796121192
0.07965064889
0.09206934734
0.09399402994
0.09373362395
0.0868343308
0.1043260077
0.09018771566
0.08089299523
0.1088484143
0.1022353937
0.08794348131
0.07680877711
0.07839660096
0.08388852379
0.08165801136
0.0883201913
0.08336818829
0.09150380136
0.08920287432
0.09238091977
0.090021927
0.1019076669
0.1023644592
0.1115660015
0.1183479627
0.1127470102
0.1159909021
0.1051211019
0.09211566494
0.07399258081
0.07809207659
0.07844379078
0.08192738532
0.08582605057
0.1061442671
0.1153878444
0.1136451415
0.1015727528
0.1061544566
0.1113552645
0.0896092091
0.0943315389
0.1024919094
0.1117684389
0.09843274008
0.1024068383
0.09267874337
0.09003187355
0.1067320601
0.1005989866
0.09529850953
0.09327165153
0.08514726422
0.08047923226
0.09070473472
0.1034807247
0.1042884733
0.08932885662
0.09659205361
0.09014039778
0.09093828895
0.08837797413
0.08751365209
0.09657111246
0.115641943
0.1045249748
0.1031514239
0.1110817134
0.08747811392
0.07693562885
0.07200149716
0.07837137443
0.1099349959
0.1234017472
0.1304274607
0.1090029318
0.1096273186
0.1075825406
0.1005382464
0.09806813782
0.1028900473
0.1156081135
0.1114383049
0.09693481248
0.1027071136
0.1080821208
0.09900054884
0.09106968384
0.08216020828
0.08812581443
0.09152818346
0.09744174425
0.08708753407
0.09553037585
0.106242126
0.1234757875
0.1074373501
0.1112578573
0.09735157318
0.09912828034
0.09681455505
0.07635481381
0.09001695147
0.09737932207
0.09778464778
0.09548338382
0.09273184648
0.07814045708
0.08400423203
0.08512223245
0.09564083846
0.08462364161
0.07704682431
0.08333173599
0.08153743273
0.08928800717
0.0956858368
0.09433298853
0.09349191872
0.09245836554
0.09190905176
0.1074085706
0.1056047185
0.1079240327
0.1003957695
0.08365855852
0.08785184757
0.09459286724
0.07693167022
0.08922552007
0.09215168681
0.1150616306
0.1121169496
0.1061190555
0.09297875277
0.07932410581
0.09651252412
0.0889981345
0.09349634458
0.1026613891
0.1204682798
0.1004430908
0.09783979136
0.09161832445
0.08221449804
0.08463237319
0.07561218042
0.07497873785
0.07928316288
0.07539835843
0.0914768798
0.08852983371
0.08724781183
0.09766052638
0.1052093451
0.1097124227
0.101481013
0.1050438188
0.09899740496
0.08426704554
0.08028731787
0.09039724356
0.09629307626
0.1023418848
0.09588468833
0.08843850252
0.087153798
0.07757634226
0.103514033
0.1125175137
0.1065551299
0.09750884248
0.09392284955
0.08854753003
0.08660642774
0.08481118959
0.09900818806
0.09804963006
0.109727536
0.09848545222
0.09605838185
0.09736106568
0.08311385516
0.1065045796
0.1101039802
0.09939096065
0.09000113512
0.09071276175
0.08988366399
0.09128354192
0.08828964437
0.09036048157
0.0937334397
0.09674161162
0.09007802389
0.08518572053
0.08188733467
0.09336448939
0.09656399867
0.09523093751
0.09083810101
0.09651293112
0.1175338878
0.117210002
0.09658982077
0.0919139784
0.09471793861
0.09735361858
0.1152081863
0.1052458578
0.0947314104
0.09154977062
0.08711002414
0.08510581641
0.08927233699
0.09898731654
0.09269998562
0.1004071397
0.09362075073
0.09477770735
0.1001716948
0.09719707274
0.09698209173
0.08344205579
0.100318353
0.109882061
0.1159746776
0.1108821162
0.08681274097
0.09873059742
0.09858479891
0.08225569891
0.08446993496
0.08720927076
0.09900013591
0.09519734235
0.09927023366
0.09558065848
0.09400742607
0.1013557415
0.09433557636
0.07509448546
0.07922476248
0.07973666628
0.07929527644
0.06743884987
0.0684462921
0.07525019765
0.1142175867
0.1104793286
0.09103739559
0.08929962435
0.07481431792
0.08088013222
0.08481689305
0.09152839066
0.1022482234
0.09926557828
0.08932226319
0.08267803302
0.08515736366
0.09126164326
0.07934027361
0.0805847186
0.07525703672
0.0798212992
0.1089098529
0.1088258205
0.1123199876
0.09922552136
0.08483768104
0.09300751352
0.08131864938
0.07899875882
0.08972530007
0.09847786391
0.08055206239
0.09287777105
0.1044775098
0.09190335299
0.08863181534
0.08583247089
0.1039378707
0.09218646785
0.1078937287
0.1044668683
0.08493700991
0.1028236435
0.0858504876
0.08906072056
0.1020330315
0.09867027287
0.1064412467
0.1102557526
0.1352695434
0.117894051
0.09835317741
0.08752437498
0.0854658119
0.1051737203
0.08691939884
0.07853476174
0.0799014959
0.09152576023
0.09530116811
0.1055937371
0.1151933454
0.09758886917
0.09086257937
0.08180329837
0.09323739598
0.09598313794
0.1008312756
0.1047838312
0.1010475293
0.1130058372
0.1101729441
0.1138677205
0.1220655619
0.119041375
0.1181858482
0.1104420525
0.08198435327
0.09338233804
0.09416937779
0.08857799242
0.0886312238
0.09609706798
0.1104608044
0.1083930426
0.09896845964
0.08968097425
0.07997312146
0.08257109627
0.07482188696
0.0670503068
0.07849195475
0.09739043521
0.08829951958
0.09074069398
0.08565755069
0.08248643265
0.1055901814
0.09554376532
0.09032024446
0.08537523861
0.1089088981
0.1145624697
0.07483969759
0.08570557307
0.08813477693
0.09458440049
0.104136689
0.09849505391
0.08885061252
0.07894669935
0.07175937653
0.06878253541
0.07150832143
0.08063054874
0.08815780766
0.1000117265
0.08893854444
0.08893057852
0.09705869343
0.09813157279
0.09098730578
0.08130186376
0.09771775503
0.09809702432
0.09194717654
0.09889449034
0.09519441879
0.0882087399
0.07049788763
0.07063764619
0.07664990711
0.08996879477
0.09764347046
0.09409569574
0.1057364718
0.09833845775
0.09482175423
0.09325451159
0.08775176471
0.1020850057
0.1055654916
0.1035429842
0.09216201954
0.08475967574
0.09255027346
0.07611443921
0.0861834256
0.0834800443
0.08525936087
0.08347918349
0.09427317716
0.08998939314
0.1061669006
0.1071883725
0.09802661508
0.08273348919
0.07728124886
0.0813728097
0.08215471644
0.08447130817
0.1018218918
0.1057843055
0.1210791742
0.1041510311
0.08673594264
0.09094463045
0.0972395415
0.1017331318
0.09279848579
0.1007780668
0.1001846457
0.0891828945
0.08686889439
0.09635405431
0.09511810224
0.1110755291
0.08564592506
0.07809546202
0.07696691442
0.07993619682
0.08425838753
0.1056770447
0.1114197458
0.1069574962
0.1000690097
0.1008491778
0.1177958793
0.1120063105
0.1117623345
0.1130829547
0.08858377653
0.09031802334
0.0847417369
0.082526585
0.08517854929
0.08832636263
0.08940294239
0.09732103238
0.09527983898
0.09165077636
0.101766901
0.1047467358
0.109745816
0.1089144854
0.1038564571
0.09800910194
0.1037816686
0.1138291103
0.1080972316
0.09178406779
0.1058378724
0.09089402847
0.1003549983
0.08885154529
0.08566433268
0.08334221234
0.07499307605
0.08794176909
0.08759936186
0.09597950656
0.1074269225
0.1109143733
0.09622329027
0.07288197427
0.07890832665
0.08217476985
0.08924767273
0.08713213845
0.08277743215
0.08774439826
0.09102479524
0.08858501145
0.09677648245
0.0893271576
0.08867366312
0.08178202921
0.0769205431
0.08397981707
0.1056347888
0.1178765161
0.1154817429
0.1067018932
0.09593436624
0.0887991215
0.09555427756
0.09576398874
0.08084884872
0.09395339338
0.09987194579
0.1032209939
0.09170462469
0.08482027324
0.09208539097
0.1043192952
0.1022009739
0.1027916229
0.09350874527
0.08378656846
0.08859158167
0.1029869933
0.1047231167
0.1030824442
0.08632798166
0.09470933774
0.1059947509
0.1135151583
0.09953834708
0.0821550377
0.07318212752
0.08459886478
0.1078523745
0.1051625239
0.08691067636
0.08113289414
0.08678714738
0.09988385176
0.09787780476
0.1150061786
0.1155467954
0.1171428013
0.1061918527
0.09188141765
0.1003972372
0.09717060083
0.08935670058
0.08674794243
0.0979574443
0.09506144891
0.09565784102
0.09242187256
0.09217747766
0.08004337401
0.08294910339
0.09120332239
0.09362171795
0.1037612646
0.09354536434
0.0950336312
0.08165178309
0.08373568824
0.09746958157
0.1051533711
0.07478353715
0.08678388791
0.09287563906
0.1099288612
0.1121159455
0.1125203
0.09642559084
0.08713287125
0.07348848276
0.07586265087
0.08423193875
0.09038201171
0.09394224821
0.09701276284
0.09497160129
0.09467820363
0.09593446143
0.07597700541
0.06150973076
0.07119721536
0.07912065144
0.07396636544
0.09687747997
0.109490282
0.1065328718
0.1074404695
0.105946054
0.09399181565
0.08423435141
0.0824043496
0.08300861274
0.0902892788
0.09901972783
0.08808383853
0.09299552272
0.08090787626
0.08705630257
0.09075484162
0.09538894898
0.09084661516
0.1021749132
0.1049127699
0.1081925869
0.09986743375
0.1005615181
0.1013603837
0.0866954564
0.09269682533
0.1066282796
0.1021240815
0.1002580554
0.09261073696
0.09533347905
0.09653118056
0.07672098279
0.08788520704
0.08731106442
0.09964827392
0.09498911226
0.0876621927
0.07764001439
0.08235909977
0.08672756198
0.1113142818
0.117027352
0.1187077467
0.1094224792
0.09179316596
0.09498744256
0.0931367558
0.08773138665
0.07503681821
0.08077608619
0.104139827
0.1178298776
0.09284471539
0.07294193925
0.07122037163
0.07798165485
0.09046996746
0.1159779728
0.1095995102
0.1002870709
0.09035696128
0.08047539013
0.07935974676
0.09480077193
0.1035837164
0.1114023783
0.09817108422
0.08407658012
0.08600883298
0.08815176324
0.08813424462
0.08926463428
0.09422901267
0.09879514705
0.09679283975
0.09342015163
0.1006212618
0.08526293517
0.09253703002
0.09086220949
0.07931099158
0.08260080009
0.08843695941
0.1020065692
0.09327735817
0.101992208
0.115036636
0.1062225682
0.09565644998
0.08369409482
0.07894697531
0.07786924974
0.08072506341
0.09702686211
0.09990959022
0.09344840732
0.08278055714
0.07480742732
0.07461632397
0.09528277502
0.08460431343
0.07838756596
0.08118121026
0.09063955208
0.1003083752
0.08957023085
0.07965602033
0.09021928653
0.1008184442
0.1096130078
0.09857605606
0.09439675422
0.09002111628
0.09050927163
0.08426303841
0.08129327611
0.08145672082
0.09229786982
0.08714208352
0.09040866599
0.09466446612
0.08728882277
0.07598394139
0.06392342921
0.08378659273
0.09686770996
0.1031820737
0.1009523226
0.09995962939
0.09953220017
0.09596794734
0.0917512834
0.08455599336
0.09790692176
0.09400599289
0.08684222514
0.07457446023
0.08354368223
0.1122664522
0.1011379281
0.08727266301
0.08007506454
0.07566530918
0.08490176938
0.08826337577
0.09229666876
0.1021333221
0.09618925139
0.08537386775
0.07608020581
0.08753026563
0.1023853548
0.09721292248
0.08702810913
0.0859655791
0.08311983906
0.0918251819
0.09420661595
0.1085390577
0.1137111754
0.112552714
0.1033720168
0.09612751212
0.09838161717
0.1130746049
0.1069530649
0.07511536533
0.08537019859
0.08887692713
0.09290669465
0.07395286881
0.07816219931
0.07571404079
0.07538582622
0.07602981388
0.08063178575
0.07880861756
0.0928526366
0.09885350965
0.1018534947
0.1075058533
0.1047398332
0.09780604191
0.08781287978
0.08505521638
0.08639210315
0.1057833118
0.09123616772
0.08840958678
0.08627355907
0.08424458271
0.09422798791
0.1060083419
0.1097154488
0.09704686475
0.0972476169
0.0904773866
0.09455061356
0.08883272703
0.09543822191
0.1073919609
0.09177449452
0.07250610273
0.08730451031
0.103942887
0.09488136032
0.08859370224
0.1019952516
0.1033861964
0.09085321506
0.07914508697
0.07165518025
0.0757328007
0.0927938456
0.1050381147
0.1037456031
0.09801168534
0.07000768594
0.07814335737
0.09863544897
0.1032152021
0.1017839122
0.09910457221
0.08576712532
0.08545203058
0.1021908338
0.1164812176
0.1129542905
0.1133743993
0.1022505628
0.1000184336
0.08800854862
0.09314890501
0.08870057406
0.08044650403
0.07717938166
0.07237662653
0.08707621413
0.09948603757
0.1002702362
0.09373473923
0.08360608076
0.08574646455
0.08715673707
0.08282589311
0.07664389226
0.08871931513
0.09242360741
0.09626049685
0.1064585744
0.1102425718
0.1201435962
0.1112725629
0.1058393269
0.08574076011
0.09126828688
0.08110633356
0.08811787216
0.0825685937
0.08555083468
0.09210008632
0.08669376543
0.07934235139
0.08985991252
0.08641513015
0.09483532889
0.09737853566
0.09717261348
0.1145573385
0.1242415311
0.09777407914
0.09785491129
0.1057319569
0.1132690223
0.112886668
0.1056392324
0.09489223881
0.1035714741
0.09857168584
0.09347551675
0.08905325708
0.0861934133
0.07530589999
0.07131643295
0.07118145883
0.08587105754
0.08259643815
0.08914842069
0.07934061506
0.09075190267
0.09658562963
0.1160030735
0.1112755108
0.09662633277
0.08982972299
0.0927303745
0.1031874844
0.08908709038
0.1015145692
0.09887009465
0.08407631656
0.0754486743
0.08780761582
0.07959898577
0.09310092003
0.107634246
0.102869931
0.09034988283
0.09788559062
0.08425280875
0.08909423061
0.09518222694
0.1043854204
0.1073617415
0.1180789529
0.1005478036
0.09594674609
0.09020359647
0.09812850263
0.0952881801
0.09121548649
0.1005732012
0.09730829862
0.1019281597
0.102168913
0.1110915855
0.1143964901
0.09771619738
0.09323148628
0.09210007736
0.0857563941
0.09225769773
0.09313457797
0.08132376237
0.09149063185
0.1006205299
0.09195764491
0.09145037549
0.08769712685
0.07784121913
0.07578516297
0.08163331463
0.09212377681
0.1009011458
0.1098959527
0.09963011927
0.09557035209
0.09231521328
0.1043450067
0.08671698446
0.08322598179
0.0871711779
0.08975098466
0.09227478811
0.08546569386
0.07562383828
0.09055962153
0.08072699994
0.09843974461
0.09022058221
0.08181575319
0.08557993674
0.09058228628
0.09272788741
0.08718544732
0.08252169731
0.09053585029
0.0954807717
0.0999826627
0.09648649964
0.09269108581
0.09574382163
0.07638986534
0.0931517794
0.0913347746
0.08830315084
0.08227493091
0.1142031668
0.09588535256
0.07780361814
0.08088995791
0.07374461268
0.07040319163
0.07300948277
0.08574306571
0.08804766703
0.08993789665
0.09088213028
0.09543128454
0.1042139821
0.1252957961
0.1029343117
0.1018974558
0.09802148214
0.1084660176
0.09898103798
0.1035076586
0.06488939797
0.0704157851
0.08949007333
0.09630269803
0.1091891914
0.1152562454
0.1041232996
0.09152090082
0.08074703442
0.06370005645
0.08127722154
0.0871923247
0.09726400535
0.09217017095
0.09603888332
0.0930092669
0.09019649868
0.08450614921
0.0852357802
0.07802891004
0.1026342134
0.1038298951
0.09510597374
0.1077872779
0.1147919683
0.1060662943
0.11428857
0.1059643906
0.09866355478
0.1083614225
0.108633734
0.1028894842
0.0861352237
0.08132144608
0.07957878637
0.09045138796
0.07611121054
0.07316895373
0.07247020143
0.08677158312
0.08618462847
0.08333952612
0.07864580059
0.07121058999
0.07219867621
0.08818246562
0.09099058039
0.08718234047
0.08066932417
0.07566922559
0.08600860782
0.07371747963
0.08029713125
0.07945774575
0.07244435172
0.07331153053
0.06632376374
0.07353597036
0.08949289465
0.08987617058
0.08148597342
0.07858522133
0.07845675137
0.08501351256
0.08469510643
0.08576498901
0.08172325419
0.09700727605
0.09288909784
0.09618038596
0.09279355292
0.09512616791
0.0953527053
0.09221928333
0.09537491754
0.0965295579
0.09694155905
0.1010065699
0.08681568752
0.07824004685
0.08961416323
0.08365233643
0.06233114005
0.06592923991
0.08247679291
0.103058442
0.1077552495
0.08500250763
0.09108595982
0.08949521106
0.08750839557
0.0792523777
0.07281855453
0.08082486512
0.07780234966
0.08680648098
0.09197772066
0.09287841804
0.09684557765
0.1012374286
0.09061907436
0.1035369071
0.1014310459
0.1041368328
0.09952995926
0.1000760277
0.09880554556
0.08848844509
0.08858902178
0.08524452452
0.08459857788
0.09089414257
0.09459148122
0.1010315892
0.08324277876
0.08225510446
0.07421649291
0.0693747554
0.07744980867
0.08644506711
0.106923073
0.09684496849
0.07854689391
0.06738612392
0.08036969538
0.08402520023
0.0869705246
0.09752077218
0.09695836138
0.1008153091
0.08966089891
0.08523607142
0.1061846102
0.1056766626
0.1167387311
0.1138520361
0.1006363001
0.08803620132
0.09718329743
0.1084585183
0.1110977066
0.1013801218
0.1063925748
0.09911145972
0.1120536534
0.1003896343
0.1054565475
0.1072890348
0.1178053067
0.1022649374
0.08785104034
0.08798255885
0.09536188816
0.09410341143
0.09706603638
0.1030563501
0.09837165318
0.08801252906
0.08864005451
0.0953086678
0.09217795645
0.09442201886
0.08082652489
0.08346069326
0.08030340281
0.09140920175
0.08910514135
0.09414383905
0.09015153699
0.08811744139
0.09379309901
0.1047490548
0.09067666027
0.1066829841
0.09984471776
0.08720341969
0.08679235111
0.09456908635
0.09653383549
0.09858000348
0.1024740189
0.1054190182
0.09507060715
0.0836942083
0.09988049138
0.1057088173
0.1137329144
0.1150745132
0.1183804052
0.1046448002
0.09917634248
0.1064693397
0.109970577
0.1140245206
0.09527601461
0.08721407194
0.08713564774
0.1034133847
0.1100731957
0.1026491984
0.08376124633
0.09452370339
0.1079308591
0.1110156673
0.1007137943
0.09800154682
0.09656010024
0.08890485069
0.08554528508
0.09715418709
0.1033988209
0.0981754899
0.08515175505
0.08574880352
0.08121659777
0.09291191952
0.1037450937
0.09523207823
0.08492950457
0.07462851413
0.09952492563
0.09368433514
0.08916401057
0.1006350111
0.101406634
0.1169344096
0.1177319226
0.1114259751
0.09443698875
0.08204319211
0.09433477848
0.09213441974
0.1050429389
0.09706850979
0.1032974743
0.1074706775
0.09942991808
0.1150819384
0.1243718089
0.1270882114
0.1220913167
0.1187726779
0.1047815072
0.09026231569
0.0771346962
0.07623242309
0.08620585125
0.0972811486
0.1100934547
0.1031533821
0.105442841
0.09129380253
0.09976934981
0.1039148956
0.1051941952
0.1176327542
0.1071506496
0.09613803128
0.08457596142
0.09544997547
0.08255170443
0.08288497644
0.08802234059
0.09808104497
0.1078283847
0.1055080788
0.09125350532
0.07961558347
0.07709308671
0.09346921365
0.09684148183
0.105511164
0.1030337073
0.09365166535
0.09192271163
0.09397550443
0.08684406831
0.08272033519
0.07706966073
0.07717270982
0.09182306555
0.09318994419
0.1138689112
0.1175158065
0.1025028334
0.1040800788
0.1033238352
0.1090512854
0.1049963708
0.1061603905
0.1029697173
0.1019919829
0.09160443261
0.08935960143
0.07382047638
0.09533969801
0.09996835589
0.1045806886
0.1052789527
0.09553424402
0.09446907884
0.1102908016
0.09457706174
0.09342718288
0.08888197797
0.08446473269
0.08609363165
0.08648440835
0.1080065202
0.0949310655
0.08314890031
0.07906651266
0.08781367753
0.1011786325
0.1027601445
0.08901078956
0.09266463409
0.09663418683
0.07853441837
0.08850980612
0.1035004975
0.08104472125
0.08154429265
0.07323530206
0.07386078854
0.08117650925
0.0812017663
0.08694341587
0.08627537558
0.09217716689
0.08982258078
0.09122721253
0.07227929285
0.07094546173
0.08129200595
0.0986979579
0.1030800156
0.1051469009
0.1154172826
0.1184207302
0.09775508135
0.1002801959
0.09404665023
0.09838402998
0.1062238727
0.1012723732
0.09124935331
0.09271691009
0.09642783123
0.09578197735
0.0888436435
0.06637912836
0.08097705402
0.07845788979
0.07785757617
0.07200223516
0.07931195209
0.0862156914
0.1042462053
0.0928923406
0.08735992155
0.09061609812
0.1027946966
0.09592125394
0.09502015571
0.08044465442
0.1071327054
0.1156031692
0.1127028714
0.118464139
0.1028051128
0.0940486671
0.09661915502
0.09670130469
0.09674275403
0.1042063328
0.09478036589
0.1028413508
0.09101203119
0.09361912414
0.06330700541
0.07644453361
0.09011516084
0.1071131165
0.104487798
0.1010084448
0.08830335663
0.08158933199
0.09410877115
0.09536662185
0.08634764302
0.08452361771
0.08809000315
0.08316223576
0.09179187792
0.08895585512
0.08513393255
0.08383661845
0.07867067908
0.07702638959
0.08127246073
0.09801969344
0.09898399871
0.09806521272
0.08628559389
0.08941684236
0.08941932658
0.08273116262
0.06339545735
0.06532045335
0.06925441876
0.07367834521
0.07762103931
0.08202290401
0.0873014809
0.08879178886
0.08526279192
0.0694774675
0.07784768792
0.08034306867
0.08999564511
0.09644237909
0.09042800272
0.07698940215
0.08501813311
0.07630301438
0.07975349318
0.08139956432
0.07292177791
0.07550034424
0.07963345348
0.06949165756
0.0700031402
0.08345060385
0.08500336265
0.09644268221
0.09124396717
0.1021145287
0.1001454887
0.09145820213
0.0927209724
0.08022028134
0.09637876794
0.1105420247
0.1074291334
0.09025450918
0.09564408963
0.09563628716
0.08240685405
0.1082734647
0.0970263535
0.1048019481
0.1035362817
0.1095819858
0.09687768519
0.09329624977
0.1112589168
0.1175995137
0.09874010898
0.09997725531
0.08095975475
0.08359466867
0.08481148901
0.07666467278
0.07635050006
0.08905143814
0.09323761163
0.09248432222
0.09665895768
0.08230975485
0.09397310396
0.09760945625
0.1100551251
0.09719896251
0.09357803822
0.08736411216
0.09205266749
0.08612521297
0.08334440227
0.07378065093
0.09003005676
0.08226218779
0.08629264512
0.08850335399
0.1027937406
0.09962834316
0.0981860291
0.08820994284
0.07976400633
0.09580124618
0.09936624141
0.1072668623
0.1049969693
0.1083437586
0.1007227231
0.08489662997
0.08915420693
0.08389774345
0.09528792042
0.09737909948
0.1086014955
0.1039831509
0.09591255607
0.09970285237
0.0971520187
0.09272382548
0.09178588589
0.1055453995
0.1099687
0.1146325819
0.1095698359
0.095408638
0.09388734808
0.09076303755
0.1081095989
0.1056815072
0.1081608015
0.09508660059
0.09111975755
0.1006463713
0.09027629669
0.08730414937
0.08563681788
0.09341638213
0.08710275667
0.08964651787
0.1048859855
0.1070559721
0.1008988106
0.07708937882
0.06864885442
0.08862913045
0.09383778908
0.1013252745
0.1064218017
0.1030512665
0.09308886176
0.09354595516
0.09393868167
0.0884156134
0.1006108755
0.09983017358
0.1036327748
0.1002214167
0.1062252182
0.1105723344
0.09356209466
0.1077951294
0.1058952582
0.1184122254
0.1068512832
0.1108833978
0.09364222666
0.09649279287
0.08444592493
0.09285902742
0.1131362998
0.1138275294
0.1185313267
0.1234976378
0.1212653975
0.1195370673
0.1183001383
0.1249512215
0.1178248637
0.1015879268
0.09384840059
0.09042054995
0.09449141049
0.09986531081
0.0970115783
0.1012175396
0.09340375195
0.08699057467
0.09529700467
0.08428467101
0.08886722265
0.09004413838
0.09793654219
0.1207126537
0.08037530401
0.08711452382
0.07850952768
0.0891819406
0.09633102362
0.09409858246
0.08427527295
0.08205390156
0.08285834581
0.07531688195
0.07909003095
0.08933737074
0.1028145851
0.09887815722
0.0938009477
0.09359331172
0.1099460948
0.1162984032
0.1088530669
0.09098814853
0.09089217041
0.1056899109
0.08884132664
0.08439610356
0.08957748776
0.1144822081
0.1067271795
0.1092771995
0.1083262433
0.1049714277
0.100063853
0.08482603543
0.07915545966
0.07863827097
0.09243327589
0.09782656308
0.1097598866
0.1033799822
0.08809147979
0.08710841059
0.08339227291
0.05943645526
0.06728716521
0.06537075927
0.07574779482
0.08663515853
0.1069951226
0.1139619876
0.09325345512
0.106386242
0.118924469
0.09756287179
0.09929491185
0.09371406699
0.09962945432
0.1086021636
0.09488602024
0.08552715415
0.08396046599
0.0839623529
0.1014604415
0.1017387502
0.1133830205
0.1161494433
0.1054470027
0.1000735003
0.09801222027
0.09290757924
0.09108874655
0.08698914943
0.07933808837
0.07305888965
0.09120187025
0.1087678238
0.1038384356
0.09996410752
0.09031280952
0.09198983956
0.09899436695
0.1000232492
0.08297952616
0.0883008323
0.09018268758
0.08938090565
0.09100485016
0.1043363789
0.09194477361
0.08744051861
0.0932840251
0.09178849536
0.08912608717
0.1054484235
0.1124526445
0.1020096668
0.0904749332
0.08748237391
0.08625334179
0.08976966817
0.0966574236
0.08650860396
0.1044396379
0.1015075416
0.08853489416
0.08415721402
0.07860457222
0.08869192022
0.08654213827
0.07815264963
0.08952836369
0.09088400671
0.08346985263
0.09073822376
0.09353095317
0.08498850791
0.09176979117
0.08775001503
0.09557122096
0.09941060716
0.09898422046
0.08654833211
0.09856541442
0.09187536746
0.08629343568
0.09723236329
0.08350680939
0.07922380806
0.08901461482
0.09758083498
0.09467321005
0.08842351781
0.1084070142
0.1094501428
0.1116017046
0.08061721072
0.07944552789
0.09297127588
0.08942783762
0.08980236083
0.08549375678
0.09446187689
0.1164236929
0.1130520261
0.1068428013
0.1127179482
0.111651012
0.1006100784
0.09109239025
0.07227623742
0.0728637369
0.07581952109
0.08124872872
0.0816055463
0.09305408274
0.09583937606
0.09696726236
0.08227455406
0.07335089386
0.09766157591
0.1165230634
0.09992052402
0.09548251479
0.08244530151
0.08401674803
0.09779823358
0.1003141636
0.09364656765
0.08409682121
0.08555423105
0.07921900527
0.08844830098
0.09114718756
0.09624805514
0.09762615568
0.09524726128
0.09594856242
0.1028142152
0.106170361
0.1159855728
0.09457767621
0.09523192182
0.09614457659
0.09819333256
0.09954811978
0.08501380722
0.08131015085
0.08024003935
0.0815960797
0.07403215936
0.1027937188
0.1002540288
0.09642550643
0.1056675012
0.09285328982
0.09351575395
0.0992583188
0.09896167132
0.08497032094
0.08092258706
0.0916813417
0.09828362994
0.07861704992
0.08207172556
0.07887236997
0.08603361922
0.08669867089
0.08074794756
0.09707935806
0.09120034482
0.08422981536
0.0867729837
0.09419353978
0.0868940102
0.08281930068
0.07828318589
0.07936709307
0.08202110478
0.07738128429
0.08620425319
0.08022953228
0.07903758466
0.09877580818
0.1041943182
0.1072059561
0.1087736515
0.09889774103
0.109214548
0.1073317875
0.1049424832
0.09320402418
0.08757904011
0.1062193329
0.1061053488
0.09104692986
0.08224655373
0.08943808877
0.09409925137
0.1038058494
0.09502018917
0.1060458911
0.1035488122
)
;

boundaryField
{
    xPeriodic_half0
    {
        type            cyclic;
    }
    xPeriodic_half1
    {
        type            cyclic;
    }
    yPeriodic_half0
    {
        type            cyclic;
    }
    yPeriodic_half1
    {
        type            cyclic;
    }
    zPeriodic_half0
    {
        type            cyclic;
    }
    zPeriodic_half1
    {
        type            cyclic;
    }
}


// ************************************************************************* //
