/*--------------------------------*- C++ -*----------------------------------*\
| =========                 |                                                 |
| \\      /  F ield         | OpenFOAM: The Open Source CFD Toolbox           |
|  \\    /   O peration     | Version:  2.4.0-MNF                             |
|   \\  /    A nd           | Web:      www.OpenFOAM.org                      |
|    \\/     M anipulation  |                                                 |
\*---------------------------------------------------------------------------*/
FoamFile
{
    version     2.0;
    format      ascii;
    class       volScalarField;
    location    "0.001";
    object      rhoM_mixture;
}
// * * * * * * * * * * * * * * * * * * * * * * * * * * * * * * * * * * * * * //

dimensions      [0 -3 0 0 0 0 0];

internalField   nonuniform List<scalar> 
5120
(
4.5831216e-06
4.5575728e-06
4.7482752e-06
4.8673152e-06
4.6914416e-06
4.7823488e-06
4.5559712e-06
4.6500176e-06
4.8163584e-06
4.7186176e-06
4.580952e-06
4.7345184e-06
4.8073296e-06
4.975712e-06
4.8986512e-06
4.9066464e-06
5.0618272e-06
4.8301536e-06
4.6287824e-06
4.5899936e-06
4.7924112e-06
4.705792e-06
4.7993472e-06
4.7457168e-06
4.7132832e-06
4.6989328e-06
4.6474208e-06
4.7606096e-06
4.5528704e-06
4.73984e-06
4.8774544e-06
4.9135952e-06
4.7775824e-06
4.763736e-06
4.6096016e-06
5.124448e-06
5.0165808e-06
5.0559248e-06
5.0213856e-06
4.8705056e-06
4.4337408e-06
4.400752e-06
4.4852912e-06
4.6213168e-06
4.7695872e-06
4.6378496e-06
4.5889216e-06
4.59312e-06
4.498544e-06
4.6569152e-06
4.842864e-06
4.9677296e-06
5.0984336e-06
5.338632e-06
5.1568944e-06
5.0771728e-06
5.0192288e-06
4.984224e-06
4.8200528e-06
4.572944e-06
4.84816e-06
5.0240208e-06
5.1164784e-06
5.2025936e-06
5.0113104e-06
5.0086368e-06
4.9512864e-06
4.9969472e-06
5.0277792e-06
4.9300512e-06
5.0453456e-06
4.7403952e-06
4.5528064e-06
4.3211328e-06
4.5985184e-06
4.6920864e-06
4.8068512e-06
4.69312e-06
4.6548352e-06
4.733976e-06
4.67288e-06
4.6123264e-06
4.502832e-06
4.5591744e-06
4.6750112e-06
4.8253616e-06
4.8604048e-06
4.9815632e-06
4.9151968e-06
4.6362608e-06
4.664432e-06
4.3216624e-06
4.534736e-06
4.585176e-06
4.9268608e-06
4.84236e-06
4.8875808e-06
4.7717568e-06
4.756296e-06
4.7541648e-06
4.6835232e-06
4.7515296e-06
4.952448e-06
4.8743536e-06
4.8626e-06
4.8641888e-06
4.7760064e-06
4.702136e-06
4.8126256e-06
4.8864576e-06
4.8323104e-06
4.950808e-06
4.6500432e-06
4.6117584e-06
4.51292e-06
4.7350736e-06
4.6378624e-06
4.7414544e-06
4.8259424e-06
4.729752e-06
4.7717312e-06
4.6191856e-06
4.66172e-06
4.813672e-06
4.8790432e-06
4.924264e-06
4.7079488e-06
4.8493344e-06
5.083152e-06
5.1421296e-06
5.1569712e-06
5.0368592e-06
4.874832e-06
5.207488e-06
5.15648e-06
5.0480576e-06
5.0735424e-06
5.0656112e-06
4.9109856e-06
4.7632704e-06
5.1022176e-06
4.8604688e-06
4.9943504e-06
4.807872e-06
5.004464e-06
4.912536e-06
4.9821568e-06
4.7807856e-06
4.6612288e-06
4.820672e-06
5.0007824e-06
4.8180112e-06
5.1979424e-06
5.0395968e-06
5.1660768e-06
5.3887216e-06
5.377032e-06
5.1777408e-06
4.9454992e-06
5.0490784e-06
4.5671568e-06
4.5128944e-06
4.5713552e-06
4.6393744e-06
4.651632e-06
4.8503936e-06
5.0034048e-06
4.863608e-06
4.8540496e-06
4.842928e-06
4.8960928e-06
4.9880208e-06
4.9221072e-06
4.8190064e-06
4.7015808e-06
4.689336e-06
4.7648336e-06
4.7526016e-06
4.8344544e-06
4.7691216e-06
4.77124e-06
4.7622112e-06
4.8131936e-06
4.670736e-06
4.6664736e-06
4.5458576e-06
4.5894512e-06
4.6935984e-06
4.7828656e-06
4.7461696e-06
4.943872e-06
4.908816e-06
4.8471776e-06
4.9220816e-06
4.8652736e-06
4.9348944e-06
4.6787824e-06
4.5735632e-06
4.6006496e-06
4.7605712e-06
4.491672e-06
4.5841424e-06
4.6075088e-06
4.8206464e-06
4.8828272e-06
4.7291968e-06
4.7100672e-06
4.5602208e-06
4.5108016e-06
4.6782144e-06
4.7414032e-06
4.6739136e-06
4.6080256e-06
4.8014912e-06
4.867392e-06
4.5953152e-06
4.6660208e-06
4.6150384e-06
4.7670032e-06
4.5214448e-06
4.8407968e-06
4.6893488e-06
4.6962336e-06
4.71008e-06
4.5453536e-06
4.5995776e-06
4.529944e-06
4.7084656e-06
4.8487408e-06
4.9252464e-06
4.9560784e-06
4.9927616e-06
4.991728e-06
4.7706592e-06
4.6963104e-06
4.8062832e-06
4.9066848e-06
4.7398272e-06
4.7849968e-06
5.0220176e-06
4.508256e-06
4.7058944e-06
4.5815072e-06
4.326416e-06
4.4709664e-06
4.5804096e-06
4.51664e-06
4.6181264e-06
4.7849712e-06
4.7111392e-06
4.840784e-06
4.822752e-06
4.6101952e-06
4.684544e-06
4.6218208e-06
4.6712912e-06
4.9237088e-06
4.781328e-06
4.7781504e-06
4.5725168e-06
4.5325792e-06
4.5628688e-06
4.7903184e-06
4.9471008e-06
4.8376576e-06
4.826472e-06
4.794568e-06
5.0666448e-06
5.0645136e-06
4.8865088e-06
4.8158032e-06
4.7323744e-06
4.733408e-06
4.7307856e-06
4.852512e-06
4.5798928e-06
4.667016e-06
4.578808e-06
4.4321136e-06
4.6106864e-06
4.8147312e-06
4.6213552e-06
4.5001968e-06
4.4268432e-06
4.5894768e-06
4.7526144e-06
5.0427104e-06
4.9396096e-06
4.887504e-06
4.9650944e-06
4.7817808e-06
4.6643808e-06
4.6329808e-06
4.6552624e-06
4.6568512e-06
4.762096e-06
4.709512e-06
4.7016064e-06
4.8190448e-06
4.845576e-06
5.1532128e-06
5.0968704e-06
4.9868336e-06
4.808312e-06
4.9029136e-06
4.7318064e-06
4.6664864e-06
4.8227392e-06
4.867392e-06
4.8779584e-06
4.9847536e-06
4.7408736e-06
4.7068512e-06
4.9332288e-06
4.8976816e-06
4.8965712e-06
4.9842368e-06
5.0272624e-06
5.1505264e-06
5.2887216e-06
4.7753744e-06
4.943304e-06
4.8120576e-06
4.7753872e-06
4.8859152e-06
5.1324944e-06
4.7493728e-06
4.8466224e-06
4.4539424e-06
4.629816e-06
4.6861584e-06
4.5915696e-06
4.5846592e-06
4.7234096e-06
4.958816e-06
4.951376e-06
4.8726496e-06
4.7307984e-06
4.534168e-06
4.674456e-06
5.0039728e-06
4.9008592e-06
5.0427488e-06
5.1447392e-06
5.0889136e-06
5.002824e-06
4.9220432e-06
4.819472e-06
4.887504e-06
4.867832e-06
4.762096e-06
4.6282016e-06
4.437448e-06
4.4422272e-06
4.6128304e-06
4.869472e-06
4.7015808e-06
4.8498128e-06
4.9555744e-06
4.9938464e-06
4.7068896e-06
4.6893616e-06
4.6988944e-06
4.363048e-06
4.4082432e-06
4.7737728e-06
4.7971392e-06
4.6850096e-06
4.9023456e-06
4.6855648e-06
4.8710608e-06
5.0033792e-06
5.1006288e-06
5.0751056e-06
5.1239824e-06
4.802008e-06
4.6749984e-06
4.7143552e-06
4.545896e-06
4.7345056e-06
4.6760576e-06
4.7414032e-06
4.599048e-06
4.584168e-06
4.8397632e-06
4.881768e-06
4.8312896e-06
4.7659184e-06
4.7090336e-06
4.6606864e-06
4.6633344e-06
4.7217568e-06
4.8918304e-06
5.0166832e-06
4.775464e-06
4.6995008e-06
4.572504e-06
4.4938288e-06
4.4385456e-06
4.4141072e-06
4.874768e-06
4.93372e-06
5.0947264e-06
5.1734016e-06
4.9220432e-06
4.9550448e-06
4.7127536e-06
4.5666528e-06
4.4300848e-06
4.542176e-06
4.6208384e-06
4.4130864e-06
4.546464e-06
4.7388064e-06
4.6670672e-06
4.6628048e-06
4.8838352e-06
5.0506672e-06
4.8960288e-06
4.9093328e-06
4.8848944e-06
4.7547328e-06
4.6107248e-06
4.4709536e-06
4.1643376e-06
4.3067568e-06
4.3524176e-06
4.24136e-06
4.5724144e-06
4.5633984e-06
4.5463872e-06
4.5299184e-06
4.6478992e-06
4.7207104e-06
4.658e-06
4.8327888e-06
4.7658672e-06
4.489024e-06
4.6346336e-06
4.7642912e-06
4.8386784e-06
4.7222736e-06
4.8211248e-06
4.786624e-06
4.7042928e-06
4.7526144e-06
4.826472e-06
4.8785648e-06
4.8407968e-06
4.7982624e-06
4.7089568e-06
4.8529648e-06
4.8232048e-06
4.72704e-06
4.6739264e-06
4.6000944e-06
4.8865216e-06
4.94652e-06
4.8556256e-06
4.951312e-06
4.6840656e-06
4.8110496e-06
4.652704e-06
4.9523712e-06
4.9156624e-06
4.7084272e-06
4.7403696e-06
4.8057408e-06
4.6946832e-06
4.6431712e-06
4.8249088e-06
4.89772e-06
4.8211888e-06
4.8259296e-06
5.0459648e-06
4.9986896e-06
4.9301024e-06
4.6872816e-06
4.7080128e-06
4.7138384e-06
4.7042032e-06
4.7557536e-06
4.741416e-06
4.5735248e-06
4.6192496e-06
4.5193776e-06
4.3419152e-06
4.4858848e-06
4.3631248e-06
4.3918e-06
4.3450416e-06
4.3513712e-06
4.6054032e-06
4.6170928e-06
4.83656e-06
4.6181648e-06
4.4412064e-06
4.6261216e-06
4.7547072e-06
4.5682032e-06
4.9013248e-06
4.9034688e-06
4.8981728e-06
5.0650688e-06
4.9407328e-06
5.132584e-06
4.8987664e-06
4.8164352e-06
5.0523328e-06
4.7473568e-06
4.6915056e-06
4.6437008e-06
4.5097936e-06
4.6845952e-06
4.7616176e-06
4.7446064e-06
5.0432144e-06
4.932144e-06
4.8407584e-06
4.9720048e-06
5.0331776e-06
4.8551984e-06
4.6266768e-06
4.7865984e-06
4.6521488e-06
4.6048224e-06
4.5129328e-06
4.7238752e-06
4.9290176e-06
5.1251056e-06
4.9604048e-06
4.994376e-06
5.0411472e-06
4.8912752e-06
4.9874656e-06
4.9895712e-06
4.7632192e-06
4.6718208e-06
4.8907584e-06
5.083152e-06
4.7547456e-06
4.7876576e-06
4.7276208e-06
4.5007264e-06
4.6090848e-06
4.55756e-06
4.8487408e-06
5.0389648e-06
4.9991552e-06
4.9502784e-06
4.7361456e-06
4.8870256e-06
4.7063856e-06
4.8349968e-06
4.8259296e-06
4.9354112e-06
4.962472e-06
5.1287744e-06
5.027856e-06
4.8870512e-06
4.8981984e-06
4.950808e-06
5.078864e-06
4.9252976e-06
4.9364832e-06
4.8195744e-06
4.7377728e-06
4.6341296e-06
4.7951488e-06
4.7961952e-06
4.7483776e-06
4.6027808e-06
4.7722736e-06
4.779184e-06
4.6405104e-06
4.6405232e-06
4.7000304e-06
4.8371024e-06
4.8498256e-06
4.7031568e-06
4.620928e-06
4.6108144e-06
4.4646752e-06
4.5873712e-06
4.5320368e-06
4.7217184e-06
4.7774928e-06
4.7328656e-06
4.6228928e-06
4.5278e-06
4.7042544e-06
4.6166016e-06
4.4072608e-06
4.5331856e-06
4.6479376e-06
4.5868288e-06
4.4794784e-06
4.4826304e-06
4.4704624e-06
4.5614208e-06
4.357752e-06
4.4996544e-06
4.6213424e-06
4.5910912e-06
4.5894768e-06
4.416768e-06
4.5076112e-06
4.7047456e-06
4.9682976e-06
5.0118528e-06
4.917264e-06
4.7982112e-06
4.9167088e-06
4.8732048e-06
4.6213808e-06
4.60012e-06
4.518848e-06
4.7356032e-06
4.4603232e-06
4.1579824e-06
4.651064e-06
4.6377472e-06
4.7238496e-06
4.5596656e-06
4.6908992e-06
4.65264e-06
4.5612672e-06
4.6786672e-06
4.8306448e-06
4.873128e-06
4.9980192e-06
5.059696e-06
4.9044768e-06
4.7344288e-06
4.6817936e-06
4.6940512e-06
4.5909888e-06
4.65264e-06
4.6749472e-06
4.7264848e-06
4.9147184e-06
4.7084912e-06
4.6908736e-06
4.6876704e-06
4.524016e-06
4.6499408e-06
4.7211248e-06
4.4554416e-06
4.4416336e-06
4.4613696e-06
4.584672e-06
4.59848e-06
4.7833824e-06
4.7706208e-06
4.9316528e-06
5.0937696e-06
5.028992e-06
5.1527728e-06
5.0868592e-06
4.9449824e-06
4.825904e-06
4.5878112e-06
4.7435088e-06
4.4954048e-06
4.5411168e-06
4.472568e-06
4.5777744e-06
4.7398528e-06
4.8918432e-06
4.8811616e-06
4.9204672e-06
4.9645136e-06
4.9682848e-06
4.8864704e-06
4.8051728e-06
4.6037248e-06
4.7121728e-06
4.8610112e-06
4.9545408e-06
4.8211376e-06
4.569728e-06
4.6600928e-06
4.6457552e-06
4.7478096e-06
4.8456144e-06
4.696272e-06
4.6495264e-06
4.6920224e-06
4.7005344e-06
4.7313408e-06
4.7148336e-06
4.7903184e-06
4.6850992e-06
4.766888e-06
4.8312128e-06
4.9619424e-06
4.9895584e-06
4.8466096e-06
4.9416896e-06
4.568152e-06
4.8084016e-06
4.8998256e-06
4.9051472e-06
4.66172e-06
4.6797648e-06
4.7206592e-06
4.6229312e-06
4.6521616e-06
4.606992e-06
4.778616e-06
4.6824384e-06
4.5836128e-06
4.5128816e-06
4.398168e-06
4.3976e-06
4.5128944e-06
4.7589184e-06
4.8194976e-06
4.7217568e-06
4.9225984e-06
4.9614256e-06
4.7376832e-06
4.8354752e-06
4.900872e-06
4.7169904e-06
4.7818704e-06
4.5958576e-06
4.8068e-06
4.8232304e-06
4.7727776e-06
4.7403184e-06
4.9443888e-06
4.8923472e-06
4.8461056e-06
4.860456e-06
4.679248e-06
4.6447472e-06
4.6527168e-06
4.6202832e-06
4.8152864e-06
4.595832e-06
4.4358976e-06
4.497536e-06
4.6085808e-06
4.7531312e-06
4.7206976e-06
4.8689424e-06
4.73984e-06
4.8275312e-06
4.8031056e-06
4.8392464e-06
5.0166832e-06
5.1032896e-06
5.1766048e-06
5.0293936e-06
4.9985616e-06
4.7759296e-06
4.621872e-06
4.5559968e-06
4.6691728e-06
4.5007904e-06
4.437576e-06
4.3796832e-06
4.4370464e-06
4.7425904e-06
4.6962976e-06
4.6771552e-06
4.7961312e-06
4.6659824e-06
4.7531312e-06
4.884352e-06
5.095256e-06
5.418896e-06
5.1728976e-06
4.9884736e-06
4.819536e-06
4.8514272e-06
4.658e-06
4.4151536e-06
4.3933888e-06
4.7701168e-06
4.954528e-06
5.1490144e-06
5.280248e-06
5.1294064e-06
5.17672e-06
5.2601104e-06
5.2350912e-06
5.1670592e-06
4.8259296e-06
4.7674432e-06
4.8184768e-06
4.549112e-06
4.5538912e-06
4.7441536e-06
4.7775824e-06
4.663864e-06
4.8152736e-06
4.7281504e-06
4.8461056e-06
4.782904e-06
4.6187328e-06
4.6357056e-06
4.5607376e-06
4.6622112e-06
4.9502144e-06
4.7260064e-06
4.8115664e-06
4.7334848e-06
4.9024608e-06
4.6830064e-06
4.8243408e-06
5.0772752e-06
4.8896736e-06
4.7190448e-06
4.5804096e-06
4.6627792e-06
4.510776e-06
4.5713552e-06
4.656928e-06
4.8817808e-06
4.980064e-06
4.9513632e-06
4.8605072e-06
4.7456912e-06
4.8848944e-06
4.8928896e-06
4.9099008e-06
4.8280224e-06
4.760584e-06
4.7324384e-06
4.6819728e-06
4.6192752e-06
4.4959984e-06
4.650624e-06
4.5693392e-06
4.4088752e-06
4.5969808e-06
4.6240416e-06
4.8498768e-06
4.8424368e-06
4.8679216e-06
4.883912e-06
5.096456e-06
5.2430736e-06
5.1782576e-06
5.0156112e-06
4.75844e-06
4.7308112e-06
4.978424e-06
5.010832e-06
5.1633392e-06
5.1441968e-06
4.9885504e-06
4.9029776e-06
4.949232e-06
5.139456e-06
5.24576e-06
4.9556256e-06
4.8838736e-06
4.5124416e-06
4.6092128e-06
4.828112e-06
4.9370384e-06
4.627232e-06
4.6341424e-06
4.603336e-06
4.6282912e-06
4.6861968e-06
4.8051856e-06
4.8099904e-06
4.7457168e-06
4.6733968e-06
4.6951488e-06
4.7557408e-06
4.7812896e-06
4.6309392e-06
4.6840784e-06
4.7196896e-06
4.4980784e-06
4.8216672e-06
5.0910704e-06
5.144184e-06
5.0798976e-06
5.236112e-06
5.1027216e-06
5.124512e-06
5.0650304e-06
4.6484544e-06
4.564496e-06
4.5916208e-06
4.6224656e-06
4.7871792e-06
4.7239264e-06
4.6070688e-06
4.6314816e-06
4.501256e-06
4.635176e-06
4.621368e-06
4.839208e-06
5.1080816e-06
5.0426976e-06
5.0230512e-06
5.0113488e-06
5.021488e-06
4.9178832e-06
5.1835664e-06
5.1421296e-06
5.2122288e-06
4.997528e-06
4.9045408e-06
4.8280608e-06
4.6771936e-06
4.6464128e-06
4.8291968e-06
4.8732944e-06
4.8042032e-06
4.7680496e-06
4.8658416e-06
5.056544e-06
5.0145008e-06
4.9055872e-06
5.0905152e-06
5.1133776e-06
5.1330496e-06
5.4402208e-06
5.1001376e-06
4.7722864e-06
4.6840656e-06
4.7218336e-06
4.6346848e-06
4.9683744e-06
5.0661024e-06
4.9714496e-06
4.9496976e-06
4.906168e-06
5.0087136e-06
4.7451488e-06
4.8067744e-06
4.9411856e-06
4.67868e-06
4.6877344e-06
4.5612928e-06
4.6914672e-06
4.7201424e-06
4.6425776e-06
4.8264464e-06
5.0899984e-06
4.9157264e-06
4.9316912e-06
4.7266e-06
4.7516192e-06
4.706992e-06
4.8355904e-06
5.0480704e-06
4.9035072e-06
4.8418432e-06
4.8142016e-06
4.9768096e-06
4.747784e-06
4.8312512e-06
4.8944784e-06
4.7478096e-06
4.7372048e-06
4.7696256e-06
4.8200784e-06
4.7908736e-06
4.9997104e-06
4.7234096e-06
4.6447472e-06
4.8604432e-06
4.8939104e-06
4.9975024e-06
5.0782704e-06
5.0761776e-06
4.9523584e-06
4.8960032e-06
4.955536e-06
4.9189168e-06
4.8089056e-06
4.808376e-06
4.870608e-06
4.8376832e-06
4.730824e-06
4.8413008e-06
4.9560656e-06
5.0055104e-06
4.9640352e-06
4.9130016e-06
5.0522048e-06
5.1308672e-06
5.1287872e-06
5.0729616e-06
4.8620192e-06
4.7254768e-06
4.6909376e-06
4.4746992e-06
4.542176e-06
4.5171824e-06
4.738264e-06
4.6946576e-06
4.9417664e-06
4.8832928e-06
4.9236832e-06
4.906672e-06
5.010832e-06
4.814808e-06
4.7845056e-06
4.9268736e-06
4.8886272e-06
4.888576e-06
4.7349456e-06
4.6786544e-06
4.5517088e-06
4.6558048e-06
4.5766256e-06
4.6403696e-06
4.6302944e-06
4.8184384e-06
4.891224e-06
4.8328144e-06
4.9560656e-06
5.1797824e-06
5.3041056e-06
5.3036144e-06
5.5368896e-06
5.4582272e-06
5.4630448e-06
5.4264e-06
4.9922576e-06
5.041664e-06
5.02836e-06
4.8540624e-06
4.95976e-06
4.8221584e-06
4.7738624e-06
4.83284e-06
4.798856e-06
4.751568e-06
4.6351504e-06
4.75472e-06
4.9337712e-06
4.813104e-06
4.711088e-06
4.9911344e-06
5.0161152e-06
5.1059376e-06
4.9885504e-06
4.8344672e-06
4.859448e-06
4.740976e-06
4.494384e-06
4.7648208e-06
4.5124544e-06
4.6511408e-06
4.8142656e-06
4.854656e-06
4.6712912e-06
4.7111008e-06
4.6733584e-06
4.5958576e-06
4.5931712e-06
4.8126128e-06
4.765312e-06
4.7451232e-06
4.7138128e-06
4.6633472e-06
4.7270912e-06
4.724392e-06
4.722816e-06
4.880632e-06
4.8024992e-06
4.7047328e-06
4.5676352e-06
4.2934912e-06
4.3593792e-06
4.1191936e-06
4.3859744e-06
4.497032e-06
4.463048e-06
4.8620064e-06
5.0039088e-06
4.7063984e-06
4.7494368e-06
4.5257072e-06
4.798792e-06
4.7180368e-06
4.5761728e-06
4.53524e-06
4.7058304e-06
4.9635312e-06
4.7430304e-06
4.6782016e-06
4.5766512e-06
4.4241696e-06
4.1882336e-06
4.3290896e-06
4.624016e-06
4.6123648e-06
4.8307216e-06
4.9343136e-06
4.8094224e-06
4.8816784e-06
5.0176912e-06
4.95768e-06
4.8551472e-06
4.8456016e-06
4.8280736e-06
4.93328e-06
5.0671872e-06
5.2005392e-06
5.0103024e-06
5.0459008e-06
4.967264e-06
5.0453712e-06
5.1378416e-06
5.0023328e-06
4.8710992e-06
5.0480448e-06
4.923696e-06
4.6860944e-06
4.8008848e-06
4.9210224e-06
4.9816272e-06
4.8450464e-06
4.771176e-06
4.7270528e-06
4.6829936e-06
4.7233584e-06
4.6792608e-06
4.7722096e-06
4.6988816e-06
4.8040752e-06
4.9565952e-06
4.8317296e-06
4.815752e-06
4.689272e-06
4.8290304e-06
4.8051728e-06
4.7164224e-06
4.8891952e-06
4.5629584e-06
4.3801488e-06
4.4566288e-06
4.3870592e-06
4.5634752e-06
4.5937392e-06
4.8285904e-06
4.7302944e-06
4.8004448e-06
4.7712016e-06
5.0491168e-06
5.0485104e-06
5.0495824e-06
5.1005776e-06
5.1346e-06
4.9534304e-06
4.9550448e-06
4.922624e-06
4.800432e-06
5.0081456e-06
4.8721328e-06
4.8035584e-06
4.8859408e-06
4.790848e-06
4.7578848e-06
4.7106096e-06
4.8998e-06
4.8657392e-06
4.8678576e-06
4.9964304e-06
4.6797008e-06
4.6420352e-06
4.8642016e-06
4.6032848e-06
4.4593024e-06
4.5337024e-06
4.3578032e-06
4.703144e-06
4.95024e-06
5.0608704e-06
5.0289664e-06
4.807304e-06
4.5740416e-06
4.5161232e-06
4.6197536e-06
4.7834336e-06
4.9300768e-06
4.8859792e-06
4.800432e-06
4.8062704e-06
4.6489712e-06
4.7048224e-06
4.6734608e-06
4.8190576e-06
4.873256e-06
4.7616688e-06
4.7409632e-06
4.7766256e-06
4.8015936e-06
4.840848e-06
4.7330064e-06
4.5990992e-06
4.8323616e-06
4.9062064e-06
4.7861072e-06
4.8557152e-06
4.9019696e-06
4.8716672e-06
4.7754896e-06
4.8604432e-06
4.7111264e-06
4.5937136e-06
4.6096528e-06
4.8014528e-06
4.9146416e-06
4.9364448e-06
4.9119808e-06
4.813672e-06
4.8503552e-06
5.041096e-06
4.7530928e-06
4.8620448e-06
4.7446064e-06
4.7775824e-06
5.1915232e-06
5.1256352e-06
5.1432016e-06
4.9689168e-06
5.2473744e-06
5.0932912e-06
5.109192e-06
5.0703648e-06
5.0379312e-06
4.9268992e-06
4.9986384e-06
4.9343264e-06
5.2261008e-06
5.4194768e-06
5.297776e-06
4.8483008e-06
4.9960544e-06
4.9370512e-06
4.8668752e-06
4.7217952e-06
4.5188224e-06
4.6904336e-06
4.8955632e-06
5.0167728e-06
5.1618144e-06
5.2813712e-06
5.3196176e-06
5.0948928e-06
5.2559248e-06
5.3116736e-06
5.1442608e-06
5.0507184e-06
4.7813152e-06
4.8371152e-06
4.645832e-06
4.6080896e-06
4.7053392e-06
4.6219104e-06
4.8350224e-06
4.79148e-06
4.7786928e-06
4.8923984e-06
4.9689168e-06
5.2314224e-06
5.0247424e-06
4.9891184e-06
4.9471648e-06
5.0114768e-06
4.7393616e-06
4.6957296e-06
4.582024e-06
4.5729696e-06
4.6574832e-06
4.7334336e-06
4.5793888e-06
4.835992e-06
4.8126128e-06
4.8440256e-06
4.935928e-06
4.9279328e-06
4.9619424e-06
5.074072e-06
5.11392e-06
5.1659744e-06
5.2228592e-06
5.2371968e-06
5.0283856e-06
4.89444e-06
4.8689168e-06
4.9193696e-06
4.8641248e-06
4.8157904e-06
4.874832e-06
4.9757632e-06
5.0682208e-06
4.8205568e-06
4.758376e-06
5.0187632e-06
4.854592e-06
5.0240976e-06
5.0331392e-06
5.134096e-06
5.2478144e-06
5.2648256e-06
5.0926848e-06
4.9602896e-06
5.0240592e-06
4.9629248e-06
4.9576288e-06
4.8396864e-06
4.7775312e-06
4.6494752e-06
4.6489712e-06
4.5660592e-06
4.6797264e-06
4.9630016e-06
5.1091536e-06
5.021992e-06
5.1702752e-06
5.2260496e-06
5.1171232e-06
5.0320928e-06
4.858816e-06
4.8125744e-06
4.9543872e-06
5.0176784e-06
4.872624e-06
4.8343904e-06
4.944376e-06
5.0087008e-06
4.7446192e-06
4.7228288e-06
4.6276848e-06
4.6776336e-06
4.7106224e-06
5.023632e-06
4.8488176e-06
4.6548608e-06
4.4705008e-06
4.7000432e-06
4.753712e-06
4.8318192e-06
4.9072528e-06
4.954024e-06
5.1798336e-06
5.1112848e-06
5.2159744e-06
5.3780656e-06
5.2973104e-06
5.1298848e-06
5.019344e-06
5.0039472e-06
5.2234144e-06
5.2521152e-06
5.2160256e-06
5.024704e-06
5.038512e-06
5.1511456e-06
4.9120192e-06
4.6490224e-06
4.7351248e-06
4.7569024e-06
4.6256304e-06
4.748352e-06
4.9338224e-06
4.924832e-06
5.0783984e-06
4.9354368e-06
4.912032e-06
4.9635696e-06
5.0443504e-06
5.1623056e-06
5.0995952e-06
5.289832e-06
5.1405408e-06
4.5065776e-06
4.5565648e-06
4.6182032e-06
4.6686688e-06
4.7084784e-06
4.6813792e-06
4.7701168e-06
4.85144e-06
4.7340272e-06
4.7361328e-06
4.6511152e-06
4.6091616e-06
4.727672e-06
4.879056e-06
4.7558048e-06
4.5884432e-06
4.5448624e-06
4.5230592e-06
4.549616e-06
4.53688e-06
4.572504e-06
4.5942304e-06
4.6074576e-06
4.5697536e-06
4.6196768e-06
4.876344e-06
4.9087648e-06
5.1064288e-06
5.0612848e-06
5.2467552e-06
4.6925136e-06
4.584104e-06
4.4592512e-06
4.3715856e-06
4.613864e-06
4.7047456e-06
5.0144752e-06
4.9278816e-06
5.001248e-06
4.861528e-06
4.8971392e-06
4.9024352e-06
4.8817168e-06
4.9401648e-06
4.9890544e-06
4.912536e-06
4.9523712e-06
4.6808368e-06
4.5798928e-06
4.5480144e-06
4.6707232e-06
4.8673536e-06
4.7233328e-06
4.977288e-06
4.8923216e-06
4.740912e-06
4.7621856e-06
4.7382256e-06
4.8567104e-06
4.8009616e-06
4.8454992e-06
4.6101568e-06
4.7908096e-06
4.8137104e-06
4.9709712e-06
4.9667472e-06
5.0278304e-06
4.9619296e-06
4.8779584e-06
4.6622112e-06
4.4380032e-06
4.381144e-06
4.4236656e-06
4.580384e-06
4.8789536e-06
5.2588976e-06
5.1701344e-06
5.239768e-06
5.070792e-06
4.775336e-06
4.966192e-06
4.9454992e-06
4.887064e-06
5.0044512e-06
5.0209072e-06
4.9432912e-06
4.9895328e-06
4.9295088e-06
4.9018928e-06
4.6383408e-06
4.6271424e-06
4.7802048e-06
4.9561296e-06
5.1761008e-06
5.3648128e-06
5.5709248e-06
5.5485536e-06
5.3073344e-06
5.303072e-06
5.1749776e-06
5.024704e-06
5.0474384e-06
5.018272e-06
4.7552368e-06
4.83492e-06
4.9002784e-06
4.7509488e-06
4.6213168e-06
4.5771936e-06
4.4810032e-06
4.3827072e-06
4.4172592e-06
4.663296e-06
4.7818192e-06
5.0140352e-06
5.0523072e-06
5.1665552e-06
5.144248e-06
5.0661152e-06
4.9710224e-06
4.7743792e-06
4.6166272e-06
4.7999792e-06
5.0412368e-06
5.2893792e-06
5.3090128e-06
5.2367568e-06
5.3169312e-06
5.0714752e-06
4.9481728e-06
4.7728416e-06
4.8526016e-06
4.9939232e-06
4.8360688e-06
4.872184e-06
4.8020464e-06
4.6840784e-06
4.9449824e-06
4.8631168e-06
4.8328272e-06
4.889712e-06
5.1516752e-06
5.1532512e-06
4.9603536e-06
5.0145904e-06
4.8094864e-06
4.739336e-06
4.7282016e-06
4.6798288e-06
4.7632448e-06
4.88656e-06
5.0714368e-06
5.161272e-06
5.114488e-06
5.1033152e-06
5.1702368e-06
5.2276512e-06
5.261648e-06
4.9922448e-06
4.8588928e-06
5.1723552e-06
5.1596064e-06
5.074576e-06
4.9301024e-06
5.1676016e-06
5.153264e-06
5.2600592e-06
5.2074368e-06
5.1590896e-06
4.8679088e-06
4.5879008e-06
4.3928848e-06
4.5140432e-06
4.6729184e-06
4.9524352e-06
4.918968e-06
4.792488e-06
4.9620064e-06
5.0501888e-06
5.1947008e-06
5.0921936e-06
5.0321568e-06
5.1586368e-06
5.1873248e-06
5.125144e-06
5.057176e-06
5.0120192e-06
4.733032e-06
4.6644192e-06
4.5225424e-06
4.4827072e-06
4.40832e-06
4.6155808e-06
4.5246608e-06
4.5300336e-06
4.6107888e-06
4.830256e-06
5.071488e-06
5.1357744e-06
5.0709456e-06
5.2351424e-06
5.2106784e-06
5.1065056e-06
4.9747424e-06
5.0369616e-06
4.9694976e-06
4.9137104e-06
4.5512816e-06
4.5146112e-06
4.5799312e-06
4.6633088e-06
4.6091104e-06
4.480512e-06
4.6622752e-06
4.7589824e-06
4.9359152e-06
5.0724832e-06
4.7913648e-06
4.8626128e-06
4.9231664e-06
5.0077184e-06
5.2176144e-06
5.240464e-06
5.161272e-06
4.8567744e-06
4.9093584e-06
4.9178576e-06
4.8242896e-06
4.77168e-06
4.9300384e-06
4.7429792e-06
4.7849584e-06
4.7461824e-06
4.6521744e-06
4.616072e-06
4.7855392e-06
4.9045792e-06
5.0076672e-06
4.8498768e-06
4.9243024e-06
4.8068e-06
4.8365472e-06
4.8041264e-06
4.8689552e-06
4.9348432e-06
4.962472e-06
4.6797776e-06
4.6765872e-06
4.5894384e-06
4.916192e-06
5.0352448e-06
4.7334336e-06
4.7345056e-06
4.7430048e-06
4.8418176e-06
4.8933808e-06
4.7690832e-06
4.7403824e-06
4.7409248e-06
4.7589952e-06
5.0374272e-06
4.7759936e-06
4.7446192e-06
4.7430176e-06
4.7392592e-06
4.850304e-06
4.9528496e-06
5.064424e-06
5.1866288e-06
4.8609216e-06
4.8003808e-06
5.070352e-06
5.0900112e-06
5.1277152e-06
4.9577184e-06
5.0182848e-06
5.0873376e-06
5.1304016e-06
5.0793936e-06
4.899232e-06
4.7780736e-06
4.9938464e-06
5.1643984e-06
4.9024352e-06
4.8487792e-06
4.47364e-06
4.4864144e-06
4.2222944e-06
4.219104e-06
4.1441104e-06
4.3593024e-06
4.3433504e-06
4.5490352e-06
4.6999792e-06
4.8025504e-06
4.762664e-06
4.9390928e-06
4.644696e-06
4.7350096e-06
4.7525376e-06
4.3795168e-06
4.2403008e-06
4.3497824e-06
4.532088e-06
4.7419584e-06
4.8412752e-06
4.587824e-06
4.5771808e-06
4.6165248e-06
4.7547072e-06
4.7950464e-06
4.8561424e-06
4.8976048e-06
4.8705184e-06
4.7499024e-06
4.8227264e-06
4.6973184e-06
4.6277104e-06
4.4273728e-06
4.5420992e-06
4.43688e-06
4.4124416e-06
4.471432e-06
4.4783808e-06
4.4608656e-06
4.2573504e-06
4.4130352e-06
4.4460496e-06
4.52572e-06
4.623448e-06
4.5878112e-06
4.5181904e-06
4.3805632e-06
4.5453024e-06
4.6388448e-06
4.7950592e-06
4.7190576e-06
4.5612288e-06
4.4470192e-06
4.5596272e-06
4.7275568e-06
4.81468e-06
4.7307728e-06
4.9412112e-06
4.712728e-06
4.4990992e-06
4.4841936e-06
4.7472544e-06
4.649488e-06
4.5017984e-06
4.5077008e-06
4.82868e-06
5.1453456e-06
4.967832e-06
4.6437008e-06
4.7068896e-06
4.7345184e-06
4.8269504e-06
4.7743408e-06
4.6430688e-06
5.0920528e-06
5.0894176e-06
5.033592e-06
4.815184e-06
4.719032e-06
4.7759168e-06
4.8062192e-06
4.9560528e-06
5.1882816e-06
5.0958368e-06
5.1601104e-06
4.9241872e-06
4.7733072e-06
4.4943456e-06
4.587888e-06
4.4879264e-06
4.5756688e-06
4.4773216e-06
4.5108272e-06
4.8365216e-06
4.6451616e-06
4.7790816e-06
4.9576288e-06
4.9161792e-06
4.7961184e-06
4.8274928e-06
4.868968e-06
4.6553648e-06
4.871616e-06
4.9773904e-06
4.788704e-06
4.7737984e-06
4.7152992e-06
4.6945936e-06
4.6372432e-06
4.809448e-06
4.7732816e-06
4.8923088e-06
4.922056e-06
4.7934448e-06
5.2403616e-06
5.169656e-06
5.021424e-06
5.0395456e-06
4.9497744e-06
5.0151456e-06
4.84936e-06
4.9391568e-06
5.1150048e-06
5.4189216e-06
5.5347584e-06
5.5135232e-06
5.2473232e-06
5.2138304e-06
4.842424e-06
4.8488176e-06
4.879624e-06
4.9720688e-06
5.0740848e-06
5.1973232e-06
4.7669648e-06
5.0119168e-06
4.8376576e-06
4.7047968e-06
4.8418688e-06
4.8190576e-06
4.7823488e-06
4.8710992e-06
5.1059632e-06
5.3621008e-06
5.2111824e-06
5.0576416e-06
4.946016e-06
5.0013248e-06
4.7871792e-06
4.710648e-06
4.8466864e-06
4.9014016e-06
5.0879312e-06
5.0114384e-06
5.0278304e-06
4.9677936e-06
5.1261264e-06
4.9268224e-06
4.8449952e-06
4.7190448e-06
4.76052e-06
4.7786416e-06
4.9566464e-06
5.1219152e-06
5.0161792e-06
5.0459392e-06
4.9024736e-06
5.005032e-06
4.8961056e-06
4.669224e-06
4.5809904e-06
4.689336e-06
4.7871024e-06
4.8939104e-06
4.8476944e-06
4.8030544e-06
4.7382768e-06
4.9136592e-06
4.9838096e-06
5.0459776e-06
5.0581584e-06
4.8704928e-06
5.020352e-06
5.1282704e-06
5.1962768e-06
5.24248e-06
5.0639328e-06
5.1255712e-06
4.941728e-06
4.8428512e-06
4.8992064e-06
4.7701296e-06
4.7840016e-06
4.7095888e-06
5.0166192e-06
4.9326864e-06
5.1665296e-06
5.2897936e-06
5.0268096e-06
4.8812e-06
4.9030288e-06
4.7457808e-06
4.7032592e-06
4.8355648e-06
5.1554464e-06
4.965184e-06
4.7770272e-06
4.7658288e-06
4.7594608e-06
4.8158032e-06
4.8864448e-06
5.1345744e-06
5.108496e-06
5.256792e-06
5.0146032e-06
5.1554336e-06
4.8950208e-06
4.8689808e-06
4.8110624e-06
5.1888752e-06
4.8705696e-06
4.8205824e-06
4.879056e-06
4.8673536e-06
4.8849072e-06
5.0565568e-06
5.13044e-06
5.2962256e-06
5.1734528e-06
5.2303248e-06
5.0401008e-06
4.8375936e-06
4.897152e-06
4.8190448e-06
5.1840576e-06
4.9576928e-06
4.9704928e-06
4.9938592e-06
5.1426336e-06
4.9220944e-06
4.8243024e-06
4.7844544e-06
4.8232944e-06
4.7175328e-06
4.807872e-06
4.7690704e-06
4.8763824e-06
4.99488e-06
4.9252976e-06
5.0044768e-06
4.9476432e-06
5.1336304e-06
5.2584832e-06
5.2196816e-06
5.1234912e-06
5.1702368e-06
5.2642704e-06
5.333904e-06
5.2169952e-06
5.3009536e-06
5.2961616e-06
5.1862016e-06
5.1336432e-06
4.9492576e-06
4.8159056e-06
4.9668112e-06
4.8738496e-06
4.9747936e-06
5.0661536e-06
4.973128e-06
4.7005472e-06
4.6234992e-06
4.8386784e-06
5.0235808e-06
4.7483392e-06
4.7079616e-06
4.7297264e-06
4.7297264e-06
4.8481856e-06
4.6941152e-06
4.7775568e-06
5.0023072e-06
4.740848e-06
4.7790944e-06
4.8636336e-06
5.0964304e-06
5.2075136e-06
4.9009232e-06
5.0730896e-06
4.9986384e-06
4.9715648e-06
4.8243664e-06
4.6229568e-06
4.6521616e-06
5.0060272e-06
4.8333568e-06
4.7408992e-06
4.5341808e-06
4.5804096e-06
4.7733072e-06
4.8540368e-06
4.7217312e-06
4.693056e-06
4.614432e-06
4.5501072e-06
4.469288e-06
4.2323568e-06
4.1845008e-06
4.4103232e-06
4.5203216e-06
4.670168e-06
4.8024864e-06
5.011904e-06
4.981072e-06
4.7026016e-06
4.6148976e-06
4.7286288e-06
4.686688e-06
4.8726624e-06
4.4305888e-06
4.2908304e-06
4.40296e-06
4.6378368e-06
4.5437904e-06
4.5948112e-06
4.537952e-06
4.756296e-06
4.4852656e-06
4.506488e-06
4.5755664e-06
4.735488e-06
4.63404e-06
4.5166016e-06
4.6122624e-06
4.9306704e-06
4.9747296e-06
4.8779328e-06
4.9719792e-06
4.6866496e-06
4.6037376e-06
4.9135312e-06
4.7982112e-06
4.6037376e-06
4.5240288e-06
4.610144e-06
4.7658544e-06
4.810456e-06
4.8858768e-06
5.0139712e-06
4.9061296e-06
4.9040112e-06
4.8189936e-06
4.7914032e-06
5.0273648e-06
4.7813152e-06
4.6043952e-06
4.6352144e-06
4.6925648e-06
4.7536352e-06
4.8540624e-06
4.5788336e-06
4.6531824e-06
4.90932e-06
4.8705696e-06
4.6628176e-06
4.5177632e-06
4.497032e-06
4.4407024e-06
4.6713552e-06
4.8615664e-06
4.842424e-06
4.8593968e-06
4.9662304e-06
4.942296e-06
5.0113744e-06
5.0363552e-06
4.7015936e-06
4.6112416e-06
4.7462464e-06
5.0012992e-06
5.1840448e-06
4.9810592e-06
4.7871536e-06
4.5734864e-06
4.5378624e-06
4.6807984e-06
4.6531312e-06
4.664872e-06
4.6664736e-06
4.7127408e-06
4.4996416e-06
4.7690448e-06
4.8216288e-06
5.0772624e-06
4.9173152e-06
4.9624848e-06
4.9045664e-06
5.0777536e-06
4.8736832e-06
4.8875168e-06
4.9762672e-06
4.9656112e-06
5.02464e-06
4.9800256e-06
5.182456e-06
5.075648e-06
5.0113744e-06
5.0241104e-06
5.0315504e-06
5.1500352e-06
5.2254688e-06
4.9598112e-06
4.869472e-06
4.8280352e-06
5.227664e-06
4.9412368e-06
4.92792e-06
5.1702112e-06
5.2127456e-06
5.2749136e-06
5.2265792e-06
5.237752e-06
5.0884352e-06
5.188824e-06
5.0256992e-06
5.0814864e-06
5.0575776e-06
5.137312e-06
4.9682848e-06
4.7403696e-06
4.9082736e-06
4.93328e-06
5.207424e-06
5.1793168e-06
4.606488e-06
5.0406176e-06
5.3084448e-06
5.5656416e-06
5.4683664e-06
5.4492368e-06
5.2786592e-06
5.571984e-06
5.269656e-06
4.952952e-06
4.9216288e-06
4.8121344e-06
5.046456e-06
4.8471776e-06
4.6798032e-06
4.5793504e-06
4.4974976e-06
4.5421504e-06
4.4826688e-06
4.5013072e-06
4.7085424e-06
4.6767152e-06
4.7074704e-06
4.4885328e-06
4.6691856e-06
4.7111392e-06
4.992736e-06
4.9678064e-06
4.7738624e-06
4.6819344e-06
4.64684e-06
4.761088e-06
4.7913776e-06
4.9295344e-06
4.992232e-06
4.9736448e-06
4.938136e-06
4.8297008e-06
4.5640176e-06
4.7542544e-06
4.9380336e-06
5.0628992e-06
4.8822592e-06
4.7100672e-06
4.8232688e-06
4.7802304e-06
4.79564e-06
4.98536e-06
5.0225728e-06
4.7914288e-06
4.7722736e-06
4.7605968e-06
4.7430688e-06
4.6559584e-06
4.6968912e-06
4.9402416e-06
4.930632e-06
5.0480704e-06
5.1118016e-06
5.027856e-06
5.0421808e-06
5.0862528e-06
4.828552e-06
5.0230512e-06
5.0283472e-06
5.0798848e-06
5.1298208e-06
5.2834e-06
5.0650176e-06
5.1919888e-06
4.8859152e-06
4.7169264e-06
4.8110112e-06
4.8482368e-06
4.8865216e-06
5.0507056e-06
5.204272e-06
5.353576e-06
5.3030848e-06
5.120792e-06
5.078864e-06
4.9412368e-06
4.6851248e-06
4.6107248e-06
4.5156192e-06
4.6542928e-06
4.6505856e-06
4.9157392e-06
4.9890544e-06
4.9890416e-06
5.0793808e-06
5.21064e-06
5.2010816e-06
5.0884224e-06
4.9980576e-06
4.9614256e-06
4.874768e-06
4.85516e-06
4.8248704e-06
4.9295472e-06
4.8126384e-06
4.9003296e-06
5.025776e-06
5.1846384e-06
5.0879056e-06
4.9178448e-06
4.92792e-06
4.6670288e-06
4.5054672e-06
4.3338816e-06
4.5442688e-06
4.5942816e-06
4.6947216e-06
4.651696e-06
4.6787696e-06
4.472064e-06
4.6176608e-06
4.5756816e-06
4.7335488e-06
4.7164992e-06
4.8366112e-06
4.841856e-06
4.8833056e-06
4.6484416e-06
4.8047072e-06
4.705352e-06
4.65592e-06
4.991728e-06
5.1054208e-06
4.9375296e-06
4.8158544e-06
4.932776e-06
4.6293248e-06
4.6835104e-06
4.578872e-06
4.7074704e-06
4.9269376e-06
5.1920784e-06
4.9811104e-06
4.816952e-06
4.9252976e-06
4.844e-06
5.0607808e-06
5.0761904e-06
4.9672896e-06
5.1070608e-06
4.9019568e-06
4.8328912e-06
4.77496e-06
4.9167856e-06
4.941224e-06
4.889144e-06
5.2801968e-06
5.1011584e-06
5.0581328e-06
4.7366624e-06
4.9699632e-06
4.7940384e-06
4.760016e-06
4.8471776e-06
4.8226496e-06
4.686624e-06
4.8003552e-06
4.6713168e-06
4.7435856e-06
4.587888e-06
4.566072e-06
4.648416e-06
4.8242768e-06
4.7095248e-06
4.6808368e-06
4.580384e-06
4.5607504e-06
4.8583248e-06
4.7823232e-06
4.7706336e-06
4.748288e-06
4.6324256e-06
4.456552e-06
4.703648e-06
4.3705648e-06
4.4895408e-06
4.5405488e-06
4.428936e-06
4.596336e-06
4.5904976e-06
4.7732944e-06
4.4528832e-06
4.496464e-06
4.5251392e-06
4.4125056e-06
4.6154912e-06
4.6394384e-06
4.589464e-06
4.6000944e-06
4.4757584e-06
4.5703472e-06
4.5002096e-06
4.4853168e-06
4.4975488e-06
4.9778944e-06
4.9996848e-06
4.993808e-06
4.9194336e-06
4.8227008e-06
4.8131552e-06
4.791352e-06
4.7531056e-06
4.5851888e-06
4.6186688e-06
4.512416e-06
4.4129968e-06
4.481016e-06
4.6951744e-06
4.621304e-06
4.5910272e-06
4.5841552e-06
4.7009872e-06
4.8009232e-06
4.8524608e-06
4.790784e-06
4.7232816e-06
4.9273776e-06
4.7573168e-06
4.6622368e-06
4.7127792e-06
4.6128688e-06
4.7877344e-06
4.9949824e-06
5.14532e-06
5.0204288e-06
5.1022816e-06
4.8121472e-06
4.7616432e-06
4.7525888e-06
4.794568e-06
4.7158928e-06
4.9210096e-06
5.0968576e-06
4.9289024e-06
4.9618656e-06
4.8976048e-06
4.904528e-06
4.8497872e-06
5.0076288e-06
4.8822208e-06
4.8418688e-06
4.83864e-06
4.7063216e-06
4.5155936e-06
4.6548224e-06
4.6861712e-06
4.7302816e-06
4.6415184e-06
4.7775056e-06
4.7929152e-06
5.0112976e-06
4.9512736e-06
4.7631424e-06
4.8996976e-06
4.5751392e-06
4.5273088e-06
4.875336e-06
4.9231536e-06
4.907176e-06
4.7403056e-06
4.5575344e-06
4.7584272e-06
4.6649616e-06
4.5050016e-06
4.683536e-06
4.5336896e-06
4.8599392e-06
5.0150688e-06
4.9476048e-06
5.058624e-06
4.99488e-06
4.6749984e-06
4.7036992e-06
4.5416336e-06
4.6404848e-06
4.7988176e-06
4.8386656e-06
4.7616304e-06
4.7191472e-06
4.6251136e-06
4.7977968e-06
4.7319216e-06
4.7393104e-06
5.08416e-06
4.9103792e-06
4.72496e-06
4.7307728e-06
4.8694592e-06
4.860392e-06
4.8243024e-06
4.6887936e-06
4.5612672e-06
4.5198432e-06
4.4204752e-06
4.9311232e-06
5.0129376e-06
4.8907072e-06
4.8226752e-06
4.7733072e-06
4.6346592e-06
4.743056e-06
4.6664864e-06
4.9731024e-06
5.1107168e-06
4.8811616e-06
5.070352e-06
4.9832032e-06
4.7063728e-06
4.576728e-06
4.6399808e-06
4.6643936e-06
5.0214752e-06
5.06556e-06
4.77332e-06
4.7074448e-06
4.6086064e-06
4.7292352e-06
4.707936e-06
4.9056128e-06
4.9210224e-06
4.8726112e-06
4.8657264e-06
4.9124848e-06
4.9396352e-06
4.8732176e-06
4.7244816e-06
4.597976e-06
4.7594864e-06
4.7786032e-06
4.7690576e-06
4.9099008e-06
4.6022896e-06
4.6288336e-06
4.7760192e-06
4.6304096e-06
4.74728e-06
4.6495264e-06
4.5911168e-06
4.6612544e-06
4.651696e-06
4.5921504e-06
4.5426928e-06
4.6170672e-06
4.82376e-06
4.7222352e-06
4.7445552e-06
4.887504e-06
4.8769248e-06
4.718088e-06
4.840784e-06
4.8497744e-06
4.8848304e-06
4.7642272e-06
4.6548096e-06
4.9927488e-06
4.9476176e-06
4.7143296e-06
4.9364704e-06
4.8317552e-06
4.9789664e-06
5.0809696e-06
5.0560144e-06
5.1802992e-06
5.142544e-06
5.1829216e-06
5.0198224e-06
4.9257504e-06
4.7928896e-06
4.7881104e-06
4.7966736e-06
4.8498256e-06
4.6420864e-06
4.8169392e-06
4.8408224e-06
4.7452128e-06
4.7441152e-06
4.771744e-06
4.8408224e-06
4.6617328e-06
4.6064496e-06
4.6463232e-06
4.5767152e-06
4.7371408e-06
4.7265232e-06
4.8445552e-06
4.8541008e-06
4.7648592e-06
5.2393792e-06
5.365304e-06
5.4492112e-06
5.3153552e-06
5.2250416e-06
4.896648e-06
4.6176864e-06
4.9359152e-06
4.9869104e-06
5.0464176e-06
4.959824e-06
5.1676272e-06
5.1601744e-06
5.1192416e-06
5.2472848e-06
5.1367824e-06
4.9545408e-06
4.7074192e-06
5.0145136e-06
5.1553184e-06
4.9645648e-06
4.812096e-06
4.810016e-06
4.9274544e-06
4.900872e-06
5.0044384e-06
5.1059248e-06
4.8807216e-06
4.7127664e-06
4.7436112e-06
4.9130912e-06
4.8636464e-06
4.8461184e-06
4.9454864e-06
4.7292352e-06
5.0868592e-06
5.2961616e-06
5.1744864e-06
4.9741616e-06
5.0172512e-06
4.8981984e-06
4.8626384e-06
5.2058992e-06
5.0767584e-06
4.9535072e-06
4.8892208e-06
5.0045408e-06
4.9928e-06
4.9737216e-06
4.6702576e-06
4.6718336e-06
4.5968912e-06
4.5166528e-06
4.518784e-06
4.9056128e-06
4.6744944e-06
4.7313536e-06
4.7010128e-06
4.7562832e-06
4.63776e-06
4.5182416e-06
4.6202192e-06
4.7381744e-06
4.7339504e-06
4.7653248e-06
4.6564368e-06
4.8886656e-06
4.8566848e-06
4.8365088e-06
4.8434448e-06
4.6872304e-06
4.8578336e-06
4.968904e-06
5.0953712e-06
5.0321312e-06
5.3753408e-06
5.430624e-06
5.2622032e-06
5.0225472e-06
4.840784e-06
4.7546816e-06
4.7413904e-06
4.7621472e-06
4.7186048e-06
4.8110624e-06
4.7568512e-06
4.9252464e-06
4.7887552e-06
4.613928e-06
4.5305504e-06
4.5390496e-06
4.668152e-06
4.6968144e-06
4.8216544e-06
4.933216e-06
4.9507952e-06
5.0304528e-06
5.2323792e-06
5.4704592e-06
5.2621904e-06
5.2717616e-06
4.9555744e-06
4.9130528e-06
4.7350608e-06
5.133592e-06
4.9619552e-06
4.775464e-06
4.5257072e-06
4.664368e-06
4.945448e-06
5.1452432e-06
5.003328e-06
4.9066208e-06
5.051688e-06
5.0272752e-06
4.8709968e-06
4.902888e-06
4.955536e-06
4.9942608e-06
5.1196816e-06
5.1196816e-06
5.0894176e-06
4.950744e-06
5.007112e-06
4.6330576e-06
4.5549632e-06
4.5262624e-06
5.239264e-06
5.0713728e-06
4.9486512e-06
4.641544e-06
4.577232e-06
4.5415824e-06
4.527232e-06
4.54104e-06
4.5213552e-06
4.7631296e-06
4.7296624e-06
4.712728e-06
4.8014656e-06
4.7414672e-06
4.8535456e-06
4.8019952e-06
4.9018672e-06
5.1452048e-06
5.3168416e-06
5.3704848e-06
4.9598368e-06
4.8923472e-06
4.813672e-06
4.9130272e-06
4.7626256e-06
4.9348304e-06
4.7291968e-06
4.6601056e-06
4.6207616e-06
4.4730592e-06
4.6446576e-06
4.7854496e-06
4.7891824e-06
5.0171616e-06
4.9343136e-06
4.8073168e-06
4.8258784e-06
4.87748e-06
4.83656e-06
4.741984e-06
4.8891184e-06
4.6882384e-06
4.5745456e-06
4.6133344e-06
4.7228288e-06
4.748288e-06
4.6117456e-06
4.9231408e-06
4.9592816e-06
5.1069456e-06
4.8587648e-06
4.6393232e-06
4.5947088e-06
4.6483776e-06
4.7525632e-06
4.6320112e-06
4.9795216e-06
4.8780096e-06
4.9205056e-06
4.9704672e-06
4.995448e-06
5.0767328e-06
4.97048e-06
4.9008464e-06
4.8886272e-06
4.8227392e-06
4.8370768e-06
4.5623648e-06
4.657432e-06
4.6670288e-06
4.5915568e-06
4.7988176e-06
4.8014784e-06
4.5560352e-06
4.74356e-06
4.7212144e-06
4.678744e-06
4.8328656e-06
4.7111776e-06
4.880128e-06
4.481584e-06
4.4497056e-06
4.4465152e-06
4.4630224e-06
4.6171184e-06
4.4847744e-06
4.6824e-06
4.6892976e-06
4.4039552e-06
4.4932096e-06
4.6961824e-06
4.698352e-06
4.925776e-06
4.8556128e-06
4.827984e-06
4.9454224e-06
4.815312e-06
4.6856288e-06
4.5548992e-06
4.689336e-06
4.8142144e-06
4.6867008e-06
4.5543824e-06
4.6409888e-06
4.7599008e-06
5.0558992e-06
4.9475408e-06
4.9703648e-06
4.9969088e-06
5.1218256e-06
4.8944144e-06
4.9608832e-06
4.8833696e-06
4.8685024e-06
5.001312e-06
5.0321056e-06
4.9146032e-06
5.1552928e-06
5.0957984e-06
4.9858e-06
4.8216672e-06
4.9369616e-06
4.8094096e-06
4.7732432e-06
4.7402544e-06
4.7487664e-06
4.6265616e-06
4.6515936e-06
4.6489968e-06
4.7467632e-06
4.66336e-06
4.619224e-06
4.852512e-06
4.9051216e-06
4.740408e-06
4.6915184e-06
4.477864e-06
4.5559456e-06
4.636752e-06
4.6383408e-06
4.751504e-06
4.7494112e-06
4.57616e-06
4.4151664e-06
4.1898992e-06
4.4848e-06
4.4279536e-06
4.6532336e-06
4.6856544e-06
4.6718464e-06
4.8131808e-06
4.7531568e-06
4.6271936e-06
4.5007008e-06
4.3662768e-06
4.4821008e-06
4.9646416e-06
4.8971392e-06
4.9932528e-06
4.8843392e-06
4.6399296e-06
4.8333312e-06
4.8232176e-06
4.9188272e-06
4.9746528e-06
5.0309568e-06
5.0554208e-06
4.871048e-06
4.8896736e-06
4.960328e-06
4.9003296e-06
4.7201424e-06
4.9906304e-06
4.9013376e-06
4.989584e-06
4.9029392e-06
4.9087776e-06
4.8853984e-06
4.7324128e-06
4.6048992e-06
4.9024608e-06
4.8110624e-06
4.8094608e-06
4.7871152e-06
4.8173536e-06
4.9363808e-06
5.0229872e-06
5.0203264e-06
5.0979808e-06
4.9247424e-06
5.0623952e-06
5.2026832e-06
5.3365776e-06
5.3259856e-06
4.94072e-06
5.119784e-06
4.9842368e-06
4.9316528e-06
4.8811744e-06
4.9481728e-06
4.8131296e-06
4.8190192e-06
4.7515808e-06
4.597472e-06
4.7101312e-06
4.7712144e-06
4.7914544e-06
4.708e-06
4.7286672e-06
4.9576672e-06
4.9874016e-06
4.8763696e-06
4.8306832e-06
4.9104176e-06
5.0719536e-06
4.9332928e-06
4.8344288e-06
4.8454992e-06
5.0198096e-06
5.0086752e-06
4.5427184e-06
4.9364832e-06
4.8514656e-06
4.8907584e-06
4.979496e-06
4.8934192e-06
4.7106096e-06
4.680888e-06
4.7733456e-06
4.6527424e-06
4.6219872e-06
4.70964e-06
4.8923984e-06
4.9949184e-06
4.9386016e-06
4.9619552e-06
4.8105328e-06
4.8009872e-06
4.6729312e-06
4.422128e-06
4.8248704e-06
4.8035968e-06
4.7722224e-06
4.7999152e-06
4.9561296e-06
5.0623824e-06
5.0889392e-06
5.2238928e-06
5.1277152e-06
5.0528112e-06
5.099544e-06
5.1888112e-06
5.1240464e-06
5.1043744e-06
5.132016e-06
4.872688e-06
4.993304e-06
4.8822464e-06
5.0490656e-06
5.0751312e-06
4.9093456e-06
5.2456704e-06
5.1755584e-06
5.03744e-06
5.157488e-06
5.1925568e-06
5.0177424e-06
4.7977968e-06
4.6075856e-06
4.6038016e-06
4.6277104e-06
4.407752e-06
4.4278896e-06
4.4794272e-06
4.562288e-06
4.444888e-06
4.6016192e-06
4.718024e-06
4.7159056e-06
4.797216e-06
4.8332928e-06
4.7541264e-06
4.9592816e-06
4.8333696e-06
4.8503936e-06
4.6920608e-06
4.534736e-06
4.6324896e-06
4.891792e-06
5.0246656e-06
5.1341344e-06
4.9061424e-06
4.745704e-06
4.646904e-06
4.7224144e-06
4.7542544e-06
4.8509616e-06
4.7228544e-06
4.6563984e-06
4.7822976e-06
4.8227136e-06
4.7467376e-06
4.9263696e-06
5.0214752e-06
5.0139968e-06
5.1744992e-06
4.9869232e-06
4.9561168e-06
4.8626384e-06
4.5724912e-06
4.5151024e-06
4.688832e-06
4.8020208e-06
4.8971264e-06
4.8593456e-06
5.1521408e-06
4.936432e-06
4.9412112e-06
4.7701168e-06
4.8763696e-06
5.0390928e-06
4.7924496e-06
4.774392e-06
4.8562192e-06
4.9779712e-06
5.0343136e-06
4.9131552e-06
4.9604432e-06
4.9981472e-06
4.8881616e-06
4.6930816e-06
4.712728e-06
4.626096e-06
4.7153376e-06
5.0235168e-06
4.8922704e-06
4.9088032e-06
4.89608e-06
5.0438336e-06
4.9710608e-06
4.8025632e-06
4.8828016e-06
4.9487152e-06
4.9035328e-06
5.0815504e-06
5.1803632e-06
5.160136e-06
5.1754944e-06
5.3561472e-06
5.3551136e-06
5.3109776e-06
5.0357616e-06
4.9889904e-06
4.9587008e-06
4.8429024e-06
4.973568e-06
4.7567872e-06
4.8162816e-06
4.7748832e-06
4.8020336e-06
4.64892e-06
4.6239392e-06
4.7716672e-06
4.7509616e-06
4.7142912e-06
5.0480192e-06
5.1293296e-06
5.0990144e-06
5.0718896e-06
4.881136e-06
4.7770016e-06
4.9114768e-06
4.7382128e-06
4.661152e-06
4.3715472e-06
4.4746224e-06
4.568656e-06
4.638264e-06
4.7896864e-06
4.5654272e-06
5.0532896e-06
5.00976e-06
4.874264e-06
4.9444144e-06
4.8248832e-06
4.47364e-06
4.399744e-06
4.5245968e-06
4.5559712e-06
4.4475616e-06
4.534736e-06
4.3933888e-06
4.4619632e-06
4.453464e-06
4.6782016e-06
4.6123392e-06
4.6463488e-06
4.7483648e-06
4.8912496e-06
4.9496848e-06
4.5719488e-06
4.5788464e-06
4.835488e-06
4.8524992e-06
4.7802304e-06
4.6186688e-06
4.7074064e-06
4.784984e-06
4.798288e-06
4.7340144e-06
4.7940768e-06
4.6617328e-06
4.5740288e-06
4.6835232e-06
4.646336e-06
4.7393104e-06
4.7807472e-06
4.6648976e-06
4.5942432e-06
4.532088e-06
4.8582864e-06
4.9889904e-06
4.8078208e-06
4.8689168e-06
4.7542288e-06
4.6543312e-06
4.5916208e-06
4.47528e-06
4.4730976e-06
4.6765872e-06
4.7514784e-06
5.0819648e-06
5.1069456e-06
5.1500224e-06
5.0788e-06
4.984224e-06
5.015056e-06
4.7222992e-06
4.7621344e-06
4.9140736e-06
5.1138304e-06
4.9979552e-06
5.03252e-06
5.0373504e-06
4.8784752e-06
4.7520208e-06
4.4783808e-06
4.6282272e-06
4.6086192e-06
4.5777616e-06
4.5028704e-06
4.5028832e-06
4.6707488e-06
4.7483264e-06
4.9571248e-06
4.8455248e-06
4.7748704e-06
4.7918816e-06
5.0288256e-06
5.056984e-06
4.79192e-06
4.7642528e-06
4.6601056e-06
4.69728e-06
4.7988176e-06
5.0762288e-06
5.107048e-06
4.8727136e-06
4.5591744e-06
4.465632e-06
4.654784e-06
4.674456e-06
4.6834848e-06
4.5714064e-06
4.7202064e-06
4.8370896e-06
4.8551088e-06
4.8152608e-06
4.5209152e-06
4.6202832e-06
4.8268736e-06
4.8943632e-06
4.8221328e-06
4.8752976e-06
4.8433808e-06
4.884792e-06
4.6037632e-06
4.9517648e-06
4.9645008e-06
5.0086496e-06
5.0038704e-06
4.8864192e-06
4.6903312e-06
4.5298544e-06
4.3986336e-06
4.5761216e-06
4.6138768e-06
4.7934832e-06
4.9167344e-06
4.7689552e-06
4.8333824e-06
4.6043696e-06
4.7515808e-06
4.573512e-06
4.6426288e-06
4.543816e-06
4.5458704e-06
4.8078336e-06
4.867832e-06
4.8721072e-06
4.932144e-06
5.0028496e-06
4.732968e-06
4.7642656e-06
4.8476688e-06
4.7605072e-06
4.6250496e-06
4.5395024e-06
4.5416976e-06
4.6840784e-06
4.7690448e-06
4.8455504e-06
4.6202832e-06
4.7659184e-06
4.7393616e-06
5.081512e-06
5.264864e-06
5.3881024e-06
5.3227696e-06
5.0002272e-06
4.8583248e-06
4.8838224e-06
4.8057152e-06
4.7923856e-06
4.6127792e-06
4.5325664e-06
4.5660464e-06
4.8418176e-06
4.8364832e-06
4.8285136e-06
4.7924368e-06
4.7935088e-06
4.8291072e-06
4.857808e-06
4.9550576e-06
4.8254128e-06
5.1702752e-06
5.1076032e-06
5.0103664e-06
4.700056e-06
4.7026912e-06
4.7781632e-06
4.7419968e-06
4.7765104e-06
4.9768224e-06
4.8391952e-06
4.8917792e-06
5.0225216e-06
5.0686992e-06
4.8912496e-06
5.0118784e-06
5.0506544e-06
5.1521408e-06
5.1957216e-06
5.1017136e-06
5.063984e-06
4.8423728e-06
4.8540624e-06
4.7971776e-06
4.6659568e-06
4.7053008e-06
4.8046304e-06
4.8838096e-06
4.7100416e-06
4.7940384e-06
4.9167984e-06
4.8971264e-06
4.9698864e-06
4.6755408e-06
4.787128e-06
4.960328e-06
4.6691088e-06
4.6005728e-06
4.6786672e-06
4.5023024e-06
4.8078336e-06
4.6957552e-06
4.6808752e-06
4.7206976e-06
4.6420736e-06
4.7812896e-06
4.859952e-06
4.9789792e-06
4.9258144e-06
4.9720176e-06
4.9529008e-06
5.056544e-06
4.8981984e-06
4.9268864e-06
4.8827888e-06
4.5406256e-06
4.6622752e-06
4.8259168e-06
4.824328e-06
5.1123056e-06
4.9901008e-06
4.9884736e-06
5.03208e-06
5.0246784e-06
4.6702576e-06
4.6351888e-06
4.7472928e-06
5.0220176e-06
4.965688e-06
4.7733072e-06
4.7616432e-06
4.5586192e-06
4.6144704e-06
4.3185104e-06
4.4970704e-06
4.7722864e-06
4.6474464e-06
4.49224e-06
4.3774368e-06
4.5299312e-06
4.7084528e-06
4.7164224e-06
4.8216032e-06
4.8609344e-06
5.0341728e-06
5.0740592e-06
4.9842752e-06
4.7493984e-06
4.7663968e-06
4.600624e-06
4.4614208e-06
4.5166784e-06
4.6766128e-06
4.7865984e-06
4.9252848e-06
4.6622496e-06
4.6144576e-06
4.635176e-06
4.8945168e-06
4.8158032e-06
4.563928e-06
4.651064e-06
4.5145216e-06
4.4422528e-06
4.62824e-06
4.7068768e-06
4.9661792e-06
4.9337584e-06
5.0241232e-06
5.2010688e-06
5.1707408e-06
5.0458752e-06
5.0293808e-06
4.8758272e-06
4.7536352e-06
4.8019696e-06
4.8986768e-06
4.8901648e-06
4.9528624e-06
4.8343776e-06
4.8582736e-06
5.0187504e-06
4.7106224e-06
4.8147696e-06
4.9428e-06
4.9130656e-06
4.9768096e-06
4.9922192e-06
4.8631168e-06
4.8747552e-06
5.0193056e-06
5.2408912e-06
5.1143728e-06
4.9432528e-06
5.0314352e-06
4.5474592e-06
4.648416e-06
4.778048e-06
4.6000048e-06
4.5771936e-06
4.4836512e-06
4.5346592e-06
4.870544e-06
4.8493088e-06
4.8928896e-06
5.016696e-06
4.826472e-06
4.8939488e-06
4.8928384e-06
4.8790432e-06
4.8216288e-06
4.641544e-06
4.6729056e-06
4.4369312e-06
4.4783808e-06
4.7908224e-06
4.6505856e-06
4.566072e-06
4.3721024e-06
4.492176e-06
4.654784e-06
4.5118608e-06
4.630888e-06
4.7233968e-06
4.870608e-06
4.828112e-06
4.8823232e-06
4.9582736e-06
4.9566208e-06
4.806736e-06
4.7663456e-06
4.6112288e-06
4.7089696e-06
4.7589824e-06
4.7111904e-06
5.079368e-06
5.0522944e-06
4.7632704e-06
4.520928e-06
4.7324128e-06
4.6893744e-06
4.9460544e-06
4.9168368e-06
4.818528e-06
4.8828144e-06
4.7234224e-06
4.4056208e-06
4.6006368e-06
4.707432e-06
4.8360304e-06
4.8274928e-06
4.8327632e-06
4.8540496e-06
5.0033664e-06
4.7637232e-06
4.913608e-06
4.6580512e-06
4.9944016e-06
5.022056e-06
4.822752e-06
4.859384e-06
5.061272e-06
4.9411472e-06
4.8300896e-06
4.5511408e-06
4.4804608e-06
4.5633344e-06
4.2519776e-06
4.0824592e-06
4.19508e-06
4.4820496e-06
4.6053776e-06
4.783408e-06
4.8748064e-06
4.8280608e-06
4.7498384e-06
4.7010128e-06
4.844504e-06
4.6749856e-06
4.7021232e-06
4.669728e-06
4.6681264e-06
4.65428e-06
4.7738112e-06
4.5336128e-06
4.6409376e-06
4.5633984e-06
4.6240032e-06
4.5618224e-06
4.7956144e-06
5.026216e-06
5.3726416e-06
5.1707408e-06
5.0713728e-06
4.8268992e-06
4.9652224e-06
4.6538016e-06
4.6814304e-06
4.8652736e-06
4.855096e-06
4.6499536e-06
4.916696e-06
4.8199888e-06
5.060704e-06
5.1967424e-06
5.258432e-06
5.1287872e-06
5.0602e-06
4.9475152e-06
4.7950208e-06
4.6579744e-06
4.5793376e-06
4.8832928e-06
4.8913136e-06
4.9296112e-06
4.5963616e-06
4.6973056e-06
4.8636464e-06
4.9396224e-06
4.9375168e-06
5.2276384e-06
5.0459008e-06
5.1367312e-06
4.7466864e-06
4.788704e-06
4.5543568e-06
4.6957168e-06
4.6728672e-06
4.9322464e-06
5.2101232e-06
5.1755328e-06
5.189896e-06
4.8657648e-06
4.8710736e-06
4.6160592e-06
4.501824e-06
4.488016e-06
4.5337024e-06
4.6097168e-06
4.3870976e-06
4.566136e-06
4.469416e-06
4.5007392e-06
4.6654528e-06
4.7563472e-06
4.7707104e-06
4.6601696e-06
4.7430688e-06
4.7775952e-06
4.8642144e-06
4.854088e-06
4.804152e-06
4.446024e-06
4.4831984e-06
4.401888e-06
4.587384e-06
4.8514272e-06
5.0682336e-06
5.083024e-06
5.029872e-06
4.798224e-06
4.739272e-06
4.7563472e-06
4.6011152e-06
4.7791456e-06
4.9135696e-06
4.7642528e-06
4.9486e-06
5.0146032e-06
5.0544384e-06
4.8296752e-06
4.7319216e-06
4.6761216e-06
4.5294656e-06
4.5278512e-06
4.6930944e-06
4.578872e-06
5.0134928e-06
4.9869488e-06
4.7526144e-06
4.6287696e-06
4.4703984e-06
4.4969424e-06
4.570296e-06
4.6308752e-06
4.705288e-06
4.6192624e-06
4.7611776e-06
4.7388192e-06
4.9391312e-06
4.9609216e-06
4.8944784e-06
4.808944e-06
4.9295856e-06
4.8551984e-06
4.9618656e-06
5.1148768e-06
4.9167216e-06
4.7775184e-06
4.669664e-06
4.7504704e-06
4.9779328e-06
5.079432e-06
5.3530336e-06
5.264296e-06
5.1452304e-06
4.987944e-06
4.8247808e-06
4.94116e-06
4.5591488e-06
4.6972544e-06
4.6999408e-06
4.7137488e-06
4.889144e-06
5.0363424e-06
4.6027424e-06
4.5262112e-06
4.4204752e-06
4.3497824e-06
4.6633088e-06
4.7175328e-06
4.6766384e-06
4.8727392e-06
4.7632832e-06
4.8610112e-06
4.83284e-06
4.9784368e-06
4.9800256e-06
5.0708816e-06
5.347712e-06
5.3620496e-06
4.9045792e-06
4.9545408e-06
4.9454608e-06
4.7424368e-06
4.490032e-06
4.5511664e-06
4.7494112e-06
4.7717568e-06
4.6224784e-06
4.842992e-06
4.8174816e-06
4.7621856e-06
4.831264e-06
5.046456e-06
4.91096e-06
4.651632e-06
4.6744816e-06
4.5703216e-06
4.7084784e-06
4.593184e-06
4.837568e-06
4.8444528e-06
4.8131296e-06
4.6542416e-06
4.6362736e-06
4.653272e-06
4.6580384e-06
4.6399808e-06
4.5894768e-06
4.497536e-06
4.6293248e-06
4.69892e-06
4.6149488e-06
4.3450032e-06
4.470424e-06
4.5974336e-06
4.7478352e-06
4.713864e-06
4.7196896e-06
4.578368e-06
4.5666528e-06
4.4917744e-06
4.6405616e-06
4.5635008e-06
5.1096576e-06
4.9725344e-06
4.7472672e-06
4.6819344e-06
4.6198304e-06
4.8041776e-06
4.6728928e-06
4.7355904e-06
4.9581968e-06
5.0155984e-06
4.6734096e-06
4.79192e-06
4.6776976e-06
4.89236e-06
4.6745072e-06
4.6538016e-06
4.8297008e-06
4.76752e-06
4.8806576e-06
4.9576928e-06
5.0453328e-06
4.992232e-06
4.8923856e-06
4.7297776e-06
4.5820496e-06
4.7377856e-06
5.0278816e-06
4.9927872e-06
5.0481088e-06
5.1299104e-06
5.0682336e-06
4.84028e-06
4.7897888e-06
4.5437648e-06
4.722816e-06
4.8508976e-06
4.9683232e-06
5.0979936e-06
4.9417536e-06
5.0783088e-06
4.4864016e-06
4.4794784e-06
4.8152992e-06
5.1336432e-06
5.0570864e-06
5.1362784e-06
5.2084832e-06
4.9725728e-06
4.8779968e-06
4.958248e-06
4.9364832e-06
5.06928e-06
4.9215904e-06
4.909952e-06
4.7016448e-06
4.6862096e-06
4.6261344e-06
4.642048e-06
4.7042288e-06
4.575656e-06
4.6771424e-06
4.6739648e-06
4.7350864e-06
4.978992e-06
5.1367952e-06
5.1601488e-06
5.1134032e-06
4.9337584e-06
5.1213344e-06
5.025648e-06
5.1340448e-06
4.9953584e-06
5.1717872e-06
5.1457728e-06
4.9630272e-06
4.8174176e-06
5.027856e-06
4.8041648e-06
4.5145216e-06
4.4879392e-06
4.783848e-06
4.7928768e-06
4.8438976e-06
4.692488e-06
4.6202576e-06
4.813168e-06
4.6856416e-06
4.5634624e-06
4.5374096e-06
4.939648e-06
4.9406816e-06
5.0315632e-06
4.7414544e-06
4.6644064e-06
4.9794832e-06
4.7791584e-06
4.781832e-06
4.8014912e-06
5.0458752e-06
4.9959008e-06
4.9375296e-06
4.8971136e-06
4.6053776e-06
4.7265488e-06
4.6101824e-06
4.5310288e-06
4.5331856e-06
4.4545488e-06
4.4173616e-06
4.4189504e-06
4.4189376e-06
4.4290384e-06
4.5932096e-06
4.6553648e-06
4.5315712e-06
4.6931072e-06
4.4725552e-06
4.6159952e-06
4.7754128e-06
4.993304e-06
4.7036992e-06
4.7733072e-06
4.7813152e-06
4.9114896e-06
4.8849072e-06
4.7765232e-06
4.4194288e-06
4.4768304e-06
4.5608016e-06
4.7876832e-06
4.7727776e-06
4.7201168e-06
4.9135056e-06
4.8205568e-06
4.9247168e-06
4.9512992e-06
4.7642656e-06
4.696208e-06
4.795576e-06
4.887e-06
4.7084912e-06
4.7217952e-06
4.6436624e-06
4.3636544e-06
4.4826432e-06
4.6728928e-06
4.5623264e-06
4.787128e-06
4.6494752e-06
4.474144e-06
4.6069408e-06
4.6957168e-06
4.6808496e-06
4.5235888e-06
4.5049888e-06
4.485304e-06
4.7095632e-06
4.8668624e-06
4.7934704e-06
4.8205696e-06
4.633472e-06
4.5325664e-06
4.69684e-06
4.741984e-06
5.0236192e-06
4.9284752e-06
4.9316912e-06
4.823824e-06
4.8169392e-06
4.7712272e-06
4.8902416e-06
5.1362656e-06
5.1426208e-06
5.2520384e-06
4.7148976e-06
4.5857952e-06
4.7287568e-06
4.7993984e-06
4.6415696e-06
4.642552e-06
4.474648e-06
4.4969936e-06
4.5633984e-06
4.6228928e-06
4.951248e-06
4.9985744e-06
4.840216e-06
4.8195104e-06
4.7951488e-06
4.7133088e-06
4.8355392e-06
4.7728416e-06
4.67452e-06
4.7972416e-06
4.7292224e-06
4.6447088e-06
4.6877216e-06
4.6611648e-06
4.7918816e-06
4.6526528e-06
5.0512096e-06
4.9061424e-06
4.658e-06
4.6335872e-06
4.7292352e-06
4.85888e-06
4.8572912e-06
5.04116e-06
5.0028624e-06
4.8254256e-06
4.5538784e-06
4.6092128e-06
4.7319216e-06
4.6011792e-06
4.537952e-06
4.6899296e-06
4.7696384e-06
4.8960672e-06
4.8976432e-06
4.7685152e-06
4.8333824e-06
4.66872e-06
4.6841296e-06
4.9492832e-06
4.975272e-06
4.8535456e-06
4.8067616e-06
4.802008e-06
4.7717056e-06
4.91096e-06
4.958248e-06
4.9508336e-06
5.0076928e-06
4.868464e-06
4.6553648e-06
4.4837024e-06
4.7036224e-06
4.7780352e-06
4.6218208e-06
4.7988304e-06
4.8126128e-06
4.868464e-06
5.0703776e-06
4.9295216e-06
4.7425008e-06
4.7881872e-06
4.6765488e-06
4.6871792e-06
4.6409504e-06
4.6537248e-06
4.8636464e-06
4.7105712e-06
4.8625744e-06
4.8259168e-06
4.538456e-06
4.5400832e-06
4.7882256e-06
4.8338864e-06
4.9736192e-06
4.8418432e-06
5.0310592e-06
5.051248e-06
4.9901264e-06
5.0958496e-06
4.7334336e-06
4.5161104e-06
4.6649232e-06
4.850368e-06
4.7966736e-06
4.6665376e-06
4.4035152e-06
4.377488e-06
4.6048992e-06
4.9454864e-06
4.8514144e-06
5.0182336e-06
4.970416e-06
4.9193952e-06
5.1947008e-06
4.9364704e-06
4.8886272e-06
4.8073296e-06
4.4964896e-06
4.5958832e-06
4.870608e-06
4.925336e-06
4.794064e-06
4.5214704e-06
4.694696e-06
4.459832e-06
4.5103104e-06
4.6909504e-06
4.6972928e-06
4.76796e-06
4.756296e-06
4.6957296e-06
4.596904e-06
4.8418944e-06
4.8402672e-06
5.0883968e-06
4.4157344e-06
4.6532336e-06
5.0177552e-06
4.9145904e-06
4.8630272e-06
4.771112e-06
4.4656064e-06
4.4183568e-06
4.4795296e-06
4.8940256e-06
4.8562704e-06
4.913672e-06
4.7712528e-06
4.5974848e-06
4.6150128e-06
4.732968e-06
4.7701552e-06
4.4109808e-06
4.1787904e-06
4.2648416e-06
4.705856e-06
4.8057792e-06
5.009256e-06
4.814744e-06
4.903456e-06
4.9130784e-06
4.8620576e-06
4.6526912e-06
4.4210304e-06
4.2924064e-06
4.2600112e-06
4.296656e-06
4.489528e-06
4.5782912e-06
4.8094352e-06
4.6707744e-06
4.5527936e-06
4.827544e-06
4.96512e-06
5.0278432e-06
4.8934192e-06
4.850368e-06
4.6776592e-06
4.6675456e-06
4.7206848e-06
4.5357696e-06
4.6149744e-06
4.64312e-06
4.644696e-06
4.5299312e-06
4.788704e-06
4.660648e-06
4.5979376e-06
4.6000432e-06
4.3886224e-06
4.5729696e-06
4.824328e-06
4.8391824e-06
4.791416e-06
4.6479376e-06
4.8897248e-06
4.7435728e-06
4.7600416e-06
4.8726496e-06
5.11228e-06
5.1112336e-06
4.9002784e-06
4.8806704e-06
4.9555872e-06
4.9056384e-06
4.8419072e-06
4.884416e-06
4.7972416e-06
5.0756224e-06
5.198344e-06
4.9858384e-06
4.6288208e-06
4.7244816e-06
4.8987664e-06
5.0539088e-06
5.0059888e-06
5.1293168e-06
5.239832e-06
5.0761648e-06
4.68404e-06
4.7690448e-06
5.0501248e-06
5.2228464e-06
5.2217872e-06
5.08788e-06
5.0300128e-06
4.9109728e-06
4.7499536e-06
4.6760832e-06
4.6776592e-06
4.8710736e-06
5.0251568e-06
5.0145392e-06
4.9752464e-06
4.9576544e-06
5.0793936e-06
5.023568e-06
5.0427488e-06
5.074136e-06
4.826472e-06
4.86632e-06
4.6351248e-06
4.6457424e-06
4.6829424e-06
4.7158416e-06
4.6829168e-06
4.4544464e-06
4.6266384e-06
4.5469424e-06
4.4491504e-06
4.6112416e-06
4.7504576e-06
5.0400624e-06
5.0097344e-06
5.0878928e-06
4.325408e-06
4.4864016e-06
4.7611008e-06
4.5889472e-06
4.8036352e-06
4.7180624e-06
4.6128304e-06
4.6229056e-06
4.7169648e-06
4.754216e-06
4.8344416e-06
4.9241872e-06
5.0262032e-06
5.0166448e-06
5.1118016e-06
5.0108448e-06
5.0597216e-06
4.8068128e-06
4.55548e-06
4.4789872e-06
4.8907456e-06
4.5272832e-06
4.6059072e-06
4.7366496e-06
4.7276208e-06
4.599048e-06
4.5969424e-06
4.6691984e-06
4.8386912e-06
4.8971008e-06
4.8641888e-06
4.7595248e-06
4.6925776e-06
4.8886656e-06
4.8472032e-06
4.8174432e-06
4.7892208e-06
4.7966736e-06
4.7818192e-06
4.7154272e-06
4.8270144e-06
5.1005904e-06
4.8471392e-06
4.587824e-06
4.3620144e-06
4.306744e-06
4.4337536e-06
4.6096656e-06
4.578872e-06
4.8094608e-06
4.5437904e-06
4.5905744e-06
4.6761344e-06
4.7398656e-06
4.9577056e-06
4.8950208e-06
4.5267664e-06
4.6005984e-06
4.6824384e-06
4.9560912e-06
4.868968e-06
4.8694848e-06
4.8832672e-06
4.8354112e-06
4.62288e-06
4.44596e-06
4.5060096e-06
4.6622368e-06
4.6903696e-06
4.5246608e-06
4.6022256e-06
4.5990224e-06
4.7127408e-06
4.6272448e-06
4.6383792e-06
4.5448624e-06
4.7791968e-06
4.718656e-06
4.799928e-06
4.7696256e-06
5.1404768e-06
5.4343056e-06
4.9868592e-06
4.8842752e-06
4.7333696e-06
4.6366624e-06
4.4437904e-06
4.4581664e-06
4.586248e-06
4.8864448e-06
4.6021616e-06
4.7817552e-06
4.706296e-06
4.657432e-06
4.710016e-06
4.73284e-06
4.7578336e-06
4.9209968e-06
4.8689168e-06
5.0294064e-06
5.0363168e-06
4.7706464e-06
4.7935088e-06
4.813672e-06
4.6623008e-06
4.3737808e-06
4.256304e-06
4.4082432e-06
4.3492784e-06
4.3471472e-06
4.50176e-06
4.648416e-06
4.5129456e-06
4.5310416e-06
4.5655808e-06
4.7361456e-06
4.6489584e-06
4.6431072e-06
5.0007184e-06
4.9757248e-06
4.373768e-06
4.3556976e-06
4.6112416e-06
4.6447088e-06
4.55012e-06
4.593688e-06
4.72124e-06
4.7983392e-06
5.0964176e-06
5.2276384e-06
5.1744992e-06
5.0352832e-06
5.1548656e-06
4.924768e-06
4.8993088e-06
4.8031056e-06
4.731392e-06
4.662856e-06
4.6447856e-06
4.4136288e-06
4.7350992e-06
4.973632e-06
4.7929408e-06
4.7005088e-06
4.6144576e-06
4.582528e-06
4.4906128e-06
4.3667936e-06
4.2663664e-06
4.4119248e-06
4.5984288e-06
4.7111136e-06
4.78284e-06
4.8971136e-06
5.188824e-06
5.2473104e-06
4.930064e-06
4.8567744e-06
4.61708e-06
4.7334976e-06
4.5857184e-06
4.5129456e-06
4.6287952e-06
4.5113312e-06
4.443312e-06
4.4550528e-06
4.5235888e-06
4.6447088e-06
4.5511664e-06
4.6420096e-06
4.7137488e-06
5.0097088e-06
5.0877776e-06
5.040024e-06
5.0686992e-06
5.0219536e-06
5.0081328e-06
4.840216e-06
4.8322464e-06
4.608e-06
4.8827248e-06
4.9821056e-06
4.9040112e-06
4.8620576e-06
4.969976e-06
4.6086448e-06
4.5719744e-06
4.5523024e-06
4.4826304e-06
4.3173872e-06
4.2812336e-06
4.2483344e-06
4.5113312e-06
4.5793376e-06
4.7009616e-06
4.6228544e-06
4.655856e-06
4.4948624e-06
4.7775568e-06
4.9332288e-06
4.8594352e-06
4.8418816e-06
4.53524e-06
4.6708e-06
4.7446704e-06
4.82168e-06
5.0507568e-06
5.1054464e-06
5.1627968e-06
4.9757504e-06
4.855664e-06
4.7318192e-06
4.559704e-06
4.7313152e-06
4.8019824e-06
4.9534176e-06
4.9576544e-06
4.9799488e-06
5.0166448e-06
4.9305808e-06
4.8822592e-06
4.928488e-06
4.8886272e-06
4.77332e-06
4.9135824e-06
4.9332416e-06
4.8508464e-06
4.9666576e-06
4.9560016e-06
4.951752e-06
4.8869744e-06
4.7350224e-06
4.762664e-06
4.4959472e-06
4.5878752e-06
4.68032e-06
4.6112544e-06
4.7616688e-06
4.7531824e-06
4.662288e-06
5.0087392e-06
5.0942864e-06
4.9317168e-06
4.8940256e-06
4.7940896e-06
4.9422832e-06
4.881136e-06
4.9417024e-06
4.8620192e-06
4.8444784e-06
4.7068512e-06
4.9688144e-06
4.8657904e-06
4.895008e-06
5.1724064e-06
5.084728e-06
5.0337072e-06
4.9566592e-06
4.9433808e-06
4.9449696e-06
4.5677376e-06
4.8243536e-06
4.7919328e-06
4.7302816e-06
4.7478096e-06
4.8769376e-06
4.887e-06
4.8174048e-06
4.8546304e-06
4.9348176e-06
5.0225088e-06
5.1548272e-06
5.16972e-06
5.1218896e-06
5.0974768e-06
4.8737856e-06
4.926344e-06
4.7408864e-06
4.5884176e-06
4.6011792e-06
5.11228e-06
4.7647568e-06
4.4943072e-06
4.6543056e-06
4.6559328e-06
4.5980272e-06
4.5996032e-06
4.740912e-06
4.688264e-06
4.7254512e-06
4.7823232e-06
4.8471136e-06
5.1388368e-06
5.2658208e-06
5.2387728e-06
5.0671232e-06
4.8949824e-06
4.9906304e-06
5.0979808e-06
4.8822208e-06
4.2595328e-06
4.5182928e-06
4.5607632e-06
4.6978352e-06
4.7179728e-06
4.7195488e-06
4.6154272e-06
4.4634752e-06
4.430576e-06
4.4189632e-06
4.4454944e-06
4.4646368e-06
4.568216e-06
4.487448e-06
4.5474848e-06
4.3344112e-06
4.589464e-06
4.5523024e-06
4.6022512e-06
4.5082304e-06
4.6064624e-06
4.5304736e-06
4.3364784e-06
4.461344e-06
4.6154272e-06
4.837064e-06
5.0799104e-06
5.2781424e-06
5.2292912e-06
5.1197968e-06
5.2627584e-06
5.0002272e-06
5.0024096e-06
4.8084528e-06
4.686752e-06
4.8876064e-06
4.4752672e-06
4.4205392e-06
4.4093664e-06
4.5055184e-06
4.7855648e-06
4.7505088e-06
4.92004e-06
4.9105072e-06
4.8275952e-06
4.9147312e-06
4.8573168e-06
4.92748e-06
4.9264208e-06
4.9466224e-06
5.0316272e-06
4.899864e-06
5.0305808e-06
4.9062576e-06
4.8924496e-06
4.6601952e-06
4.8419584e-06
4.8918688e-06
4.9837712e-06
4.8886272e-06
4.91468e-06
5.081512e-06
5.2297952e-06
5.0124592e-06
4.8307344e-06
4.7664352e-06
4.842424e-06
4.9422704e-06
4.634104e-06
4.6819344e-06
5.0857872e-06
5.1304272e-06
4.944944e-06
4.8567616e-06
4.8747936e-06
5.0533664e-06
5.265936e-06
5.3774976e-06
4.9508336e-06
4.8482752e-06
4.8392208e-06
4.6070176e-06
4.3732768e-06
4.5752032e-06
4.8695232e-06
4.9518672e-06
4.8971392e-06
4.9582864e-06
5.0289152e-06
4.9911984e-06
4.766952e-06
4.6309136e-06
4.4593024e-06
4.6101824e-06
4.6383792e-06
4.991728e-06
5.0246784e-06
4.6346208e-06
4.8503552e-06
4.931136e-06
4.8041392e-06
4.9943248e-06
5.1022048e-06
4.9364192e-06
5.2117248e-06
5.0400624e-06
4.990088e-06
5.0506928e-06
4.8763952e-06
4.8801408e-06
5.0077056e-06
4.97048e-06
5.028928e-06
4.9539728e-06
4.8488048e-06
4.6569664e-06
4.625088e-06
4.552328e-06
4.682528e-06
4.7031952e-06
4.6133472e-06
4.7680368e-06
4.5268176e-06
4.6278e-06
4.9035328e-06
4.9922576e-06
5.0140352e-06
4.9481216e-06
4.9608704e-06
4.8104688e-06
4.7339504e-06
4.8243152e-06
4.9836944e-06
4.9204672e-06
5.0739952e-06
5.1919888e-06
4.9385632e-06
4.8014784e-06
4.7328912e-06
4.65264e-06
4.994376e-06
4.9975408e-06
5.0304656e-06
4.8280096e-06
4.7636976e-06
4.6946704e-06
4.6898784e-06
4.6675712e-06
4.759448e-06
4.4539424e-06
4.5597168e-06
4.7584528e-06
4.9088032e-06
4.8328272e-06
4.9072272e-06
4.752072e-06
5.010328e-06
4.9380464e-06
4.984792e-06
4.9550576e-06
4.320048e-06
4.3412832e-06
4.1574784e-06
4.3716112e-06
4.5193776e-06
4.5958576e-06
4.4332112e-06
4.3779408e-06
4.3067312e-06
4.544824e-06
4.5713936e-06
4.54476e-06
4.3035536e-06
4.433224e-06
4.292936e-06
4.3136672e-06
4.3120912e-06
4.5304864e-06
4.574584e-06
4.4231104e-06
4.8583376e-06
4.8949952e-06
4.7733328e-06
4.802576e-06
4.9656752e-06
4.914616e-06
4.86304e-06
4.8588032e-06
4.847088e-06
4.8413008e-06
4.986936e-06
4.8673536e-06
4.7786416e-06
4.908312e-06
4.7749344e-06
4.6420864e-06
4.8838608e-06
4.9783856e-06
4.9826608e-06
4.8073296e-06
4.65428e-06
4.8068e-06
5.0597216e-06
4.8981728e-06
4.83492e-06
4.8662944e-06
4.83656e-06
4.8381744e-06
4.8748576e-06
4.7600416e-06
4.9189296e-06
4.8626e-06
4.658568e-06
4.6059456e-06
4.5841936e-06
4.652704e-06
4.7260192e-06
4.7143296e-06
4.57244e-06
4.4731104e-06
4.7158672e-06
4.6951488e-06
4.7206848e-06
4.9560912e-06
4.8721328e-06
4.8657392e-06
4.7934704e-06
4.5952512e-06
4.5772064e-06
4.5055312e-06
4.7536608e-06
4.8206208e-06
4.7870896e-06
4.8083632e-06
4.543184e-06
4.5915184e-06
4.4135136e-06
4.606928e-06
4.8014144e-06
4.8901264e-06
4.9783856e-06
4.672312e-06
4.6733968e-06
4.727104e-06
4.4965024e-06
4.426352e-06
4.5628816e-06
4.6670544e-06
4.657496e-06
4.817456e-06
4.8296496e-06
4.8057664e-06
4.9476304e-06
4.9720432e-06
4.9608576e-06
5.3205744e-06
5.1309056e-06
4.9560656e-06
4.731328e-06
4.8163456e-06
4.7717696e-06
4.8578592e-06
4.952384e-06
4.7573424e-06
4.9321696e-06
4.7557536e-06
4.89236e-06
4.8466736e-06
4.729752e-06
4.896584e-06
4.8264208e-06
4.7578464e-06
4.8338736e-06
4.9683616e-06
4.9577696e-06
4.964176e-06
4.7399424e-06
4.7218464e-06
4.6192752e-06
4.6277616e-06
4.7260064e-06
4.8258784e-06
4.8779584e-06
5.263224e-06
5.0554336e-06
5.0320544e-06
5.0634544e-06
4.9273904e-06
4.9040112e-06
4.7297264e-06
4.9072272e-06
4.9274544e-06
4.6915312e-06
4.828616e-06
4.6931456e-06
4.8222096e-06
4.9274032e-06
4.9114512e-06
5.0193184e-06
4.9013504e-06
5.150048e-06
5.1436416e-06
4.9300512e-06
4.7637232e-06
4.8795856e-06
4.9300896e-06
4.7292096e-06
4.8902544e-06
5.1155344e-06
4.8812256e-06
4.76752e-06
4.79728e-06
4.8876064e-06
4.6946704e-06
4.7865728e-06
4.8206336e-06
4.8870512e-06
4.8365344e-06
4.658568e-06
4.8445296e-06
5.2154448e-06
5.1171744e-06
5.1038576e-06
4.9774416e-06
4.9976688e-06
4.887632e-06
5.0619424e-06
5.0486512e-06
4.937568e-06
4.7999152e-06
4.661216e-06
4.7914032e-06
4.6032848e-06
4.7175328e-06
4.6287824e-06
4.7031184e-06
4.948096e-06
4.8986384e-06
5.2769808e-06
5.2244096e-06
4.8928256e-06
4.8317168e-06
5.0018032e-06
5.1362272e-06
5.155912e-06
4.9439104e-06
4.6006496e-06
4.6930944e-06
4.7276336e-06
4.9407328e-06
4.9173792e-06
4.777672e-06
4.949296e-06
4.955664e-06
4.7579488e-06
4.86424e-06
4.849864e-06
4.8519952e-06
5.0368464e-06
5.1532512e-06
4.9184e-06
5.2080432e-06
5.2181312e-06
5.0656496e-06
5.1538192e-06
5.1134544e-06
4.9603408e-06
4.7126768e-06
4.7153248e-06
4.88908e-06
4.7743024e-06
4.900808e-06
4.904528e-06
4.788136e-06
4.7557536e-06
4.7148336e-06
4.69148e-06
4.7286672e-06
4.634104e-06
4.74728e-06
4.629944e-06
4.7085424e-06
4.6457936e-06
4.9194464e-06
4.7605712e-06
4.994376e-06
5.0167088e-06
4.863672e-06
4.9348304e-06
4.9539344e-06
4.7318704e-06
4.630888e-06
4.7796752e-06
4.8387168e-06
4.8259552e-06
4.8275312e-06
4.6447216e-06
4.8583504e-06
4.880696e-06
4.846712e-06
4.8589056e-06
4.9693952e-06
4.9869232e-06
4.8360048e-06
4.6867392e-06
4.8918304e-06
4.8695104e-06
4.8174432e-06
4.5964128e-06
4.6878112e-06
4.639968e-06
4.576728e-06
4.60012e-06
4.5448368e-06
4.6893616e-06
4.7037248e-06
4.5964128e-06
4.7032592e-06
4.7701808e-06
4.7972544e-06
4.7786288e-06
4.6345952e-06
4.6718336e-06
4.6803968e-06
4.8121344e-06
4.8583888e-06
4.8769632e-06
4.8232688e-06
4.8679088e-06
4.686184e-06
4.7685792e-06
4.468912e-06
4.35252e-06
4.4056336e-06
4.418912e-06
4.567144e-06
4.7100928e-06
4.9029392e-06
4.8700016e-06
4.6340912e-06
4.8508976e-06
4.7255024e-06
4.81632e-06
4.736624e-06
4.8551088e-06
4.8344032e-06
5.0113232e-06
5.12716e-06
4.9699248e-06
4.9534176e-06
4.8067616e-06
4.8598624e-06
4.8811488e-06
4.8242512e-06
4.6585168e-06
4.7031696e-06
4.8439232e-06
4.7217056e-06
4.5947472e-06
4.761088e-06
4.741984e-06
4.8620704e-06
4.7956656e-06
4.7898528e-06
4.77496e-06
4.757936e-06
4.982712e-06
4.971048e-06
4.8599648e-06
4.8971904e-06
4.5889472e-06
4.381144e-06
4.5091744e-06
4.47572e-06
4.6000432e-06
4.4502352e-06
4.6452768e-06
4.8785648e-06
4.7297904e-06
4.8440512e-06
4.6234864e-06
4.6272704e-06
4.7308624e-06
4.8020464e-06
4.7435472e-06
4.6314304e-06
4.5368544e-06
4.7632576e-06
4.8376832e-06
4.975776e-06
5.0730128e-06
4.9518672e-06
4.9338096e-06
4.7547072e-06
4.638328e-06
4.4837408e-06
4.4784192e-06
4.5809776e-06
4.651632e-06
4.6112544e-06
4.9305936e-06
4.906672e-06
4.92792e-06
4.8939232e-06
4.80516e-06
4.7717056e-06
4.8200784e-06
4.9215008e-06
5.0288384e-06
4.87628e-06
4.9862784e-06
4.826912e-06
4.6042672e-06
4.637256e-06
4.7344672e-06
4.6197152e-06
4.5995392e-06
4.6633728e-06
4.5485568e-06
4.9130656e-06
5.1240208e-06
5.0071248e-06
4.9513376e-06
4.8487536e-06
4.56292e-06
4.49596e-06
4.8158288e-06
5.073568e-06
4.88864e-06
4.7191728e-06
4.5103488e-06
4.5682288e-06
4.6925904e-06
4.8015168e-06
4.7510128e-06
4.8477712e-06
4.8737984e-06
4.8551728e-06
4.9757888e-06
4.9285008e-06
4.8944528e-06
4.8822592e-06
4.9640992e-06
5.0315632e-06
4.9183616e-06
4.995384e-06
4.7259936e-06
4.9592304e-06
4.7918432e-06
4.797656e-06
4.838072e-06
4.8837584e-06
4.6478736e-06
4.9959392e-06
4.8673792e-06
4.7467248e-06
4.754656e-06
4.5649616e-06
4.7057664e-06
4.8024608e-06
5.258432e-06
5.1664784e-06
5.2663888e-06
5.044248e-06
5.1080304e-06
4.9661792e-06
4.7887168e-06
4.842928e-06
4.9577312e-06
5.0422064e-06
5.0034304e-06
5.1410448e-06
4.953456e-06
4.7414544e-06
4.8642144e-06
4.9705184e-06
4.8642272e-06
5.3802096e-06
5.4242816e-06
5.4927664e-06
4.9407712e-06
4.7536864e-06
4.6049376e-06
4.8047072e-06
4.8147952e-06
4.7021232e-06
4.9550832e-06
5.1075904e-06
4.9316784e-06
4.8891824e-06
4.848792e-06
4.9008464e-06
5.1553568e-06
4.8811872e-06
4.7121856e-06
4.6840272e-06
4.7860176e-06
4.9884864e-06
5.0990656e-06
5.0427616e-06
5.0246272e-06
5.3790608e-06
5.208496e-06
4.9231664e-06
4.883848e-06
4.8832672e-06
4.7674176e-06
4.6744304e-06
4.5819856e-06
4.5894256e-06
4.7727392e-06
4.8631296e-06
4.7292352e-06
4.6330576e-06
4.7717312e-06
4.7966864e-06
4.8928512e-06
4.8583248e-06
4.8609984e-06
4.947088e-06
4.8052112e-06
4.6140048e-06
4.3439952e-06
4.2616128e-06
4.2392672e-06
4.4077136e-06
4.7450976e-06
4.7179856e-06
4.6202448e-06
4.85352e-06
5.2169696e-06
4.9550064e-06
5.1845616e-06
5.196768e-06
5.3721376e-06
5.3705232e-06
4.9953968e-06
4.890216e-06
4.9109344e-06
4.9247424e-06
4.964552e-06
5.0522176e-06
5.1856208e-06
4.8821952e-06
5.065496e-06
5.0065184e-06
4.8301024e-06
4.9459648e-06
5.1441968e-06
4.921552e-06
4.7355904e-06
4.7568512e-06
4.7966608e-06
5.1723296e-06
4.9608192e-06
5.0394688e-06
4.83864e-06
4.8194976e-06
4.9959008e-06
4.9486e-06
4.6463232e-06
4.542176e-06
4.5379392e-06
4.6383664e-06
4.612856e-06
4.6707616e-06
4.6006368e-06
4.8849456e-06
4.9561296e-06
4.937568e-06
4.6590848e-06
4.7988048e-06
4.670168e-06
4.6483776e-06
4.7945424e-06
4.7509744e-06
4.5745584e-06
4.6000816e-06
4.6622624e-06
4.7100928e-06
4.4910784e-06
4.6117072e-06
4.5835872e-06
4.4815584e-06
4.4948752e-06
4.6404592e-06
4.6787312e-06
4.7850608e-06
4.787192e-06
4.6564368e-06
4.7605968e-06
4.7956272e-06
4.9274288e-06
4.8679088e-06
4.767456e-06
4.6080128e-06
4.779624e-06
4.8721072e-06
4.953392e-06
4.710584e-06
4.8354496e-06
4.871112e-06
4.9518928e-06
4.8604688e-06
4.9242896e-06
4.712792e-06
4.7462208e-06
4.6473696e-06
4.79564e-06
4.77332e-06
4.7488432e-06
4.6952e-06
4.686688e-06
4.2648032e-06
4.4763008e-06
4.597976e-06
4.6543056e-06
4.67288e-06
4.720168e-06
4.6239776e-06
4.7440384e-06
4.6632832e-06
4.7642656e-06
4.903456e-06
4.8444656e-06
4.8200656e-06
4.6224016e-06
4.3828096e-06
4.3041856e-06
4.1564704e-06
4.2765312e-06
4.6718848e-06
4.580448e-06
4.8445552e-06
4.8684384e-06
4.6877856e-06
4.5571072e-06
4.852512e-06
4.8938976e-06
4.8901904e-06
4.8120704e-06
4.7690448e-06
4.8811616e-06
4.8731664e-06
4.76424e-06
4.5123648e-06
4.3556464e-06
4.3768816e-06
4.17976e-06
4.435304e-06
4.5277616e-06
4.7759168e-06
4.8615024e-06
4.7531312e-06
4.8360432e-06
4.8195232e-06
4.7690192e-06
4.8130784e-06
4.6568896e-06
4.67124e-06
4.706296e-06
4.8689168e-06
4.9348048e-06
4.731328e-06
4.8530288e-06
4.7786672e-06
4.744128e-06
4.6718848e-06
4.8630912e-06
4.8189808e-06
4.7929664e-06
4.8386656e-06
5.073e-06
5.013984e-06
5.0857104e-06
5.1170464e-06
4.9629888e-06
4.9327376e-06
4.8843648e-06
4.7014912e-06
4.487448e-06
4.4667168e-06
4.6468656e-06
4.779688e-06
4.752072e-06
4.6213424e-06
4.7249344e-06
4.6000432e-06
4.4040064e-06
4.3864784e-06
4.5405616e-06
4.6213424e-06
4.512984e-06
4.354664e-06
4.229256e-06
4.1920304e-06
4.2509952e-06
4.2860384e-06
4.4885072e-06
4.6245584e-06
4.647344e-06
4.7626512e-06
4.6792224e-06
4.406616e-06
4.4900576e-06
4.6605968e-06
4.7572912e-06
4.6637744e-06
4.5516704e-06
4.365192e-06
4.4916208e-06
4.5713424e-06
4.7063216e-06
4.7339632e-06
4.9087904e-06
4.91304e-06
4.928928e-06
4.7817552e-06
4.8784496e-06
4.6606096e-06
)
;

boundaryField
{
    xPeriodic_half0
    {
        type            cyclic;
    }
    xPeriodic_half1
    {
        type            cyclic;
    }
    yPeriodic_half0
    {
        type            cyclic;
    }
    yPeriodic_half1
    {
        type            cyclic;
    }
    zPeriodic_half0
    {
        type            cyclic;
    }
    zPeriodic_half1
    {
        type            cyclic;
    }
}


// ************************************************************************* //
