/*--------------------------------*- C++ -*----------------------------------*\
| =========                 |                                                 |
| \\      /  F ield         | OpenFOAM: The Open Source CFD Toolbox           |
|  \\    /   O peration     | Version:  2.4.0-MNF                             |
|   \\  /    A nd           | Web:      www.OpenFOAM.org                      |
|    \\/     M anipulation  |                                                 |
\*---------------------------------------------------------------------------*/
FoamFile
{
    version     2.0;
    format      ascii;
    class       volScalarField;
    location    "0.001";
    object      rotationalT_N2;
}
// * * * * * * * * * * * * * * * * * * * * * * * * * * * * * * * * * * * * * //

dimensions      [0 0 0 1 0 0 0];

internalField   nonuniform List<scalar> 
5120
(
289.5954431
301.4929655
311.0300598
295.4178552
289.4261186
313.1552997
328.0359073
316.4903778
306.5950919
303.9164513
317.7017232
316.5666209
331.7292483
313.240786
321.5981341
307.1165169
298.6610236
302.601123
284.3557958
291.1450299
323.7720722
326.920545
312.5411166
305.8864704
286.4567319
302.6600171
317.9015486
317.7793481
330.5887666
328.4241025
315.7778091
299.5843733
286.7020514
285.9783571
286.9249306
290.5086875
284.2036205
291.7530629
311.0912584
325.7804269
351.6001362
340.2656426
326.1278172
305.5708007
304.7223173
289.5383887
298.5122529
301.3707413
285.4375504
285.8778202
302.1017072
299.0290421
306.0528338
292.2578243
282.0595843
272.3855754
287.0175934
299.3616576
322.8991276
340.1630808
279.0788738
291.2838824
291.5927174
287.4409794
284.1757697
283.7689614
286.185601
275.5343508
285.2660746
303.2041138
304.6262505
305.246242
299.2978551
296.5073499
295.8174432
300.9718559
302.3039832
304.8591655
298.9408728
284.4168023
289.8743313
298.4349744
308.5399597
306.6005471
301.6921882
311.2122757
312.3164334
298.9789464
301.9074223
309.6836248
290.593373
283.5395222
287.2810243
291.9119958
293.9400164
291.0630284
294.0486614
305.4983844
290.765097
288.1279687
296.8226155
301.7413643
328.9110971
341.672763
333.8129148
320.2502731
333.3838838
330.6444926
325.0292459
322.3440573
327.4439089
298.8784245
289.7031624
294.8625267
305.805065
300.5598171
308.9180092
292.4870936
299.1864164
300.0354015
308.5041265
310.2192481
294.1942087
290.2564369
299.7426698
313.9783895
310.6485929
303.0585318
309.4730821
314.5927575
325.831092
329.8160877
323.5456433
312.1426871
306.0616637
287.6352244
278.282117
292.3828305
297.2143595
297.3158199
316.5548873
302.6828419
291.7832705
307.9631306
297.4376562
304.3540496
295.3139477
298.0714657
300.4517306
289.623796
292.5707153
299.488129
296.7006242
296.1274083
284.2885155
285.6912458
290.6397079
299.2521258
310.3217016
314.0415775
302.5682971
318.7868625
311.1194234
292.6652142
285.9948779
286.0579483
309.3667332
324.5037026
323.9122989
303.4508466
315.45372
319.316421
305.1402964
290.0147397
305.5099665
312.4640096
294.7212319
313.9295087
304.0451167
304.7536913
288.0867574
291.3637589
297.1496029
301.485675
300.6412087
309.0023189
302.898077
295.4244422
294.1566882
313.4699059
305.7922937
295.9908247
288.4591624
291.4477155
281.3735261
283.217403
301.0181165
296.1649184
311.5039306
301.1349931
295.1562249
301.0454741
306.1066458
301.8194013
309.8806876
305.9461616
310.6191058
316.8433997
290.1406319
288.6666174
287.3213898
287.6942368
281.5597215
286.410635
291.4303621
283.1844698
261.9135769
266.4992998
266.8338505
278.6176549
296.9088696
289.0890462
281.5427069
271.8747895
284.006384
303.4323596
296.956834
296.8285872
296.0340266
298.7645945
288.8160126
284.1297609
275.4583289
272.000816
279.3620245
275.0172846
299.3980542
295.2016876
302.656616
308.4369043
290.6633718
294.9059729
286.0915853
311.1588404
309.8243982
300.8276434
286.9036671
285.7604343
284.1115997
281.2862443
277.1542687
279.2090083
286.7561519
289.7763025
280.2555856
289.4890285
284.1230546
283.8742498
290.9023239
299.5657168
284.4088107
300.9457758
308.6650983
310.0192563
320.8713395
328.7338565
337.2099429
312.2244334
312.3842983
300.0693403
306.7895922
287.8036559
281.8578889
276.7951556
279.3731317
278.8060687
272.7104668
279.8541299
280.8619073
285.0262192
283.8779816
262.5363639
260.5675072
265.4675641
277.368794
283.2485489
280.8585336
288.9495318
304.9900027
303.739057
314.7957487
322.2603258
295.1607346
301.7552764
297.6712539
299.8500795
302.9876127
301.969674
297.6158347
290.4116804
299.2249041
298.2904278
286.3844596
306.7796356
293.9342941
275.7933653
283.01824
292.6611381
294.977817
285.4677376
292.2023244
290.0053871
307.57542
310.8951501
295.6015196
296.2371998
288.4352378
295.5408925
307.0157534
299.9945071
290.1238788
286.2227268
273.678015
299.0672239
292.6084145
287.7333358
284.3425376
285.3840778
306.0366794
295.8504385
291.6058055
289.2184526
291.5438284
294.4643969
287.2015737
306.3033886
305.4937901
298.6933562
297.4870139
296.1677582
295.2651344
300.6767692
312.7078299
311.9563344
311.4851382
311.8339001
302.3348328
291.1440864
293.6935893
284.3363444
304.7618146
320.7569116
325.5170192
326.9147446
320.3231314
317.1306513
310.8440227
306.4887902
303.18558
299.6654078
295.5978252
291.4497473
278.7520899
284.6796678
282.7914432
295.0165537
302.4161692
300.5872516
289.9465991
299.098936
286.3399505
298.4823699
288.9262376
295.7025202
299.9680097
307.7415223
314.5042748
317.5585089
308.0152471
303.2325234
316.9706462
307.9844147
315.3891484
299.0857246
296.3028748
307.762616
329.0020192
337.9943439
322.3761783
312.0474627
301.6238666
301.4033216
308.8473709
322.3833155
317.2965195
307.4482839
310.6080659
300.9288325
304.4969709
320.0023845
317.0801972
311.7725886
298.7718911
313.1309921
330.4401421
327.6397675
303.9518902
294.3643538
294.407141
293.756945
293.3582833
294.8696009
285.7291188
279.0668807
290.538098
300.63586
296.1883799
289.6984777
290.8149952
313.7265169
322.9349356
315.5910757
330.8722555
316.6656808
317.1043772
328.9711128
341.7510922
304.3738274
286.0907326
282.7256235
279.9437648
284.9094428
283.7349149
296.7565618
291.2047389
289.716253
288.7108743
292.6282533
308.7203475
315.7618134
312.8538818
305.7836247
297.5625388
275.6839597
285.4996962
288.4659229
290.7754618
290.2142482
295.8453248
285.1141027
287.5055721
295.1688555
291.5940044
281.9699109
296.5617193
301.9934504
316.2842846
316.2436381
304.6127662
316.6642968
285.9173387
300.4190048
312.8925799
310.238109
298.5475357
305.4167118
284.9581974
272.6301177
278.4049511
295.4042943
292.4269767
282.8817454
285.7155152
301.8594283
299.6246617
304.4878326
300.3769258
303.2907343
284.3615459
284.6742397
303.9662488
303.4977625
310.2343776
308.7173193
315.1343516
321.6054582
321.9953467
324.9482248
334.7572908
338.4673061
335.6587486
332.1556268
319.0591864
317.9489644
305.0847109
300.7777697
289.8612677
288.5571704
300.94331
313.4219002
268.0649542
263.5700174
259.6911142
276.9688937
301.6733872
302.4787459
306.2280175
298.8235897
300.1068389
300.4382999
299.0108315
291.5029741
299.9456375
305.6793481
313.9811422
299.1606283
278.956717
268.6320957
256.7528707
268.6055576
289.2078892
289.3536658
303.8814254
302.908348
289.5569292
287.9159933
302.8629584
283.0598157
294.2512226
290.9653575
291.6551648
289.5169428
307.3193393
312.3719814
297.2761077
297.1100433
301.9344814
303.3765159
290.974451
289.2824112
304.5804873
302.4790432
300.9769489
290.0771085
293.9845744
294.0504107
300.7543816
315.1876104
310.3760626
310.2109395
309.7313204
293.6361678
307.1129285
301.5123014
292.0552569
302.6738197
312.8625421
317.8559122
302.8132064
298.718926
294.1747257
288.3152136
285.1315362
278.8578764
284.7549553
280.8530403
296.2781079
292.6518493
303.3477379
300.4133327
298.6152921
316.8855808
308.9832134
291.5043747
289.2186041
272.1230281
272.1784481
281.7442788
288.2803085
289.8857585
274.2575609
291.8578165
289.367159
286.2806027
292.5441485
298.2550084
302.638601
308.6537447
293.8889104
288.1181037
292.4628681
294.5649991
276.2492126
282.3432683
269.368497
275.2732188
272.2853929
271.6764166
284.2121427
278.4988364
277.8212366
279.8202857
280.8615678
297.865442
316.5124498
310.9471459
310.3864791
309.9670348
289.8500632
294.5566191
282.660675
276.5419875
284.9408667
287.7923794
307.9417294
307.7172706
308.7025065
293.3128389
275.7007017
273.3348913
290.6330767
292.3065862
290.1007826
282.4810987
279.9953909
270.3937615
274.0383062
297.8051078
309.8195493
321.7543599
326.219071
323.7997683
317.9453925
304.337038
318.1027099
311.9709194
306.3245367
305.6826663
313.3708142
296.7740506
318.8686115
298.5312842
298.1056417
304.4198156
282.7522429
270.3260248
271.0277439
271.9376891
282.5008303
297.5251045
306.1784263
319.2760709
305.0677172
295.4323341
317.3724874
310.124696
319.0476834
324.5627508
322.5930178
325.1671294
329.1727337
311.8552074
310.217968
286.7365907
285.9003041
305.1654957
325.3706233
312.5313779
301.9657995
300.6674954
311.2562435
310.7855024
314.0780207
319.6833479
310.4057207
304.6825834
311.9514794
317.7726135
318.9814412
323.9955118
334.6742848
328.0666104
315.2366046
328.0563691
324.3199821
302.2819561
310.2117068
327.6786183
322.1032528
314.3744203
302.8838289
307.5788181
291.2504724
289.6289082
290.2934985
295.6214011
301.8762494
306.0261302
298.4860442
330.7600302
308.9678301
325.1300517
342.5659846
326.3427035
316.8962534
306.7878036
308.5999249
313.6134463
316.9499014
328.2188328
329.931958
324.3709613
346.0654206
329.5474673
315.0797118
316.5848044
299.7522709
296.08939
293.2175991
299.5936046
316.0094261
320.4389494
322.5089899
320.8620091
298.0683798
304.4988455
307.2286302
304.2164935
289.7293161
289.1141083
284.242599
274.7595438
280.4903749
302.9775974
311.7702042
319.1572084
336.3678931
346.4190758
329.8396476
331.689919
286.4567722
290.0544915
285.264895
286.6814894
290.1201662
276.0798022
281.8051939
283.3314574
289.4656044
286.4634099
289.0352011
307.5146852
304.3357256
304.194588
306.8641265
317.795238
323.2342337
324.5850108
302.6739798
279.5900498
279.725603
278.838844
284.1167164
290.6046053
276.859123
277.3908728
271.4589759
276.1526599
270.1417036
289.4840986
275.3559559
283.8136928
273.3745984
271.2148508
272.6822552
273.4470533
265.9867219
264.4867834
258.2895246
270.1212264
287.0341069
288.2962731
283.849642
277.5069247
275.9134662
273.3666978
285.0961907
294.3742641
281.6920078
285.066398
284.3939788
296.470041
297.8063349
283.744063
282.4962867
291.8544592
297.748992
303.9864866
289.3123177
297.1185261
322.1395281
314.2155555
320.7029074
309.1533151
296.6676154
293.7745076
314.4568535
310.5348345
315.7932892
314.6450715
318.1054162
314.9114021
313.4517687
317.3289179
310.9516002
309.4322304
314.0416796
319.6892939
325.8913986
330.3551431
325.690615
320.6107665
321.1687551
313.2475454
313.0459078
299.3433555
306.8236084
309.5997978
299.8126288
310.7203056
312.5050143
312.3262283
294.7402074
303.6132155
318.5900299
311.4633944
311.2483542
317.6368458
317.7879208
323.9475567
292.2616194
299.2226345
303.3809727
303.9685795
290.0881441
296.4922741
308.359207
320.4393964
303.9142001
297.466705
287.1909196
294.229504
281.7738632
292.9606727
308.2226116
319.5528202
315.9840121
315.560405
308.4438406
291.9213657
289.9097213
290.4597925
295.2344775
302.8529615
315.2815897
300.2674745
301.062249
309.8875505
311.5098583
303.041766
296.0789318
300.9448368
309.0879146
310.872578
308.4763416
304.9698191
291.8505289
282.9285651
300.2477971
286.9803738
295.6852908
283.7905966
297.1650466
305.3924132
295.2803575
283.6086009
269.7137144
265.3885409
245.0138515
260.4997856
274.0435895
283.7234301
282.7915925
286.3539311
290.649346
273.6751273
270.4828691
283.8901763
275.805815
290.4726054
293.664133
296.6626995
294.4814286
287.106248
271.1784925
272.252815
276.2708147
298.426933
306.2424297
290.7399273
286.7261158
283.3582383
287.5441999
275.2505462
269.0703128
281.9373589
283.1981086
288.662602
280.7807013
275.2089076
318.6654716
317.2501783
313.2530042
288.2765675
284.1098647
279.6530294
291.0286164
284.4764244
300.5749475
310.5548577
295.1496572
296.0387989
315.021872
305.0686224
308.0742734
297.8779309
303.8928328
316.1043637
324.5918666
326.0295598
301.5806499
295.1135797
295.3160996
302.6314274
308.8711864
311.9682461
314.0053577
303.9308397
300.3701872
302.1635742
300.4658124
306.9999381
308.3784419
315.6812129
312.1256989
301.0895894
298.0603303
288.642876
300.3272774
300.8535323
263.4961351
275.2413949
278.6261977
296.8020331
300.2779258
312.5719742
302.845588
311.6958876
297.0104663
292.714027
292.1569761
296.3806585
294.9734263
286.847589
281.1831124
287.926415
290.9708547
290.5407167
279.8077335
272.1713293
285.6383864
296.5964426
305.2267189
316.1401532
317.1433355
298.2336856
310.1040013
290.9814286
285.6834632
289.7902349
285.6358498
298.5274185
297.4690859
304.1639837
308.5476021
301.013503
293.2260695
299.6142864
298.3687688
289.0658646
317.3594376
318.7381557
330.862709
308.8118849
305.9789594
312.5182575
307.5255893
311.555115
313.3935711
316.3496251
320.9289201
317.7133015
320.0444844
316.4216239
312.3286751
310.5397234
307.2726153
301.5304807
305.9852459
321.9582474
278.7373553
289.6876925
289.6607045
287.3338227
298.0980931
294.6679597
313.5950872
302.6030806
300.9376058
307.3836681
312.4255918
325.9148297
313.4731329
308.2956547
303.8248185
289.8771052
300.4436684
291.2656082
286.9834664
281.4786717
313.466862
280.1271448
274.2922981
278.8961215
276.9751887
281.7686679
295.3739686
313.1116157
322.1161607
302.3977045
300.2156068
298.2424177
294.3118831
304.3036817
314.6819602
310.6961703
301.2130942
294.4900991
311.2707018
312.7025961
270.9474392
297.8501317
296.8577251
287.0681062
301.9752396
303.573319
308.3817164
295.9232583
282.4242622
281.9846933
281.9355892
283.1186209
286.6552706
290.8178236
298.9248033
309.7317586
316.596103
313.5682434
304.5863383
280.8503895
323.5069372
320.9241213
310.3982442
301.1601411
288.8101604
269.853842
271.3538423
278.1663226
300.6135816
295.5706697
310.415074
321.086202
323.9270183
319.319108
309.8788274
301.3491014
295.539804
283.1252386
300.8485699
315.9117654
299.1938224
296.15322
297.5045895
306.0459614
312.7530398
314.5474276
312.1548549
301.5818705
294.0690636
309.9617508
318.948664
312.0446908
304.2364259
309.1763445
303.8444165
309.4715084
298.6725378
301.9023863
316.1321876
308.6919435
316.399398
307.7517605
313.1927905
314.0986624
307.11773
317.3604662
313.8414349
321.3933333
311.7709483
313.4835892
315.0219133
324.1749078
329.0291246
318.4477939
315.8099592
315.8952513
298.1931307
285.5617555
307.8809358
330.0919832
330.871713
330.4925862
319.5664766
325.4494885
314.6230862
308.7907566
306.8941039
308.6703273
309.4585172
303.2110807
300.7715955
309.4435012
320.7537409
312.9280063
305.6361016
301.8250538
305.1813064
322.8313807
321.4054427
315.3659991
317.5740791
309.389388
306.6611784
305.2897288
291.3751772
284.7575234
277.3769109
278.8305986
281.4990444
289.4717664
286.7089975
309.4446124
306.2533874
314.0331698
318.5845027
330.8803102
324.1874998
324.949214
322.3639098
315.0024781
296.2494961
296.4074008
302.5220416
293.4128142
304.1768927
290.0409362
289.9373636
299.1212389
297.2721449
292.0808431
305.9080718
310.1317623
311.1852575
309.07031
300.6894446
308.2269858
302.7455052
311.9854754
309.2640239
294.4867525
325.7054581
318.9465245
336.526239
335.7407894
317.7102329
301.6095907
288.4243371
280.6594104
306.6139073
319.9808762
312.4556666
302.060144
319.0847778
317.6652269
320.5247844
315.0284589
315.5439709
308.0114653
306.5734731
324.9301554
321.8219347
297.6576574
291.228891
296.2976326
310.3966863
325.4196114
300.5703015
310.3380805
310.3465826
297.9435199
305.2855681
293.8236869
302.6369189
296.4416477
304.5873183
301.5050338
297.3440932
312.6033601
305.3224433
313.8548015
321.8769064
319.2692162
311.3758305
320.4185975
300.6814425
288.3596845
294.9066978
294.4861268
277.0823338
280.0301226
273.6962267
286.6455605
276.1279033
296.3948606
303.4843595
320.5129087
330.7318658
336.5174612
336.0935988
321.5498883
307.4047058
296.5361587
286.300325
276.5865878
278.7011136
275.6463246
286.5045929
281.2943524
298.8651949
302.9817886
305.2762032
305.254028
296.0222571
302.2103101
301.0070769
312.9209992
314.6714916
318.3965926
322.0459956
323.5437993
293.6690557
295.8226445
289.5372087
285.8044225
276.7145266
293.0107477
295.7484016
306.0080435
312.6153978
324.5627603
321.5178435
327.7033515
314.6715734
308.0190661
316.2667863
307.4583897
318.3288403
304.3699003
296.6416062
298.7510836
289.9763282
284.5976781
289.4976527
284.1679292
310.6567538
303.7038217
302.0988963
314.0801591
313.7784541
299.9740605
294.2754606
277.0137068
300.5869097
307.4830242
300.8316483
296.0136494
291.3389707
286.3303664
291.5807491
290.382494
314.7141112
311.2759269
298.9385288
301.0875425
295.7326401
291.0941111
288.0107415
300.1360592
295.010079
289.7361002
290.8365392
292.5726421
308.5731602
308.2543954
307.5285326
310.9419191
314.5382285
296.214785
311.0199156
302.7007497
310.3576892
305.546536
299.6059924
302.7642398
324.6411827
334.5768999
308.9277669
310.2936638
302.2717337
298.6337204
307.5131076
298.7951464
305.6617538
311.0312413
321.4018269
324.1613453
314.5172935
318.1702738
305.6900938
300.4858745
276.880916
290.1831658
290.2346914
293.5416811
288.2320411
286.4096168
291.8386664
293.8244879
299.3041262
307.9512813
303.0637138
301.3651807
284.3149366
280.2722547
275.1874395
275.1484508
280.2483367
279.4071389
273.5252089
278.9363802
307.5755467
297.2150617
298.1095022
304.3054971
295.8621124
286.3991768
275.8263276
298.5588418
327.4009689
322.0444674
311.9540582
304.5950611
302.6983528
300.7865016
298.5618112
301.7882487
296.0641325
290.830429
285.1724875
304.6118165
299.898439
299.4387263
298.9570622
297.518399
293.6424656
315.9675521
311.1336943
299.1689308
307.0459951
312.2521269
324.3646953
315.4520211
307.2646916
298.7681296
293.6966385
283.372586
292.493538
296.6658841
300.2935322
303.8964779
280.9607037
295.4617266
297.6572719
292.8649515
315.2825226
292.1013955
270.817473
294.3547932
301.2311553
297.5806492
290.1062469
284.7636312
307.4150265
303.3360729
297.2663489
294.6962214
308.2922207
305.4550634
284.6435572
283.7410849
303.2317257
307.6189017
311.8110805
310.5151054
321.4339761
316.9514461
316.1328397
315.6553032
303.7653937
310.7540764
306.9157067
290.42713
276.6268796
292.8515916
288.3660582
287.020672
289.7417896
294.1245863
299.6637274
285.6747532
305.1867606
307.3312461
308.5575674
298.8941329
297.8839342
296.245141
284.1333354
291.9531252
306.1972365
312.9993139
324.7840367
323.9004829
297.9042307
299.9216254
310.3154261
324.7782152
312.4885596
303.4707998
310.6725982
322.3225503
300.5923859
300.085124
290.2021669
301.3083101
298.5964032
313.4978253
317.8141351
298.2140298
292.8032233
285.0829157
287.0646601
297.9399652
302.0820483
301.9729137
321.1667163
312.7883818
319.46337
304.246271
297.8642427
287.4336764
302.8609137
308.557022
317.1202282
311.6771703
306.8064334
300.1460472
305.8090598
305.3959967
295.657231
295.3983571
304.5124843
287.0243068
277.0430791
274.9613505
280.9102191
269.7396722
277.1467874
294.7077876
299.3227698
304.6018293
262.6886981
284.8079054
293.3590518
295.0892849
307.700072
320.7682746
321.8150015
302.4325176
302.4236878
288.5051027
284.0566332
279.5703123
292.3499737
282.9709425
276.5456143
273.896004
270.9115402
270.1883681
273.6489817
265.8561175
292.4160853
297.7820472
307.0613967
311.2413888
310.1006797
303.3501856
302.0352142
308.2214983
307.4766337
295.5931547
295.139969
300.6002915
311.8948929
309.2467158
304.7853265
296.3417328
286.8956574
282.2024824
275.0569519
288.0701204
286.8877498
296.9989765
306.2976025
299.1214389
295.5619433
291.9432251
286.5040447
274.5590508
272.6209938
282.6900351
301.8573997
305.8717738
294.6300956
288.4056764
295.4248092
297.8507618
282.3060864
285.4971584
294.881754
307.4936051
312.687264
288.6894392
279.495226
295.731289
293.1490258
293.1667775
308.7307031
312.3063288
318.5656217
319.5548521
315.4083122
305.5097412
318.9415282
307.4021782
309.9136018
300.4142617
306.0074356
307.2943337
313.073425
302.3651195
288.9107441
293.2738725
294.587846
300.9163796
293.6118572
291.3229608
299.4661847
300.1200352
310.4666933
298.6506922
288.615669
283.7010361
303.9848899
289.4081423
298.0884152
311.2906027
298.8275536
293.5844382
281.5991267
285.5589968
286.382159
302.3379527
301.1480197
291.8447412
283.703039
303.2764042
296.095264
298.6133637
313.6917783
310.1592763
315.2545386
320.8947368
297.9727391
300.2215158
285.6770809
284.8369147
273.5723671
286.5944353
277.9731104
290.8463428
279.2179193
279.9752672
287.9946267
302.1485215
304.0608931
298.5187148
302.2085709
290.4985005
306.0339817
304.9652352
304.234793
305.9404804
313.980641
311.0106208
324.8470839
307.7730677
303.3131038
307.6575012
314.0555899
307.1673062
335.7781774
341.3614104
345.5197408
340.0150276
332.7572842
311.3718708
313.8961338
318.0305976
302.1567302
292.6240324
308.32536
319.9443659
318.4567799
314.1785542
299.4635142
308.9202052
307.012343
296.868892
315.5047984
336.917001
286.9924702
279.672802
273.2588417
279.8946034
278.5606957
290.1368462
292.0470009
294.4138681
303.0716548
298.6420591
307.3109238
310.0725048
318.8208036
307.0426897
304.0661751
297.8807265
304.9699289
309.3350877
289.3009564
286.6594776
288.6611146
305.2161274
311.8353164
304.0168017
298.5072775
294.1619085
302.8085682
302.1004708
283.3113217
296.4400578
299.5997374
297.662963
301.1873053
302.6677225
313.046495
306.8838036
298.6304003
289.4680815
287.7215869
275.8732783
277.4114214
283.59513
282.5429751
297.5438572
285.2222883
278.847081
300.0447599
306.0768742
318.2308632
303.045934
305.627315
302.227081
300.1528925
298.1053631
303.3740033
313.5683634
304.2727954
293.0086753
279.9318133
278.5684618
319.4542708
312.9211763
297.7906759
284.0058892
288.5856774
298.9416788
292.6109001
297.7804562
280.3517599
278.3896885
293.4895645
303.588954
317.7041488
320.1864408
318.6064979
327.7078472
330.3678565
334.3838612
334.4568865
334.0618945
332.2227011
320.363273
327.7163136
331.7597562
334.9035367
324.153707
320.762129
314.8436115
317.379929
308.4168236
294.837347
289.3642624
276.2992798
289.8493828
303.1973549
305.6086736
306.9972217
305.4408598
317.8200077
322.1897216
302.9584518
316.7677008
304.7349237
300.071362
303.2481822
297.8576924
304.2691255
301.151056
311.2199051
329.4523469
317.2601515
325.4657276
328.0356391
311.5322329
295.4875807
285.879732
289.9212449
298.0388324
287.4035571
305.3882981
292.7884771
279.6421721
292.0362686
285.6954358
288.4915263
304.7062957
307.130709
306.2155176
301.6324297
286.5334488
291.9148951
288.1513371
295.1202544
300.0146494
314.1038863
314.4423082
321.5846995
325.2185575
311.0004806
288.4480765
306.3614362
300.7487398
312.7633721
296.8384196
301.9547825
292.3570172
292.2335453
288.7421954
302.1052736
291.0125035
295.9108651
310.3802298
326.6423653
326.5945059
305.048688
298.9244168
296.2849628
288.5413172
283.0377761
297.5298033
310.4883846
296.3614641
286.0775432
292.9232611
301.7559616
312.1543163
301.9211822
301.2484531
288.6777954
300.8345392
305.1533403
294.2529148
283.0252482
283.046911
295.1617427
300.8404968
312.5144446
304.978945
312.9478333
316.4915129
296.3643436
300.6214159
291.9476545
295.5230657
284.7866439
295.0086368
297.1163017
283.7289119
290.22986
293.2581036
297.6124763
318.029731
317.8611057
318.7028723
318.3922897
305.9707675
309.5221577
307.2803692
304.2508518
307.2866358
310.176217
305.3351795
297.0969538
296.5968145
310.072657
294.5460369
289.0964263
290.6421062
285.0131065
300.6384558
306.3159816
291.6803542
300.3895832
308.2363783
316.9780139
304.8134111
304.4015503
301.4014025
306.2298138
308.7108442
307.850762
316.9519744
321.1781302
312.9549248
315.6946967
333.2368834
335.4934338
306.8445936
278.8588708
300.1766234
295.7363879
304.8000961
303.576863
301.5632887
289.0575333
281.0033174
286.3280321
305.515992
301.4647184
301.9851464
299.5045256
289.7916074
280.7337391
279.8085706
289.2743769
285.0218165
293.5228437
277.5338055
274.1705753
286.8445412
293.8312403
309.5866314
333.7901314
325.3287069
315.4233809
298.9552369
303.6023502
280.1087768
285.8552022
294.3308865
321.9756901
315.2124402
316.0402313
319.4403776
305.9106527
279.9204047
273.7741782
280.7267233
287.1877856
285.8748471
286.5151008
291.2919455
308.661086
314.7631129
312.0818718
320.6482489
300.7423201
303.1148897
306.8285378
311.6290837
309.1840716
321.9322214
320.8898734
311.5177892
326.9856631
332.0695939
331.3265706
322.8637965
295.2256341
315.984469
311.5246199
312.3877587
304.463002
312.8782777
312.9986557
338.9737167
350.3315525
334.4071821
337.9493884
305.9082555
321.06566
319.0190918
305.9076025
311.1488769
287.573471
291.3507766
291.4425961
291.8332502
294.0229448
294.0629685
296.8794146
294.2046569
285.854918
295.1468846
302.5315032
308.876417
311.2339852
315.1476959
315.9592132
318.5024994
314.1493568
312.028101
340.1036515
337.9494162
338.6969414
329.0612215
318.2818739
312.9135387
316.7013085
291.1938653
292.6746414
301.6486758
297.2958454
321.1936605
324.5753402
298.7445182
320.0434584
307.5112811
319.1106737
307.3512227
311.8625509
305.1211079
292.7864455
299.6860334
317.1840737
301.1376086
298.6272714
298.3076644
282.8151528
300.631112
310.7669663
324.4346627
315.2727304
309.940202
313.4170656
326.8803336
291.7880315
294.1739643
304.4614689
310.9272442
322.3236667
323.9091618
313.2550598
302.1048974
295.6689432
301.078059
293.7209416
291.753203
303.0882479
324.1583643
322.5536714
312.3567613
311.177787
291.7085865
295.1686765
295.8805497
301.6077357
304.8731757
300.5024669
315.1622889
325.985826
304.3620421
298.3681323
296.0864305
292.9162629
287.638633
273.4757624
272.9376748
285.9552784
281.1644537
288.0011006
295.7249035
286.0645042
293.4144027
295.9207773
302.5156818
316.1818369
317.834291
329.3145146
316.1034915
308.7527136
307.758413
300.6766707
297.0355184
285.072961
301.8082628
303.1258338
307.2139522
310.575994
315.6240684
313.9745369
311.1000634
314.8889643
322.3779914
313.7674726
306.5791439
299.8839523
305.6686729
295.9276456
304.8172324
297.9486512
285.9989271
279.8646052
283.74284
291.7893545
280.3659152
280.5891489
279.69122
294.5910917
309.7823325
308.3464119
310.0064032
294.9814224
282.0869392
289.0089628
285.8585282
289.9432187
278.891781
292.2386635
287.3685785
304.1078396
312.3335173
307.1202396
293.0955058
290.6117547
306.1220046
301.0302517
298.162358
294.9761174
295.6973433
300.4224345
308.1743604
315.8899562
311.8337593
303.2970673
319.7846945
316.6501104
319.4607515
318.8920031
305.0786626
318.1625044
321.8753229
330.2164278
332.435119
326.4359833
307.159173
316.2366881
310.8194325
313.6955519
338.3538475
326.4911891
321.961597
315.5934905
307.6371683
302.1390525
298.1323049
297.2125446
300.2028511
301.1871245
310.6536764
319.4029778
310.1630551
314.7320783
318.3443292
314.0213971
313.0647391
318.3294927
315.568169
313.9459113
291.5234466
287.1147766
289.4428937
283.8065991
281.4724092
278.0247201
280.6976041
286.9046436
296.9822214
303.2841495
309.8182589
312.3043213
295.4434257
312.301438
317.8411093
312.5197171
317.6140152
309.1184272
305.1455076
292.6226814
276.4769
279.8529969
287.1690826
290.787441
275.5400737
267.3177916
283.6560833
280.6705966
301.6402156
311.9531067
310.7868097
317.3341701
324.8619056
330.064696
324.7074921
315.5217933
308.2560726
315.9430625
310.9602917
313.7074032
315.1978851
305.0440931
303.0165422
301.8660702
308.4293358
302.8840444
298.8984745
304.5051972
313.4754407
302.2666721
305.4306811
270.6725339
272.8333234
264.3451656
275.375683
264.6471081
296.1309867
294.9995159
317.6127192
327.9420815
318.3908557
327.4085898
312.4737689
292.5868378
285.205062
302.1326675
302.6735833
283.09587
282.7132477
277.2438306
269.9705466
291.723485
284.9363757
283.5400097
287.6768883
295.3360528
301.2691959
300.8172374
296.2465592
285.6429308
296.9903298
302.1629359
303.4888073
282.7664576
292.0960705
299.5982648
304.7977873
303.5918609
296.1303697
291.5120602
277.9838236
314.8777221
300.8634343
297.6161914
285.9102148
300.9283557
295.792403
303.04257
293.0305608
305.9777014
304.4278911
290.2934141
306.9698092
288.6117486
289.4901397
291.7078801
285.7933796
299.1459087
303.721434
296.8524851
304.2660053
317.4258452
304.9688187
297.1368346
301.6921779
289.6706263
293.3431092
284.9228842
311.4060053
305.0788137
307.7542129
321.3044463
319.0160934
310.2352664
296.7057905
304.4216899
312.9918858
332.2072855
324.3037253
324.6303667
324.9484324
323.4840716
324.02552
322.0227975
311.1152855
299.7622255
293.9975137
304.011014
311.8544001
305.6472896
306.5138087
318.3399444
313.0119153
310.2788297
299.7889827
291.8036984
291.4352417
292.6038524
303.980906
313.7559896
332.5173175
303.0084848
312.0288765
293.9991006
314.7436258
305.8521133
311.8248405
318.8612927
318.4488541
308.519121
292.2624146
285.120301
289.2027298
296.3010659
311.37477
319.8636164
328.9165323
349.9563636
341.4371272
329.504799
303.9371449
286.0200291
284.7381528
311.681524
317.7883467
312.952215
308.8712859
302.0808742
285.6882478
297.3784352
296.1036778
281.6160501
288.8122282
299.9145634
303.5190289
274.1297327
288.6374296
292.2298982
290.3258447
283.75816
287.9739909
293.8106182
312.0364703
318.7365112
298.0857038
309.6846606
304.6703253
328.2640741
326.3043408
313.2957475
297.4994961
295.0359915
278.3034393
280.9320099
276.1107872
282.0169029
283.3138823
300.8215694
311.0369206
317.3322842
308.8498283
277.0709754
292.941792
295.3608244
298.1579538
285.3796808
301.923905
297.3809343
303.6620747
297.0800164
302.1667628
312.6287332
330.1236585
321.9553479
321.3435931
311.0326486
299.368849
302.2178474
305.6166147
287.6463573
290.6560938
286.2868733
281.0026112
292.2522823
309.6033444
311.0295024
311.9556778
312.4197228
312.5141932
305.9872079
287.2337789
288.0179105
293.3738542
302.3459433
283.5956018
279.9547207
303.1410628
309.6405971
298.0948853
298.5120049
293.9582379
278.2385844
278.1622214
272.6505142
277.6362728
271.2734379
286.3139436
275.2415526
269.7455945
266.7686164
275.4683666
274.5635651
286.2502417
288.8872749
283.0900838
286.9631083
278.9108947
280.3425636
272.9049543
280.3322614
279.2716923
306.4531901
311.8274887
302.8944116
302.253922
303.1514375
301.3266914
300.3724073
298.4325964
281.125617
271.5795395
286.2427491
289.9004126
275.4972217
297.7973612
320.2851908
332.6944066
324.6543925
317.3287336
315.8579939
298.037416
287.2430291
286.2207125
300.3345223
309.4108932
307.1542769
319.5297789
311.0525525
300.836366
301.9556183
302.7294295
289.7146846
295.296838
302.9000796
303.1006788
295.7828452
286.7860833
288.6400553
288.0065438
301.5645072
301.6476724
329.5174408
324.7745816
319.0998085
308.5194337
300.2850705
306.0337146
308.9936365
297.2890206
304.5288462
309.3428717
294.464613
278.1168131
304.1787213
309.4449036
310.7373921
311.7568891
311.0438982
308.8003276
313.4173115
310.6878762
276.9005482
286.7045602
289.9168922
292.9872641
282.8962231
282.2346407
287.1598547
289.8958369
285.199062
281.791538
284.8950271
284.0412392
280.7545799
279.2124338
291.6074412
301.1093079
306.9421125
301.2402018
289.0580148
289.5875696
285.3170887
293.4204153
279.8164127
315.5522082
324.5245637
326.2569184
327.7379719
318.1962822
310.3398031
313.7101998
317.5771851
312.4441896
325.8348439
328.6023087
317.098765
303.3373574
303.4367713
303.1933401
304.5085693
292.8442726
299.5283814
295.3541224
303.0363699
310.3435873
306.1615088
302.5050259
300.244794
309.7888864
310.1364062
300.3638923
282.3183405
268.4941406
275.9381321
282.5379355
290.5328311
270.3841574
283.0862249
293.8074264
306.739243
304.8647851
291.55583
297.1813056
303.6039228
313.3731558
297.1286978
314.5371965
303.4418134
291.4296205
294.3693622
291.6712652
288.6600691
277.0685461
291.1729918
284.3273473
274.4066865
276.2723599
286.0309785
297.4006202
293.4292235
290.0581594
264.1297915
275.2376581
285.6591582
298.6304172
307.4561987
288.8543232
300.0423134
304.5002578
300.6704089
297.3853277
298.1496693
305.5530772
310.2437369
316.4318868
299.9311634
285.7326889
292.4778769
281.7078991
280.4242707
267.1227276
295.3606476
316.3382362
314.9341393
298.5741496
299.1312499
309.2987514
307.9371282
312.463014
310.0384817
311.378884
319.4825354
315.3075693
308.7904021
305.4843012
295.3178732
305.8493865
282.4606874
289.4591548
294.6911744
304.2902079
299.6612969
297.1027197
293.3723345
296.2614762
301.2844684
315.0178144
322.2425321
327.9877818
312.8319452
312.0868785
316.0651079
315.7581582
309.6303419
317.3619647
331.6076567
330.0228831
318.8798054
306.7436002
301.42281
302.1862247
316.9684956
298.7099721
293.9585909
302.5495399
297.2547601
291.9422301
288.8055317
294.1418783
314.7728639
328.2742793
320.8858272
328.2780961
323.9571117
308.1450865
294.6009529
296.847651
301.3353069
294.238068
297.1784774
302.062338
265.3475588
275.2348456
283.9362655
296.9895424
304.3859544
318.8277246
312.1545639
312.0811014
299.4692796
292.0067831
281.4338858
284.1246228
279.8461455
286.1563716
310.2553146
298.4233728
302.4070772
280.4955147
275.0581073
273.762247
305.1517484
294.5812828
287.3009018
297.1880174
289.0752894
304.2325006
295.7165466
281.9771715
279.9828337
285.7662852
279.8689577
279.7336976
294.9594575
305.4694239
298.4381118
303.48864
282.6979128
304.2728799
304.4540339
306.873313
299.5402913
295.7750154
305.2273645
308.8759388
311.1409679
315.3033983
292.8803824
306.9772823
311.0590125
287.2878158
310.4690128
299.5748409
290.1298089
295.4759067
300.1394671
305.2728517
302.614343
287.7368846
302.746725
301.7982568
316.5339286
316.6896852
304.2456681
293.1848689
282.0688585
287.2714547
304.3399784
305.423564
305.1023925
298.0935752
312.9379604
297.8731108
307.9849806
304.7489491
310.9492787
304.0255691
296.1530976
312.8950839
305.1420157
307.3826986
291.1845201
276.3416007
288.0727276
293.8138466
297.8547131
287.9261212
288.1426001
302.6542795
305.4242812
297.5571768
299.5730656
295.2528302
311.717326
310.1561044
323.0826587
307.8411283
324.4562006
313.0121088
300.38418
289.1060437
301.6662635
307.3788192
307.7348263
311.5718055
318.8986047
304.981438
293.6450992
321.1581203
307.0389644
320.982508
301.1656639
282.1869438
306.2434493
290.6135681
274.8042706
273.1933713
284.8105798
296.911671
290.0449219
306.5875752
279.2082853
274.9995831
284.1953444
283.446894
281.6878122
275.9524618
282.2849088
293.6960158
303.9190542
305.0429473
322.0613843
314.144856
311.9589487
303.571406
298.1882218
283.1598423
275.2179203
280.3232941
267.8054679
263.7229788
287.0906286
293.0212425
303.4173627
301.4206077
312.1101296
299.141866
294.4233237
302.342703
296.7021366
295.6410576
300.2731098
304.9092436
299.4313302
296.8773978
296.0676311
301.2829447
300.5538705
310.5784127
296.7386214
294.2745656
296.370732
298.8139943
295.1893778
298.8410741
293.6424752
302.7594934
295.6732536
303.5568246
311.4919592
320.0990824
309.992079
287.1432779
287.1159805
289.7336408
295.7566295
287.6599731
295.1239488
299.9697654
296.9179529
298.8165887
316.3945512
313.7193496
315.8179247
300.1967594
302.3177975
297.5160041
306.3395544
328.3376805
327.7124332
319.825175
321.8232488
319.6311476
313.1780728
290.3566361
301.4275956
315.4600849
300.5155595
283.1980537
296.9933955
300.0702938
347.794302
340.4467769
312.3339421
303.5548391
297.7228221
294.7161914
287.5278855
291.4700904
303.8617512
300.8840728
305.3263093
324.8416583
317.9738726
322.1190588
308.552993
309.895543
314.0911992
328.6766314
335.6185998
346.340795
293.33521
301.4915993
294.7992841
286.9824916
292.3167052
280.7984683
278.2018815
274.8615771
287.2848412
277.9728153
280.0590739
276.8477591
267.4480605
292.2402408
289.1218554
295.6774219
282.5911124
286.5839459
281.3534813
298.9511096
284.5654965
289.637232
297.0836525
290.0837852
286.5468869
276.804712
276.6779785
283.575812
277.4664658
283.024021
278.6327349
283.5462999
265.5397481
262.3393261
278.7638416
271.8258382
259.1529708
267.3367647
280.0568337
276.9337366
311.6940909
290.2632596
271.5470625
279.3363796
276.1763666
279.0583982
280.8120534
279.7900202
284.989041
283.333087
291.7602276
295.1561445
315.5666647
307.0852993
291.1833093
295.5827967
303.3453528
317.9371178
319.0955958
308.2194702
306.9703986
294.7130005
294.0484492
282.7871037
282.1326766
280.6057325
272.9616339
279.6875026
279.8619559
293.8514909
289.3309625
286.6614909
272.2559405
273.9815253
271.4990369
283.3398276
307.1922373
297.776956
298.2299416
306.1118222
296.2010129
303.5414502
299.8206893
293.7032321
301.8137463
304.66408
289.3674244
278.1009662
303.6559765
310.8089048
300.1316819
318.6782831
333.7588607
324.8950266
329.6501168
321.8589867
282.4419729
283.8929383
293.1766918
288.9888102
283.9876218
282.4376829
293.1691511
305.9008284
311.8336429
324.2759865
337.5844614
338.9970675
325.0740153
330.4670568
332.2062743
319.8413765
302.8510533
302.3274034
294.263914
302.6764176
307.4251063
301.3689355
280.9177948
284.5108163
325.8223571
321.0562135
301.6047004
292.1501158
288.3515182
304.330244
306.5981728
294.7691833
315.8906574
327.4727569
315.6005966
320.4571969
315.6572982
309.2781502
302.2140001
303.4994269
306.9153079
309.595706
324.1287232
337.2877586
301.7570563
296.6059087
301.5977292
305.7164695
292.6007289
279.5995633
289.5835151
298.3417081
283.2279114
290.4902127
296.666769
296.9190907
292.8707384
294.8973866
307.6931498
303.0371597
306.5367142
315.8563477
309.1433007
291.5869561
281.5172403
288.0719335
301.0086081
299.5525323
309.3413946
300.7313127
286.3375951
280.4736196
303.4376301
293.8871838
280.189375
283.2054636
293.0037185
299.4991414
296.4415667
287.3380762
280.2150502
269.0675547
274.2534264
279.9914814
295.6462114
299.6406496
298.2938872
302.7256459
331.9423986
331.8250622
344.9563918
331.7945061
325.8898206
319.4400115
319.7982869
309.8244406
297.1270876
294.430448
290.1451644
282.3013678
289.3546999
292.0008354
311.8674986
312.6504385
292.4537478
306.0621624
313.0754949
308.0704947
309.8086217
323.2785094
316.4788256
295.6368296
265.7691554
259.5426781
268.0210144
284.9584848
290.9446856
289.7074362
272.3379546
272.656388
274.0164446
280.3291361
283.0945359
291.1677206
295.8206819
281.6493263
265.5316021
271.2824162
291.4639362
296.238327
295.7528319
299.3177896
293.4469179
280.64886
278.5912659
289.1526877
270.9772998
278.6402028
289.3845472
283.9962926
274.7658769
275.5371068
283.9761692
297.3657333
296.8761551
276.8481634
280.0124389
278.7481106
282.7967958
286.5121391
287.5321668
289.837867
290.3424339
287.0534188
290.3220856
278.1939571
290.4336727
292.9420906
292.3842083
302.6814602
294.0297429
286.7767779
286.3695626
297.0922179
314.5022686
308.948597
318.8381224
306.13447
299.06706
292.6883626
291.8001089
297.0261802
305.5829624
303.8126788
314.7171538
317.5308465
299.7759354
298.4056924
302.0481587
305.5725163
327.7534494
332.8316297
311.1193285
315.2581023
298.591443
297.7767605
297.6672075
311.6821089
306.2253098
319.4736801
320.8096034
322.2521223
318.8211407
303.5654705
299.3799556
311.6982974
308.8452042
325.5371926
315.7974191
303.125782
304.5915263
311.1506821
298.0864086
299.4336629
284.0742781
291.3667744
295.6799855
291.2628993
285.7565304
294.2353346
294.1629654
298.3857364
306.2392803
310.7778804
315.3575488
310.0633898
317.1820856
308.9737072
312.218552
300.2631022
309.5571944
284.565873
299.148358
290.0824074
297.9628789
315.5861836
329.4095877
332.7302031
310.3018209
288.2028897
280.9050902
293.8173417
293.3022657
277.0283306
281.0088115
281.834683
265.8033232
270.6463914
280.9053208
286.1312161
308.736953
303.4564305
304.597402
308.351497
268.7077658
282.9623928
292.0423008
295.2768222
301.2003825
299.6183088
300.0783825
298.5029589
302.7025614
282.7123362
277.3423848
269.7190244
273.6092636
283.2058688
289.7129807
287.4312871
302.5955206
288.4176409
290.2024005
277.7361095
301.4466267
283.0279797
288.5507662
282.7540658
277.5525163
284.3193596
284.6184505
289.2708164
270.2624718
270.8235823
273.8455108
285.0139469
291.2439836
291.6505709
285.5487237
284.4858458
283.9285477
293.7785384
289.8257714
297.9788162
293.3310132
299.9253471
312.5299444
309.1097793
323.815363
322.4387341
298.7646211
273.7292701
280.7765582
298.944554
309.353704
302.0723934
299.8680118
316.5422073
307.2200401
304.4543866
298.3516695
286.6018415
286.0025578
283.6593434
300.9612411
285.775891
279.8569284
289.3366518
263.0669613
277.3267309
290.8418093
306.7795356
305.6963753
306.3769735
295.2173215
291.2020891
285.2858367
283.9790887
291.9411791
283.6588601
296.7962358
307.8778369
307.5846106
309.1587531
287.2240849
281.0792973
285.3750675
271.9019565
263.2032137
256.9850381
271.1473238
288.2085265
279.4895721
274.0566778
266.6859217
276.4355193
288.8581518
296.3926696
308.017972
306.102807
325.0898623
307.8531283
290.1480048
292.0242152
306.083383
292.0981229
289.2484297
282.7863259
296.489613
285.3038965
276.0558307
272.8066002
286.9767473
300.8873525
302.5372901
303.4017065
298.8952932
292.978879
284.2810097
283.0037179
289.6855664
295.8222023
315.5987579
300.1900479
309.1729466
313.502789
293.9362966
287.1388596
277.653693
287.3510288
288.3032414
291.3705493
302.4364303
303.3012412
299.7114984
300.900014
296.7175975
306.2179602
310.0121113
305.4761963
304.1436062
310.8859792
311.1103057
303.4265001
304.2912928
295.5777898
296.3220913
302.944371
292.091441
297.1583508
282.0404853
277.514314
284.0644828
306.6337425
303.385391
306.2545312
300.5817146
280.0873183
282.396488
295.5909894
294.653349
306.6728228
294.466875
287.5143063
290.0146833
276.4024719
286.2116068
293.2435127
290.3132297
285.5204652
280.8299267
285.9561199
281.1011848
274.7406985
291.9219515
290.5027168
301.2410726
287.882223
289.3598578
299.4799119
283.9680358
272.54646
279.4860429
276.7680026
295.9349172
291.068725
303.601683
297.0131681
301.670567
289.7846096
297.9437465
301.2010811
314.5538935
330.1398352
317.8938922
309.6127265
296.8658348
292.925285
301.024561
309.844719
311.7181999
324.3451451
309.8596967
304.9984169
287.6849437
284.0659589
290.3610593
289.7484069
280.4175733
282.8038111
281.6422768
287.3637903
285.185708
282.7670822
291.2173868
293.4563728
310.9005114
310.6978832
295.1885306
296.8410989
312.6844982
317.4000678
308.7185673
303.7578487
282.7763306
280.5577545
268.151436
262.1709053
280.0334128
280.8990242
290.5233332
288.1958686
303.386636
301.1779793
303.5770916
299.0906808
292.3586888
287.8531179
311.9278894
315.4316195
305.2982535
297.8063138
285.4515646
278.238044
318.9833142
316.1497053
308.9383114
304.4664192
313.4891507
313.9298737
306.5859402
297.1318987
304.3049691
304.9716456
306.8582816
311.6058756
304.7477157
293.2303517
289.4773967
294.2616601
297.4332968
314.8812102
320.6353513
323.4925219
306.3979792
305.3243511
301.5272518
322.379123
316.8651042
323.7754009
312.8971686
313.4620808
301.8730789
316.0202537
303.7575891
327.24398
315.9457293
316.4300038
309.8494619
312.4963795
296.4258792
289.4518186
299.2574387
302.905301
299.9490759
302.3797313
291.0506949
284.0062617
304.4241074
326.5436716
331.6559707
329.2125989
315.8615954
312.3461087
306.0874297
300.5262449
325.8786694
332.30521
310.200839
303.5769658
316.652404
313.4108584
304.0059778
288.9920782
305.9005405
304.7118191
291.3507145
288.5070581
277.550733
299.8434506
297.5008092
298.510726
293.5014747
315.9932059
329.5145668
326.4189397
302.3940829
298.7881182
297.478893
292.3160217
303.5916499
318.2864631
311.9776067
305.8068252
287.7951085
296.2962867
308.943288
324.0704429
323.218765
320.0353175
308.1542506
313.9702884
315.0055622
317.3789051
306.3536942
313.399177
302.4193443
289.2765497
294.6196238
288.1411361
288.7515369
276.7474512
277.2320783
284.2454333
290.3224762
289.3166297
277.2499953
266.4609905
255.5620172
254.0266659
262.7184351
286.3572407
280.1582758
290.0922257
310.955127
316.5549939
314.1699596
303.3994765
291.0180376
298.8074584
294.0324506
294.4746408
296.7554215
284.6730656
313.6652402
300.9952263
299.430727
308.5437494
299.7742418
291.4241473
298.7230344
305.5096513
298.7442151
302.9436162
305.5926311
291.8456109
281.9219587
281.8514506
294.3267244
296.5991466
284.5580933
292.8060348
308.4598397
318.7835877
286.7165181
303.0844316
308.8230382
311.4454483
313.3508755
298.5949517
296.8892996
287.0382098
298.2852983
293.4152036
291.0767607
307.4881199
305.741105
307.8304227
294.1180563
293.4939487
289.2082322
281.7304817
284.9422057
284.4097866
320.3225918
308.8413166
297.0805187
304.9428597
296.3236677
295.397101
298.556847
289.0580562
280.5454192
287.1805529
299.7963104
304.806553
316.4069598
315.5866899
310.1903166
316.0927991
293.6979008
301.1284547
304.5301419
304.6885222
288.5507277
279.9949926
283.3367086
282.3354441
287.5094648
307.5551845
284.7840516
285.7792318
263.1452046
268.2520725
269.517693
280.6734944
283.6905644
289.855505
285.243206
280.0326533
280.2644278
283.7421221
277.5515759
275.5973223
287.9875612
289.3461714
304.2189099
303.346041
310.4375855
301.0319268
296.0389348
296.784717
296.5795555
297.6582361
283.743508
279.7701377
277.275885
270.6106555
275.948764
278.6361428
274.7500848
280.3131324
284.5238943
293.3795995
277.8968832
287.4625685
276.6935239
264.2044537
278.7429451
301.5079357
305.71826
295.7232732
276.230189
264.8943961
271.6119832
282.5138657
265.9549783
271.816475
278.8780378
259.58818
267.7515002
267.5868634
267.3439338
272.9983606
303.7270492
288.0303448
276.3357679
297.45533
302.0241434
300.3807924
304.0794458
302.6508857
302.9576608
296.0566203
289.7990972
294.6786955
306.3611975
325.6870397
312.1071303
300.6519432
305.6063888
294.2566269
288.6103003
299.7869605
291.4801483
305.698314
302.7980439
304.8526729
320.4004819
322.7578655
308.5706653
311.6962981
293.2229043
288.1630877
294.0448599
310.7222648
310.0233028
313.6786211
306.2572448
288.2217373
276.2839922
271.179169
278.8751471
284.1414734
298.9096554
295.1562576
297.4457005
313.8573345
320.6237504
317.7949601
312.9569634
306.9371156
303.1856696
304.9372298
284.4367648
296.3707145
283.1939802
275.6375679
296.335047
311.0397247
296.6020143
299.2323028
295.1798301
299.1972693
296.4534458
310.8855919
291.3764742
297.3900108
295.3221264
287.5721479
289.604043
287.9248075
291.5780012
290.3619853
285.2745955
296.0510071
301.5109282
297.8663709
278.1514646
275.4069168
283.7897439
294.6509974
296.9010238
301.381702
296.9191455
290.6930641
284.8352643
281.0916976
278.630468
266.3776267
280.6033708
266.2109319
264.0942773
269.5171312
290.4125598
297.5271484
302.3779428
311.0492484
303.8122062
290.8295642
279.719622
275.9271784
271.4117183
289.242164
301.0929156
291.0094956
299.3877357
293.7818922
287.0080807
278.7696789
281.7988193
291.6255299
301.3652339
281.6762957
288.0850595
290.8465034
281.6473493
280.8406501
295.1395691
308.7169831
319.5413843
314.165283
309.6601365
303.6002288
312.7903943
292.3705578
278.6506093
295.65222
288.3184981
284.0198043
296.8950705
295.7068499
287.0743117
298.4231927
304.3195218
300.4640148
304.2478241
304.5120468
292.1833943
286.0351554
272.128352
280.8720504
295.8946457
309.4718926
282.7911282
288.1462779
293.1417539
285.6148826
294.3206911
301.0282443
305.6188747
306.7590445
315.0146724
311.5943894
300.0067051
284.4785536
308.9707711
305.6326139
288.7776808
276.6993821
272.6032493
274.6484012
274.1840863
281.2198035
303.969128
296.4012502
297.5622802
297.0963789
298.9481103
289.7007871
281.0675398
283.5542738
284.9666242
283.9463398
290.144099
298.0064369
308.6788318
314.5694836
318.347337
330.8944401
332.2983641
313.8881212
310.9041298
305.1809784
270.7670943
250.030595
256.8315169
272.951148
276.8057579
287.7661957
284.2353142
283.9918096
298.6992542
300.5002128
299.8777467
296.9769112
297.5519826
296.1082096
293.9743259
283.0024041
277.4442801
280.889969
287.7534278
272.9148544
326.1918144
315.9560854
298.9609894
291.6255703
292.2204668
286.9849729
299.7120502
307.2339661
298.8995567
284.7705969
288.3811598
296.3492741
293.7872635
284.5830311
294.1724964
302.8421117
289.3823753
294.1562018
294.3114079
298.8762135
299.6233333
293.0985239
293.6526568
296.5499891
311.3290868
324.7649479
335.3322124
327.3136342
326.3231733
324.9754647
307.1064038
298.4243933
295.4295911
299.1068974
287.9375382
299.9782125
305.1566349
308.7103793
303.2147728
292.8229345
302.7497164
295.6816865
290.8637304
293.6462236
284.5253636
280.6748515
282.099815
294.1250339
306.29932
311.9325912
318.7090807
317.6086972
309.9053841
324.7941816
323.3493583
313.8520266
315.9679552
307.6634074
301.1708489
305.7444015
293.4907377
287.0178251
300.1754431
299.1497579
291.2964088
296.3703263
297.1660053
309.6957842
319.4950907
322.134075
313.284918
317.3001254
312.013089
321.7755648
312.7480537
299.5094983
291.4251624
292.4080859
306.5936947
296.9042479
298.1508742
303.3767168
304.1820017
300.1779969
295.2570384
275.5895644
280.2830777
293.1034228
298.9755071
303.249545
293.9920966
306.4263346
296.7053146
295.563832
294.549722
285.8769388
280.450891
288.8576526
296.1460823
296.0135897
286.9699198
288.6891653
287.9367002
290.341644
295.0910239
295.5383665
305.9585268
283.0666261
274.2749318
283.8350622
278.4225277
278.3055301
282.6948835
286.0457589
300.8503286
313.7220554
311.5980351
314.5723021
302.7546195
292.2078318
286.4893705
296.9345791
306.314313
295.0035528
294.5019573
279.4611337
280.5009152
286.548081
291.3869642
284.7176075
292.8365329
284.0021931
279.5809667
280.672388
282.6724334
293.6945284
300.7258388
309.375428
307.1102429
300.6432995
306.9486379
299.6817561
317.6482523
320.2266112
315.6392396
291.4724696
296.1662758
279.8312698
271.0887642
268.2379868
271.5418007
282.8819624
283.7365748
283.7175083
289.2236341
298.0266175
303.7923304
310.1196133
303.4966694
304.0344903
284.560791
290.1123142
293.8816925
287.3680443
288.3612933
279.1754282
264.0263308
257.4333964
278.3507102
273.768732
276.0386058
269.9417709
279.7331175
274.2103966
267.9037624
271.5018414
279.5676436
275.9423748
283.4181427
288.5265346
302.7376215
308.5947873
299.0029931
292.6581783
289.6536972
306.0004117
309.8194026
318.6382384
320.7109946
298.0288209
291.1976089
296.9542118
283.7348424
286.1568491
280.774522
283.8523616
291.7347798
298.5682455
311.2381196
287.3493747
276.3638107
278.7934345
288.0401457
306.1672354
301.0540719
293.9611151
289.4363422
294.2679599
289.3975278
295.6273293
286.6426355
282.9601633
280.9794125
267.974084
284.6029642
287.3226169
279.9339908
278.5664772
290.7771509
294.4808818
291.5983678
281.5105188
288.3031881
293.4215958
271.7462797
266.8902895
272.1789174
277.0313757
265.0234702
274.8433208
287.4187741
291.5910955
300.0145622
302.2212054
307.9234728
304.1073311
305.6460506
323.1043647
319.3003061
303.8269033
282.4578967
294.7130152
309.3854985
305.0178645
311.7200126
289.054597
286.8795334
301.2367319
307.3585755
303.6014008
289.9244945
285.3546094
267.1683788
260.1352666
275.0805433
276.9702349
272.5654964
270.1934573
257.7154616
270.879572
271.8323977
264.7951444
275.4888419
278.4299237
280.8227803
293.5766967
284.7312688
298.8713925
309.2819765
312.9682235
293.1255859
294.8213327
292.3872442
275.9228687
271.4957736
281.126498
278.3401078
283.454262
295.7468305
294.1983215
275.5414188
292.1233812
279.6034818
271.1607644
267.0003221
276.6869609
264.5185122
253.4469875
259.2268355
278.0008438
288.8497398
281.4560434
293.8039583
298.0717464
313.3432114
316.7995066
309.135958
302.3265894
291.5787754
272.9045743
303.3769188
296.7178083
295.8819101
295.8013006
295.5753828
301.9254708
302.9382572
303.1557643
293.0069109
295.4982837
297.6580308
296.7008311
292.5149902
302.9419224
303.5819702
310.338718
311.3962778
292.4422412
288.2031919
308.1176938
288.5770241
306.8895364
289.8248885
300.0961954
293.8204484
304.5790421
308.7028622
294.2837762
314.3237189
286.363382
295.5517122
290.6598474
291.5573281
298.3883422
280.9719173
274.7324975
284.5166848
306.8160574
295.5200675
287.6285846
284.8893561
282.8887328
293.7956124
313.3363607
319.6796109
327.9639415
308.9633578
294.9058767
279.3047424
282.7243238
292.9767747
305.7900596
290.7564829
290.886894
299.3696242
291.5055733
296.3042765
289.2319844
289.0110766
283.0454213
279.2068416
292.5392863
284.893476
275.2181808
279.6205319
272.0271681
278.4607127
272.9985013
289.7863201
295.5373514
293.1884563
299.1278978
298.9953873
288.9229691
288.5843421
284.9842186
299.0043911
309.690527
292.1834257
286.9218697
286.6204624
305.2801579
285.9765305
287.8369553
282.8132116
290.1514846
293.7830761
299.2415116
300.782059
292.6622625
283.4020291
298.6601468
311.5112302
307.5417329
290.0946094
299.3363286
298.4370425
296.4564321
305.9616165
312.7336031
300.6428039
286.3723395
288.1330784
286.7262648
285.0613092
293.3211728
283.4841155
286.074423
300.1712258
303.2944367
309.6064715
294.4989351
295.2316721
287.6036869
291.2321211
289.9428918
293.8262827
300.6907298
310.45123
306.7054769
281.4132243
292.6757221
297.6216624
296.5115568
277.0849757
278.4521491
285.2158972
294.1646022
294.3056634
278.6914795
278.0106124
298.4439286
296.6646874
297.2549728
308.8212314
309.4997053
294.9317271
287.0076986
288.5744529
283.0442608
295.1980007
296.5646458
289.2184252
281.5049041
280.661067
273.3044382
269.4584271
279.1213594
298.3844231
309.0313549
318.6562109
315.3582678
314.9934571
317.7719827
301.05857
292.0159226
297.0095299
295.2279756
288.3918846
297.2474315
306.3839477
306.2738462
300.1159938
295.9791926
302.202612
291.5602953
299.0376155
302.2486597
302.3298888
312.3116737
321.9863075
307.5378944
325.0869861
300.530409
312.6758082
299.5969049
299.497774
289.7058767
299.0100135
288.4407394
317.2622027
304.2003779
293.9950143
293.0316733
292.8133836
296.0921859
296.8234219
299.5002047
305.7517569
298.527528
305.937304
303.3223556
289.922222
284.8032744
298.2639736
296.8294056
301.452158
300.4825992
283.7874058
308.73595
318.8744628
318.6340418
328.6301226
310.1941225
322.1973594
311.3317346
310.2551482
299.9812657
291.47208
307.3318631
310.2679054
314.5493618
322.3143357
321.1637272
315.1366324
319.1826977
317.1972202
315.2886685
326.7213036
321.5418896
287.5744609
281.2419545
277.862117
270.9859962
267.8256539
280.7472541
300.4111237
304.9196444
301.4230455
306.5122225
300.1324356
305.9261096
304.5644292
312.902186
308.6259874
319.586219
322.6660161
319.2186497
295.7702015
290.2702423
301.4716697
294.424344
301.4584036
293.3737573
308.5628909
316.8485643
322.5833356
315.4326742
305.8900838
302.6058625
301.4366103
297.9561139
290.0946663
282.657018
292.1063877
298.4591129
293.3441677
290.4281399
293.9987559
300.5418504
297.2934823
292.4990951
285.8625511
302.0134275
305.0189133
296.4797003
296.8604853
300.8496074
297.0245221
287.7272939
291.5718666
287.4305888
291.8762823
299.5630803
279.1174388
283.8454936
296.5104663
303.5388477
306.4281147
301.2504503
309.890083
302.8442905
315.003888
308.0350007
300.5141786
302.2874966
300.7026882
294.6292572
287.7800802
281.3404107
282.1105594
284.9710735
283.3468346
305.3063851
308.4283763
291.8588036
298.0368007
317.7133495
322.849326
313.200034
301.72021
291.1885659
294.0577077
287.25019
285.6325588
290.7157181
286.8112138
280.8766931
275.6286147
284.2905202
272.0429498
285.1582175
298.7370563
293.7717498
290.2314122
291.8333697
286.836016
289.7785786
304.2911075
298.4835846
296.2534149
289.1018411
291.7718773
303.5220912
314.1533581
308.5385723
299.6134865
308.4605333
315.9315625
319.9526395
307.5316716
315.0062732
304.7038712
315.1752423
305.7708761
313.4214447
304.0956347
316.9221515
331.9801294
309.8219755
304.3023858
314.1410941
308.9080999
288.612653
286.6219934
291.8281694
306.2939579
306.5415021
309.5335664
316.460955
332.5283676
334.3599528
328.6291887
314.1984863
323.6351873
314.2335701
291.3883568
288.8724841
292.4530754
293.7773869
302.9316864
307.8751181
314.940934
301.4991069
293.1062863
298.2053067
294.9890666
320.0029093
315.4749687
319.7173149
307.5288939
320.7970518
314.9504726
297.4934508
279.8435031
296.8998199
315.7407617
307.9437929
305.7699794
300.9755039
292.6988694
313.4547184
314.0280619
330.7422465
325.9659673
322.7773495
317.6385099
311.4094278
312.2286197
311.6404484
313.3851606
302.1209131
322.0359321
314.3857581
318.6416895
325.5206059
318.1522786
300.5882045
297.2259091
290.935387
317.6543506
315.7548321
319.5700814
315.1611909
307.8825247
331.1477437
328.3271513
311.4830004
312.3219491
319.4197598
310.3353792
307.468327
312.7963857
300.4695227
306.5732316
294.5963282
301.0642929
318.8710972
305.8159805
303.750207
306.3878656
306.1970389
298.3973842
294.7816686
304.5266856
310.220886
298.3020123
303.6701301
299.4106274
305.0683855
325.8745661
304.7582274
314.0415353
325.4865919
307.0310616
300.7196679
291.8086489
283.6309708
297.4041428
299.0887946
292.381165
283.9259471
291.6592999
306.9558248
312.195518
309.9203934
311.737792
317.1939893
279.4824605
277.4576105
284.8738138
308.4852594
300.7844871
302.4055288
304.7080444
306.5555817
304.342072
305.1308572
302.8315836
289.225403
308.333755
316.9238744
314.4765621
296.5813539
287.9380796
283.986299
283.079639
284.9615951
286.8213673
292.9469581
285.4782617
290.0634528
280.242242
288.0943201
277.0209631
271.5855604
283.9160018
291.2321533
307.6442942
310.954555
295.2698625
291.3299697
298.8130639
307.6782405
318.0471661
323.6872704
311.358818
315.4624395
323.465145
303.806385
300.1940555
290.5749305
285.7216438
311.0894314
322.3841632
311.2266403
306.055258
302.6810331
297.2714561
312.1184138
297.4514636
313.1356327
295.0525271
300.7675541
292.023139
282.9944496
286.339168
310.1577324
300.2224381
312.3993103
319.3596293
303.8795807
303.4804966
289.6121914
295.5055157
282.7251748
298.4165772
295.4174536
302.3476865
293.4912015
287.9820943
288.3593468
290.6686286
279.6527895
294.8970408
290.8261526
290.849932
281.5337728
284.1323777
276.8147798
273.9261962
290.218899
299.0949289
308.0508314
289.987122
290.9715457
288.2234343
284.102675
287.6693049
294.1319798
307.2615315
294.3643217
300.7121566
303.7910796
289.7228572
289.4359001
291.4637801
308.1712876
278.8298334
290.5953581
281.9647825
278.0029666
276.1887259
285.6953773
304.3658767
303.895049
302.3591713
300.3985626
301.8809844
312.7244595
316.1207593
313.959739
300.0563474
305.0906655
308.8384981
309.196273
307.581855
316.0102468
316.4067709
316.7357416
303.6983427
310.1126105
319.4463622
331.216834
334.2944345
320.9827424
323.3727747
316.5108182
324.8949515
332.6017704
289.6278474
291.0959583
299.6588578
298.526667
286.3989848
276.6760386
291.475186
278.8701885
289.9185064
280.6235147
289.3892442
296.6044588
301.9992465
307.7490319
298.9898092
308.2786902
295.078149
269.8522835
265.6070615
278.3681153
291.9962927
289.0380938
290.0041991
287.6671099
307.9322931
312.5886479
320.8730876
308.5274208
308.2862387
302.7089861
299.7496496
303.2398453
304.1260977
295.1228355
286.4374992
284.5314194
290.0292203
282.3700248
294.2968371
292.7170008
295.9906676
294.8266756
288.7390084
306.665481
305.7923725
310.6133633
301.3012407
296.1654775
281.8830777
287.906545
299.5914062
296.0467631
294.3489492
284.6156275
295.111872
300.8609108
306.4750797
322.6729423
302.457139
296.9798856
310.0294126
297.9104909
307.7932666
300.3630741
308.9567836
315.352893
303.6794321
301.9312226
302.6410948
295.9182072
297.0606503
292.0069931
285.1294189
285.8572651
303.2402402
316.0087247
302.0071354
308.7974065
302.0491133
298.4797997
303.5155804
315.6624275
319.1194947
314.6852976
308.6074898
302.0371816
319.3132501
321.8335118
319.0900086
327.1842688
316.8940436
311.2825401
334.1720901
316.5133003
310.1783294
314.648305
314.6762245
305.154192
294.5444611
301.0480127
331.9206631
320.6548904
324.2899663
300.898438
314.2720684
295.7894791
291.7864579
284.1421482
291.3785248
294.2300836
278.0675528
284.7702306
277.2184403
288.3608429
297.6845041
297.2676166
288.645346
303.9903119
309.3596283
325.4723511
314.9924687
301.2171011
300.945359
298.5026839
302.1393147
310.6376522
309.3307195
319.0229116
310.9653733
288.131319
304.5784137
321.2420696
314.3360836
299.3167458
300.0154779
313.5113895
318.0466509
316.6062579
326.1746683
309.2544399
301.8814977
304.7187847
316.4497481
313.2404432
322.7921505
316.1453874
335.7879129
343.9999925
330.0952752
316.5649036
303.8069833
301.2567388
304.886582
301.9708464
294.5094383
298.8295612
290.0879089
284.4517373
270.0199825
280.6793059
287.7963611
295.8676173
302.8130665
294.9703838
300.4448123
300.9311773
296.6296024
290.6887434
313.8326888
319.7390708
323.6861944
320.2076872
311.2650177
317.2009764
317.0051614
314.8870858
318.2832926
304.077877
298.3238365
292.5971613
330.9539389
322.5288353
315.4958988
310.1130915
307.1824127
307.5678121
280.2281146
270.3158081
263.5890351
270.9893087
275.1001157
271.3682522
281.6551681
303.6568788
296.1658022
315.3135514
322.8998816
321.9231948
329.0138713
336.3013654
299.8067753
302.2709656
299.0231958
317.4433525
317.1659277
324.9992838
335.8817389
346.358827
338.4143978
333.0109633
322.0735832
308.4263817
301.9429504
296.4818243
296.9793689
287.0602126
281.8220174
276.7551645
275.6496271
275.5822586
301.277257
297.522766
297.007807
294.8285503
294.2653987
303.1486333
305.1589117
280.7155115
297.8158793
300.2031062
296.6912904
313.2163327
307.609763
317.0309996
317.0875472
317.0748727
321.122545
312.7930778
306.5102426
297.9049477
331.1489963
331.7515554
328.5336433
324.9786952
311.3448687
315.0709432
311.0758809
310.638861
303.7240415
292.6609129
296.1558863
305.5687555
290.6522473
285.7095815
277.4675764
283.3927897
290.7028777
286.6159578
278.8590005
310.8322442
266.3430489
268.1430324
291.2637887
296.2219106
297.3871018
292.1069708
297.7640898
291.0870508
282.8623199
289.9051567
299.8902052
305.6562333
313.466583
301.148181
305.0495971
300.8859528
290.4582976
289.5231093
295.575901
293.422487
304.7085271
308.1337244
297.9500854
283.8410649
299.2862325
319.5640138
298.2418955
293.2745987
312.191579
325.3808839
313.1291559
298.0572393
303.5477706
291.508049
281.4479396
280.891383
286.2201079
281.9717367
285.0970134
292.0624424
304.3047989
313.3822548
322.0999409
315.117268
308.8559499
286.7490679
293.2077254
292.5162411
283.8024909
284.0349287
278.3103353
290.2013577
311.2040627
312.1411582
308.721623
315.3088587
297.1321201
307.5236299
305.1798343
291.2532159
312.3221719
317.0529885
316.1658392
311.0190444
307.94129
330.0169337
340.6905295
322.0257954
322.4830267
314.3469064
301.2006542
293.8864575
282.2112462
296.3090443
300.5714015
314.4449998
323.2362129
296.7707558
292.8757156
296.7380606
)
;

boundaryField
{
    xPeriodic_half0
    {
        type            cyclic;
    }
    xPeriodic_half1
    {
        type            cyclic;
    }
    yPeriodic_half0
    {
        type            cyclic;
    }
    yPeriodic_half1
    {
        type            cyclic;
    }
    zPeriodic_half0
    {
        type            cyclic;
    }
    zPeriodic_half1
    {
        type            cyclic;
    }
}


// ************************************************************************* //
