/*--------------------------------*- C++ -*----------------------------------*\
| =========                 |                                                 |
| \\      /  F ield         | OpenFOAM: The Open Source CFD Toolbox           |
|  \\    /   O peration     | Version:  2.4.0-MNF                             |
|   \\  /    A nd           | Web:      www.OpenFOAM.org                      |
|    \\/     M anipulation  |                                                 |
\*---------------------------------------------------------------------------*/
FoamFile
{
    version     2.0;
    format      ascii;
    class       volScalarField;
    location    "0.001";
    object      rotationalT_mixture;
}
// * * * * * * * * * * * * * * * * * * * * * * * * * * * * * * * * * * * * * //

dimensions      [0 0 0 1 0 0 0];

internalField   nonuniform List<scalar> 
5120
(
286.1852959
294.5939616
300.3793662
287.1732861
283.7807231
307.4690229
318.3145302
311.2738626
303.5856842
299.7255787
309.7764935
311.4716022
322.5821043
305.0472789
320.7327566
308.0118787
299.0818746
303.8624112
283.4009604
286.9114262
298.4061013
299.8028898
295.2418812
291.3375301
280.1744378
295.0522889
310.9550605
315.7234466
332.9634915
324.2091006
315.8695641
302.7518038
293.5823119
294.8021341
285.332684
283.4871542
273.7189777
276.7197406
294.5317996
298.9597736
345.3817796
334.0040529
323.8398798
305.4298811
300.0043261
290.5987098
292.4510354
293.7811709
284.8428914
285.9637038
300.5781779
292.3848777
294.4358982
286.9352902
285.2290212
271.5346906
292.5622137
306.7795995
323.7986886
332.3093828
288.5215524
295.5627332
291.9272681
292.4713976
293.7306904
292.9567917
288.8902512
284.3307278
292.712471
307.7945004
306.0259004
310.543494
303.9448241
297.4525651
293.7730888
299.3092216
302.0315754
304.515138
293.897773
285.6472724
284.3466947
293.9170527
308.1992663
303.6602821
299.3681128
308.878831
318.9844804
308.0793551
308.4648775
313.7776058
305.7119722
294.0610381
295.9029357
296.7735272
297.4043306
297.9392899
302.4945597
314.2640508
302.8466793
291.4783061
309.0882768
312.570523
331.182121
347.6265792
340.1516264
325.2883685
331.1421628
328.0858893
322.9099842
318.2209441
316.6728228
296.2943241
289.6652798
296.2662242
303.7837393
298.1691027
304.9385678
296.0484399
307.4530581
313.7252846
307.5153829
310.9458699
300.3239941
299.2441351
305.9242414
316.2769324
313.8914073
308.8049129
313.4100916
330.0124048
337.0486617
340.6653611
332.4110902
323.7738171
313.3737999
302.6571313
295.9743862
302.5812939
298.129931
301.1273168
312.0614841
305.2746578
294.9872983
304.9930209
297.6819021
295.2839992
295.7525313
299.1378811
297.413138
289.7584901
290.0974711
301.1297589
293.2975721
294.8770723
285.9833871
288.0275059
291.7911872
299.9446326
306.9077844
306.3820142
286.6481444
302.5494029
300.0449395
292.4467165
288.9384654
287.0375962
313.9114963
328.5142549
323.9767442
308.1835915
322.9391251
317.7524812
303.3345735
285.6634243
292.4642539
295.4442266
282.1781714
302.696079
292.4455233
291.2060985
283.6913438
293.7545215
302.9149555
301.1853323
300.5212225
308.9202164
300.8659967
293.6782569
294.086436
311.7087673
294.8575647
288.454801
286.6720412
286.9677327
282.2303604
287.3596865
302.321212
298.1632825
306.9383257
295.3932036
281.9062665
286.3339147
291.910628
292.7403507
297.6931768
304.6195198
296.8009818
299.2535025
280.1561965
284.1974928
290.9701818
290.4577797
284.5238323
290.4387679
296.1975505
291.7363917
271.3968362
264.4647098
262.0215313
270.7852348
297.8037023
292.330433
283.6890143
276.6232568
283.2955918
296.0764735
293.3029494
289.0307174
285.4283685
286.125115
277.5838184
269.6124534
259.651073
258.2016728
271.0258937
270.6062351
293.5063602
287.2623428
297.6088342
302.3395115
292.3575522
296.4913129
288.0929712
304.1064499
304.6073613
303.2043339
291.8423604
288.7772917
286.0085176
288.537165
280.4535222
284.7661941
294.0563153
298.2132376
283.1491184
291.9248283
283.9834311
279.74148
290.1392461
299.7414252
297.6999214
309.3439574
313.817413
311.1020654
330.6621208
326.7945703
328.3107465
311.5316756
311.0756407
298.7445396
304.2951264
286.3889704
284.2847163
283.6678015
285.177846
292.1741787
285.9537505
294.4380075
291.2365888
292.8188403
274.7511501
266.535134
272.0371988
274.98173
292.7105287
299.4511389
295.9623006
302.7036818
317.5109236
315.6176887
314.9671178
321.2099161
297.3421515
314.1321339
309.1440138
303.6858801
303.4802175
298.2602464
294.9315548
282.269664
304.1526363
300.0641137
291.3886951
313.6292741
300.2701534
282.9753056
287.9019617
293.6710316
296.3862495
292.506357
304.0429628
310.4893931
322.2638913
320.8724945
307.9984442
310.685325
299.1364446
304.4381449
305.9209114
299.5369699
292.8807121
286.5339116
278.6258034
296.9110643
286.5837717
279.7254051
279.4387245
279.5864873
295.2474452
290.4398817
289.2758774
285.7068084
283.6755458
285.446559
281.4095295
296.0262468
304.8044075
302.9462104
304.7781943
296.7897513
289.9361213
293.551625
302.0587836
304.6292297
309.594794
311.4493309
304.8813266
295.0754526
289.8971886
281.3933683
296.8405878
308.2824844
311.1654904
316.3949347
313.4988273
310.4443397
298.5932844
285.9764403
285.9623825
286.5337724
292.122761
294.4428465
291.5835482
305.3786261
306.7750835
318.2452921
316.8207978
320.1099231
312.688309
316.5711847
304.2537206
310.3665493
299.5617141
296.2370134
298.0286733
301.9310248
301.1755456
306.7952255
301.8515853
296.8925103
314.0079634
317.0265588
320.0687843
303.9631231
299.8376624
303.3653945
326.820409
332.6672223
320.9855366
317.7017758
307.1858511
304.7258094
312.8721634
329.6417041
320.7176708
316.1712083
314.0848465
305.8048642
307.6874342
319.7523395
326.1038035
314.2115584
305.1563733
307.4156418
313.0355587
317.6065832
302.0408531
295.3258585
299.3704575
301.2036141
295.5489976
296.2491581
285.40073
279.25064
286.0923344
293.8780548
290.9865238
286.4292737
296.2612484
314.8299762
321.9285548
312.9298686
326.9653716
315.1810537
319.717351
329.8696655
341.5841082
310.4249431
292.4201191
287.4947872
286.3403561
284.7937126
289.617683
301.6177606
294.0310454
297.2265331
302.6824951
298.5445869
306.9593654
313.8422533
308.3552569
306.3175647
304.4599049
289.8429969
296.0188461
296.064985
297.2634641
290.7013054
295.3370732
287.9728118
288.813969
305.8729964
302.7159489
286.320846
297.0587532
298.1466428
309.712593
311.513439
302.5445902
313.5973642
286.0339741
293.5325616
299.894529
300.9147682
298.2079027
296.9677295
286.1008183
286.6300223
291.2049111
300.8772622
300.324482
289.2499503
291.1065318
312.070147
310.8645942
317.0272298
310.467391
302.3015094
284.2355239
285.9763902
315.7512042
305.2622448
312.5852462
311.7710187
316.2558222
327.2441486
327.8499908
320.7087024
333.9322631
340.3495208
335.532934
331.9720191
319.6296667
320.3267309
305.3919647
299.5773809
294.9693731
290.5713641
302.7658774
321.2739257
290.0187319
287.1482043
273.3532594
289.8787586
304.1247722
304.4750471
303.5162944
300.4914659
300.028517
303.0250088
305.598819
298.8393184
312.0403389
320.5295561
322.2870582
302.0049768
285.8881708
279.4514429
275.6802191
286.990354
292.1872936
291.56001
301.9030196
297.2374522
288.3303469
285.3883924
302.1527799
293.5106778
301.9250302
293.8172772
296.796107
294.9540379
309.0437582
319.3692124
305.4341175
307.8988774
314.1950386
313.6250373
302.3485374
293.1894409
292.8363761
288.6729102
290.982568
284.5570267
284.1416457
286.4047503
292.3402464
304.0104157
305.2173179
310.4098849
309.2160191
301.4951269
312.585757
300.2373963
297.0205748
297.4059232
302.3134052
312.5334346
300.6267425
302.1466967
289.5737292
284.6854045
283.5774231
277.2197595
280.8739179
278.7856416
295.669116
292.3761998
303.2169169
301.2565897
298.6863048
307.0811709
300.5107566
287.1101504
283.8666247
278.5382423
276.4208571
284.6987573
282.21624
288.3884899
281.7630813
300.1760932
295.1469654
292.7663675
297.3586019
297.6204632
302.1069813
307.146651
297.5965083
297.2935217
304.0355553
310.7365641
295.7825505
292.9660627
285.2091639
286.9287438
289.015933
288.2893734
289.4004124
281.7814576
288.3039429
273.2884098
273.5494181
284.3970719
297.0505518
303.1660691
307.1281354
306.9215143
297.3720429
299.3923876
289.9765384
283.1895427
290.400798
281.9182217
297.0795949
299.6495206
302.6704162
295.9189116
290.3869253
288.1708911
293.3057852
292.9455734
284.8502522
276.2867726
282.3899316
276.2763512
280.297794
295.1448544
302.208526
308.3366321
311.20941
310.3623505
306.3827586
300.5129701
308.3046153
300.2264797
294.2697495
293.3326056
300.3701935
291.45398
316.6177795
301.5300297
312.5775149
320.4019034
303.3611019
295.4894624
276.4376967
267.6232014
277.0099205
291.6545006
294.1435243
314.3959876
302.3596797
294.627898
311.5422431
302.1911402
314.1406558
315.8783684
318.4446541
318.9805283
337.8815212
322.5121993
313.8085892
288.3499536
285.509036
298.7215913
320.7513466
315.2734735
306.8403192
303.4743026
307.2432811
310.087982
315.1138998
323.1153039
316.2239266
310.1501259
318.0961568
328.2935142
335.6594533
339.5920875
322.5141874
321.0799205
316.9092818
318.7190169
316.2947217
300.9261959
310.9085798
319.3493851
311.0980201
301.7571761
300.4801567
297.0728796
291.6693657
279.4655885
278.7064336
290.3671328
300.235929
304.1908834
299.0843223
329.7295986
309.7326255
320.8663413
337.853227
323.1739134
312.8351166
304.179408
309.0478175
313.076018
311.5354121
324.425785
331.3716005
324.3301041
341.0632874
330.2668611
321.4134506
318.7893279
308.7592706
304.6492302
302.9343168
299.7519362
318.3601809
314.9491082
313.9532307
314.9796278
296.0079851
300.8705895
311.1598885
306.2914032
298.7366244
290.6988578
288.8808668
276.2493197
283.7290085
301.7854385
310.3421847
311.2931058
325.6062874
330.2444982
314.1968602
326.4888562
297.388459
303.1293942
294.575992
292.2414562
296.1356374
289.322923
289.1359376
289.1207868
291.9519719
284.63318
288.8000103
304.207385
305.8497394
307.2964404
306.5421028
319.9870103
324.0578557
329.9820435
317.3678548
292.671556
292.4458945
282.9260917
282.9060378
289.1812766
278.0789225
273.7160259
270.2396079
277.181958
269.7421224
287.4279589
281.7478243
289.7991742
282.6958139
278.9007927
277.219504
277.1202622
273.1954422
273.8285735
274.3985239
285.9741796
282.2309493
280.3723726
274.7956885
270.7406143
271.6072821
269.9149743
283.9806766
296.8390095
290.1936948
296.6145156
297.1840125
297.3688544
299.0084591
279.2819748
286.6915482
285.5889015
291.2438661
300.1707061
287.2432488
289.5956015
304.3015146
304.9705284
312.2424812
305.5857719
295.5619909
288.619584
305.5815885
301.9309776
308.9332819
310.2762937
308.5291679
312.7080845
304.7276277
313.9964086
306.9212626
308.39713
307.9268428
310.7248392
308.5312496
313.576975
323.4439774
320.3363288
318.3634341
314.4656268
310.7862294
305.1743614
308.5075041
306.0563425
297.3337571
311.5315456
311.194134
308.3537975
293.4955758
301.297907
315.9985477
307.9074232
312.9984377
319.1387732
322.2249517
328.2881793
309.4873939
308.6654375
310.0393177
306.1414611
302.0707442
300.3477683
305.5439195
316.5969908
307.3527092
299.8853745
289.2601002
295.7288821
291.9810837
297.9783755
311.8307363
323.4714875
318.9028731
317.6226425
307.9753793
301.0564219
293.7306423
297.9778765
295.9441042
308.9692685
317.8963738
305.9023257
306.6228269
316.2629243
320.2917178
306.2573517
302.0365617
307.9511816
310.5373131
314.9971316
311.7836886
308.0124764
295.9770057
284.1086086
295.5128303
287.9984797
302.8623994
293.4600008
301.2476083
306.3184544
297.0333173
288.2332147
275.2187923
274.1894247
254.6636975
264.9557984
279.1014193
282.9279878
287.4552004
285.8423438
288.2742653
275.5726422
271.6206921
283.7384996
283.0461301
299.1958912
292.2597416
289.3541447
293.9813502
287.8038103
275.2672972
278.6822086
282.8531843
300.3260695
303.0387022
288.8850417
288.1243631
284.7434645
285.9758846
282.4126892
286.5611811
295.909554
299.1256539
301.8142766
290.1716168
284.5281352
303.6103643
302.9176724
305.6159017
285.8485646
286.839107
285.0652414
297.7520338
294.2070551
306.1076278
311.5473706
296.0549531
296.4831801
311.6536164
307.9025476
312.1399732
302.5729724
302.19634
304.1366712
317.3765925
312.1327336
306.1141559
305.0835499
310.3357158
312.7953615
306.3721252
307.0675273
309.1870357
297.2872328
296.6346019
297.0739368
296.3483926
299.4705136
294.7848383
302.526042
300.3372526
293.6407161
295.851835
287.7088695
294.8163371
297.9325882
273.0871982
281.4474128
291.4270155
297.568266
301.5418728
315.8244971
305.5088946
309.6300748
296.9760505
292.9695946
291.6703209
292.1152466
291.3112796
290.7029105
285.7627979
286.23265
285.9739868
286.6101249
284.7065959
279.9138951
293.8962086
297.1049971
301.1209052
304.9744362
315.1355641
302.1208324
311.5165924
296.8865612
289.5953283
290.2929694
287.8994494
295.4836978
296.7958079
300.7639491
310.0916755
305.0385787
298.309389
311.8967109
308.448566
299.78414
317.7863084
316.6329876
326.8533095
313.1375865
307.6696337
309.5249981
303.7957845
307.5469204
311.131853
321.3542683
321.3403569
314.4401102
313.9772952
309.8217214
307.0679996
311.7171033
309.6478087
305.1415795
304.6031052
315.0671242
278.9415285
287.9437965
284.5969023
285.9783004
297.7338477
298.4193603
313.7769142
303.1031633
297.2502137
301.239507
306.6893923
318.8398176
319.220043
316.872217
309.9690814
296.7242514
306.8700698
303.1254329
287.3229723
283.3938735
309.9038335
277.1488031
275.0303566
277.9096579
277.4917118
286.7512745
288.990993
307.0814652
318.4625522
303.4398253
302.0253631
306.8668278
303.0178013
301.7868793
311.9225715
307.0180355
302.6916053
297.9693931
313.6297663
313.3640131
272.5924388
301.8751045
295.6277957
289.6464906
306.7334119
306.6907196
304.3020018
288.1773324
283.8071659
276.0976406
281.4302487
284.156634
286.0097444
292.4839454
291.7969884
300.5731296
309.9839222
307.9083487
294.1526142
274.7285336
312.9636127
313.3713022
310.6245295
305.8831727
290.1923737
279.474266
278.9569887
291.3752045
308.8613216
300.0678605
305.0588745
311.2169598
322.9956866
316.9232623
312.9799747
313.1599344
310.1012603
292.872495
304.1738135
311.7011992
298.7506554
291.9049773
295.5251165
302.3297415
308.0960847
314.120679
315.9109556
303.6693753
294.9807273
301.1393308
310.4946079
306.6372187
297.9392704
306.6588364
300.0831937
304.4825588
295.0556473
296.4234801
311.6447358
304.6786449
318.9200203
309.6594351
309.7453279
306.2771588
299.0377699
307.6109318
303.2628532
312.6717494
310.5168811
311.2931381
314.5191354
315.7371522
322.958234
313.5475012
319.3512627
316.8103524
302.1462767
292.0238404
315.5660093
330.4580339
324.7964358
326.2702647
316.5637616
317.9829228
311.4244383
309.3157541
313.5910418
320.6010517
314.1931711
307.3741094
306.4899456
313.3064631
327.1790314
313.4120126
303.9657732
300.8023837
306.0144437
316.8173656
318.9678097
310.2152822
312.9217285
310.1560574
323.1764108
316.4819701
299.9365081
299.5690529
281.4396405
280.6954383
285.2249724
296.5916932
290.8666953
310.6739976
304.1587062
317.0360057
317.5350777
327.162865
323.8005979
324.7604733
318.2385618
309.5169323
294.7970163
296.6262865
302.1101142
295.469764
304.5091418
289.2805134
285.2460392
296.0819402
284.2981175
284.369584
296.169415
298.0350653
301.096022
300.57638
295.8621493
301.8237024
293.5536339
306.0050076
302.3709249
289.0681941
320.6218279
318.6000903
336.6291738
331.7039025
320.0386664
308.7916725
299.5136947
285.9308294
300.6302296
313.7969252
306.5149485
301.2583765
315.8564417
315.6629589
313.9962039
308.824036
316.5860931
307.4506361
305.5836076
318.9104033
313.1421586
289.9117674
291.0001957
289.5683934
301.0876076
308.9783543
286.3172951
304.9926467
306.8303478
295.7645795
300.20362
293.864308
304.0617601
297.4141746
306.461035
302.655839
297.9847117
310.096808
301.8560152
307.492344
313.1370905
317.0995892
310.0356432
320.9899412
304.4784329
289.6322405
288.2307874
287.8585538
276.3820186
281.6302267
274.2264073
285.7357974
276.0887044
291.2870532
297.2045699
313.6166725
319.1579146
328.811358
320.8437566
310.9509122
303.9759227
294.834555
276.9946537
272.3513047
272.836241
276.2162786
288.7835365
288.9226901
308.2978082
308.8948028
309.1905389
302.5039274
292.3509338
299.6621645
302.443798
305.7493382
306.2017416
309.1131367
316.0550486
319.6579728
287.7060982
294.9941485
297.054893
290.0745579
293.0809076
295.0004071
303.1782914
308.6349834
311.719413
321.0271065
316.6427168
318.4236341
308.0294468
302.581008
305.2059639
302.6197578
316.5077843
303.7902383
291.9991193
292.0682591
291.7286529
284.3761248
288.139753
289.1552291
308.1358797
300.9531051
296.1948822
304.7232284
309.7926025
301.8639258
297.2407274
284.44186
300.6363058
307.0657099
302.897848
296.1861603
293.665749
292.0020884
297.3486261
295.0308313
316.061896
315.5543754
303.8815006
299.0804474
301.2263828
292.8505072
294.3421655
295.1189568
297.8331982
293.4451525
292.8215052
291.6841692
303.5367697
302.9150777
305.7446759
306.990509
315.3229757
301.3352274
307.7544942
307.0710379
313.906587
310.6975854
309.0187901
313.1095634
321.2647338
326.8884431
306.7138774
304.0404987
292.9361263
295.5879872
309.7441199
297.7218861
305.7303371
317.4336461
332.909536
325.3725472
314.1425013
317.4057876
299.2796427
300.147151
282.4770743
302.0223074
302.1112583
297.7528937
292.0923951
280.6892756
281.2499615
285.1739196
293.6508803
304.7422254
298.2087413
290.812763
280.8066459
279.4655559
275.7254667
277.4650053
288.718254
290.9788026
284.8658125
282.4438228
309.8430331
297.3720687
296.7313468
300.4880849
300.0052047
294.4607589
283.7596289
293.3006622
318.8158006
309.4946582
300.6247263
295.3100713
296.839417
301.5324662
303.3152059
306.6503913
301.7289349
301.083933
297.61839
312.7346663
302.7358675
299.5020282
299.8783545
302.086356
291.8020914
305.6959937
308.8848684
302.626665
303.358732
311.5773892
316.0584221
308.6088664
298.2133111
296.3629347
295.3548292
281.3778104
286.9073582
289.4855032
292.007165
307.8357084
283.3995179
297.6509451
302.2976702
297.9790966
314.0350398
294.626062
279.1839616
295.1859255
300.8918866
300.3916263
299.624195
299.3024875
313.2927546
309.983313
298.826506
294.9206142
304.5361363
307.6761672
284.7459397
286.3171993
302.6568379
304.2104371
308.6566018
308.75174
321.8511977
314.2439786
313.2206584
308.3260113
302.4369728
308.7209362
308.9112501
296.3389256
284.9490429
297.3844187
290.578642
286.5493511
282.7666787
280.4187545
290.7283353
282.9892154
309.3239052
306.4841405
306.8280201
298.2350194
292.962709
293.6617481
280.8828063
286.1210394
298.1964956
306.7217779
314.8608774
308.5427
287.5587325
288.0026157
301.5178613
311.5162346
304.7650114
305.1036295
306.6953123
316.7381462
310.3936613
310.045465
295.062834
300.6950411
296.3636835
304.2773518
309.2438413
297.1810744
291.1669428
289.769157
295.3547486
299.8619943
296.8101427
292.9694922
309.931586
302.8099639
313.530437
300.2383987
296.4442776
298.093603
304.465702
307.3756628
318.7931375
317.4581493
305.499449
306.4879487
308.8820712
307.2358283
297.8938543
293.5808652
303.7558953
290.712793
284.5744007
280.3888792
284.3736967
275.2212689
284.5187687
297.7279143
301.0244864
303.8692799
274.1790938
296.3143124
298.1027148
294.6312318
307.0522061
321.1073887
327.1857914
312.6260967
312.1014663
304.1172185
293.3493821
292.6796775
299.8211749
290.5903743
294.9419785
292.6492654
281.3303384
279.8573628
277.4242475
272.7829429
295.2417383
300.2027614
305.2285074
308.4782128
304.9953572
291.8300589
292.2378273
296.9720764
303.2965541
298.2502375
302.3572446
306.5682466
316.2830845
320.754657
312.5631906
310.2345048
297.6532493
293.9676245
287.8375332
294.0246775
282.9132638
290.5440846
295.6965812
290.1937291
293.7818537
292.9506727
293.0798786
285.3696451
290.9003895
296.8275431
305.0153765
302.7387571
289.6889061
287.4385705
293.8823119
295.2599625
286.737509
291.3771151
297.2687815
305.7697081
313.2943602
291.5246933
284.7469636
298.7513702
296.0979525
296.6498757
310.405374
308.7111523
317.7237051
318.5528685
313.8078001
302.5107991
313.5354942
300.0325499
300.7159084
294.6861332
297.1396376
297.5388715
302.5751505
299.58375
299.5829621
299.0758991
297.6727505
305.9418882
298.028001
293.8312546
295.5952857
295.5652134
305.1019283
301.0325281
296.234673
289.434252
302.8946249
290.5149348
296.006973
309.5125071
297.9822088
293.3469448
288.0309007
295.1645698
281.2770064
296.8050588
300.0591838
293.8270029
283.4852023
298.9847699
295.4046809
299.8570398
309.9409702
310.9220396
312.7463992
316.765383
297.0187425
300.963999
284.4544628
282.6259242
269.7007693
278.4324301
272.1991882
284.1743093
284.9578572
293.6817747
294.8458879
299.6863484
305.5119599
302.8210248
309.2320854
303.5555733
313.3662138
305.5756037
300.7885824
308.8485011
308.335932
305.754668
313.9563555
301.0802445
297.3598626
306.8642863
309.3641019
304.0281308
323.7515448
334.8251319
341.6652708
344.1081068
340.246021
323.8281757
323.7242518
326.3749595
311.1883991
287.7251722
299.1624499
316.6851708
316.5602467
308.2814421
293.7188316
306.6879789
302.4190827
297.8464269
312.5534938
324.4330537
293.7150583
288.3807783
279.373476
289.2372265
284.7045267
289.0240575
290.8812713
293.2416039
308.8879825
310.5631076
319.3406363
319.1369787
315.6488869
303.442632
293.6085145
294.4967323
300.366985
312.7947784
296.8793058
287.3983273
292.2709201
313.6981687
321.6297637
309.2466431
305.6574709
297.0958339
307.6147009
300.5852176
284.1947742
299.7645151
305.5843694
310.9733346
321.18557
322.1957824
324.5338658
311.0363318
303.8460501
295.8875473
293.9846764
281.8411626
289.7684404
292.8047881
291.5344899
303.8423454
297.4753032
296.4312755
307.5059064
306.9547514
317.1186343
308.5446744
302.2940712
301.4162828
302.4147641
298.3937441
305.5376628
311.3551022
306.580032
300.4910887
288.9446832
287.4748546
322.6417743
317.3602195
305.0674383
287.2383255
282.1826645
286.5853589
282.8234337
294.7665105
283.5870818
284.6858078
294.767183
300.3353321
310.4858894
310.8398296
310.1690328
319.581883
323.459631
327.4248769
330.0723283
332.8588167
320.2772503
317.4746566
327.9097077
329.0677694
331.7604158
326.6433506
324.1625655
324.3449884
319.4548214
314.4446776
298.7941563
303.5078364
290.5329913
293.2521685
304.9337024
302.4892475
304.0753069
307.4956726
315.3195666
314.8670139
301.0688372
311.9894718
296.1614187
294.8158976
300.9917176
300.7339849
303.4306294
304.1461506
312.3089412
326.8202868
319.0765473
319.4143044
318.2555192
307.228845
295.1459017
291.7028214
295.4594955
296.0566096
289.1221338
304.0606371
288.1756108
276.8842074
288.2652432
283.4441671
287.6316948
307.6568066
311.6011734
307.1068069
298.2283268
288.9799615
293.2632353
299.1276036
303.5504512
305.250879
317.1449245
312.382143
315.3350207
314.8295987
305.7321024
284.5132051
306.122423
302.2030169
310.3049522
296.9998418
305.8204554
293.8773963
292.4088515
292.5098587
305.6715491
288.6008931
306.2398092
311.8976457
323.1474069
327.6884268
310.4480534
298.5827781
298.4352822
292.8094664
290.3995887
302.5423931
309.2139786
299.6850042
290.5464425
292.8304341
290.5791719
300.5789512
292.5088588
289.9714065
282.6721855
292.0881196
290.2009478
284.9676805
284.5659978
281.379055
296.1682751
311.8259949
320.0085827
322.7060732
322.050496
319.6336353
295.7523464
295.5728518
285.8688296
292.3112724
280.0472465
289.998462
293.2431169
287.4144194
283.9331998
284.6981684
286.5117688
311.0206716
315.654964
309.5389283
310.4723459
300.2678031
304.6427361
300.107073
303.6811799
309.4453344
305.4808614
302.6062882
294.6758072
296.0321691
308.9516686
295.6835997
292.0405946
299.0727195
295.8082868
301.7733663
309.2344265
293.3974523
301.8241571
304.7544769
307.2991071
301.8701483
299.7836342
301.299362
299.4053473
302.5983409
302.8980362
309.6570501
312.1169655
304.9864132
305.854874
319.7273952
322.4677668
300.4414159
278.2595955
290.4809784
290.2439746
299.8781777
302.1576645
299.200635
290.8186453
279.5325967
278.9210516
297.6136995
290.652697
291.9581545
296.6860298
292.1521696
284.8418573
281.1011744
286.045078
288.6149136
297.6812961
289.3200603
288.4167188
302.9074206
310.033515
324.0766746
340.4800523
331.8298934
324.5390719
310.9696791
314.9223216
288.9706008
294.1369156
297.0759196
314.876137
307.374565
304.366427
307.8239599
307.4163571
286.7922069
277.2016139
284.5705913
282.9599257
284.3396014
285.9479277
290.4922375
306.0789077
307.4581331
304.1233743
310.0405266
302.1346862
308.4137962
309.0277116
310.1227024
308.0633988
320.5366471
318.5407164
312.0557922
316.8182156
324.0885527
328.0561993
330.4591063
306.2220599
315.1875167
315.799093
314.8424137
303.2894569
310.0533575
312.398703
334.4243544
341.19726
324.4943652
326.7756215
302.9240243
315.2465217
319.3241595
309.208291
311.3708892
292.3926194
300.0672537
296.4966315
298.8473256
300.9307296
297.1723516
299.7085797
294.9181046
291.0670475
297.5252238
300.8255365
300.4621598
307.4876754
312.6613753
307.6462175
311.3940042
313.8887427
305.4306844
326.3247318
330.3327672
331.6054407
329.4210669
317.0857916
309.7739056
308.9348249
304.3631748
307.3871543
311.8998749
308.8199166
328.7300804
328.9748222
304.1198551
320.6185761
301.6253175
310.7974312
307.5178758
312.8265997
304.1632107
294.0745103
303.6559682
313.2923927
304.6663124
300.1508715
301.1100322
289.7946879
297.7278342
303.4037388
315.1759833
307.0395541
303.9031708
306.9596367
323.9163881
300.6449085
291.207023
302.6830167
311.158439
312.8697836
319.9453893
312.2097898
308.0577096
310.6361758
315.9428369
309.6884711
308.5505112
315.0116314
332.9895009
333.6760216
326.4203438
318.3582841
303.116806
302.081871
306.2307425
298.7655192
309.3154135
302.1048234
315.2994171
326.1750352
311.2695604
307.0759469
316.3412759
312.4035234
308.016411
293.8408089
302.319407
307.8625041
301.6212596
301.9619293
306.2469688
299.2834841
303.1750247
298.430336
308.3626992
314.8329147
316.6880413
328.7319171
324.7676928
308.8759273
306.0123333
305.6249508
305.5228613
296.3791274
304.5108711
301.8697276
299.2843017
297.4682555
300.5216858
299.1466689
295.9998879
302.9805463
315.6254419
311.4112609
311.9125994
307.0176233
310.012406
306.2247472
308.7036836
294.7796972
295.2628419
283.8076638
289.9412606
291.935071
279.6016315
282.6917285
281.6002904
294.0090187
305.3261018
304.9257842
311.3778443
299.1834913
291.3831193
293.6710984
293.4131861
296.4105595
282.0884985
287.795495
286.4639377
294.3456972
308.3550911
312.5665854
306.5772435
300.6316795
311.7954695
313.896705
309.619376
309.9246788
307.1767285
307.1626826
304.9649994
316.8781992
306.8865789
300.2266618
307.9392377
304.2066517
312.3185263
311.0200876
301.5795332
320.5990685
329.7026271
327.0942866
330.8316738
327.0518417
307.2448675
315.0084678
301.3997814
306.1553809
331.2194602
319.6856674
314.0860865
311.7776124
301.9682372
296.9742573
299.1100133
296.6577601
299.930962
304.1695915
311.3902275
315.2083542
305.7736059
305.1765327
306.9691859
306.7710682
308.2371819
315.2807917
306.4002771
304.284743
286.933484
282.1311217
281.1230638
276.8997805
276.8424785
270.3919419
273.3253756
278.7080327
289.0493757
292.6689802
306.6026269
308.7316787
298.6440942
311.2836832
315.9802041
316.645746
318.2000778
310.5434346
311.4483624
292.5119415
281.1401377
284.6980209
288.7266457
290.6028384
280.6910178
275.6294344
287.4796748
287.5827782
304.632201
312.9915257
307.9024574
312.8206603
318.4887682
328.0162842
322.490064
309.8600739
306.6244624
313.3667721
306.9861735
306.5686897
312.4145478
303.4015595
303.9720874
300.12425
306.9207318
302.1997147
293.1145294
297.3496055
299.5475932
299.5192652
302.0772193
280.0815482
284.8850576
274.2000988
286.5067931
277.5862244
311.0625781
304.7690549
316.8065455
328.619033
312.7056093
316.7673534
311.4608537
291.7361047
288.6548079
297.1802594
300.6102289
292.1679057
287.4829055
287.074497
279.100221
302.1137352
289.3598686
289.2966446
291.3738225
295.3737074
293.657562
300.0711464
292.2380435
286.5160501
294.2664898
294.5878218
301.8595814
288.7386155
295.5191869
299.6246407
302.0478799
299.3512641
302.6611902
300.2274105
291.6646405
302.2671318
295.6378845
295.9421995
289.418074
304.2698992
300.8424841
301.9991517
293.4901673
306.3893024
305.4557995
293.0072813
304.5763329
289.9406682
287.6863139
294.1778736
285.4002849
301.236919
308.6792292
293.1826958
291.7200657
317.046436
306.6791733
299.0632152
300.0222
295.5252458
295.3380677
288.4624049
306.116699
301.1447532
312.0916559
332.5502433
322.2205212
318.3925483
306.0832
306.7871543
307.3599338
320.1613495
315.3203095
316.8985604
319.8006014
318.7443214
324.4100575
327.5031891
320.3079895
310.0995783
304.3581012
317.9703084
324.9632589
321.3612617
317.5120651
321.7326891
317.6178186
313.3854293
296.4422916
297.1640038
296.6824444
303.2065481
310.5512754
314.2447723
328.6582676
305.4745899
305.0347501
291.8456019
306.802054
298.257848
304.2492002
308.1230178
309.2140616
306.5982336
290.5333134
283.2135744
285.9301932
293.6057785
311.1004673
316.4075887
322.7371381
331.1761543
332.9724216
324.6649695
306.6858023
292.801957
294.5357277
311.6081891
315.4289725
312.9959608
308.3239391
302.1931708
291.5710612
296.4876152
296.2877419
288.5481725
301.5104782
309.7254832
304.595104
284.9997106
292.9217649
293.7755487
299.8051319
296.7797511
293.6661808
299.0627551
310.6887928
315.4728843
298.7954354
306.8473342
299.5743702
322.4666128
318.8930958
312.9254099
302.40538
297.0401426
284.0970404
292.248392
283.3338073
291.7847497
291.8334659
306.9434668
311.6466058
317.1477513
303.9198307
280.3342175
290.112649
295.9452859
292.2349553
284.1363689
293.3560725
290.86636
295.1738705
289.3222773
295.0157007
303.4194517
315.3005015
312.7178048
316.9993775
313.9165258
308.3080272
312.3177972
309.8340572
291.0124417
294.0365268
298.9050135
295.4788641
303.4923693
308.5751768
307.8150968
315.4953599
314.1156295
312.6996441
305.2477088
287.9226004
284.7820286
293.0761366
302.0434916
292.0256005
288.6240864
311.0931143
312.8812158
300.5567884
309.6214328
305.2799572
285.5575173
286.9612952
283.0395482
289.1158751
280.8817073
288.2893137
280.0404384
275.2556174
275.753575
282.4487629
285.143372
285.6687162
282.3534924
280.6477006
287.1739425
283.2570525
289.1486063
280.1564921
290.290463
286.0018669
305.3307549
318.4560895
313.6860757
306.6140687
310.3823435
305.1840713
302.1601185
298.6937218
286.3266493
287.2625004
304.2967081
308.5489677
289.8564136
304.2497428
318.2789297
322.5122172
314.9221265
308.1187833
307.8630115
296.5154142
286.3815228
290.1685121
306.4946939
310.4182028
315.9775584
323.1407095
311.8094214
301.9445746
300.869246
300.4201691
292.678913
298.0182133
306.5211756
310.6844716
306.3448888
297.2422378
295.9269897
293.4183758
302.366575
300.4520172
315.1567634
312.6235451
312.6689287
309.4757309
301.2794802
312.449813
309.2499401
294.4230036
302.1333585
306.6610066
294.4520036
280.2796121
301.0592387
309.6001031
307.586076
304.9868821
304.923578
301.4732113
302.7401203
304.1355638
268.6682252
280.0724123
287.7249175
294.6201096
284.4469013
286.0538924
292.9836135
290.119205
285.8996961
281.8890551
282.4855461
279.9123415
275.1465737
270.5593301
280.3320578
294.5156065
304.0139871
297.0332
280.3277694
279.8122031
285.5168351
295.3633225
281.33911
310.5857908
319.214805
320.1897186
322.7213801
311.3992193
305.9947368
309.2873431
320.3679503
311.2213368
320.3135721
320.2248312
309.2732179
300.2454155
297.2067163
300.141898
299.7125118
294.2998237
301.1856739
294.0990234
299.1396955
305.4047581
305.2504696
307.8726227
309.5917415
316.1585201
309.9185314
307.2455668
293.9978123
279.6013206
289.0004431
299.2974453
303.9939084
291.3899784
297.761694
301.6825149
313.9946896
309.6362626
296.8577663
300.8732023
304.6416392
304.142025
291.7325144
303.3464505
295.102443
287.274736
289.361478
290.2155621
289.3217809
275.5649028
287.9488299
293.3929875
283.8783748
285.6597629
290.1050003
297.3702501
295.1417051
291.7203164
268.4591187
273.9904819
283.4941587
293.370176
304.4297739
291.7907425
296.0000087
292.4804046
288.1239492
284.5042902
288.214402
298.403302
303.0551836
309.2775202
297.3332029
284.6998314
292.7566327
283.1071378
280.4427131
270.3026504
295.4533952
312.0098463
312.0106729
300.3975806
304.031673
313.2383876
307.6929253
308.9721289
305.1877383
300.9366542
310.153554
311.1985183
295.8314074
291.6840303
290.7540506
299.3159975
283.6392053
297.1813567
299.0065638
306.7662067
302.0039112
295.6218528
297.9654401
309.5879745
312.957389
321.1606483
322.720024
322.4803048
313.2602968
311.3682485
310.1331849
304.2310141
300.171336
312.7174287
320.8903565
315.0879214
304.1410478
296.9492345
291.4607346
301.8328587
314.0815367
300.0877987
298.9232591
304.9995785
302.3017269
293.7485746
294.6463943
302.8658912
323.2263486
326.9243835
323.4425392
329.693669
320.4363572
303.1297662
285.2420557
292.2127952
297.5110975
303.208023
303.9621856
305.1219754
266.9630176
282.3198186
283.009165
293.0005267
299.3747566
309.0341239
305.9300534
301.9024052
288.0843303
290.40663
285.3430837
286.0365483
285.6419584
290.6110755
313.5368933
298.8903334
298.6862333
276.4536829
273.2161506
275.0549939
304.4560342
302.2555275
291.9140314
296.2613686
285.135363
296.1380608
287.7028631
282.6430055
280.0395391
294.7594912
296.4418028
289.5064954
305.1341067
308.8005318
298.977529
299.8594719
279.575068
297.0504087
295.1264227
299.0223035
305.4955352
305.2276232
311.0029338
317.2231956
308.745738
310.4758254
296.7976281
307.6224418
308.1408421
281.0376785
308.730351
299.4819939
294.3128768
293.7804158
301.5172355
306.2343606
306.5686424
294.2286779
305.9428158
306.0324199
300.4141141
307.9659508
296.0972371
291.0889402
294.4374102
302.9823191
309.7590427
311.5949245
311.5100805
309.7648604
317.8250407
305.3020274
313.8180525
301.8138926
303.8669437
301.5180285
294.9525796
309.5155024
299.018782
301.4437634
296.3155342
281.7813141
294.7899279
301.2645388
303.7461215
300.8947263
302.8071309
309.1095612
322.459604
313.7907816
306.0418511
307.6015736
324.5488668
316.350227
323.587413
302.7849807
312.8345605
313.9298836
307.0316185
298.8476323
304.0550637
307.2202113
308.3829856
305.6412919
310.953797
295.5706179
292.7616298
315.2858311
301.9373471
313.6717956
296.7579687
282.993381
301.1371525
291.0174352
275.3168218
272.7010316
295.0679042
300.3581113
293.634762
308.7813474
283.6154147
280.2394208
277.9161056
285.021721
282.8853631
276.2355116
281.1655682
298.5859553
311.7310401
312.2945952
318.8808167
307.982847
307.9936172
298.6234797
296.1773891
291.2002023
284.9514185
292.0329863
274.5870764
271.8255483
300.7850055
303.9361152
308.5642975
297.4441678
306.4240731
298.0503847
294.827447
299.0774021
297.539943
290.3174892
293.4177214
297.9805466
298.2595292
293.5903527
291.8428522
296.0615772
293.4094332
305.6467321
306.1231958
305.160446
299.9565426
298.2841213
293.3562696
297.7635859
288.080796
295.8771338
293.7816774
299.7677182
304.1238293
317.1973263
305.0019455
293.231788
289.5616148
293.1945339
297.1802954
288.4039806
293.7284009
299.037329
301.1696617
302.9942477
306.9265548
305.6122026
310.5219011
301.9217329
310.2504466
306.2055243
309.4906925
326.7928263
328.5528028
313.5762735
317.7288145
315.1342171
308.0275382
298.5350019
304.5461602
316.2244693
304.7182755
286.7616048
293.5353369
293.4318176
335.7761747
331.1725878
307.1258195
301.6947672
293.9132331
290.6328113
286.6878168
294.0163181
311.4286264
308.5236906
306.7011514
318.414934
312.9715945
309.3292921
296.6137164
299.2260942
301.1740838
316.3876403
326.2164892
336.4694181
299.4803132
307.1456436
298.9520869
292.6031039
289.3747013
278.505391
278.9388651
280.0912681
296.4328171
289.181015
290.9597098
290.0330549
287.2491911
300.1925183
294.6835674
299.4816431
298.1565228
303.0834823
294.4337907
308.7492162
291.0114668
297.7777533
302.1477758
293.3385518
290.0744761
274.7059053
277.1520508
279.3212428
274.9566898
279.806285
278.4999468
284.4519369
264.311724
267.2303589
279.445234
274.1373228
262.2329927
272.6072438
285.6131346
288.9736019
308.3675542
299.1976203
276.2490262
285.254801
280.2258185
275.70836
278.6982375
279.8186874
289.2463798
289.1906159
295.725534
297.2967922
318.2772717
311.2468009
297.9952379
302.5382731
300.6680811
305.4551427
304.5790687
302.7360916
304.4700252
297.0345789
301.3556912
286.8170747
287.7697701
285.2324488
276.5458006
278.5487112
280.6799737
291.7477399
290.9094905
295.3209899
274.9844017
283.0586895
282.1872929
290.1208487
307.8689596
308.0916333
305.6611034
307.4608281
292.8944731
295.4917928
294.8446964
289.0502652
298.5872551
299.7558439
285.2728873
274.0894807
290.4090014
298.4010627
293.1415199
307.9966656
326.6277053
320.6132258
331.0635007
324.6303286
283.8520717
276.8011667
292.842548
289.6398796
291.352681
281.6197004
291.0736005
300.2375133
302.1615335
316.0290024
328.5313703
331.9265463
329.1467524
325.6543838
328.9955453
318.9503151
308.923597
309.582548
299.3777853
305.7198074
313.6673907
309.2024443
284.9534511
286.7070531
319.3506985
308.4562994
293.5621973
292.4288112
292.5003961
301.7045284
307.0880172
295.4557346
315.9238065
338.6824814
320.3023863
314.9066291
303.5823145
302.5411623
300.6312335
304.9273462
313.8538669
316.6345297
326.7759859
331.5614682
299.6160203
294.2713693
298.8773939
300.0426978
291.3997225
283.185938
299.8809326
304.2148009
290.3192453
288.5702782
292.8062917
295.5005028
291.554669
295.700319
305.933056
302.8530191
304.1147658
310.4133533
306.3862342
285.9833328
294.4038776
292.0725272
298.7751139
293.5020153
299.7123226
293.6759685
277.4957457
274.901638
292.9515636
292.0519422
279.8418434
283.1101278
289.9381315
293.9052971
297.0191789
285.7036522
281.351858
268.906919
281.5972333
290.6668677
301.135177
303.8197245
307.4931659
310.8063675
330.9245061
323.8972931
338.2896105
326.8334655
321.5100675
310.0941787
308.936546
305.790583
291.6494325
289.688727
291.7687373
296.9166765
304.5628892
301.1568902
311.5321891
313.0790373
300.4914137
310.3043797
311.0730894
301.5707003
308.085195
317.2370699
318.788957
298.9259828
273.0762367
276.6477346
293.2761309
300.2963201
302.1862458
301.1387012
285.0533015
283.6970598
284.5844896
283.555151
288.1424622
296.0636599
297.0295129
284.8336281
276.6055801
282.3750327
298.9664213
298.3019417
307.4783823
304.726237
297.1823347
281.6177131
274.3797088
286.5786356
277.9449008
289.4848592
291.2953942
299.6200026
296.6810247
291.7597867
298.7851234
297.4828967
301.6498644
287.7380772
292.0469377
296.6501415
294.5137967
293.7997287
287.4167117
289.7047114
287.6475682
290.9049736
292.8205284
287.032187
291.2904815
298.9534168
295.885455
300.122031
299.7766384
298.2054292
294.4304279
298.7516966
297.2012735
293.5359251
306.1738758
301.1090125
296.8921934
287.4713026
288.9534788
295.8586423
305.1075092
301.2061676
309.1268632
308.195363
299.1043422
292.7834443
298.9215291
298.8450152
312.0549541
315.366934
301.2183059
296.6883095
297.0874718
294.5964654
300.534033
312.7451859
305.1638722
316.4718692
320.8205133
323.9227391
310.7274795
298.5614951
296.3020141
302.6724319
302.4888691
317.7149972
304.8073691
296.9110954
301.4430162
302.8921517
291.587019
297.2342563
292.402866
294.3664705
295.520765
294.0101869
291.6193575
298.9767125
302.3558451
302.7077119
313.5420127
320.5009604
327.5442733
320.0730014
329.8536914
316.8263531
314.2905656
302.0119267
313.3044067
290.291183
304.5932232
295.3866586
296.2041803
311.2848964
322.9714752
322.8960691
305.4519084
292.3563882
287.3457169
296.7456481
293.1489748
280.0708108
280.3915625
286.6731504
270.735334
276.4332999
282.5566974
284.8639802
298.8824861
291.550198
293.6796356
295.3138873
280.8057967
292.6279256
294.8190358
293.3652773
302.8129358
300.4721072
303.8650573
301.4834583
296.0417582
285.0537642
286.246833
277.3037779
285.0863552
291.1627339
297.9572119
296.8567641
309.1206253
295.1110997
294.4914629
283.0110914
303.8456705
288.6526127
296.7718977
294.2085686
292.8724269
302.1305785
296.2435467
298.9264568
290.1475526
287.8050523
289.6076952
293.4393396
293.6094491
294.5093852
290.0957386
283.6661294
279.9261758
295.4786534
297.8146766
307.9356384
290.8122355
294.0997033
309.837459
300.4948497
315.6512779
312.3913929
300.2618906
280.8546948
286.3210089
298.8940145
301.7639026
297.3928428
300.5412187
305.4423298
297.0312906
301.0555473
292.9760786
283.8736835
278.9879346
278.8781542
292.7017111
280.5727057
277.5213506
292.8904385
275.215203
284.4845304
295.5778433
300.8420579
300.7867297
297.1570052
290.3116926
289.6068694
282.3665757
282.6505789
291.7757283
282.090079
303.2263455
308.143077
302.0735362
301.7804233
284.6969784
285.5062661
287.2202278
270.2075672
261.0644331
255.8742137
268.0827022
287.3040672
284.6505816
283.0203444
273.0610229
284.5948885
294.0303898
300.6004298
305.4865942
299.9106202
313.1989179
295.1754444
281.7967058
282.4689935
307.3411109
295.925429
295.3811851
294.0386614
297.8613586
291.0299295
285.08277
277.2938612
280.3227047
292.6961922
295.5843157
290.0841481
288.9532722
287.5907851
280.9035266
281.1305551
284.2153893
292.349587
311.1352423
305.075247
291.7225659
301.1666517
282.9977502
280.4906777
276.2770675
283.0105043
285.0355749
289.2844424
302.5748033
304.8774596
301.6925604
310.3834292
310.2347391
309.0083023
314.5834849
300.1976661
294.7463571
296.3172641
295.5799043
290.858901
300.532626
297.0184758
299.2359922
302.7025065
294.3716441
296.8205668
292.2741539
284.6517046
287.0384329
300.8011167
297.1679366
295.8419937
295.6150904
280.314719
283.5987282
292.7046688
297.1088799
308.924138
295.508022
291.1755255
294.7120734
283.5224294
284.2291746
290.6276655
289.8509072
285.5236217
282.1448239
278.8915003
282.799542
278.2200243
292.7639974
292.4574877
302.6866584
289.108425
292.1570535
299.8876145
284.2390606
284.8614706
288.7431791
285.765581
304.5369357
302.0390015
312.6159539
305.5971648
302.7608976
291.1878378
295.5255769
300.2500067
311.0123299
324.5017926
310.9991159
308.5742228
301.4316194
308.6640194
308.5651531
313.7944972
320.132455
323.344702
307.0824838
307.4007832
297.0147146
292.942143
294.5976112
293.8299029
289.6842576
293.3639193
289.2311045
289.9899269
296.2759535
294.980509
299.1031185
303.151036
311.0393536
308.4592177
298.9070322
295.902507
306.4127088
310.236368
309.4507321
310.2366946
289.3946352
292.5193569
278.4269992
277.1658851
286.0076436
284.0274043
291.6845439
289.8840092
297.9500944
295.9491222
299.0317117
291.5120263
287.5201043
285.6305671
315.0369805
313.7846548
305.3223378
293.925588
284.7852675
277.0309242
309.9627075
309.5080669
304.7539563
300.9107466
313.1705741
307.1249059
295.4815181
284.9658416
292.4896828
289.2175182
294.4773521
298.1682637
294.1163321
288.185401
279.4678337
285.9567315
289.9295768
303.1673151
312.7508073
313.4471546
294.3996526
301.3055138
301.3646897
317.2009735
319.3076417
323.8955594
311.2841587
304.6473395
299.4322306
308.8820192
298.7534876
319.6982833
311.3864261
312.3507144
309.9036448
314.8713676
297.5902328
289.6898418
293.4715425
294.3149585
287.9654427
288.245381
285.2674365
283.951694
302.9921212
319.7832265
321.2479305
318.5380546
302.2973869
294.4222735
293.2642388
291.0263925
314.564348
317.2845771
304.3060439
297.6752194
309.688134
309.1467641
297.7655701
283.0753999
298.167991
290.4682512
285.1353781
292.7237218
286.2376751
299.0870469
295.4081695
302.3483779
295.6597038
316.0849237
325.1625545
322.1650551
300.6896391
306.085913
304.0620558
303.1159452
309.4461866
321.0930265
308.8210245
300.706178
285.5295472
296.430283
306.5227338
313.3539633
310.330036
312.215454
302.3316467
313.0186721
314.3633698
313.401238
299.5682925
307.5222586
297.0203371
299.2031187
305.1049274
302.6091776
300.2509862
290.8756109
292.3360033
294.1706358
287.3416051
289.5687339
277.036305
268.7509052
260.1880979
260.2154098
267.8091816
282.6167951
275.9159971
284.0211978
299.8782778
302.5659515
301.0720877
299.1985156
288.2107078
298.4951346
292.9621331
292.1852558
290.5430818
281.9642091
302.8762079
292.3133339
296.5934423
309.6815077
300.0469746
289.3308887
295.1618972
304.5407406
298.2504935
298.8107303
299.1428522
286.389766
276.1258069
272.5027792
285.4046772
287.2887136
280.1264967
291.7587551
300.7071947
307.3146148
282.2929044
292.0365398
295.0506321
297.1931177
299.8592376
287.0574185
286.8728757
287.0590591
292.9284858
286.797609
284.8346155
299.2842525
299.1322083
302.4540045
292.1418242
288.7229158
284.7424678
280.9758638
284.1916872
286.3330983
305.1431298
298.0454983
286.8994802
294.0143618
285.4124711
288.9380833
285.9884536
280.7468492
273.2652658
280.967208
296.6879563
295.3054423
303.6778271
304.5307632
293.6912789
300.9491961
284.7113524
288.0902047
289.6079676
289.4054484
289.053784
280.3176113
284.9384099
283.619134
284.9895182
300.6752547
285.3333214
283.3704732
272.5039699
276.7065319
277.5590429
290.1617208
286.0694877
287.1326804
282.5202282
276.7415548
279.2421876
279.5214967
274.6037132
276.8271667
292.8098576
285.1349422
296.8435095
299.9417275
303.6455633
288.9538235
282.3804294
283.6462256
288.0378014
293.8610784
289.0859375
285.3062505
276.9168624
269.7766618
284.3454032
283.8674568
279.6452488
284.0973236
292.4342978
298.0384497
273.4679003
283.3827218
268.3994371
267.6508948
274.2225306
298.6183509
301.8298792
294.0201415
276.194085
266.2980804
275.8057262
287.5156022
271.5505944
282.4512603
286.4092646
275.4959413
282.0009039
278.0764013
279.2725631
275.4114238
300.4484085
294.7412665
290.2844476
297.2534178
297.0688585
299.3592437
300.1211142
301.2584287
294.9332622
288.3063265
288.0223864
292.9843407
305.4727657
322.1950108
312.6063407
300.5062509
305.4521702
294.2736241
289.6957799
299.5229847
296.1745586
308.5732708
301.3833741
308.870978
323.2864818
316.7485623
308.0850569
312.4892119
302.2037063
294.3936039
298.8510558
311.9408802
311.4889632
308.4405371
300.6827064
286.0416104
273.401517
280.2182867
288.392586
293.7475678
295.8656016
295.0038099
302.6534747
315.6997975
324.0377346
319.6526388
309.6476115
304.1807172
296.1102354
298.2171712
282.2893166
293.5729093
280.2106861
277.4595855
299.0155045
312.6352231
304.1298901
306.2989447
298.4256856
295.9213609
300.4926014
313.9634962
295.9307505
295.5956227
299.2951284
290.4289889
295.476752
297.3941715
301.8196737
294.8389128
286.3282309
301.4257187
307.5014165
300.3622108
289.6684722
288.1616632
287.7017322
298.5505772
303.8544882
307.5798636
305.9133407
298.2772859
293.4178911
283.4702661
283.7414305
271.2557704
286.4748457
271.0617813
272.7260548
279.8544899
299.2668845
300.8778104
301.5334408
310.7608364
312.940743
302.6582724
291.6724363
283.5922727
277.3867444
290.0844641
306.8690795
294.7897869
302.6081166
300.3335126
291.2719217
286.8674384
286.5663021
304.3802805
307.9747555
290.5618455
287.3310144
290.3158853
286.2666419
287.3674482
298.3919549
310.7450549
319.7973468
320.7954334
321.6065668
316.0200875
311.8856399
292.5809965
279.2086169
293.0889764
284.6429642
275.8569877
287.3526721
293.3263324
291.9171166
298.0582732
302.9583216
301.1142053
305.344744
307.2759329
293.5033852
287.7018139
277.6047302
285.1808115
295.8124754
307.8849222
285.007425
284.8800465
288.6611369
284.9773157
285.3615735
288.9507395
297.0802848
292.9509862
293.9437313
296.5580686
288.9605431
282.4279498
305.4439484
305.7482046
297.3575006
288.642939
288.2016974
287.279614
278.7821155
286.2559895
303.3171783
296.1723656
292.7236096
295.1904974
303.6604031
294.309351
282.4569166
285.438466
287.0792428
282.0558953
296.640133
300.7478404
311.6972754
311.1063009
313.1660568
318.7938279
323.8707418
307.1840502
307.7738876
299.4189394
276.2829445
262.2213779
267.2170826
279.8505953
276.6425846
285.8406954
290.2248865
288.2494836
296.6879268
300.2699881
295.2384112
294.8758749
295.2669834
293.0099825
294.8433819
280.9270533
272.5361904
271.1982646
284.5270358
273.6044264
325.6684595
315.7735134
299.3721646
293.0714972
292.6327266
288.6986911
304.99378
304.4265144
294.1960374
280.2466669
288.996967
295.4556156
294.6910117
283.5352211
291.2649749
302.8307018
295.2570364
302.5283046
306.400237
308.8599208
299.4535574
293.6150951
296.3815971
299.2440799
316.361666
330.0223661
333.8041924
318.706221
324.0469913
318.4546126
302.7624477
297.7471204
295.5784912
302.9437237
292.0383325
299.1675008
295.1405119
297.5125247
300.1834079
292.8809696
299.6258185
296.4818962
294.2540656
298.3422627
287.5439213
282.9889161
291.5366437
297.4618545
310.2189168
310.0901772
315.871002
319.6221116
316.5140193
325.5320941
315.3169214
303.2760487
307.5537249
297.5433024
295.6731894
302.3932679
293.5857689
286.3980941
296.0908413
294.3565444
286.56847
285.9986997
284.9671037
296.5578975
313.309054
314.9348755
305.7734502
308.9251009
303.3980599
312.7191397
307.3570693
300.5625529
298.8976057
305.7892072
316.4215902
300.552473
298.5023003
305.3088846
301.8266841
297.3374654
293.1531634
283.3503392
286.4788999
288.7137616
298.419585
300.7814802
305.523662
317.5837231
316.2889298
323.9257734
308.9885765
304.1097553
297.3385733
301.8877902
305.8918775
302.9415886
309.3025834
299.631682
301.5514511
300.1320665
312.3812313
305.9685938
318.2409469
296.5649966
285.3593129
286.8427027
273.9372653
270.6807886
281.1679746
287.3906648
302.254207
315.4398049
314.3725685
320.8943868
316.1900646
307.3385532
301.9265156
300.7120234
303.4733878
295.2727174
288.2890637
279.1391479
278.5884853
288.5500961
292.6877594
292.0753666
302.654661
295.4306413
287.8072594
296.7961677
292.6720836
303.7397385
305.9454032
314.7415595
314.0157755
308.1345061
309.0891435
307.5200598
316.7423932
315.0708552
316.5071055
308.8950817
313.6205426
298.4068438
294.5670759
297.5798094
295.2439906
294.8432531
299.4920934
297.8335018
300.3254931
300.9482527
307.481709
306.9933886
301.5206578
310.8850524
291.7518182
302.3352288
304.6998298
300.6050124
302.6096623
291.9210306
276.7861881
271.0730793
285.7295822
283.3777002
286.6991975
284.6700043
291.3832254
288.0055512
284.905396
286.8429646
296.1193305
290.45944
296.2213723
301.4255304
303.2117817
311.1051369
312.2851332
307.0453713
295.2681464
309.4015121
312.1144086
316.4700757
316.0001668
298.7805716
295.5637798
296.3014997
291.2554076
289.2813888
284.2603381
290.7708751
304.6538453
305.7627518
317.0592348
295.1384444
278.5525474
282.2766787
289.6132721
305.3990446
303.3368804
293.8358356
292.4699831
301.4494682
292.3519946
293.9548486
289.3900404
283.3684149
287.5987988
280.8482981
283.5003737
283.5181777
276.0046205
280.2418575
294.0558392
299.4571864
297.9822445
294.7802678
295.1738605
295.1293599
281.8051196
279.0645973
283.4425004
276.0621947
267.4459557
274.5375033
286.1644441
286.9212828
297.4254866
298.5768101
297.6847191
293.3002918
294.6652088
306.6239225
303.1329999
305.5684466
275.7726225
293.020927
307.7004992
308.3146833
306.5071184
287.381687
283.6016466
293.9882115
310.0126194
315.470592
307.7858277
292.8965212
274.0897905
262.0211701
272.5463868
272.9685762
270.4786514
272.3447559
260.6552476
270.5354632
278.0105374
277.3972126
281.5676569
278.7414612
283.6224325
297.4312646
286.4318159
307.1413002
313.2677403
313.5077211
300.6329841
294.3831369
289.9511397
279.1818549
276.3531274
281.2996407
280.9349785
282.4999847
296.2028941
291.4201942
276.6043928
288.6171733
289.2544208
278.3757664
279.027787
287.8822285
275.6243753
260.1389756
262.5262641
279.1366926
283.8498208
279.5987013
288.4010046
292.1904043
302.5806312
305.777463
306.9815515
306.0711348
293.1120868
275.504857
304.9230345
299.5191153
304.2046327
302.113179
302.5135555
305.4828624
303.6504662
308.6820764
308.7081985
302.9607361
305.6754607
302.7055208
303.2645138
309.8834201
307.5702255
314.4125428
315.7155729
300.091774
293.6661404
309.0853942
293.327349
308.3147784
298.4440153
310.1739315
302.5480608
313.0970852
316.2860551
308.6816629
320.3208121
300.6082644
306.3756242
301.358639
295.4885569
308.3372985
290.5818524
283.4283367
289.7082163
305.4047226
293.2572561
291.0357354
296.935353
299.6991425
305.8001425
320.1362678
321.6480775
323.7827676
311.9661005
301.4296488
290.6525332
293.6219758
297.9504141
312.8663082
298.6793459
291.6821171
306.9350051
296.4179068
300.3759742
294.505716
296.8965447
287.845484
284.3942485
290.4385535
283.6991604
280.9936238
287.7597225
283.2583217
289.0504043
282.9008499
300.0102018
307.9258642
298.644323
303.6129166
301.3618513
298.8403146
299.4410272
295.7108005
307.8360995
311.4660573
298.3875632
290.0045624
299.4760455
314.1041298
293.3580468
293.8792766
295.8529066
303.4980816
309.9751098
319.0316655
307.1808414
300.3528915
287.132732
296.4355049
309.6123164
311.6869677
292.2931252
303.2552291
299.0460225
297.2705691
308.0001027
315.7103804
310.7612084
301.2940189
300.7695909
300.3938309
296.0379627
301.1700342
282.0286425
285.6107246
303.2876243
307.4193808
312.9348287
298.4751095
304.1208451
290.1616831
292.026473
289.4965014
298.9836326
306.6499322
315.1832125
313.6219198
278.1578402
292.2193574
296.309213
292.7196668
275.292845
279.8005649
292.6910885
297.0878769
293.725642
282.1478781
279.5682978
292.400742
287.2919667
293.6319447
304.4535284
307.6985955
296.7950264
284.4803574
285.0933679
281.7805785
286.7971492
286.6489338
283.7744103
281.4591372
284.7435212
275.2098544
263.5548745
279.3500964
293.3248853
306.1553233
320.2111886
315.5266883
321.0224595
317.7251241
304.7151491
293.3002075
303.2276766
300.7378082
289.1368661
286.248875
309.0983375
306.9307646
304.0827829
303.2857103
298.6010588
290.5285397
306.680459
305.6451878
310.8816736
320.6623265
322.6288498
320.9927428
330.6460579
314.2196435
317.510366
309.0256149
300.2964669
297.1347145
310.5399358
299.4255117
320.9265488
307.5368115
299.9545119
297.5180092
307.1377511
305.6243465
303.9914616
304.8612767
309.2794257
302.3631795
308.6296652
305.5379818
300.3768775
302.319359
310.0385068
313.2574011
315.7581218
315.9732581
299.1627837
316.1244445
316.0893533
315.5236219
316.5459844
300.7472138
313.3116153
300.272709
299.811513
290.9574908
289.0897535
298.136333
297.1679352
301.8760893
309.1315462
304.8904792
307.8475374
311.7797907
306.3041524
309.1168109
320.8473014
315.4021139
297.3983261
292.9165319
288.1076153
275.8536026
273.9947489
290.0025168
306.2475928
313.1688779
301.2685428
305.9341926
311.5133203
312.3506557
304.8622466
304.6603414
301.8804413
312.5889555
313.9011029
312.4891536
298.7806095
304.5332236
296.5845601
294.2705533
307.4434414
302.5542245
313.6259739
310.3031596
312.0615224
311.2814009
301.8237031
298.632956
291.0301897
288.8031411
285.8025399
285.6316345
288.7836752
292.3056424
284.4952722
286.9864366
290.1833457
298.2024804
287.8125684
283.9950698
272.2111448
287.7257386
294.7791892
289.4031201
295.3315313
303.7969209
301.6248053
293.5144515
288.8624987
292.6466342
294.4187818
295.7085265
281.2702431
284.6885417
295.6754508
297.7889304
297.1967158
293.435389
306.8872951
301.6130871
307.9669255
303.9256031
297.4182762
296.3411466
295.0658277
287.4704893
282.5564757
274.3205255
273.268752
276.4267769
277.9474239
305.1723913
306.0523423
291.1738179
297.6389917
310.9499336
315.5432474
308.4820843
306.8026666
297.5927893
301.6858199
296.8755426
294.3418106
297.4095589
291.5411082
290.1270566
283.214152
289.5224175
276.5822062
292.044048
301.5490729
296.2845638
298.6236942
294.1632825
293.3310041
292.6064348
303.6107052
299.2495479
313.0166698
294.8400748
301.4256063
307.5401027
314.2141888
306.1158726
297.9708732
299.4838776
301.4291108
315.21689
298.8787453
308.8797653
300.1481403
303.7070466
309.7037915
316.8763629
310.9994743
321.9501245
340.1417501
329.4930297
299.5945486
307.5962902
301.6085581
284.537508
288.0964605
294.571467
307.0518197
308.6003949
315.4234144
316.264473
328.9627201
326.1237438
322.3247095
309.5293323
316.5979614
306.5413088
289.4654044
287.9750746
289.3547101
292.2142227
299.4540464
294.3660268
308.0483798
302.2737714
296.7697475
303.1680877
294.0371008
311.7543604
310.2825629
324.6393161
315.9620476
327.4727627
323.1701085
301.4849744
284.8656342
302.0100951
314.9612166
310.9388242
307.8270076
301.2569884
289.3705539
314.6401936
311.9622765
320.7490035
325.0456231
325.3938957
319.4218789
316.7235196
314.0702108
304.0753057
308.0655634
298.0737842
308.1904164
308.4962042
310.5126869
314.4297986
306.8977309
293.9970575
297.0996793
288.8062472
305.8506849
300.1435511
301.1875938
298.223206
301.119558
323.4316086
324.7448885
315.1303003
318.1856862
320.2535093
311.56033
300.2999858
312.0950736
295.3215621
309.6088911
300.7503319
305.1846692
314.2330721
297.7047036
293.9513135
302.7450976
294.7166412
289.0545662
288.7337981
297.6167255
301.3425102
296.966301
301.6051259
297.1753343
304.3639265
325.6684166
310.4772128
309.7943848
310.1707791
296.8868638
301.4405335
291.7384756
284.6184263
293.446979
292.9165382
292.3483482
292.6668007
300.3260514
309.8333178
315.2249369
311.1536717
308.0446393
313.2843714
279.7652422
279.9440518
285.3848395
311.1871222
304.8546817
307.1654382
316.1378831
307.9978214
309.1211378
307.7586391
299.3240494
289.4716896
315.6863926
318.0842387
310.2525831
296.5160126
289.7122068
288.4815326
286.9998016
286.7468987
289.0836276
296.6269562
287.9338296
289.8353515
279.3123777
289.8141494
278.95987
271.9217424
284.9348585
301.9312135
320.9563526
317.092315
308.2647856
304.8638567
310.0395447
312.3667421
317.4573142
324.0237658
304.1593657
309.1727551
310.5013452
296.1439348
293.7482083
287.6301003
284.0037466
302.1110745
311.30941
305.4401547
302.5201011
296.1716983
292.6642513
315.3438999
294.8366603
303.642531
287.1583938
295.7656938
295.5133093
290.4116082
288.1610886
301.2237213
294.1829404
308.4518836
309.3215027
300.1243587
297.5743658
284.9281858
289.0460183
278.7694062
292.6129361
292.1719821
302.2489365
296.555046
283.5746037
289.0951725
296.7419753
291.6945413
305.3294539
294.4639635
298.7806018
289.9048255
289.9512715
276.1671887
281.0480881
293.908378
296.5738776
304.2442502
288.0562132
293.7640894
291.22421
284.6984759
287.8422073
288.5996748
323.063209
304.9659569
310.3130002
302.568874
292.161297
292.3934103
301.2457348
310.6004684
289.2383581
295.0894287
287.158752
283.9867507
284.0814378
292.6003089
307.3093644
301.5365605
306.3837758
306.6149348
311.2976769
320.2345346
305.622526
306.9623016
294.3470468
299.1652535
298.8507663
305.807183
304.7700689
311.6122034
310.9956382
315.1788551
303.8882091
305.4829156
307.3986591
315.5842704
320.1011446
309.4390076
313.0788546
307.7259462
310.0864611
319.6744113
293.6265443
290.9799591
299.7334105
300.4598876
287.2207646
271.4694135
281.4213263
272.6767843
286.7984345
280.38013
295.0612601
301.239327
295.9027399
299.8721038
296.3369325
303.9084756
289.1813355
269.248972
262.2390335
279.1644417
289.2040204
286.1509153
285.1774123
282.9898846
299.1944963
307.0397724
316.4830837
296.4503058
293.9861128
294.7183538
295.3467258
301.4216428
309.9311663
298.8489436
291.0224826
283.8051656
293.5644318
286.7497908
299.7829894
294.2256382
293.6567468
298.2193509
296.3590757
304.7598296
301.0035668
299.3279874
295.8797865
299.5533678
293.3512241
298.3939079
305.5153016
298.0657423
294.9975169
292.3758545
297.0090469
302.720679
303.832472
312.5463494
300.6031325
299.0893592
307.7501904
307.9107474
307.3938485
302.1195439
315.8905326
322.6227896
318.1630831
318.6906755
312.3271998
299.0954632
296.9286927
297.8342209
295.4359764
298.8592425
311.5089421
321.6775404
308.0563193
310.0985136
303.5262191
301.952424
304.7088904
318.8859732
320.0441205
317.0590846
311.2848139
310.2039815
322.9510281
316.4808106
315.5788034
326.3999432
313.5304994
308.2044534
324.0873683
308.2534304
304.8330359
307.9982393
310.4556172
307.5194343
298.4760154
305.7847628
324.662002
317.0714948
316.5276022
298.8315528
311.2048033
295.172173
288.210666
285.4320207
291.199615
297.6249377
279.472855
283.1150634
276.4234333
295.2251667
299.7372751
300.1123912
287.8375391
296.8188297
305.3956808
317.2192336
311.9685866
302.0108257
300.3067818
295.1320752
297.5760369
301.841953
306.4037441
316.7139231
307.6908605
292.3048058
299.0558277
315.5927183
311.0622353
300.6573071
305.6948346
314.1315775
320.2787783
322.6172151
326.0523602
312.270116
294.8719226
297.9644385
307.9758356
299.9618557
306.2086168
297.4595931
317.7529259
323.8351223
309.9341007
302.9596418
295.3604777
290.6837958
292.4053271
291.19949
281.5057207
282.9492517
282.3239452
282.7580148
269.8814235
281.1926696
286.044206
299.5540727
301.6083434
296.7074787
304.209981
303.5869412
288.404884
281.9862494
305.9357696
302.4606745
302.1962095
302.0816408
296.3450178
310.4129754
304.8365659
299.5844158
302.1405887
287.9455501
292.7668307
290.8899449
324.9791023
323.718871
325.1367972
315.7579737
309.0973565
309.1677555
284.4843049
270.1151519
264.485547
269.2994203
269.0314684
269.6361537
278.0485401
302.2351214
298.8213942
315.2826861
323.2489897
314.6256497
323.2019234
325.7520903
286.4225201
287.6953574
281.5450349
301.458921
307.2006164
317.2167939
326.4434776
337.703245
334.0803525
325.8467185
323.7446761
316.7057773
300.657334
295.3480922
298.7073081
289.7708518
283.789246
275.8495226
272.0297431
273.1568209
290.4396754
295.9699406
297.5327285
296.2400833
291.0078937
300.6176513
309.5346836
289.6054208
301.7190346
300.2203308
292.4769342
298.6099212
302.7578772
309.8924211
307.0086459
307.3905432
308.201736
301.9051808
292.3754161
286.8154102
318.2303272
315.280509
310.8436319
313.8362487
303.5627306
305.5456701
307.8513473
312.0835774
304.1708882
291.0652499
290.3741513
297.2784186
283.0885192
285.4183038
280.16986
282.3405674
288.4480723
290.0553909
283.6137637
307.4312567
274.7635479
273.8322375
290.57683
295.2016199
293.3552305
291.6568674
296.5613709
291.2856828
289.9786761
287.6642788
296.1236371
298.591031
304.1998227
292.3343885
297.2450253
289.6226141
286.6629425
292.5261628
305.2668333
306.1702659
307.2322348
311.8143696
301.8612996
295.0498255
307.9971941
324.4653988
306.0638027
297.1918024
321.6463587
328.2210865
322.6170691
307.822623
321.8689591
308.4245235
296.9461557
295.0756847
295.3976837
293.1438034
293.7964076
304.6648444
310.7219541
316.4035299
322.7276471
318.5538991
310.6443168
287.980614
295.1043844
298.9604181
293.9746626
289.4890547
287.8979974
299.4510605
313.3461455
310.7223195
304.1073542
316.3421747
303.588771
307.8412597
301.5755939
296.0014604
320.1769103
325.5746452
319.3832535
312.5702837
302.472828
320.351474
326.6166845
320.0794952
321.4666387
327.5280244
310.0278375
298.5356249
295.8799616
301.017969
307.4527993
309.3493362
325.3333028
316.2928638
315.6322421
311.3628031
)
;

boundaryField
{
    xPeriodic_half0
    {
        type            cyclic;
    }
    xPeriodic_half1
    {
        type            cyclic;
    }
    yPeriodic_half0
    {
        type            cyclic;
    }
    yPeriodic_half1
    {
        type            cyclic;
    }
    zPeriodic_half0
    {
        type            cyclic;
    }
    zPeriodic_half1
    {
        type            cyclic;
    }
}


// ************************************************************************* //
