/*--------------------------------*- C++ -*----------------------------------*\
| =========                 |                                                 |
| \\      /  F ield         | OpenFOAM: The Open Source CFD Toolbox           |
|  \\    /   O peration     | Version:  2.4.0-MNF                             |
|   \\  /    A nd           | Web:      www.OpenFOAM.org                      |
|    \\/     M anipulation  |                                                 |
\*---------------------------------------------------------------------------*/
FoamFile
{
    version     2.0;
    format      ascii;
    class       volScalarField;
    location    "0.001";
    object      translationalT_O2;
}
// * * * * * * * * * * * * * * * * * * * * * * * * * * * * * * * * * * * * * //

dimensions      [0 0 0 1 0 0 0];

internalField   nonuniform List<scalar> 
5120
(
281.4246289
301.6489501
344.1279688
332.2109046
319.2256975
284.1906006
282.958914
312.5781276
270.9140918
302.7598442
322.5034043
307.3084085
312.9101882
330.8176589
347.1964182
312.3186748
308.7703645
308.3960127
292.3435802
299.9759676
308.8525323
291.970354
301.9206349
300.8379448
285.1624423
314.835302
308.3958362
293.7721556
261.4903719
281.9804799
292.2882919
297.6939002
325.887127
278.0732349
281.309177
283.4393615
273.5324742
284.8696852
328.5232661
283.1342442
336.0049818
334.1407927
314.7972322
317.4332733
320.3584419
304.9870681
338.4345708
329.6800785
327.5965318
311.0097396
301.9429602
291.5248987
260.4843038
257.7586277
287.8784363
297.5479793
302.7454149
294.5678079
306.5673437
338.9922313
284.90504
332.294265
323.1333937
338.2699277
320.5728527
306.7548559
298.6758801
301.4525272
310.241829
313.385449
322.4177786
338.1317817
359.8650546
326.0883022
325.6444317
297.9081082
277.7511298
280.983065
297.877643
288.2307908
307.3925539
294.9844878
277.066154
255.2901977
254.8508742
281.346074
317.1437542
313.9911339
305.7593194
288.110652
280.8853234
290.1366841
266.614081
280.6629789
284.373146
283.9598557
256.821438
273.3650789
309.888755
322.5472537
327.464114
305.4951735
309.5579431
305.9139459
295.5358889
274.0195124
282.6844122
290.0233392
289.7046324
299.9303823
303.540437
297.2439531
273.4424214
275.531799
316.5262474
329.191555
315.9211001
302.5649649
313.2236924
331.41126
293.6733971
276.3621326
298.2555623
308.2090383
288.91933
257.0694846
288.9189075
262.0977791
275.0809819
280.7287257
283.4145941
298.5693161
310.6450735
262.5399886
246.2201851
263.5765513
266.3237619
293.7749102
292.4022615
299.2231686
269.2538395
287.2815689
299.4053904
304.6708502
294.0458308
289.8463867
295.7838124
288.9433673
289.6199048
289.1408064
296.49696
321.0584333
309.7661741
302.5395017
296.1098211
298.669503
294.5593006
267.5440838
268.0830424
274.2660895
300.6983087
301.1090215
254.0979166
258.2646438
276.7266264
261.2940568
285.9027892
308.5501505
337.1028601
328.0948319
331.2216891
326.3507782
304.5270161
310.9695393
311.2009947
324.5226867
331.9531414
310.4973945
302.9783416
306.9804179
309.6909775
278.5969845
288.8808659
315.7906497
310.5078867
290.2737023
289.9896266
296.8906798
290.3610817
297.9411898
289.588919
280.2724209
269.0522226
289.0390658
280.805988
278.1322493
272.4161806
301.7561032
282.9212684
299.2621042
299.5949772
315.1433586
319.6541668
262.4950177
268.7898777
301.0440496
292.2412766
296.0976372
335.6251419
344.0162915
315.0525119
290.9310529
275.7726855
318.3919353
337.3640045
325.8723012
304.5509745
276.1821518
283.9070324
296.6378619
295.9185044
302.0372253
298.0105977
320.1302461
300.199016
300.8997347
321.6194165
309.3664308
284.9800337
268.7735639
255.963508
262.7041829
269.8856096
287.3917468
286.0172778
309.0639893
321.8575082
306.0688515
291.941974
298.52049
293.0646252
337.9300266
367.7730681
348.3300997
308.8841017
296.2369065
316.9577966
319.1870444
319.0544553
332.8076305
304.8841376
298.8418983
283.781487
288.3990706
303.2635637
305.2443706
319.6379303
341.6461372
320.8565786
302.8777278
322.5933355
329.9349235
289.250686
268.4110784
273.3617225
280.391642
325.1364797
308.0880196
269.5741156
253.9234609
290.6759266
276.9582297
278.1533876
284.1523334
284.8135714
304.4171918
324.3346499
311.018333
305.6698849
305.0116744
359.4026817
326.4881621
290.529296
280.5335596
274.5520228
259.1224798
272.5093011
312.021207
326.0815842
276.561471
259.7796547
276.8591051
281.9848617
312.0525446
318.1333861
299.9825032
309.769253
292.3195168
316.2749839
326.0312275
296.2469646
327.0239251
322.8726581
338.7080459
320.2706053
296.4853645
287.8980477
280.5912741
300.4449306
324.4772003
302.5452927
263.6937176
285.8975162
285.9090126
261.5544867
291.9664814
312.747726
325.0679668
306.2292689
286.1475643
257.9775314
271.6941439
280.3916255
293.8541294
296.4281028
310.2659057
294.0842479
274.1258319
270.0221963
261.951197
261.4778944
302.6358055
317.9306891
321.369893
286.01209
302.5962652
336.7598819
320.360096
300.3255509
277.3597485
292.898862
288.4154371
286.5494674
286.1117603
274.7388729
270.9616695
263.7514917
277.5434128
296.9193336
291.7973589
282.0101702
299.0813704
318.2172248
321.6559946
316.4549827
308.3455052
310.1303558
316.1623087
312.3561211
334.3247597
298.5279299
280.4663033
302.3736558
282.213447
264.7094747
263.7340887
267.2775384
273.2989134
284.6019587
285.8187786
304.5642718
296.0334149
294.8946183
303.4008671
311.4472281
324.4131099
325.2887013
325.0737924
308.8009959
301.4234001
312.5073917
324.2386288
319.0433485
261.0939566
288.3887647
286.0669468
271.9807043
278.0951214
272.3690392
289.8905698
262.7125567
258.1375171
291.5031363
308.7094492
304.6446819
275.9795853
259.4920318
275.2445714
289.9947611
300.4855904
268.9016438
280.8755826
293.358066
296.0877899
281.9120303
300.5552728
271.4949185
292.1325174
278.6976296
268.0780785
271.9603633
250.3190139
311.1721106
304.8901999
295.6912253
286.0869873
304.8432805
290.457958
269.9919872
265.0724481
288.8469281
302.0433008
292.4780063
299.5430871
323.4609157
291.0019764
297.741154
277.5112484
291.5967913
328.6471113
321.0708729
303.1503513
302.1610098
295.663656
293.660791
323.0725682
333.5099765
311.7262023
276.4492802
281.6747765
306.7533928
313.0136911
292.7880575
276.0373132
294.3019605
323.9602256
311.919112
298.877835
295.873394
308.2210609
308.9526877
332.6232313
361.0514714
345.2370259
343.9503774
316.1509468
296.9959047
289.6676087
299.1002789
289.3645866
304.8272566
300.208144
297.6464079
301.5848528
304.7153103
311.7214013
304.9569238
317.2757374
320.3664311
322.0115001
344.6488101
326.1485585
307.347174
340.9910828
329.8751362
320.9406136
310.0285531
317.3406906
282.5585743
285.9187344
305.1607823
286.6856969
304.3960471
315.5537977
305.0145805
288.646634
313.0320433
298.5951991
332.9571622
328.9841035
321.9674807
337.7697059
337.3985802
311.6666528
292.9536461
301.4927018
301.5704427
306.4114049
312.0329659
313.3587454
311.6896399
305.973057
312.265249
303.6405664
291.5580065
293.849369
269.4073871
278.2686612
278.915581
289.4047705
341.6776082
326.7241038
308.6440765
340.5930976
324.6371142
304.0801668
292.5917016
291.0781418
308.6175625
310.3659137
317.0265123
331.8951694
289.1591179
328.5966228
319.9416344
307.0646232
326.1206578
298.8803503
302.4801492
285.3379085
300.1001002
295.7401508
343.7444892
315.7403151
291.8957984
303.5246253
323.653588
301.9172988
298.7342508
300.8690517
332.9066963
290.7716879
306.0957476
274.899681
321.7117936
307.5757077
289.5576281
273.635021
278.4365662
270.3230028
273.8667421
304.322154
318.5261879
304.5878591
292.2777732
295.8299436
327.7920682
347.6629359
310.2899795
304.7109656
275.9341825
282.1776065
288.0836256
314.1371644
320.6695752
307.9907906
285.1662482
286.0406645
310.9103483
322.8926543
279.5259019
283.0562164
308.2592439
316.0231386
296.3213782
269.9174075
313.6059568
280.3761695
257.0707027
243.3585684
253.3088297
233.7590218
241.2913414
267.4207088
283.699965
311.1810507
291.036744
307.2368231
303.6555355
292.5044874
316.5948039
325.8296423
283.0476934
280.8165475
297.5253773
295.9226763
325.0431901
352.7314421
329.845021
292.7495732
341.7442728
347.6475064
328.5967996
313.0463527
332.3761179
319.4403128
347.2186297
320.3882129
295.7343404
308.2730256
317.3915769
308.5919748
320.7222725
305.1732362
263.0540409
282.644262
267.7379055
288.8216686
311.5796638
328.8612579
334.9515543
321.1978019
348.5706638
330.9460583
315.5186489
302.0761343
267.718588
242.97288
254.3820517
287.8458582
285.767404
301.9448306
292.0392988
278.1018665
309.1578858
304.3894625
304.1462626
303.3930877
337.5470215
332.6312145
327.9496846
322.8642895
311.369403
296.9063138
298.7910036
305.7022079
300.5682611
295.0999615
277.1672159
253.760179
257.9947282
278.944055
291.8632714
320.5302047
338.6170932
331.6286472
315.2685509
381.2552571
339.8935916
357.8509249
283.4484559
281.4694256
292.1299963
283.9730755
311.8601096
311.3794307
339.867288
315.5325681
301.8613215
293.1827469
288.2822626
281.2968244
288.5562117
286.001745
295.6214323
290.0346442
303.2411647
264.4227731
255.898896
273.2006135
295.8100574
298.9000062
274.5500769
267.8802042
285.5952426
276.2843547
285.2452827
319.0445509
309.8085966
316.2264843
349.7744307
303.3445894
296.7083617
301.456077
313.1739252
278.6406386
285.1991653
283.8870847
299.9132393
295.5708581
285.8262806
288.2467317
271.787413
275.8272458
272.0744129
291.6432884
274.5010153
256.6141278
274.7314648
274.7203863
287.6727411
345.8409868
324.0932403
315.722485
302.6560198
324.446547
332.7362689
335.9368476
320.8224678
322.959801
286.7705557
289.907934
289.875848
322.9853156
336.6289023
300.8392784
312.0748275
287.4068331
279.6272586
289.054066
291.4510935
259.2196234
271.2672586
290.4645598
321.9175135
344.7129983
322.30056
291.2214275
284.138045
279.1854839
285.0846176
285.6450495
316.3503362
288.2164295
287.9684555
298.6682626
280.3874516
289.5515729
294.1445387
281.1764542
301.9427037
300.8327993
301.0992752
314.0260331
314.472199
309.6671999
289.9615042
281.7755136
279.9857099
282.4540239
294.1642327
290.7079532
304.385638
302.7336391
284.1610438
271.7239291
293.1274076
311.4241127
296.5636911
273.92885
285.1673892
293.8410227
292.6792479
291.2852346
296.784904
330.7600728
308.9590529
293.7042618
315.1755121
288.621106
269.6598949
282.3331468
273.6674293
290.4225196
282.8272904
283.2640119
293.3763504
280.8647176
300.984411
303.1736929
296.2222053
294.3895689
272.6376852
265.2661109
306.1630894
290.743065
282.8330518
285.2012966
276.3797197
292.0042323
351.4415702
349.2178862
322.9844289
300.1893411
297.9553426
290.3747706
301.2535294
305.2151068
288.3381071
278.7388645
273.9798948
305.2872587
320.4785823
348.8508702
317.3208959
308.9063388
307.2575271
308.0829249
321.1197976
321.596499
286.6105549
287.8890279
300.9004927
300.7946697
299.9931885
298.3726241
308.5655441
275.4380804
309.1655637
315.2987412
298.584198
317.573451
288.7479251
304.3573177
306.9770038
326.4052103
330.4862401
309.6362723
329.861633
303.7096823
306.8291602
286.107279
274.639705
263.4590233
260.2124308
270.0985327
295.0997573
281.8221597
286.7144345
305.1059746
301.5176983
314.1638274
294.5481225
298.264329
309.4378911
345.9426372
289.0632494
321.8795281
307.1629765
320.2269329
309.3012271
323.0166284
323.5009325
312.4596894
323.4403612
309.0197006
291.3877202
253.9452135
259.9197458
273.1664277
289.5584507
282.5759268
307.9710658
332.5873938
327.4707387
324.5850247
278.2802795
298.3943296
311.3801025
366.1408334
299.6227981
301.1670157
282.6340165
283.7141769
293.8271832
265.7895451
274.5648184
281.8925346
282.3255028
283.5742457
276.4791083
298.8608904
296.4281796
327.6913194
309.248086
298.9280215
296.1055934
296.5085739
287.6033216
283.8519646
267.3134082
254.7422145
251.9407879
301.0345256
298.7977361
299.0429524
296.8615537
309.2713767
313.057797
301.0278806
319.9936472
292.5599443
295.7182741
291.2910144
289.8903049
280.9019029
262.5724889
265.2103426
261.9552135
285.3863718
272.8098788
271.882278
292.6104732
306.5911017
301.2984381
320.7958687
320.2923669
298.8822496
306.6920431
275.047477
314.2917301
287.4739189
296.816211
300.7274683
302.547192
288.3491822
290.8802601
282.0907519
263.3447867
272.0305392
319.9676716
350.0110893
311.1121106
304.8507432
305.691025
326.9478911
342.0082794
352.2436329
334.4256336
308.0347353
294.4416621
290.2040045
285.727441
323.950944
318.0443013
306.49851
293.9230366
321.0513358
312.3951345
301.2372615
284.5569725
288.0387163
311.6855639
310.1042554
293.6179243
305.7544899
292.9670304
298.1342658
318.2116452
303.5330249
314.6646032
318.0724267
304.6224085
307.575743
310.2657298
318.5927651
326.7496301
289.260953
288.8476037
282.3755239
307.9081061
301.9101347
290.6264839
300.0121402
279.4888693
282.0867895
282.4438861
314.2149067
316.3286174
335.276696
328.0159687
307.5655372
308.6072241
294.2532867
271.0788221
250.9711437
237.91262
266.4922765
276.7869289
278.3724235
253.8487096
267.8934336
250.3998366
269.7457644
295.306746
293.3936803
298.1462711
278.3553872
296.6652404
307.5727087
312.3496312
289.6647336
280.1656489
256.5933276
269.4291465
267.8559018
265.2739569
259.808447
256.6822243
257.4446075
289.7040981
302.0974563
315.928016
294.3369366
283.3476087
289.1600404
283.9366047
296.6675495
278.890297
299.455424
305.6521859
316.2887428
319.1175157
323.3525455
296.0944438
297.5046643
309.3253049
286.8610271
292.3291425
270.9083561
296.2542499
288.1215372
274.8473773
315.4322513
304.458014
305.9448971
312.7598894
340.9879456
313.2294745
301.2815078
276.4552484
314.2261161
325.8376065
308.2558134
308.9999817
257.4886727
275.3804238
288.4436401
295.4829614
289.8460783
289.2965419
296.6121726
296.5911517
296.8617202
309.6796977
313.9115607
304.9090775
288.9031615
279.6275441
285.231022
271.0075199
283.8909314
323.3508264
297.5252705
296.91874
296.5575313
313.8088241
309.5453439
323.9890291
329.1154572
309.8823411
315.5845145
298.8431836
265.702943
282.9249011
294.1250758
290.7607459
275.6572998
300.3606573
309.0858165
318.4212995
336.1619164
302.5430107
312.9523518
319.5226278
322.9916287
321.5273937
307.1809341
290.1266856
308.6467715
257.0360266
257.0121867
262.8604431
276.6276331
297.6634734
282.0280423
263.562969
274.3879489
278.5177133
296.8012248
317.129057
295.5179708
305.7193711
299.0915172
286.9168789
287.9316996
291.9746389
289.7526923
282.4072424
283.1091553
278.7987114
283.5654936
314.3858029
291.4726413
257.8604074
287.3674382
292.5478027
302.2111171
294.6553197
303.0787303
299.1825473
284.841859
295.0904931
308.0732876
305.2308272
305.8356163
294.7613931
310.7165983
285.7926542
288.3109752
280.0416116
263.7772375
251.1168492
268.6857278
272.6930652
287.1267716
329.0555884
346.2085576
312.8890587
299.1719218
272.7360562
286.7521607
312.554927
287.7945426
287.8213837
291.5210458
264.4734341
291.4804748
291.6981895
287.1494363
311.1754921
310.033772
286.8003826
280.250792
269.3062629
275.6666727
254.0307951
262.018263
276.1392464
273.8781189
256.9625714
282.2569804
290.1234825
293.3837564
310.2613832
268.0511685
269.9536179
247.1593773
272.6372218
288.1580471
277.1814648
308.0643478
311.7760568
318.0508155
287.4397891
303.6695812
306.6802094
331.2164438
325.7243905
311.9300063
328.681935
286.7971671
278.1984352
283.8594417
312.5860178
311.4405031
289.1343553
277.19044
254.4893394
259.8317334
277.6572186
291.1757812
320.184977
320.3780395
318.0998868
329.7304546
322.2592426
301.0806455
321.9219167
283.0924363
297.1418506
295.9076885
282.2892964
260.2129777
288.2190366
313.9309899
346.5208328
327.0798404
317.4333923
318.8131442
291.6548951
287.5483117
305.3599746
264.7687474
264.056479
310.3016432
309.2123493
294.2940979
282.2358742
308.3219688
329.1586622
343.8266221
325.953133
318.1099262
302.5460493
263.7377107
297.3573892
293.369426
309.7312335
288.9147861
302.8892202
337.8792197
322.3576457
338.0223372
342.5379452
318.5598776
340.621784
314.9451101
305.0922037
328.7245942
292.3051785
277.2186422
263.8169064
272.8365209
292.4091191
300.2152953
279.3177025
271.3995104
289.9149273
310.2338023
293.9895521
278.781233
278.0905135
307.8454534
306.9490254
326.0887451
307.6574382
317.0144107
314.7562356
316.4665776
310.6389465
305.3464705
295.5694191
298.2795613
301.0872934
296.8519745
299.9282804
315.4911572
305.0926213
289.9209141
278.2787454
263.6355216
253.8343851
269.4915159
261.5832427
258.59355
269.141221
280.4014136
296.2815787
316.2321623
317.5617427
320.0489254
344.7307835
316.8583643
319.5657679
293.0635714
285.5651461
263.1679197
263.5626046
275.8574
293.0436039
304.0123357
292.6673924
268.8735884
288.7700443
272.9270378
297.6406329
311.1349114
319.5269072
295.9104584
291.7439778
294.4116171
280.7184453
301.3149972
314.106038
308.8654178
303.2981966
294.4401289
288.0838037
325.9889541
271.5032979
265.6436658
285.4138327
296.7212399
312.8181804
323.4370548
296.3412071
301.3308574
277.7418847
320.6658377
315.1965989
298.8150394
292.2712183
296.3556958
292.6808562
310.1483559
316.9810144
324.9558957
299.086769
302.8696172
355.0578267
327.0297836
316.2328927
285.4741706
296.6169225
313.5379826
304.5105843
286.0613901
326.5458151
309.6192731
292.669832
301.8787995
300.3841875
325.1645387
299.2102854
320.3170524
304.9958725
307.3112929
332.1411907
342.8670636
296.3739716
300.4944211
313.2648213
316.0435747
284.8655494
298.1905121
302.5443043
283.8825644
297.9490319
311.0278647
296.1756751
283.5556873
263.1231077
265.6160931
286.374007
297.020958
287.8525213
316.859232
292.3704888
299.9050753
306.8266821
309.42562
344.0443015
345.946633
345.2510679
339.1950762
302.2584545
293.4161569
276.3333053
285.8654666
285.4575274
291.6688904
276.4986138
319.006073
297.054338
279.5223894
287.6583178
293.4247299
296.3291206
301.3746491
319.4619619
326.6298622
327.803997
318.4195548
284.8423546
299.2682128
316.8910815
299.7434445
283.9699582
262.9221405
271.1992135
272.6646962
280.5900189
262.4908063
252.9684586
266.125083
283.3596442
296.4982132
310.3722315
292.8885703
297.0083967
287.2379225
272.8902301
285.420089
280.2193979
279.8180789
277.2235042
294.3749979
279.713764
287.5656202
271.0498437
283.5293739
310.8879184
305.4787247
294.9280428
268.5526147
295.6762241
309.0550685
314.1318609
301.2069566
286.0624858
284.5434932
277.8141569
278.3714528
284.0000155
275.4781845
268.6211303
276.1809109
304.5735966
282.0762718
296.9892508
278.6121381
284.8170581
297.1249599
337.9145376
312.0748621
312.6931909
280.9778922
283.3427563
302.3739682
248.1051727
241.8485582
224.0882425
241.4732379
271.2117546
280.0026727
259.8445154
245.0358193
268.8119567
264.4101769
251.0534954
267.0092732
295.6622071
295.0194654
283.913121
283.733093
287.9317029
271.8601271
261.9161435
244.2744847
273.3421659
288.5832972
293.7566209
291.080367
316.0056973
295.1630484
300.0638937
294.0019276
298.6361986
299.4568399
300.2239965
291.117763
276.4682631
264.6004143
261.0013213
280.7807228
298.0380712
333.5030295
316.4174732
295.7842471
303.7762338
319.3585146
280.1827793
296.7931711
297.1790294
305.3472865
315.6350561
330.1940682
333.282295
301.1397413
312.6368484
297.4286231
316.9770355
315.8121597
297.9244608
287.5537323
302.2475339
316.0068876
308.3986868
321.3922922
310.9257018
306.0749427
323.1261272
332.8518166
325.7149399
317.7808871
290.0996867
280.4386888
299.1158445
302.0588865
298.8960072
275.2501026
276.0025771
323.0411245
311.8176415
300.8500373
299.628041
310.5585814
318.0013924
306.5278704
296.6208598
289.2378242
306.0383774
327.9301173
329.5298203
304.9218515
301.9318703
306.1448597
309.5313339
299.3650609
280.8411677
325.6432307
297.7624304
277.1763444
300.9792886
304.3596716
295.7039003
298.8788127
300.3217435
299.5572481
286.0114793
280.4536509
280.2964059
309.4834898
314.9223838
300.2534178
287.3505861
287.802951
315.0482303
282.6432834
304.1614414
307.2128408
301.2565305
294.8066556
262.2101256
302.2472324
324.8495635
313.0921969
294.0981791
285.6883984
283.4516081
270.2991136
291.2945428
302.6714166
312.0841124
353.2161736
336.5475194
326.0897625
295.6724343
288.2005171
324.3002209
327.2329838
329.4108382
305.2646506
311.8027379
319.9503285
329.8946662
329.1955983
312.8406908
320.1648411
265.0013707
319.2390964
319.04825
297.3874063
303.4914559
314.975096
309.9662138
285.6448324
283.0937101
297.7447576
285.2158719
268.9307705
272.8534657
283.1698789
283.2328269
284.026874
278.7007366
308.9339246
279.3839445
270.7877422
303.0759596
289.0377898
282.5630414
299.5472616
295.5863045
312.7613201
306.6591014
309.7175295
306.8994955
325.9298722
309.7684311
295.8552018
287.3982998
289.5109791
297.5784055
300.0839995
302.9774433
288.8416297
297.6256754
307.7633786
259.6260289
243.5927531
263.8075408
256.1962174
275.1316091
295.4410545
294.2465004
309.2194793
314.3366296
277.6314057
292.6214479
296.3503999
300.7931379
292.8812148
286.7113491
266.6366548
269.0678315
255.9416048
288.3651288
294.8354915
311.2019644
318.2798352
294.500531
280.4645429
293.409851
306.4167476
287.7299855
301.3372762
276.2984699
284.6462705
305.6162022
313.5292145
315.0941539
293.5782383
306.74585
316.8066225
295.6353784
285.5746094
286.0052808
296.6430075
307.4390958
330.8181556
374.6306457
323.4085643
304.6072172
309.4391276
275.0727641
295.291903
275.3225587
268.0917082
285.1444495
296.1331295
299.4418322
273.223785
251.7748171
260.5819123
283.9939946
272.93794
279.3644513
309.894314
307.3802268
296.6364338
288.1630147
304.1672932
329.4693454
297.2980328
301.2940407
283.8645221
310.2361039
323.8419805
323.9777157
307.0929803
273.8548828
263.5184585
292.9232795
294.0559683
310.4371914
269.1701678
291.3386537
297.9746532
252.9044548
268.451236
257.1871663
282.1571761
288.2394547
304.4850123
301.6974711
301.0534562
272.2015848
288.465995
306.1221288
297.1194104
313.6671271
325.7626043
306.6872368
278.2747557
303.8476497
317.0550362
295.905695
287.9194796
309.181103
297.4840678
290.4342099
275.7808798
262.7834167
262.005326
254.3953188
269.1159389
275.3481996
281.4648232
283.1730921
306.945651
282.4851911
280.3449526
292.2849483
325.5589349
287.5858541
275.7220188
262.3356431
317.6084981
272.6209328
292.0444386
273.9254724
286.4209597
298.0155579
289.8670517
290.3415755
290.1093191
278.7260816
250.158441
262.8454075
284.9200024
275.9725597
265.5822306
250.3997243
251.0613661
276.9783247
301.5004506
330.8875388
287.816046
313.8306193
315.916633
309.8942249
284.0416202
289.2410527
307.6694662
292.6887194
288.7527032
281.3094947
295.1688242
302.8312156
304.9318417
292.432735
272.5276678
278.4684337
308.6411777
299.6359023
284.2568508
294.3530598
314.2197739
266.4703719
273.6921272
264.4734041
274.9176201
281.6420725
276.8479226
274.4499817
294.2960003
291.6921039
289.0733862
291.5360285
290.9366924
281.1141921
273.1275763
277.7943483
289.3645355
277.0180631
256.3347591
253.4953798
261.8337435
316.903942
301.6624873
331.7232847
319.7260711
323.971689
289.0771027
269.5027838
262.5118878
273.2871565
297.9367069
301.574292
309.8323693
317.8136634
295.4960959
297.7805047
266.370642
266.2924631
285.2870845
310.4123936
329.7482388
323.3752233
302.2023664
308.068862
263.3451975
274.3688085
294.0238429
298.6335415
280.350921
281.8754536
265.5846098
278.3243406
294.373981
277.6101727
252.4169601
261.5609953
302.4707825
304.9746543
299.0166467
251.5470852
265.0271612
302.5826847
291.9185688
275.2033775
283.5548972
296.5750299
308.6376152
332.0072419
330.7845732
295.9868642
304.9685942
300.1216839
279.0115758
284.4983035
287.6115369
260.7010524
241.56937
248.3194747
263.5823719
289.1266005
298.1314516
298.547481
307.3793839
305.4451719
291.0554883
273.7786692
293.8767264
296.0755814
290.6682102
302.0444784
302.3734828
298.1573834
260.7553708
277.9198462
316.6128296
314.9314211
301.7104398
313.1514133
332.2630761
325.5053659
301.066042
303.4728464
295.4801457
304.3951893
309.0783471
324.6818165
282.6857849
306.5043801
328.5295939
331.6369052
330.8531444
322.8204197
349.5487202
332.4736258
334.1547546
310.2439189
315.2268384
330.5890072
308.1681708
302.8867882
298.5329226
322.3233276
303.8888945
300.0323094
320.9001283
325.6729203
326.1763011
316.156599
305.9591223
320.0063769
324.7989354
323.6397008
297.8115427
277.3682224
282.1360865
289.4308096
310.4222012
259.0518761
275.0982009
316.8197255
349.0908874
310.235763
322.0352193
320.1813655
315.0566566
305.0313994
266.1872759
290.8720189
294.5329619
307.5604464
293.2168055
296.1422672
299.4151847
305.9706603
294.6563999
311.4901578
325.5363919
336.2005549
336.4048015
315.7593923
307.2703712
281.7984408
281.6673808
310.975813
329.0157089
331.1937015
314.8314321
325.9380354
332.6337878
295.1706207
298.8314673
291.5189778
281.1458678
303.5693685
311.3693175
275.5687483
261.74228
286.5279152
295.177161
318.3540087
286.5958623
294.892576
317.1459997
301.6493412
297.9668141
300.6253599
308.9648403
286.4228251
302.3170535
306.8182297
285.4454904
279.2815516
304.0645229
328.3250177
350.5999509
366.1819872
357.8108606
340.3015536
328.9688906
306.551725
303.3037717
284.8070173
299.732383
294.465642
282.8677365
289.2280629
278.8261234
317.7929057
320.8829241
303.7379826
315.3813899
277.9898033
256.7845659
274.108003
279.0682289
291.1518646
335.4586124
331.9262452
328.5440055
318.0376149
282.0793138
304.09033
287.6954164
317.3100128
340.4477074
301.873013
281.593378
265.3774713
298.8400302
300.9502066
316.4661193
311.2895454
292.4176351
301.9488857
301.6473581
278.0437513
276.6120104
266.9089129
287.3777876
312.8262728
305.8713302
251.8764073
276.6454255
257.6418533
249.1852299
258.6977878
281.0641088
298.9609294
304.8204622
313.1347064
295.5199842
271.9967803
277.760791
298.6609614
271.0063217
251.858743
259.9475189
280.7020159
275.4599967
257.0480666
243.0960334
268.6677989
257.7900215
262.3606424
276.4744274
289.9562504
273.9123182
280.025433
291.6305502
304.4705477
299.14589
277.868482
263.670992
256.2786988
276.6512082
304.2417197
292.3225229
278.4079822
297.957676
282.3656759
287.9555024
323.3890394
311.4116372
308.0599469
294.5176458
303.2791025
309.3798557
314.1958985
285.2012645
282.7113214
274.2048063
264.2676832
268.0234369
270.395267
304.931774
333.5814503
313.6321396
289.2800864
300.3137812
308.7213858
315.4513228
311.8032138
293.8016289
298.6780402
326.6276083
332.2831881
306.9180193
311.1795675
302.7826248
318.1538002
299.8173235
301.6026646
313.1244202
320.2027866
309.4330092
303.4136871
293.5053757
317.5771346
321.2040193
312.1584484
273.9496221
303.9930525
297.4296483
308.9529301
315.8102893
310.6073802
311.4847811
309.3531711
306.1805141
288.211689
288.7187989
338.097812
329.7549173
335.2422472
319.8721737
336.5035494
332.9170412
322.5038414
320.9629279
319.482763
303.7041352
299.2306965
316.6725199
307.5326945
282.8951257
290.45115
282.1129331
274.487132
297.228273
347.0672235
331.7172966
300.629701
274.5927161
297.7263441
306.7728255
269.9945427
261.1666285
254.2940506
258.2687653
292.6560529
307.3729078
275.270871
249.2259636
253.2617264
276.4432488
282.098034
297.6867007
319.8358701
312.613533
260.6758549
268.6342712
260.5897504
285.4814062
306.0651238
273.5183003
280.7251649
268.5503382
296.5095816
294.9534471
271.6056237
287.78067
299.1862963
296.4130874
296.9413802
282.9032262
318.7894829
310.2815299
290.0593555
274.9085418
276.9065723
285.1032429
305.8746811
291.8857365
291.5340803
287.5648799
312.5493366
295.9764758
267.5441172
266.641885
285.332981
298.932315
312.631934
290.5184158
280.625757
300.101407
300.7923411
286.0833401
307.3947225
299.6740159
282.8063668
296.9095544
280.6002198
282.0074033
276.2797951
302.0232766
332.2253606
323.4102698
339.9153457
329.3819482
315.7026603
315.3406061
287.2667917
317.983368
331.9603898
325.1860242
275.5908907
289.2224034
273.481431
286.5450937
311.1997113
289.9183719
304.630655
301.9372662
290.8178942
323.152359
329.120551
325.6535573
307.5969858
302.4005173
323.626476
289.5977969
298.5401313
314.3564845
277.1227533
285.4631307
283.1358054
311.9924425
294.8777012
284.1931532
307.8277651
293.4351368
311.1013143
303.5807815
331.4540378
310.2145611
305.5723928
272.1069583
284.8448144
309.5997097
299.9023597
303.0876345
291.0976863
288.7054134
300.740096
294.2679534
271.8610271
268.1473556
271.0266035
315.5098498
310.7708204
305.3548737
304.5530314
310.0783498
278.6152149
262.5506318
265.1107324
253.3003732
259.7006671
256.9705163
274.6554164
281.7222911
301.3767341
293.9946831
318.3309599
331.6000032
318.4430345
333.886042
316.8760988
308.7328418
302.4105499
294.4054767
275.3152136
286.8576608
293.909085
302.7428333
308.7014633
319.2266845
296.1858002
287.1567534
292.4315599
291.4617175
315.3301857
300.5165578
295.3535489
268.7985762
285.099859
276.2972347
302.2691918
298.1727336
266.2644654
302.3289932
285.9635026
276.7199557
264.3634304
259.0120652
260.0282644
301.7802659
318.059531
313.5182009
310.7036388
335.8789062
275.667293
245.242074
244.2520837
289.4796793
283.5893708
294.5336957
293.3420471
284.5976275
322.0047074
319.2928538
324.4977289
294.3051363
266.8658956
274.4189779
269.5315761
269.89234
257.4136331
269.3878859
276.6609303
269.5469353
273.6849017
266.0067667
283.7630372
294.5189298
271.6445388
281.7557766
282.1962384
262.9733236
243.3382413
256.1670703
279.7103475
292.9128454
263.5576626
276.0044147
312.8717954
312.1578592
287.7510479
279.0782229
273.7421147
290.8980512
256.7002376
294.261713
285.4431211
274.9558682
278.4455191
292.4252085
295.3198742
294.7378685
266.2001516
280.3631288
284.8346662
289.2632295
299.3542274
309.0716429
276.8004783
262.8737084
273.6171088
263.8860478
286.3220322
291.5882545
286.8859773
308.6345245
329.4086455
320.9121622
294.5936346
279.6365578
282.7882795
280.9409977
266.9518807
287.5745582
252.7971165
280.1536081
283.4023749
273.0165302
285.3839339
293.1948908
290.2963206
294.6817529
295.1032303
277.8769794
285.4274417
282.2213191
279.1434425
291.276855
312.2006078
296.0294317
287.74734
288.2345229
281.8676035
275.0256096
292.1826251
278.362702
289.5172464
286.4113465
284.8670982
296.4826392
295.6573851
310.4290336
318.669218
307.998895
326.5330435
330.0839975
319.3020346
326.0986532
302.4098494
338.3062086
328.5081507
326.7617857
312.6989484
305.1259175
296.8866689
310.3004124
296.4494991
323.1206565
314.7409464
331.5819379
338.6346533
350.9165007
356.9183237
358.9809292
347.3257794
359.3584174
333.1177251
282.1792859
270.6316438
266.4987437
269.1988171
289.9225405
306.430442
317.7565421
293.5860147
298.5025263
303.3488678
303.1020684
284.8981461
266.797897
275.8836717
308.9042309
300.6992581
337.8001738
316.3349012
271.5697115
250.9689326
267.5089201
275.8303862
288.8703445
275.531504
284.4970623
286.0694926
283.6040092
259.0748652
256.8071127
267.8165814
284.0082458
312.4675615
321.589659
301.2289319
278.0400806
280.8069859
291.8991259
280.5351951
313.4564243
307.502142
320.5077711
300.6470364
317.8079145
291.7684275
266.8328548
265.1956151
271.6354984
281.8748234
271.9413132
285.5373638
312.0614118
317.2233015
325.3377817
327.404436
329.7643279
314.6955074
313.5923816
290.8718335
300.1002088
308.4372954
284.1577306
297.7205854
285.8842241
247.7381909
271.3415754
277.2154077
267.7478409
276.097882
312.6836819
326.5140312
322.7091533
275.614433
257.669416
261.1715814
276.682572
293.2276376
291.1530747
333.3312346
303.2929795
297.1877819
293.5964885
302.4682532
306.476522
324.5591248
308.8505917
297.0245158
311.6025216
322.9461215
301.9126332
293.6687803
294.8597198
330.8983855
343.2440721
350.129159
342.9231678
305.540431
333.8035221
294.6879168
298.2014005
312.6329209
335.4371214
339.4311893
307.1906083
296.217983
298.2082409
296.3123111
302.9450732
316.3008641
310.8770603
317.5745569
301.5515631
305.0049876
339.5213656
335.627004
337.0707872
296.7986625
285.1870592
334.6980799
329.9318035
338.1561942
317.5037039
309.2233317
283.4993607
304.4089194
305.7061744
337.2580759
354.1261271
299.6372179
310.5245732
299.9338793
321.3752345
322.5098501
286.5343152
284.3694633
290.535376
311.9839103
322.3753216
322.7913857
327.9979405
291.6505475
282.4584119
280.9903951
323.1889654
352.5453156
333.9962212
307.8571537
295.36003
323.9486565
317.1623808
327.5438075
318.0396767
308.9209011
314.3854624
330.5391176
321.204234
314.5698235
324.3858819
281.4280824
266.8299696
278.171114
288.6832132
289.225833
284.6193764
284.9522607
280.8169013
273.4788911
284.6857733
282.4193298
298.7006072
320.7500729
297.1998633
296.5530436
284.5410786
298.1837815
274.6275486
283.4173217
283.6924115
281.1558503
263.3499265
268.8765551
272.7415849
284.2093048
274.4881387
273.9462919
268.3402803
276.1375549
291.0564408
297.2690502
305.596387
297.6662575
292.4065341
281.4418263
267.1977346
278.5364953
312.9098889
315.0949897
270.3208909
316.5959082
299.8869922
295.0691263
288.6631352
298.5707505
266.8031035
257.8047448
271.4937767
278.2654194
269.4394258
271.5083782
285.6759727
300.9290791
283.6496058
302.7269709
287.6903088
296.2625435
295.9896781
323.6680149
334.5648593
317.0897534
326.0230262
317.2262388
305.7301912
271.9681956
262.3036987
266.4314361
283.5723901
267.9972745
274.935431
288.7524169
288.7525032
298.0843452
330.1967686
300.7729586
284.8940036
291.8218982
301.3173697
300.0601793
308.4278356
317.4863494
319.1622237
311.0712134
324.981192
311.0871041
294.8051467
274.876955
267.6686593
283.3314546
297.975753
295.6012658
290.177568
301.2184767
293.8293483
338.0949443
314.6914978
289.0970103
302.4969591
286.7032756
289.256861
319.5198543
314.5562803
287.3099459
273.5000218
263.325234
277.3016384
303.7972283
314.466026
313.4732184
279.4548651
273.9515366
277.0960823
270.9154331
308.7811572
306.6986845
315.2958686
303.4975894
296.6922219
295.9212717
303.3211162
277.2542983
286.7624137
303.5566403
286.1110217
302.1472924
320.3269323
289.0557547
291.6424745
286.6538851
296.7096641
290.4275791
276.1139906
262.8349232
278.5081023
283.4572816
308.1900617
318.8948977
321.0068904
335.9580713
299.3136454
321.6885738
314.7602822
327.130318
332.8911765
307.3474944
303.7146404
311.5842664
302.4050467
292.4508906
296.0220832
313.9069879
328.6811076
330.6241096
291.1370511
317.7721749
325.266827
306.4548557
264.8742957
257.4374011
319.1605851
319.7264089
329.181187
341.101939
321.8968922
292.4337068
292.2983244
294.0286635
313.3829954
300.6526655
290.7081672
313.4177026
286.0263558
249.5397606
301.5097464
301.9642961
290.0551928
264.9103827
301.0800477
304.2951633
299.9318706
275.8599111
262.4486528
277.2494553
292.3576463
286.7139666
289.0765782
305.6707918
287.9087425
290.699333
328.1702873
299.2485288
317.5448047
307.1135707
292.6519966
288.4202881
263.0202884
272.1900652
290.7239546
291.1679026
281.0446033
281.4936949
269.1313471
274.3776326
307.6625329
305.3768986
297.8430613
307.0893988
293.9976531
284.6579895
290.8501249
304.8236805
293.176207
285.5877971
277.0739279
291.26375
322.0923301
322.9334819
307.1308518
308.9022121
296.6089167
249.0700115
274.9313183
260.2681282
272.061465
292.7122725
300.6689738
304.7377704
327.6511919
331.2622853
339.1380044
355.6050412
324.7618568
284.8603465
313.9746535
320.6566592
308.3031381
299.6119286
277.5670858
294.6452565
280.7904265
294.0268765
278.7824842
323.9952856
335.7332212
305.5536687
314.1798138
323.2730673
307.7519216
319.6150126
310.2046284
309.0480558
331.3244263
323.8467841
327.3799229
319.0655735
317.8667193
306.9735615
277.2279953
289.4443749
288.2177367
314.5555969
315.5494295
312.2389036
332.2452295
349.3709505
305.1068933
299.0997751
293.1502988
291.4540183
302.4729643
297.2216081
310.9233362
310.9541036
331.3281669
297.8948849
285.3418742
319.7380368
325.2739199
318.8257016
316.6963261
296.2574154
293.6496093
267.2738526
277.4481842
280.6394879
283.0591407
324.1569542
317.5330352
306.3703761
325.065057
307.9258008
299.1077685
304.8841592
331.1623018
324.4644107
312.9467885
296.8659931
291.5100933
286.4658418
296.5092025
288.6735736
265.9254963
272.7492219
281.3601243
289.192395
278.3505608
303.8538265
308.5404947
344.9711133
330.6188797
352.2498605
345.5704219
292.5488231
271.6140178
279.8080232
297.4771431
303.8894915
287.4754549
280.8940464
283.4120118
264.5426157
264.4162061
275.0627455
306.8807254
311.412277
304.265247
284.7752453
294.9714365
269.2973615
283.6782688
283.1088403
274.4236087
281.2683134
327.9843936
327.1048409
323.5501054
276.1022288
255.1036211
237.7871664
260.6073128
292.7296096
310.6508045
310.3586416
323.8307048
316.5245092
349.4757129
356.069545
338.3565537
314.483935
309.0217607
319.9766396
317.835957
335.0442131
323.3692278
327.4073764
331.0800535
327.6698464
305.7973437
289.3712596
288.3149815
299.893627
305.7881054
276.0241879
301.3777732
317.7779976
298.7058202
325.8520252
306.740814
305.6648957
323.3755533
312.2681241
287.9843871
296.6572875
314.8926083
306.6419603
326.1159871
317.8414819
330.6807879
322.4022905
283.1123585
306.5062046
302.2568581
314.5590153
330.4293404
341.9789282
313.1232041
281.7825037
293.5059632
290.6550776
293.7472492
284.0455081
321.0372205
295.6330121
310.0220642
290.5002632
273.0102898
279.2521987
272.6372497
311.4675231
321.377925
290.0480578
287.0993265
285.0856968
276.2510436
277.6732748
270.0160043
289.4637162
284.9250615
281.420701
290.0420911
324.1995965
329.9798536
312.3032848
291.765713
290.7355191
297.6389063
304.575682
316.9620287
313.7193369
290.5362568
246.7257341
302.9234667
303.7521598
284.7087724
273.7372943
270.1125775
265.7153838
281.1476511
289.8492591
274.4081235
266.6602285
289.9560817
318.7426792
300.1620844
304.0873093
317.3965854
308.301559
283.448987
246.6241317
245.1013961
314.9814232
304.6271276
296.9915193
329.0491443
306.6651249
283.8146445
284.5700882
296.0090729
315.2709089
303.2060191
337.8618491
347.9944319
346.2580353
311.9391074
309.664147
303.243668
313.388066
308.6473217
292.3170195
297.390623
331.8854489
317.5269463
315.8001831
319.946474
343.0666174
330.0043572
307.9724375
312.1920142
308.1632447
321.2886236
344.5233711
290.842492
304.8234627
330.1745426
346.2878597
300.0863765
319.2768449
325.4743309
334.9430219
337.5343234
269.9089422
270.6729973
272.4536259
280.5414232
286.1136423
298.4379083
313.5848314
283.6415297
301.75881
299.5289542
288.6694752
302.7307936
302.9696089
305.9691706
288.0190914
287.0315958
285.3578975
282.1103814
305.1070094
261.8575423
283.0792352
281.7220716
287.8991787
294.7419798
290.7126776
278.7872207
251.9211607
283.9020992
313.3871432
284.0140158
264.0029826
284.9578367
288.7504127
320.1789351
318.6111567
319.8482214
308.4090513
272.4328158
285.2864917
297.0135556
316.7203789
277.469719
279.143866
274.6572269
271.829998
270.7742576
281.1972832
285.9198401
289.6952959
273.3551428
308.3564389
303.793577
284.1175375
300.5256096
323.2848521
302.9526569
283.4623764
288.6771953
277.4606811
284.6561656
279.6909045
277.9713506
266.3167254
266.0586792
246.1054675
280.4998094
291.7245953
291.5183132
296.0476775
317.7203618
313.5219676
282.8425614
290.1287585
294.4868719
288.6284066
274.4304147
288.1456057
286.6807986
287.8444376
309.9059891
301.8446249
302.5275602
273.1466457
291.5684828
296.7184204
301.0531355
306.534145
320.7756176
341.890396
302.6665348
299.7841887
294.1593457
302.6417905
294.0692942
307.0728217
304.1531623
280.9883481
262.7889117
289.6608321
292.1576116
311.5647247
317.7858029
316.2461016
317.4207272
327.2768731
319.3508957
335.0802113
326.1453988
323.0365994
273.4550122
257.1157463
280.0256058
296.5272668
302.4469184
315.3039769
318.5986636
312.9123208
312.6780218
291.6948313
288.5844073
293.2333779
310.5583783
280.4024386
276.6649928
281.8626618
304.5390679
286.1652029
279.9334
292.7896883
292.7210252
292.6954245
313.5886932
323.017882
325.0734224
312.7718675
284.6224953
284.3985152
270.2623729
289.5874465
270.0844558
311.6532836
335.1125867
325.2603297
309.7367153
305.2415915
319.6911844
325.0678514
327.5046456
303.7601712
305.2674147
285.6488439
291.2351352
305.4281392
319.2398784
294.3959574
337.50966
371.187161
338.01374
296.9332155
292.7284268
299.8604449
282.6076818
295.2911663
308.316064
335.6594513
316.4708897
282.8978299
275.14181
275.4584535
269.4950963
283.6803857
291.6892814
286.8912783
299.5999504
274.3945093
263.5015087
275.6189709
272.5889941
290.0325009
283.6421577
276.9853738
269.1873368
280.0382406
267.8313802
290.1039171
290.5571437
300.5444682
296.1336768
293.3585493
276.1084205
271.4664881
256.186198
265.124258
286.9299956
330.8910074
325.1083842
320.170043
320.8529505
321.8791191
288.9683877
313.4341927
290.3792741
310.3933576
281.5088426
285.0395685
301.8801749
313.6105917
319.2978966
325.5936015
309.568974
291.4277553
307.8784991
313.0516507
292.0053265
285.0110018
295.5890998
295.8737562
279.1415969
293.2704232
318.9396861
299.7264549
321.2349252
299.3774116
297.4819728
295.355301
305.5125938
322.3020541
310.6702631
311.6904595
304.6707797
299.0349132
278.7293879
291.9059636
317.4093541
300.2706721
286.76568
289.8723562
305.3698405
322.4499572
309.4214992
301.9044072
304.6398262
319.8707768
324.4008866
312.6352085
319.5420483
309.7784677
309.5240231
316.9980128
304.5313176
282.169457
291.6685694
271.1028589
279.7210928
274.5143123
272.8735462
282.7958823
313.7996889
303.5439091
294.1290939
323.1087233
320.2800198
319.7648498
272.7075025
264.8432174
287.690182
280.0407861
309.9322084
295.9965159
313.8062762
330.9904307
337.2539282
315.90392
341.7193018
338.240065
344.7391955
338.0087474
339.1290195
339.8535905
325.9368538
297.8529295
271.217456
260.8940031
273.1565636
274.7209289
267.9461653
300.3122031
314.664966
315.6164928
308.5939266
322.5138599
321.0757617
288.7172551
308.3213268
309.3105586
336.1855984
317.1463158
331.1290953
295.4528695
298.5795482
293.7145155
310.8510949
297.5188771
295.2636944
288.7259726
285.739355
317.0710634
340.6851341
317.9115279
276.0263678
285.7895791
292.5106499
308.3627662
297.4528798
274.1601828
282.040812
302.5977519
292.9840411
293.6801024
307.553896
324.590646
283.1514674
261.7993691
266.7486575
321.0707087
353.5579784
352.4931223
300.87822
291.9216402
283.1455688
284.4511824
289.2117737
286.6265535
310.5881123
312.3621409
303.6745157
330.9181746
333.9739963
336.9631283
333.813035
274.4850254
278.9738694
291.784971
300.0710754
278.6095339
284.5078925
322.7802135
347.1781212
314.7916649
347.3434468
311.4461411
317.1301642
310.826445
266.9089115
279.1051598
277.246481
285.5850031
300.1661601
288.5109723
280.7384012
316.8956954
327.9454114
354.8787251
328.8230135
338.6210392
321.0472711
314.1344646
320.7886582
323.2505563
332.3203112
339.9391166
333.5023558
328.9002322
371.1624746
362.1644455
348.9687592
336.6495703
315.5916843
313.1436421
335.8494374
290.2153206
286.4615882
286.7059567
306.3924245
294.2243378
305.0066006
285.3567276
279.4463733
304.4585629
281.7353135
281.2254056
317.2239231
335.5952178
340.5926116
317.4956142
316.5974915
302.5796514
311.478323
290.0722441
274.8321833
271.8963993
278.6263732
282.6637642
288.3176758
299.2106397
320.3586054
341.4102298
337.8585319
322.3787074
331.3713988
320.1048062
312.6758628
314.6743804
324.773857
320.5181099
341.9090026
311.1511951
302.1495294
302.3237222
276.5171028
278.9243102
284.5532277
300.535477
290.4001479
293.2241109
292.5851664
292.5780542
284.3909725
283.6680647
286.3588973
306.6175666
283.0661548
269.2521376
271.2241605
270.6793014
307.0895586
334.5131313
296.9823746
280.9806448
279.3492274
302.5205654
303.8435312
305.0948606
304.1253856
305.2644102
326.8172263
321.0787395
306.050206
306.356984
310.7701076
317.9134949
304.6618255
287.5599698
295.2026217
332.5366671
325.516861
315.7024897
304.8213157
287.7679278
286.1724344
353.5800389
335.5158859
315.3199979
321.2654114
344.3967683
314.4992207
328.5550998
343.3724597
316.7088568
318.967292
308.2235664
317.8109457
334.6587206
324.7209512
314.7123307
285.0792038
297.787847
312.8427482
348.8374426
339.1534276
326.1315704
364.8481062
351.4007257
300.2899045
296.4209328
303.6796727
340.8053926
313.4141111
323.2962476
324.1045833
321.175718
344.9793775
325.987263
283.2847657
285.7680295
313.8749482
295.4387517
285.3138128
280.4039121
305.5126503
337.938731
318.5501354
292.2786766
306.2471959
302.3870013
286.0410101
286.532561
302.4347422
300.5601994
295.632046
293.0063633
272.1973281
301.1678845
300.4567785
279.5033299
296.5814624
274.7399714
289.071449
350.9031503
336.27203
319.7837144
304.528392
294.2894528
328.930757
293.3207935
303.0642302
299.758871
316.166555
288.2587897
306.8934626
325.0545425
302.5694518
288.6498023
295.4760483
330.1835034
297.0210787
334.5336173
325.0214344
264.2593698
307.2393063
315.961433
317.4526112
333.4935485
334.5811609
339.3266958
357.7861053
386.3377781
364.2928827
314.650463
283.0071466
289.8061364
317.4040013
287.2053773
290.216608
303.9515545
330.1383977
326.829096
341.4338261
375.1535074
339.8234568
305.8152912
281.6057268
325.9243344
321.8530253
318.0825032
313.0963903
313.3063978
336.5531884
317.6667229
312.4014943
326.9662077
327.5883528
322.2951785
314.4370875
263.2135742
300.8741242
299.1515495
304.9274348
296.103725
314.0919341
303.0544583
294.7023434
270.7043489
266.21155
257.6701696
266.9908851
249.9687863
248.7925428
283.1247521
314.9087232
270.0803858
281.3491845
293.7569435
288.3428412
327.3912742
310.0448808
302.8640712
284.1773383
316.0350026
321.1191908
245.498791
266.6505538
283.9666941
308.0357589
350.4918316
352.4685053
340.8590576
313.4913386
293.9766244
278.0075419
280.26639
318.7796202
317.9900095
344.2877668
326.0014112
313.2884687
335.3973023
309.5660164
281.1509794
253.8217998
319.3891272
314.9438565
317.7338771
324.4064126
305.624942
299.1071346
252.2795216
256.8403705
282.0999061
305.0753071
314.6033209
276.5957209
284.9127951
289.067384
278.7299808
279.5692006
277.7897658
303.0320291
308.3093505
312.4825994
306.7676042
292.8966544
311.4955466
288.3338074
292.2394937
282.0163534
271.8004356
269.9271548
297.3943154
307.4481364
322.551667
342.9159273
321.5594966
296.0651131
276.5540521
278.0096389
278.5785384
284.3042525
308.3162317
318.1860677
342.5672867
332.0256606
314.1127101
310.7116981
317.8260929
320.9275001
308.8861258
344.3075649
359.9374552
314.1773383
290.2160448
305.0214462
288.9836875
305.6672492
302.8957328
298.3347675
299.0711846
284.9286897
303.9245889
324.3284595
360.2720309
364.0457851
324.7295528
311.6241862
323.1785844
322.9529528
326.4075431
342.4146795
317.0006012
323.2066731
304.4550879
303.7282465
308.4726371
295.0852292
300.9026054
316.9482273
291.4309817
288.1177909
311.2728588
323.6676491
330.1017998
335.4012905
341.9221417
345.2706817
358.6293041
374.7546786
359.8090507
302.1767342
325.9268853
315.2980323
357.7105156
369.0072573
315.2763143
299.4269591
277.1286966
317.2107467
312.2436691
308.1454932
333.0862452
349.8906592
323.8577833
293.2675603
316.1118747
307.4323368
299.2674972
275.8282573
253.1900618
283.7185845
288.1509749
291.6446188
312.9235274
304.0382989
299.5616895
279.4077345
264.7969687
282.6500457
299.8076436
342.0574968
350.8516162
352.572129
296.4374074
303.3815816
307.8720257
292.9118431
268.1251847
301.6405874
298.4195688
309.4478783
277.6811922
266.6450925
293.5613066
318.0054849
320.1721906
328.8498918
325.6156704
313.4623995
307.3111826
328.3147957
313.9511164
319.6158233
282.1618109
306.2394839
337.9033009
341.4395138
309.687625
271.4626299
248.1533745
273.5476069
335.5545545
371.9182169
332.0100266
319.3710513
311.8037174
318.4222136
306.628694
329.5038597
337.4602523
339.928382
322.6274753
303.6012395
322.3287689
318.7514887
322.3144815
324.541495
347.7952779
331.022487
326.8143492
336.0484002
320.9799372
295.7915194
301.6051582
301.360628
289.291319
313.1413482
297.1692215
311.7415264
278.9627496
287.1660425
312.92943
309.0999249
283.2921351
295.3819014
292.9856394
307.1801405
305.7424321
318.3518067
307.3975377
305.7656785
294.3996285
291.0331279
306.2695818
333.9968224
350.010515
369.0441555
353.845684
336.1524219
331.5123914
308.4634594
279.844751
291.6736189
275.5135243
265.7419722
307.7544837
341.8251336
311.1346333
348.6503535
341.3539098
312.8582061
306.2783543
288.0559084
304.2654348
314.4048609
320.1769865
293.1930989
293.3638246
277.4682471
296.3091053
310.0632858
287.8745186
281.6776021
333.957287
339.2319413
353.6259699
316.1435115
316.1300275
332.4953526
297.316373
305.1817666
338.7302308
339.9270109
313.0024194
299.4537283
307.1606218
299.3030772
284.6759292
288.2923471
282.317414
306.866066
330.7705967
310.0264733
267.2737299
278.2295239
289.7438743
334.8195504
326.0096333
340.1092116
325.8812569
303.3096319
304.9604377
302.2339998
309.063904
261.2928213
269.8608796
295.5647141
313.7638644
276.5094774
266.2882725
262.1172146
272.5957615
294.6361656
320.1312612
322.1694181
283.7405358
261.3627526
264.9456617
249.4791187
274.2167327
303.5005099
328.5356504
296.2707306
284.0315997
290.5592305
300.037669
298.8545285
291.7602193
293.1690147
290.4098291
290.1768115
297.8164233
290.1259174
265.2734013
274.689547
295.9135916
276.1763258
276.97904
291.1571934
320.6727596
287.2468817
314.0841924
324.457305
312.2428459
304.9455744
271.592035
265.7110596
257.3012187
269.6904201
312.6166337
307.6707874
269.4440959
255.7921077
294.4715206
274.6155707
315.993512
298.0477159
270.8771078
273.2308023
299.4977773
317.5393697
281.5772879
277.3777831
301.4092062
297.3226751
313.0612022
285.1369611
288.7299039
282.994713
276.8393205
284.6615022
294.4021878
317.8815732
292.1810601
295.4902081
290.2601187
310.5305437
289.4825603
269.7789454
237.1901525
298.6532388
322.4308176
313.4832954
328.7743554
344.108424
352.0059908
332.8987115
311.1195502
286.7210315
297.4565579
292.4751468
283.8426086
262.7141174
286.5075705
313.7121969
303.2030219
272.4624428
274.612174
258.5100031
288.9758303
306.1726845
341.0722277
338.7125023
349.7466904
323.4100205
288.2041257
303.6296332
324.1143222
322.3946068
304.2189054
278.9631289
269.7285428
279.9186041
304.6139498
341.2086046
335.3445009
316.4656052
311.9666364
316.476469
322.7240201
361.7471008
321.701551
274.2227733
296.1366779
299.132201
308.113536
281.3225107
280.8165154
280.9396352
264.543082
292.9155859
286.2809921
273.3755172
272.9417298
266.3662713
282.0035645
288.8209058
290.884576
277.5884658
265.8970061
271.1496383
279.3459834
305.9843665
279.0626665
256.5495058
251.9662871
258.5510961
275.1975983
295.313361
314.3454054
285.2707269
285.8608408
265.0989356
277.9329587
283.1920584
310.8164239
329.5916284
335.0400587
294.3717399
329.3455917
352.4600752
338.1999988
312.1017065
335.794575
328.430978
315.1564566
291.2830875
261.5907167
262.7059604
301.121237
337.2284647
308.9744245
283.504486
275.5778467
306.2714413
329.5263521
336.1439406
335.0987913
320.4513279
282.3674136
307.006989
329.2547422
346.9035417
338.6274849
351.5268991
323.6876203
323.4062681
314.942125
323.1198678
327.7832538
309.9315079
296.0845238
287.4020791
312.8422593
305.3279301
304.6366773
305.2686425
295.681611
277.2583325
294.437136
281.9102759
267.9194256
278.9023083
276.16377
299.4894483
321.2815653
342.9910305
345.3158314
336.9328213
330.4269693
294.0423048
300.478651
286.8409947
285.9474407
286.4183221
295.6305937
306.5614552
290.7036723
295.6141438
321.5673051
281.4306594
302.3279021
292.9025547
290.3539046
316.2099177
315.9680809
281.0215315
270.9326162
302.9323147
322.4856897
329.691216
309.523176
286.3754959
299.5864975
286.9579169
284.9494619
286.9260001
300.1422591
286.4695474
270.1581836
264.121329
283.741372
290.9742865
303.4299412
300.5550833
302.0739335
311.1950004
327.1831124
320.8458043
306.9566546
302.3390166
296.6620503
308.3264709
307.8505256
339.1450642
325.5057553
304.4809204
274.3333974
289.0852327
279.3278534
296.798737
316.3924941
311.4896895
282.0694239
293.452787
287.8491357
281.0568023
293.1129099
308.8480289
309.5610529
325.9305468
290.8403552
291.5012373
294.8292042
317.2952395
305.9259659
300.3048185
309.7143723
297.6354001
298.6497251
279.4584172
290.6909306
300.2064509
281.7496114
287.1056195
287.5334749
302.1063152
318.8069182
306.6229608
278.8945012
327.4028997
373.3560469
326.4931512
298.9042841
279.5718504
273.1595188
290.7358598
294.4558081
285.6375497
294.6868931
311.9014769
298.6827375
284.6269494
281.4124089
300.8627626
286.5365451
269.1084356
277.8951646
290.2068146
296.2513677
279.3434352
250.7970853
297.0653051
316.3976498
335.0543475
304.787567
273.3342523
280.7303033
291.8524705
279.843695
274.0803676
272.6741732
267.8709229
285.2986441
294.8578801
291.1868191
278.8032871
306.3026391
264.9852211
290.8168548
291.168398
312.2932884
295.5924936
318.1421427
281.8564442
249.7911809
280.5953811
274.7580599
274.7456206
273.143155
287.5157625
274.8819803
274.1654301
281.7877197
273.4198891
283.3401851
325.9745329
293.0619671
291.0251316
301.8563737
328.4346148
300.7198911
314.4724734
269.4906284
262.3554969
303.4520099
303.7966451
310.8700947
318.1390941
307.0689914
288.71198
281.1769067
265.7703321
307.8912619
338.8041736
338.6922177
327.2477192
330.6113576
340.9225152
308.155711
313.5630655
312.4290464
315.3798468
345.4349641
353.4005281
308.6242226
336.5084096
338.5318564
331.1355542
346.0652772
326.316497
328.4084103
346.6687366
352.5225639
330.3302129
310.6944391
302.987865
294.0746867
316.1854544
297.0209346
291.8282988
280.3948462
309.293092
296.6883417
298.2338406
284.8144011
277.8964602
275.8082829
323.2300283
319.3031074
315.7293321
294.498545
280.7733468
302.9948246
278.0901796
293.1397847
311.422994
290.2167719
280.0595303
262.2165488
263.1514226
297.8832389
288.550524
268.2727616
241.1822156
247.4997933
277.8654869
290.4563042
296.3706282
279.2069301
293.7375967
317.3549574
329.8443159
297.9168799
305.4058202
297.6880745
308.0908978
296.734199
307.7289768
307.9580462
298.8509306
295.4901361
270.3673388
297.1942637
295.845199
271.3114679
275.0709648
279.6706679
330.8726578
352.1965388
297.1381325
287.3399145
290.4169828
293.4353102
269.7472835
270.1958307
272.0314549
279.5236689
280.6858602
298.4728658
308.0197601
305.509214
321.6049031
296.1871879
299.4865106
293.3951848
312.1934865
312.8871694
308.1833303
293.2971865
273.4294943
279.4630697
282.7028986
293.460039
299.2468718
305.8583988
312.1878377
286.5611006
287.5342012
263.503667
273.0863826
304.8729752
298.7207151
343.2801882
339.8472594
307.8530437
271.1529751
271.5088211
270.7258038
274.3573559
298.2852897
293.5894833
301.2383591
271.4927997
268.8858472
306.1669761
311.6499989
313.6255841
314.2630881
312.0313469
285.6824143
296.2522088
327.3172005
352.9284345
308.0086833
309.7257733
298.1149753
331.5362419
331.7147057
342.2124154
357.1189123
349.6966169
344.1920957
308.2858692
297.2269674
295.6775873
302.1222255
311.6338344
345.5710948
318.0814587
280.5773289
272.0410324
307.080681
327.2753614
320.1757506
319.5544283
305.9225216
314.7374229
323.2781609
296.5925754
312.2163721
300.0755751
301.0526263
319.2387964
316.1224024
308.6315325
364.4816739
347.6787611
307.2039593
318.1346077
330.579444
329.8071782
325.7351923
330.1671531
332.5550035
321.1721576
291.4395404
315.0831577
308.7279405
316.8321342
328.659583
324.7822589
317.9272874
315.0573702
331.2516022
367.3953276
382.3498344
326.7428337
304.8689643
288.9745743
301.0528754
334.4196031
336.7230884
275.7635446
311.1963186
330.1264629
343.0386615
303.9443811
307.0163495
317.9006602
304.8933456
302.539809
324.5776766
339.1820965
323.2189381
302.3290218
297.4500028
305.1084009
317.4329275
339.0894002
312.3924978
279.6097509
271.3512731
293.5079722
279.9308522
280.3002742
306.7743647
313.3467271
350.5595478
356.4917334
339.6693888
301.0580237
300.7267161
312.849599
305.552382
315.9561289
300.9691118
322.4913875
320.0684146
309.3502764
341.6124932
358.6069635
344.4968193
355.4273179
364.519653
335.2159087
308.3805744
286.2110275
281.7085678
288.0009164
333.6193091
383.3668599
359.200175
345.8871538
319.1302322
329.6651166
322.1969091
311.2409731
314.1629621
311.9326501
279.8731598
273.4735497
302.1594656
297.7684901
297.784229
274.802912
302.0397969
324.3344044
328.2608893
300.4299863
270.9835085
258.5104396
291.8078742
294.2195846
309.1479355
320.5625273
312.8762729
331.570223
362.0538909
359.0231568
320.0536938
294.4160738
284.0240127
292.7250329
277.5376354
339.1235892
337.7630577
293.6805628
300.0988838
323.6898573
330.2068031
320.0694728
338.4313474
330.5878041
349.7748059
335.7731397
311.1675431
283.1987006
312.7455261
309.9603295
318.802313
313.5410355
289.2772623
280.4246955
311.0718247
288.3073963
289.6788702
281.3676047
277.0720677
282.4153913
296.5925976
338.3596344
329.3019207
301.1222986
286.3380026
306.9649694
334.3217707
317.5290776
302.9614932
308.4405912
302.7327245
278.8343455
290.3412372
325.3691445
277.937548
262.7324197
269.5329011
293.2955736
299.9788966
301.3020354
318.6883308
306.3184064
318.5286348
312.7797274
309.3424775
248.8195855
239.6714157
273.6037062
293.941563
301.0503924
289.3523371
300.2741987
328.8793082
284.5806508
294.7751525
291.5995811
290.1433682
326.0067036
334.6315155
329.1413829
317.9665529
328.2065003
323.575343
319.1921748
273.1714326
311.9755266
295.9727974
278.6164626
260.7548443
270.9687332
297.9280814
305.4416037
283.1717158
287.6113081
307.2702489
342.159199
345.9931828
310.5720613
275.8796582
325.4859331
339.8172645
325.9995939
330.012171
291.7765916
279.1767334
286.8070427
282.4210449
300.9898658
324.210846
312.0413174
330.1756791
310.9419722
308.2182112
266.587466
283.6501547
306.7203855
341.4685664
347.7948032
320.8774815
287.5801013
273.5873602
284.9609369
274.9749721
285.3161403
273.304298
277.8888647
291.8319697
317.1972251
296.095666
284.4197955
277.0190309
273.9466329
284.642584
281.9222272
309.2130816
306.908247
308.2825217
310.0017658
295.4576112
295.4658197
280.5332105
236.1991234
239.4300481
245.8859558
261.592988
281.103246
287.8338397
291.6612519
305.6634235
317.6725518
277.1051124
284.197631
275.5312765
293.0914263
304.2372832
307.7851894
299.1585654
291.564103
273.0534008
270.4362272
265.0963208
237.486468
257.9464015
286.1023501
285.9804899
281.6835074
313.5009468
314.120614
329.4957537
308.2448159
306.1307886
306.3134698
304.4248997
298.7432308
269.9966132
290.8616954
345.1086403
321.0006116
279.8417275
273.1651496
266.4193486
259.0581519
320.351693
296.7730189
297.4439146
309.368685
308.1127785
309.9300836
306.0423446
317.7620151
342.3509621
317.0085018
323.2731197
276.5984396
276.2195629
294.1985964
285.637635
276.5020101
310.0944585
312.6466587
328.3631048
332.7459475
299.2804698
331.0524943
333.4820291
344.7774433
320.003959
290.14661
301.8965793
323.0301713
296.4838053
303.0424754
270.4406338
314.7126324
332.4900498
320.191922
309.3758297
330.0228251
329.1991922
336.7225373
311.9636487
298.4131858
304.3355697
307.0419094
344.3839353
344.4245479
347.8413478
325.6835647
309.9311202
320.3079487
296.7131065
319.5218047
333.9552252
337.8852491
319.1298097
289.4547136
309.1371135
293.1952906
293.5294789
297.8503512
295.8442969
302.6213811
296.5285033
280.2297021
269.938067
276.8822481
288.3304951
318.824947
333.3830514
353.5220799
354.274149
319.7564144
318.6093408
274.2735242
274.4535251
275.9183709
290.6407265
315.4411207
324.6533078
341.5852296
346.1619142
332.1848095
287.2200069
272.5993796
317.1629021
341.1967105
355.5694982
359.5193161
377.731146
331.8107248
316.0215039
305.9328277
293.2194218
310.8878315
326.293538
338.7222872
310.7449659
324.9094452
317.8061817
291.0940731
301.2177386
302.4430904
320.0207598
302.312552
305.1385256
291.3433829
289.2772962
276.0103346
291.916107
330.4202784
348.162518
347.2970398
346.1645129
343.0941651
328.9524418
326.5410796
342.8096052
329.2443656
304.55208
300.2388278
292.3718317
314.5211418
318.3631065
320.5526882
318.1923283
296.7193559
298.3284617
326.8148178
300.4286146
313.0652759
295.374351
299.556999
327.2146552
294.6131253
304.52098
307.7065922
314.1739779
332.8827569
319.0790097
285.7691363
271.1284486
268.8799826
253.4932901
265.2066423
284.8008246
302.2250282
317.4517104
296.9392511
300.4845329
325.30055
340.7545693
344.5887163
303.9778597
268.0491994
296.2493631
259.465582
269.0484362
289.6458182
337.6183459
315.7766563
330.8908699
342.9209868
332.3008763
299.9830348
278.2572593
273.5306514
278.1124343
307.6704996
311.8637319
334.5905077
324.9902869
285.861796
281.6621396
277.576901
252.638604
257.0456755
243.5587135
266.847591
294.8756788
316.5694268
331.7615426
293.1560489
321.0632732
330.2782971
285.8594223
280.0582547
257.1089896
272.5123404
287.500621
278.9188917
271.6974593
263.0288664
258.5613971
287.0603337
278.2818106
317.8131887
337.0458268
284.9809621
275.3909146
278.1736315
268.740563
267.7567483
266.974317
262.1546618
243.1815259
277.0855616
302.0711542
287.4993054
275.9285667
272.5552262
272.1728812
277.4817189
278.6403538
281.3753867
307.4807027
324.003013
312.4434341
316.8966198
348.5723103
322.6515514
303.3183139
306.0022437
325.8925902
306.8142367
331.4927385
333.8076223
301.818821
278.6168363
274.0621955
279.896935
299.9070982
325.3189415
292.2475812
311.041394
299.3548853
284.2443101
273.0948828
271.6269974
289.8883113
288.0614439
285.3109511
330.8422596
318.9291202
292.9114553
291.3181753
304.6049665
276.7845374
291.5286887
271.1477437
274.6900929
293.1708368
280.0544028
270.201105
296.4725388
308.078748
291.5206892
316.6594561
301.2136057
292.7629032
295.2059357
320.0971915
311.6885329
291.1129402
336.1251023
360.3379922
360.8603886
301.605195
290.0308464
323.7440973
310.2120316
295.6524457
276.4412103
304.3523548
346.7322223
350.5273538
338.224956
329.1984614
325.0339239
318.494451
304.3261157
289.5432951
312.6478174
344.9485917
331.35232
310.4338959
330.3860243
331.1838131
314.6642086
285.3983418
286.2489099
327.4812049
344.7600088
302.5588985
289.1206265
259.1790171
256.9807382
286.5490329
302.7383346
294.3918564
293.9721792
285.8239503
286.890252
276.1327466
278.7905042
282.9226139
300.638969
317.037043
325.3521092
318.7841566
318.2898335
319.1791322
284.477917
287.400626
280.7950924
288.6407863
287.9487118
274.8893094
264.8051253
282.6730634
289.7046919
281.6241382
313.3549391
304.5874365
307.3972686
334.5043887
280.2221472
268.7822849
277.3628688
268.2544717
253.8931863
260.7293094
288.2138775
276.345077
279.1277266
288.0051637
273.596665
278.1868375
290.7201214
271.7725743
304.1273438
282.7743708
294.4370788
309.2980843
314.6865947
292.4583169
312.4256867
329.6525562
342.1744635
331.5156324
295.6065162
307.2708721
282.6360486
281.7256303
308.3748914
317.6245068
330.1398882
345.5455175
318.64453
321.0378158
301.7858731
302.585494
282.2213671
293.6721972
322.7109646
326.7505765
278.4838475
255.0123854
270.8181316
283.9823373
284.7962735
275.7323438
294.5117738
311.4619813
)
;

boundaryField
{
    xPeriodic_half0
    {
        type            cyclic;
    }
    xPeriodic_half1
    {
        type            cyclic;
    }
    yPeriodic_half0
    {
        type            cyclic;
    }
    yPeriodic_half1
    {
        type            cyclic;
    }
    zPeriodic_half0
    {
        type            cyclic;
    }
    zPeriodic_half1
    {
        type            cyclic;
    }
}


// ************************************************************************* //
