/*--------------------------------*- C++ -*----------------------------------*\
| =========                 |                                                 |
| \\      /  F ield         | OpenFOAM: The Open Source CFD Toolbox           |
|  \\    /   O peration     | Version:  2.4.0-MNF                             |
|   \\  /    A nd           | Web:      www.OpenFOAM.org                      |
|    \\/     M anipulation  |                                                 |
\*---------------------------------------------------------------------------*/
FoamFile
{
    version     2.0;
    format      ascii;
    class       volScalarField;
    location    "0.0008";
    object      dsmcRhoNMean_O2;
}
// * * * * * * * * * * * * * * * * * * * * * * * * * * * * * * * * * * * * * //

dimensions      [0 -3 0 0 0 0 0];

internalField   nonuniform List<scalar> 
5120
(
2.92
2.79
2.68
2.48
2.46
2.75
2.58
2.73
2.63
2.37
2.49
2.66
3.07
2.87
3.05
3.27
3.28
3.55
2.97
2.91
2.67
2.73
2.71
2.73
2.78
2.83
2.88
3.04
2.96
3.07
2.87
2.8
2.73
2.66
2.5
2.46
2.31
2.32
2.65
2.77
2.55
2.32
2.28
2.36
2.46
2.92
2.78
2.75
2.49
2.54
2.83
2.63
2.34
2.52
2.84
2.63
2.59
2.61
2.4
2.47
2.71
2.64
2.61
2.71
2.83
2.36
2.2
2.45
2.68
2.86
2.98
2.94
2.97
3.19
3.18
2.95
2.92
2.82
2.87
2.74
3.04
2.86
2.59
2.65
2.88
2.9
2.96
2.88
3.02
3.11
3.21
2.93
2.76
2.55
2.28
2.47
2.48
2.52
2.78
3.04
3.33
3.26
3.05
3.03
3.06
3.14
3
2.89
2.66
2.58
2.68
2.68
2.9
2.89
2.98
2.99
3.18
3.02
2.91
3.04
2.84
2.68
2.94
3.1
2.97
3.02
3.05
2.74
2.75
2.86
2.82
2.6
2.84
3.2
3.36
3.17
2.95
3
2.83
2.7
2.51
2.68
2.55
2.57
2.54
2.75
2.73
3.04
2.79
2.59
2.45
2.56
2.9
2.58
2.4
2.48
2.51
2.65
2.61
2.57
3.01
2.75
2.66
2.73
2.64
2.69
2.85
2.9
3.03
2.92
3.32
3.29
3.36
3.55
3.47
3.19
3.15
2.99
2.85
3.07
2.77
3.03
3
2.83
2.81
2.8
2.67
2.71
2.94
2.91
2.63
2.78
2.66
2.49
2.53
2.78
2.76
2.87
2.91
2.82
2.91
2.94
2.78
3.09
3.18
3.17
3.19
2.84
2.76
2.58
2.43
2.93
2.96
2.92
2.6
2.54
2.61
2.61
2.47
2.84
2.65
2.65
2.46
2.73
2.65
2.9
2.77
2.79
2.89
2.93
2.97
2.89
2.69
2.74
3.05
2.52
2.37
2.41
2.29
2.49
3
2.94
3.12
2.88
2.88
2.87
2.76
2.92
2.89
3.06
3.03
2.88
2.87
2.85
2.75
2.96
2.92
2.95
3.22
2.86
2.37
2.78
2.64
2.91
3.05
3.27
3.07
2.63
2.54
2.63
2.85
2.83
2.76
3.1
2.8
2.69
2.87
2.73
2.6
2.4
2.35
2.69
2.91
2.99
2.73
2.64
2.57
2.66
2.76
2.65
2.58
2.83
2.97
3.04
3.08
2.93
3
3.07
2.57
2.44
3.09
2.6
2.58
2.5
2.73
2.82
2.83
2.79
2.82
2.87
2.66
2.82
2.72
2.71
2.99
2.95
2.83
2.81
3.08
3.23
3.04
2.96
2.89
2.82
2.88
2.78
2.81
2.9
2.96
2.99
2.76
2.84
3.04
2.94
2.93
2.95
3.13
3.05
3.06
3.05
2.7
2.75
3.13
3.25
3.18
3.18
3.17
3.14
3.12
3.16
3.11
3.04
2.8
2.81
3
2.93
2.82
2.59
2.74
2.72
2.32
2.58
2.53
2.45
2.61
2.44
2.49
2.62
2.58
2.52
2.61
2.61
2.77
2.75
2.42
2.54
2.8
2.89
2.77
2.53
2.43
2.54
2.57
2.54
2.38
2.58
2.7
2.8
2.86
2.74
2.23
2.3
2.51
2.61
2.65
2.64
2.41
2.31
2.45
2.56
2.6
2.56
2.49
2.75
2.53
2.78
2.73
2.71
2.67
2.36
2.44
2.64
2.7
2.61
2.55
2.59
2.88
2.71
2.5
2.5
2.89
3.01
2.93
2.74
2.74
2.27
2.17
2.42
2.82
2.91
2.79
2.88
2.91
3.02
3.19
2.98
2.97
2.65
2.77
2.8
2.4
2.24
2.54
2.68
2.8
3.1
2.99
2.82
2.62
2.63
2.84
2.76
2.39
2.18
2.2
2.4
2.3
2.55
2.73
2.88
2.99
3.43
3.28
3.43
3.37
3.22
3.41
3.07
2.99
3.23
3.05
2.86
2.59
2.63
2.9
2.76
2.84
3.19
2.91
2.71
2.9
2.69
2.8
2.79
3.02
3.23
3.22
3.28
3.28
3.26
3.23
2.91
3.04
2.99
2.98
2.74
2.62
2.54
2.91
2.99
2.94
2.97
2.96
2.8
2.62
2.42
2.46
2.53
2.48
2.44
2.75
2.66
2.78
3.01
3
2.83
2.72
2.93
2.51
2.68
2.55
2.53
2.61
2.45
2.61
2.75
2.77
2.74
2.82
2.82
2.62
2.64
2.38
2.6
2.46
2.55
2.69
2.73
2.61
2.67
2.9
2.93
2.9
2.97
2.9
2.78
2.66
2.86
2.76
3.06
3.13
2.88
2.94
2.82
2.56
2.41
2.22
2.52
2.64
2.81
2.67
2.63
2.38
2.6
2.78
2.93
3.01
2.64
2.52
2.5
2.54
2.58
2.65
2.56
2.65
2.82
2.61
2.61
2.69
2.7
3.49
3.4
3.31
3.26
2.89
2.74
2.42
2.7
2.64
2.88
2.77
3.03
3.1
2.69
2.75
2.86
3.12
3.04
3.36
3.55
2.23
2.2
2.12
2.3
2.56
2.78
2.99
3.03
2.86
2.72
2.8
2.91
2.74
2.7
2.73
2.88
2.66
2.54
2.4
2.43
2.79
2.86
2.59
2.7
2.49
2.63
2.85
2.91
3.11
3.34
3.26
3.33
3.11
3.1
2.85
2.7
2.58
2.51
2.77
2.7
2.96
2.73
2.94
3.07
3.08
2.88
2.91
2.77
2.82
3.05
2.96
3.07
3.01
3.11
3.17
3.03
2.96
3.02
2.87
2.83
3.15
3.23
2.96
2.75
2.88
2.94
3.04
3.22
2.87
2.64
2.37
2.77
2.96
3.12
3.24
3.09
2.92
3.03
3.03
2.92
3.03
2.99
3.28
3.05
3.14
3.26
2.88
2.86
3.01
2.67
2.63
2.34
2.35
2.33
2.3
2.47
2.5
2.52
2.85
3.01
2.96
2.9
2.98
3.2
2.86
2.68
2.87
2.73
2.56
2.64
2.66
2.69
2.75
2.91
3.01
2.89
2.91
2.88
2.69
2.85
2.64
2.64
3.04
2.87
2.82
2.76
2.73
2.69
2.67
2.57
2.64
2.67
2.74
2.68
2.68
2.7
2.69
2.69
2.65
2.64
2.89
3.01
3.08
3.08
2.79
2.77
2.71
2.6
2.54
2.53
2.71
2.75
2.66
2.78
2.85
2.86
2.99
2.77
2.75
2.83
2.56
2.58
2.56
2.52
2.63
2.83
2.85
2.95
2.97
2.87
2.89
2.72
2.71
2.91
3.05
3.01
3.19
3.12
3
2.55
3.41
2.86
2.53
2.39
2.45
2.59
2.64
2.64
2.47
2.49
2.23
2.7
2.65
2.53
2.87
3.01
2.98
2.79
2.9
3.16
2.46
2.72
3.03
2.98
2.92
2.96
2.7
2.73
2.62
3.09
2.97
2.84
2.95
2.67
2.92
2.94
3.2
3.19
3.05
2.78
2.77
2.53
2.69
2.84
3.04
2.8
2.63
2.45
2.55
2.43
2.44
2.53
2.57
2.51
2.61
3.11
2.99
2.81
2.8
2.54
2.56
2.44
2.41
2.6
2.62
2.62
2.4
2.64
2.63
2.49
2.6
2.56
2.61
2.55
2.82
2.6
2.27
2.63
2.67
2.8
2.63
2.49
2.43
2.5
2.49
2.46
2.42
2.43
2.36
2.47
2.25
2.39
2.55
2.51
2.65
2.76
2.86
2.86
2.6
2.8
2.53
2.89
3.04
2.97
3
2.72
2.5
2.69
2.89
2.74
2.68
2.55
2.5
2.7
2.74
3.01
3.04
2.77
2.65
2.63
2.38
2.57
2.54
2.63
2.7
2.82
3.08
3.04
2.85
2.96
2.72
2.71
2.49
2.57
2.32
2.25
2.22
2.13
2.31
2.5
2.01
2.17
2.29
2.68
2.7
2.81
2.59
2.8
2.69
2.67
2.53
2.56
2.46
2.38
2.46
2.18
2.14
2.17
1.99
2.16
2.64
2.96
2.74
2.58
2.76
2.73
2.6
2.51
2.44
2.45
2.43
2.59
2.59
2.34
2.28
2.24
2.44
2.39
2.54
2.59
2.77
2.66
2.61
2.7
2.71
2.78
2.68
2.78
3.12
2.96
2.88
2.53
2.34
2.49
2.86
3.13
2.98
2.99
2.96
2.87
2.94
2.9
2.77
3.04
3.19
3.07
2.93
2.9
2.95
3.03
3.12
3.13
3.2
3.06
2.84
2.75
2.83
2.69
2.95
2.87
3.17
3.07
2.74
2.82
2.6
2.72
2.7
2.69
2.75
3.21
3.28
3.1
3.01
3.01
3.04
2.85
2.71
3.34
3.29
3.13
3.25
3.33
3.24
3.08
2.98
2.88
2.7
2.74
2.79
2.6
2.69
2.68
2.69
2.6
2.74
2.65
3.03
3.06
3.28
3.35
2.74
2.5
2.49
2.75
2.85
3.09
3.13
3.34
3.09
3.25
3.12
3.05
2.78
2.69
2.91
2.72
2.83
2.92
2.71
2.66
2.8
2.55
2.8
2.74
2.94
2.73
2.8
2.53
2.58
2.66
3.01
2.88
3.02
2.95
2.67
2.64
2.56
2.5
2.57
2.59
2.62
2.79
2.75
2.7
2.57
2.23
2.26
2.49
2.47
2.47
2.5
2.82
2.92
2.87
3.06
2.75
2.7
2.8
2.81
2.94
2.91
3.09
3.04
3.07
2.99
2.82
2.73
2.75
2.8
2.69
2.58
2.51
2.46
2.56
2.37
2.33
2.43
2.67
2.93
2.93
2.38
2.33
2.53
2.54
2.7
2.61
3.06
2.84
2.97
2.82
3.15
3.09
3
3.22
2.83
2.76
2.59
2.28
2.41
2.38
3.18
2.94
2.75
2.87
2.94
2.98
3.12
3.07
3.07
3.23
3.21
3.19
3
2.68
2.6
2.7
2.76
2.92
2.86
3.12
2.46
2.73
2.52
2.38
2.15
2.15
2.39
2.39
2.61
2.54
2.56
2.7
2.64
2.84
2.83
2.57
2.7
2.61
2.62
2.4
2.76
2.73
2.56
2.6
2.51
2.64
2.48
2.71
3.1
3.16
3.23
3.13
2.94
2.85
2.71
2.72
2.6
2.66
2.64
2.55
2.82
2.87
3.07
3.18
3.14
2.98
3.04
2.78
2.57
2.43
2.58
2.7
2.95
2.69
2.55
2.56
2.39
2.54
2.63
2.81
2.72
2.67
2.38
2.18
2.14
2.4
2.61
2.49
2.7
2.64
2.79
2.84
3.04
2.89
2.91
3.14
3.14
3.16
2.67
2.56
2.88
2.64
2.62
2.59
2.46
2.59
2.72
2.57
2.56
2.55
2.39
2.45
2.49
2.52
2.69
2.74
2.87
2.85
2.97
2.93
2.86
2.71
3.05
3.08
2.8
2.61
2.68
2.72
2.7
2.87
2.96
2.55
2.41
2.47
2.52
2.43
2.55
2.69
2.72
2.65
2.55
2.35
2.49
2.6
2.63
2.78
2.62
2.57
2.33
2.16
2.1
2.39
2.59
2.51
2.42
2.54
2.65
2.68
2.78
2.52
2.99
3.03
3.13
2.81
2.58
2.87
2.65
2.64
2.79
3.03
3.04
2.92
2.77
2.82
2.91
3.03
2.99
3.01
3.08
3.04
3.11
2.88
2.86
2.87
2.69
2.88
2.66
2.94
3.11
3.18
3.26
3.31
3.62
3.32
3.33
3.62
3.41
3.28
3.06
2.8
2.74
2.87
3.04
2.85
2.96
2.99
3.12
2.93
2.89
2.67
2.61
2.43
2.75
2.83
3.13
3
3
2.7
3.13
2.86
2.84
2.84
2.58
2.56
2.6
2.83
2.94
3.18
3.5
3.27
3.08
3.06
2.99
2.67
2.47
2.57
2.58
2.7
2.84
2.84
2.69
2.77
2.54
2.53
2.61
2.66
2.53
2.44
2.41
2.42
2.57
2.47
2.59
2.6
2.61
2.58
2.7
2.73
2.81
2.62
2.47
2.24
2.37
2.58
2.62
2.74
2.47
2.56
2.74
2.81
2.63
2.6
2.58
2.59
2.55
2.64
2.63
2.49
2.4
2.22
2.85
2.95
2.9
2.87
2.94
2.74
2.71
2.93
2.87
2.88
3.06
3.1
3.29
3.43
3.36
3.34
2.79
2.5
2.54
2.76
2.85
2.67
2.58
2.41
2.2
2.41
2.46
2.89
2.93
2.96
2.98
3.12
3.21
3.01
3.18
3.27
3.38
3.27
3.07
3.03
2.65
2.7
2.82
2.81
2.92
2.81
2.9
2.98
2.99
3.01
3.28
3.33
3.22
3.07
2.8
2.58
2.7
2.66
2.53
2.5
2.91
2.94
3
3.17
3.1
2.93
3.15
2.86
2.73
2.84
2.79
2.66
2.93
2.95
3.24
3.07
2.75
2.75
2.76
2.63
3.06
2.62
2.71
2.9
2.9
2.96
3.06
3.12
2.91
2.8
2.76
2.9
2.77
2.75
2.85
2.98
3.23
3.08
3.06
3.03
3.07
3
2.9
2.97
2.85
3.05
3.02
2.68
2.62
2.79
2.73
2.65
2.97
2.8
2.94
2.9
2.84
3.05
3.1
2.96
2.8
3.02
3
2.93
2.61
2.49
2.42
2.72
2.87
3.06
3.24
2.95
2.71
2.47
2.55
2.69
2.71
2.51
2.72
2.49
3.2
3
3.05
3.05
3.11
2.89
2.83
2.6
2.74
2.83
2.68
2.86
2.69
2.86
2.87
2.96
3.24
2.87
2.84
2.97
2.71
3.01
3.06
2.66
2.84
2.77
2.82
2.58
2.58
2.65
2.67
2.8
2.61
2.27
2.29
2.37
2.46
2.74
2.94
2.94
2.81
2.85
2.72
2.86
2.91
2.97
2.99
3.05
2.82
3
2.78
2.53
2.51
2.81
2.96
3.14
2.85
2.81
2.9
2.8
2.38
2.45
2.51
2.74
2.67
2.58
2.9
3.29
3
2.78
2.44
2.39
2.43
2.37
2.36
2.22
2.45
2.49
2.42
2.33
2.69
2.6
2.88
2.76
2.88
2.83
2.81
2.64
2.76
3.06
3.2
3.4
3.14
3.1
2.78
2.66
2.5
2.31
2.42
2.59
2.52
2.68
2.56
2.76
3
3.02
2.88
2.94
2.72
2.69
2.86
2.58
2.68
2.72
2.95
2.53
2.69
2.76
2.61
2.39
2.51
2.68
2.86
2.99
2.93
2.69
2.66
2.7
2.7
3.07
3.01
2.89
2.76
2.85
2.99
3
2.77
2.58
2.45
2.64
3.47
3.71
3.53
3.33
3.49
3.28
3.15
2.7
2.75
2.55
2.51
2.67
2.72
2.55
2.89
3.07
3.23
3.14
3.11
3.22
2.61
2.52
2.63
2.63
2.49
2.64
2.64
3.1
3.05
3.25
2.91
2.97
2.88
2.99
2.98
2.93
2.92
2.94
2.99
2.93
2.98
2.95
2.59
2.68
2.89
2.57
2.84
2.79
2.77
2.84
2.96
2.92
2.67
2.63
2.74
2.77
2.93
3.29
3.21
3.11
2.74
2.81
2.81
2.98
2.81
2.83
2.85
2.74
2.77
2.85
2.98
2.77
2.88
3.28
3.35
3.46
3.48
3.28
3.03
2.99
2.73
2.86
2.97
2.88
2.66
2.83
2.88
2.79
2.65
2.42
2.42
2.12
2.25
2.31
2.3
2.57
2.47
2.61
2.67
2.62
2.77
2.88
2.76
2.99
3.16
2.8
2.69
2.4
2.37
2.34
2.26
2.12
2.31
2.44
2.42
2.39
2.31
2.45
2.73
2.83
2.41
2.76
2.59
2.61
2.43
2.64
2.63
2.78
2.76
2.66
2.64
2.59
2.5
2.19
2.09
2.11
2.25
2.42
2.45
2.49
3
2.61
2.48
2.51
2.38
2.43
2.43
2.45
2.36
2.46
2.45
2.37
2.53
3.05
3.03
2.82
2.71
2.69
2.87
3.23
2.67
2.77
2.85
3.04
2.93
3.15
3.22
3.1
2.99
2.89
2.81
2.84
2.67
2.89
2.88
2.8
2.87
2.6
2.64
2.53
2.58
2.93
2.83
2.88
2.92
2.81
2.95
3.03
2.85
2.59
2.58
2.81
2.8
2.83
2.87
2.69
2.5
2.74
2.84
2.74
2.72
2.38
2.38
2.7
2.41
2.46
2.34
2.64
2.66
2.62
2.99
3.04
3.22
3.01
2.74
2.56
2.64
2.83
2.8
2.71
2.6
2.64
2.61
2.71
2.52
2.54
2.54
2.77
2.94
2.93
2.83
2.76
2.46
2.44
2.43
2.83
2.88
2.96
2.95
2.51
2.74
2.67
2.81
2.53
2.61
2.49
2.3
2.37
2.37
2.57
2.77
2.84
2.93
2.81
2.9
2.79
2.77
2.71
2.98
2.74
2.84
2.82
2.58
2.65
2.81
3.08
3.12
2.93
2.9
2.84
2.85
2.73
2.83
3
2.89
2.56
2.44
2.62
2.47
2.52
2.76
2.71
2.59
2.65
2.78
2.84
2.83
2.47
2.55
2.52
2.56
2.59
2.93
2.48
2.51
2.74
2.7
2.77
2.85
2.97
3.04
2.94
2.75
2.93
2.79
2.73
2.74
2.9
3.06
2.78
2.76
2.86
2.93
2.86
3.01
3.03
2.97
2.96
3.01
3.02
3.04
3.18
3.41
3.28
3.3
3.26
3.24
3.12
3.05
2.87
2.74
2.73
2.68
2.54
2.7
2.61
2.81
2.79
2.87
2.97
3.06
3.03
2.81
3.08
2.97
3.22
3.02
3.08
2.87
2.74
2.94
3.19
2.8
2.89
2.71
2.49
2.59
2.89
2.93
3.17
2.68
2.68
2.79
2.63
2.52
2.79
2.99
3.03
2.89
2.82
2.46
2.23
2.66
2.81
2.92
2.86
2.71
2.77
2.83
2.76
2.95
3.04
3.08
3.13
3.17
2.78
2.92
2.95
2.91
3.14
3.1
3.21
3.1
2.87
2.6
2.72
2.9
2.89
2.99
2.98
3.36
3.01
2.83
3.1
2.84
2.81
2.74
2.71
3.23
2.85
2.98
2.9
2.76
2.78
2.65
2.59
2.71
2.71
2.63
2.9
2.91
2.68
2.56
2.57
2.71
2.65
2.65
2.87
2.77
2.98
2.8
2.87
2.81
2.96
3.21
3.17
3.13
3.03
3.16
2.98
2.25
2.78
3.26
3.23
3.21
3.12
3.26
3.01
2.7
2.53
2.31
2.52
2.76
3.01
3.19
2.98
2.79
2.71
2.76
2.49
2.85
2.71
2.76
3.01
2.79
2.66
2.59
3.19
3.2
3.41
3.14
3.14
3.46
3.44
3.03
3.15
3.27
3.47
3.05
3.06
3.2
3.15
2.72
2.83
2.96
2.86
2.71
2.58
2.65
2.65
2.79
2.73
2.61
2.49
2.35
2.52
2.6
2.31
2.77
3.28
2.67
2.6
2.56
2.75
2.5
2.45
2.55
2.66
2.7
2.9
3.12
2.65
2.71
2.67
2.54
2.55
2.59
2.51
2.37
2.61
2.87
3
3.31
3.05
3.03
3.15
2.94
2.71
2.62
2.67
2.53
2.5
2.45
2.61
2.8
2.64
2.68
2.39
2.49
2.77
2.78
2.73
2.78
2.97
3.18
2.95
3.14
3.01
2.77
2.66
2.93
2.96
3.14
3.11
2.88
2.94
2.7
2.77
2.53
2.62
2.71
2.95
2.79
2.69
2.37
1.91
2.08
1.89
2.2
2.46
2.59
2.76
2.67
2.59
2.73
2.75
2.88
2.88
2.94
2.91
2.65
2.54
2.31
2.24
2.5
2.71
2.68
2.87
2.74
2.68
2.59
2.59
2.64
2.66
2.58
2.78
2.81
2.67
2.77
2.69
2.63
2.68
2.84
2.89
2.48
2.5
2.76
3.09
3.44
3.46
3.26
3.3
3.17
3.31
3.09
3.18
2.82
2.87
2.81
2.57
3.06
3
3.07
3.21
3.63
3.74
3.56
3.59
3.07
2.76
2.51
2.38
2.31
2.55
2.69
2.77
2.82
2.88
2.94
3.07
3.79
3.75
3.58
3.53
3.46
3.35
3.09
2.93
2.98
2.83
3.06
2.99
2.85
2.98
3.02
3.33
3.23
3.62
3.95
4.03
2.83
3.25
3.26
3.19
3.09
3.05
3.24
3.18
3.38
3.36
3.35
3.27
3.34
3.18
3.34
3.39
3.54
3.18
2.78
2.75
2.9
2.71
2.81
2.81
3.19
3.14
3.02
2.9
3.06
3.36
3.56
3.57
3.41
3.66
3.54
3.52
3.35
3.24
3.2
3.05
2.81
2.93
2.71
2.64
2.84
2.9
2.82
2.96
2.69
2.66
2.7
3
2.99
2.97
2.94
2.87
2.9
2.92
2.8
2.82
2.78
3.17
3.26
3.22
3.19
3.44
3.24
3.15
3.19
3.38
3
2.89
2.65
2.66
2.56
2.86
2.86
2.86
2.82
2.78
2.7
2.75
2.79
2.69
3.04
3.01
3.13
3.13
2.71
2.62
2.68
2.82
2.93
2.93
2.77
2.69
3
2.86
2.9
2.78
3.19
3.22
2.88
2.75
2.84
2.68
2.67
2.66
2.68
2.56
2.47
2.66
2.66
2.58
2.66
2.63
2.77
2.97
2.99
3.02
2.57
2.69
2.72
2.68
2.55
2.76
2.82
2.72
2.74
2.83
3.01
3.07
2.92
2.63
2.67
2.84
2.77
2.54
2.38
2.67
2.79
2.84
2.56
2.51
2.73
2.71
2.55
2.94
2.88
2.64
2.74
2.9
2.77
2.96
2.93
2.69
2.66
3.03
2.88
2.49
2.39
2.42
2.81
2.7
2.97
2.94
2.71
2.67
2.5
2.4
2.25
2.45
2.59
2.93
2.98
3.01
2.66
2.61
2.65
2.3
2.53
2.46
2.55
2.62
2.71
2.85
2.81
2.67
2.87
2.9
3.14
2.73
2.67
2.39
2.44
2.29
2.54
2.49
2.58
2.58
2.88
2.96
2.72
2.57
2.66
2.78
2.85
2.93
2.95
2.81
2.88
2.97
2.74
2.97
2.91
2.81
2.6
2.81
2.58
2.75
3.16
3.1
2.89
2.98
3.01
3.02
2.79
2.85
2.97
2.81
2.56
2.48
2.73
2.72
3.07
2.79
2.58
2.71
2.74
2.99
2.72
2.83
2.68
2.57
2.57
2.65
2.71
2.68
2.7
2.75
3.15
3.12
2.93
2.95
3.06
2.93
2.98
2.88
2.83
2.76
2.82
3.06
3.08
3
2.76
2.62
2.53
2.78
2.95
2.86
2.62
2.69
2.87
3.35
3.26
3.17
3.02
3.05
2.66
2.78
2.53
2.6
2.78
2.97
2.94
2.77
2.9
2.78
2.63
2.75
2.81
2.7
3.05
2.97
2.48
2.74
2.88
2.77
2.75
2.71
2.93
3.24
2.75
2.91
2.89
2.95
3.02
2.99
2.99
3.02
3.06
3.1
3.25
3
2.98
2.82
2.62
2.84
2.95
2.79
3.08
2.99
2.83
2.82
2.7
2.75
2.66
2.86
2.85
2.72
2.97
3.11
3.09
3.36
3.22
3.01
2.97
3.07
3.29
3.29
3.17
3.31
3.41
3.18
3.24
3.31
2.91
2.69
2.41
2.34
2.61
2.86
3.07
2.88
3.08
2.93
3.09
2.99
2.91
2.95
3.1
3.01
2.83
2.94
2.94
2.98
2.74
3.03
3.01
3.17
2.87
2.64
2.81
2.99
3
3.11
3.22
3.46
2.92
2.93
2.81
2.57
2.62
2.48
2.4
2.59
2.83
3.21
3.29
3.44
3.46
3.64
3.47
3.27
3.29
3.11
2.88
2.72
2.85
3.09
2.19
2.32
2.38
2.51
2.56
2.75
2.81
2.83
3.07
2.93
2.95
3.03
3.2
3.16
3.06
2.93
2.62
2.67
2.5
2.27
3.23
3.06
2.79
3.02
3.22
3.3
3.37
3.3
3.19
3.23
3.18
3.54
3.11
3.13
3.23
3.35
3.26
3.05
3.17
3.21
2.75
2.57
2.86
2.74
3
2.79
2.94
2.79
2.75
2.75
2.63
2.72
2.88
3.31
3.37
3.17
3.09
3.21
2.86
3.02
2.96
2.91
2.99
2.9
2.82
2.87
2.74
2.74
2.62
2.64
2.9
2.92
2.65
2.43
2.43
2.25
2.33
2.44
2.66
2.97
2.54
2.5
2.57
2.62
2.41
2.49
2.76
2.96
2.81
2.92
2.76
2.58
2.73
2.7
2.72
3.06
3.31
3.05
3.08
2.62
2.36
2.06
2.21
2.22
2.2
2.41
2.49
2.1
2.33
2.54
2.28
2.33
2.37
2.67
2.66
2.82
2.76
2.62
2.43
2.46
2.65
2.4
2.44
2.72
2.73
2.62
2.7
2.85
2.68
2.6
2.83
2.9
2.85
2.59
2.5
2.5
2.51
2.29
2.43
2.45
2.76
2.96
2.99
3.07
2.97
2.81
2.71
2.66
2.68
2.72
2.88
2.94
2.8
2.82
2.8
2.74
2.72
2.65
2.66
2.99
3.09
3.09
3.07
3.04
2.73
2.9
3
3.03
3.02
2.94
2.92
2.96
3.06
2.97
3.01
2.97
3.08
3.06
3.33
3
2.76
3.03
2.71
2.84
2.92
3.06
3.38
3.03
3.18
3.07
3.27
3.23
3.33
3.13
2.98
2.81
2.75
2.82
3.12
2.95
2.89
2.52
2.57
2.59
2.7
2.66
2.46
2.68
2.6
2.81
3
3.18
2.8
2.93
3.04
3.02
3.04
3.26
3.09
2.95
2.69
2.85
3.08
2.89
2.95
2.81
3.07
2.91
3.02
3.21
3.13
3.22
3.38
3.08
3.13
3.18
3.09
3.09
3.02
2.98
2.69
3.01
3.33
3.07
2.93
2.96
2.91
3.18
3
3.21
3.26
2.76
2.66
2.82
2.99
3.05
3.07
2.98
2.62
2.65
3.51
3.28
3.06
3.2
3.01
2.95
3.07
3.06
3.11
3.13
3.11
3.02
3.16
3.08
2.86
2.95
2.89
2.83
3.04
3.34
2.95
3.08
3
2.88
3.09
3.08
3
2.96
3.29
3.06
3.02
3.16
3.2
2.96
3.32
3.41
3.14
3.22
3.2
3.1
2.96
2.97
2.92
3.07
3.16
3.28
3.08
3.02
2.81
2.72
2.51
2.56
2.54
2.78
2.81
2.81
2.93
2.84
3.07
3.13
3.35
3.37
3.5
2.99
2.7
2.64
2.59
2.79
2.81
2.86
2.59
2.83
2.91
2.96
3.19
3.34
3.31
3.52
3.57
3.31
3.33
3.19
3.08
2.82
2.94
2.82
3.12
2.87
2.92
3.12
2.97
2.71
2.77
2.74
2.83
2.68
2.61
3.02
3.13
3.19
2.64
2.73
2.99
2.73
2.7
2.53
2.44
2.37
2.44
2.31
2.57
2.65
2.78
2.79
3.1
3.05
3.17
3.13
3.28
2.68
3.1
2.78
2.6
2.61
2.96
2.88
3.01
3.26
3.34
3.22
3.18
2.94
2.95
2.83
2.59
2.61
2.52
2.6
2.55
2.77
2.43
2.66
2.75
2.61
2.53
2.55
2.73
2.67
2.79
2.81
2.77
2.6
2.53
2.54
2.79
3.06
2.83
2.9
2.55
2.5
2.46
2.59
2.56
2.62
2.67
2.67
2.55
2.71
2.89
2.88
2.88
3
3
3.01
2.89
2.76
2.69
2.63
2.8
2.58
2.42
2.58
2.8
2.77
2.68
2.52
2.55
2.73
2.73
2.83
2.81
2.71
2.98
3.11
2.87
2.63
2.32
2.63
2.59
2.58
3.27
3.11
3.15
3.19
3.03
3.1
3.22
3.2
3.25
2.99
2.57
2.45
2.3
2.43
2.53
2.88
3.05
3.15
3.03
3.02
3
2.79
2.78
2.75
3
3.07
3.07
3.26
2.7
2.77
3.1
3.13
3.03
2.85
2.91
2.81
3.04
3.11
3.07
3.21
3.39
3.28
3.13
3.41
3.35
3.05
2.61
2.6
3.06
3.05
2.79
3.1
3.02
3.01
3.37
3.71
3.34
3.13
3.15
3.18
3.19
3.29
3.38
3.32
3.36
3.28
3.21
2.89
2.78
2.62
2.6
2.47
2.85
2.85
2.64
2.98
3.21
3.24
3.52
3.5
2.89
2.94
2.82
2.93
2.82
2.61
2.9
3.16
3.06
2.69
2.73
2.75
2.63
2.5
2.72
2.71
2.82
2.83
2.68
2.41
3.03
2.84
2.64
2.84
3.28
3.19
2.89
2.72
2.36
2.15
2.08
2.2
2.42
2.52
2.54
2.89
2.81
2.99
3.04
3.32
2.56
3.08
3.15
3.13
3.07
3.49
3.08
2.93
2.79
2.67
2.84
2.67
2.71
2.75
2.75
2.93
2.83
2.75
3.05
2.74
3.44
2.94
2.67
2.5
2.47
2.33
2.44
2.6
2.86
2.83
2.76
2.74
2.94
2.9
2.86
2.64
2.67
2.89
3.01
3.33
3.27
3.15
3.06
3.33
3.16
3.14
3.06
3.02
3.34
3.28
3.06
2.9
3.06
2.97
2.98
2.86
2.89
3.3
3.18
3.05
2.54
2.62
2.99
3.25
3.21
3.28
2.96
3.04
2.86
2.59
2.76
2.51
2.69
2.94
2.8
2.67
2.59
2.29
2.31
2.31
3.26
2.94
2.79
2.64
2.97
2.97
2.75
2.85
2.84
3.1
2.79
2.65
2.62
2.42
2.3
2.34
2.7
2.88
2.96
3.24
2.78
2.76
2.64
2.58
2.61
2.54
2.64
2.57
2.47
2.69
2.66
2.72
2.83
3.07
2.91
3.01
2.94
2.81
2.57
2.79
2.26
2.61
2.85
2.82
2.74
2.67
2.65
2.45
2.54
2.43
2.42
2.24
2.36
2.36
2.57
2.77
2.57
2.86
2.7
2.35
2.63
2.56
2.64
2.75
3.11
2.9
2.94
2.97
2.82
2.95
2.9
2.91
2.73
2.66
2.84
2.57
2.61
2.45
2.7
2.75
2.96
2.92
2.93
2.7
2.58
2.57
2.5
2.45
2.43
2.38
2.49
2.66
2.43
2.33
2.18
2.33
2.22
2.47
2.52
2.74
2.81
2.48
2.42
2.59
2.27
2.56
2.66
2.56
2.86
3.03
3.07
3.12
3.25
3.07
3.03
2.97
2.84
3.02
2.99
2.86
2.57
2.59
2.76
2.89
3.07
3.41
3.39
3.14
3.05
3.21
3.04
2.88
2.84
3.09
3.01
3.05
2.67
2.59
2.26
2.35
3.39
3.15
3.06
2.91
2.76
2.94
2.75
2.7
2.85
2.99
2.96
3.14
3.23
3.29
2.87
2.94
2.89
2.85
3.01
3.1
3.33
3.46
3.64
3.63
3.34
3.17
3.22
3.01
2.85
2.83
2.81
2.65
2.68
2.66
2.62
2.66
2.71
3.1
3.29
3.04
2.77
2.86
2.83
2.74
2.88
2.97
3.02
3.27
3.16
3.41
3.27
3.47
2.99
2.95
2.87
2.82
2.73
2.69
2.88
2.88
3.21
3.13
2.9
2.82
2.81
2.63
2.59
2.57
2.73
3.07
3.22
2.9
2.62
2.81
2.81
2.92
2.99
2.88
3.14
3.42
2.78
2.76
2.65
2.63
2.53
2.84
2.48
2.48
2.43
2.35
2.21
2.36
2.41
2.74
2.86
2.94
3.17
3.08
2.87
2.88
2.82
2.74
2.91
2.9
3
2.84
2.88
2.33
2.83
2.84
3.05
3.24
3.19
2.89
2.76
2.61
2.82
3.06
2.98
2.88
2.77
2.85
3
2.88
2.59
2.64
2.77
3.12
3.16
3.15
3.24
3.41
3.14
2.94
2.8
2.84
2.64
2.43
2.48
2.66
2.87
2.78
2.85
3.1
3.46
3.36
3.32
3.07
2.91
2.92
3.07
2.82
2.72
2.66
2.99
2.99
2.99
2.76
2.85
2.73
2.3
2.38
2.34
2.26
2.3
2.45
2.63
3.07
3.1
3.06
3.15
3.19
3.22
3.16
3
3.29
3.33
3.06
2.78
2.63
2.95
3.02
3.25
3.27
2.85
2.71
2.52
2.89
2.81
3.09
2.89
3.01
2.75
2.88
3.07
3.26
3.25
2.69
2.68
2.62
2.57
2.5
2.55
2.85
2.8
2.71
2.69
2.62
2.36
2.14
2.23
2.57
2.8
2.84
2.89
2.76
2.89
2.71
2.73
2.72
2.77
2.53
2.66
2.65
2.29
2.49
2.51
2.64
2.5
2.18
2.25
2.45
2.41
2.42
2.57
2.57
2.6
2.55
2.44
2.59
3.24
2.99
2.56
2.72
2.8
2.65
2.66
2.51
2.7
2.61
2.59
2.55
2.39
2.62
2.42
2.72
3.01
3.31
3.51
3.43
2.21
2.58
2.44
2.67
2.9
2.83
2.79
2.84
2.78
2.75
2.46
2.48
2.6
2.81
2.72
2.83
2.82
2.45
2.19
2.47
2.97
3.26
3.06
2.9
3.21
2.87
2.69
2.71
2.62
2.77
2.91
2.99
2.94
2.65
2.74
2.95
3
3.14
3.06
3.05
2.25
2.66
2.74
2.86
2.82
2.76
2.68
2.89
2.83
2.81
2.6
2.55
2.63
2.69
2.82
2.56
2.51
2.24
2.42
2.28
2.83
2.79
2.79
2.87
3.01
2.89
2.83
3.04
2.8
2.96
2.9
2.89
2.9
2.78
3.09
3.11
3.12
3.11
3
2.99
2.74
2.75
3.04
2.77
2.77
2.78
2.96
2.89
2.91
3.01
3.05
3.15
3.11
3.35
3.11
2.96
2.91
2.51
2.67
2.68
2.85
2.74
2.6
2.54
2.7
3.01
3.07
3.19
3.1
3.46
3.67
3.77
3.39
3.03
3.15
3.13
2.95
3.14
3.01
2.81
3.24
3.52
3.5
3.36
3.23
2.8
2.94
2.83
2.84
2.56
2.67
2.84
3.05
3.11
3.14
3.14
3.19
3.21
3.19
3.54
2.86
2.63
2.53
2.48
2.75
2.92
3.14
3.17
3.15
2.81
2.75
2.78
2.8
2.55
2.38
2.48
2.35
2.42
2.76
2.56
2.83
3.11
3.08
2.85
2.9
3.07
2.94
3.05
3.17
3.45
3.4
3.25
3.16
3.15
3.09
2.95
2.88
2.75
2.86
2.67
2.89
2.75
2.73
2.72
2.85
3.02
3.15
3.16
3.2
3.17
2.74
2.85
2.97
3.23
3.41
3.27
3.42
3.19
2.94
2.87
2.99
2.91
3.03
3.06
3.02
3.22
3.12
2.75
2.44
2.89
3.14
3.22
3.07
2.77
2.79
2.66
2.63
2.84
2.98
3.05
2.67
2.78
2.94
2.79
2.85
2.87
2.94
2.81
2.78
2.59
2.52
2.36
2.51
2.63
2.66
2.61
2.41
2.68
2.71
2.66
2.79
2.75
2.5
2.55
2.77
2.95
3
2.95
2.84
2.67
2.56
2.84
2.91
2.66
2.59
2.26
2.37
2.12
2.34
2.6
2.42
2.42
2.44
2.7
2.62
2.61
2.59
2.64
2.57
2.77
2.88
2.57
2.59
2.66
2.41
2.36
2.53
2.65
2.58
2.41
2.7
2.58
2.64
2.73
2.92
2.8
2.78
2.71
2.93
2.59
2.63
2.51
2.1
2.2
2.44
2.4
2.48
2.74
2.79
2.84
2.81
2.89
3.43
3.26
3.43
3.24
2.96
2.78
2.76
2.77
2.85
2.93
2.96
2.78
2.72
2.55
2.65
2.56
2.61
2.81
3.07
3.07
2.84
2.96
2.83
2.96
3.2
3.12
2.99
2.83
2.91
2.94
3.05
3.02
3.06
3.18
2.93
3.15
2.9
2.84
3.05
2.78
2.85
2.71
2.77
2.74
3.01
3.02
3.18
3.26
2.95
2.76
2.65
2.63
2.74
2.89
3.08
2.98
2.95
3.28
2.8
2.8
2.8
2.7
2.78
3.01
2.73
2.98
2.92
2.57
2.38
2.83
2.77
2.62
2.55
2.68
2.86
2.93
2.99
2.88
3.66
3.4
3.24
3.41
3.05
3.11
2.96
2.78
2.81
2.71
2.73
3.08
3.61
3.61
3.42
3.19
3.13
2.93
3.41
3.61
2.64
2.8
2.92
2.94
2.88
3
3.24
3.15
3.17
3.38
3.31
3.16
2.67
2.95
2.95
2.67
2.97
3
2.64
2.85
2.85
2.82
2.9
3.15
3.07
2.98
3.07
3.08
3.17
2.84
2.72
3.02
3.3
3.16
3.07
2.9
2.98
2.92
2.83
2.9
3.08
3
2.85
2.82
2.92
2.88
2.77
2.59
2.73
2.7
2.82
2.43
2.58
2.7
2.89
2.87
3.02
2.81
2.84
2.93
2.8
2.94
2.95
2.96
3.03
2.99
2.87
2.82
2.71
2.6
2.47
2.53
2.41
2.41
2.44
2.47
2.6
2.57
2.48
2.48
2.4
2.6
2.6
2.83
2.76
2.8
3.12
2.98
3.04
2.76
2.57
2.6
2.54
2.45
2.7
2.92
2.67
2.6
2.6
2.64
2.97
2.74
2.68
2.71
2.79
2.8
2.71
3.06
2.96
3.02
3
2.78
2.55
2.5
2.62
2.73
2.97
3.11
2.98
2.88
2.99
2.86
2.84
2.89
2.71
2.62
2.8
2.93
2.92
3.07
2.96
2.83
3.34
3.19
2.94
3.16
3.18
3.03
2.83
3.04
2.38
2.45
2.45
2.69
2.75
2.73
2.61
2.4
2.85
2.99
2.89
2.85
2.69
3
2.67
2.86
2.9
2.85
2.88
2.56
2.76
3.12
2.83
2.82
2.65
2.92
2.61
2.7
2.74
2.58
2.62
2.71
2.71
2.71
2.63
2.61
2.35
2.47
2.54
2.55
2.95
2.92
3.07
2.72
2.86
2.64
2.63
2.74
2.58
2.65
2.41
2.4
2.31
2.35
2.49
2.76
2.84
2.99
3.13
3.08
2.69
2.91
2.5
2.46
2.13
2.35
2.47
2.67
2.61
2.51
2.46
2.7
3.07
2.96
2.65
2.55
2.34
2.23
2.47
2.57
2.9
2.75
2.67
2.95
2.72
2.82
2.91
2.88
2.89
2.68
2.63
2.73
2.61
2.81
3.07
3.01
2.89
2.95
2.95
2.83
3.15
3.08
2.95
2.73
2.77
2.74
2.44
2.56
2.7
2.82
2.87
2.91
2.71
3.04
2.99
2.98
2.89
2.99
3.02
3.11
2.46
2.86
2.94
2.79
2.75
2.8
2.89
2.72
2.79
2.83
2.61
2.85
2.77
2.4
2.36
2.59
2.29
2.32
2.39
2.38
2.39
2.37
2.5
2.88
2.85
3.04
2.98
2.93
2.65
2.67
2.87
2.66
2.59
2.58
2.64
2.48
2.34
2.61
2.29
2.38
2.96
3.01
3.08
2.97
2.82
2.87
2.71
2.4
2.31
2.41
2.46
2.56
2.63
2.49
2.54
2.56
2.94
2.9
3.02
3.01
3.03
2.99
2.88
2.54
2.87
2.82
2.94
3
3.07
3.23
3.02
3.09
3.11
3.05
3.13
3.15
3.15
3.08
2.97
2.93
2.4
2.72
2.77
2.84
2.92
2.8
2.78
2.86
2.97
2.83
2.93
2.91
2.63
2.72
2.69
2.65
2.55
2.62
2.78
2.69
2.93
2.81
2.71
3.04
3.11
3.12
3.16
3.13
3.08
2.93
2.66
2.8
2.86
3.02
3.04
3.07
2.75
2.82
2.88
2.97
3.17
3.16
3.21
2.85
2.47
2.23
2.13
2.43
2.36
2.49
2.5
2.42
2.59
2.73
2.86
3.11
2.86
2.72
2.93
2.83
2.74
2.85
2.87
3
2.82
2.74
2.71
2.84
2.74
2.83
3.25
3.27
3.16
2.89
2.58
2.43
2.58
2.58
2.78
2.87
2.59
2.81
2.82
2.81
2.57
2.55
2.81
2.76
2.6
2.54
2.6
2.53
2.84
2.9
2.99
2.69
2.72
2.84
2.72
2.61
2.98
2.93
2.89
2.87
2.74
2.63
2.66
2.59
2.52
2.41
2.68
2.7
2.57
2.75
3.01
2.6
2.4
2.49
2.45
2.76
2.7
2.44
2.4
2.44
2.67
2.65
2.86
2.9
2.67
2.78
2.72
2.96
2.58
2.48
2.48
2.68
2.79
2.86
2.99
2.88
2.36
2.43
2.85
3.07
2.79
2.57
2.73
2.5
2.56
2.56
2.35
2.63
2.85
2.69
2.96
2.68
2.74
2.68
2.56
2.59
2.76
2.79
2.73
2.8
2.8
2.94
2.95
2.87
2.65
2.7
2.72
2.92
3.04
2.84
2.81
2.91
2.68
2.63
2.72
2.63
2.86
2.65
2.62
2.57
2.54
2.34
2.38
2.48
2.57
2.76
2.96
2.71
2.58
2.66
2.79
2.87
2.95
3.21
3
2.96
2.9
2.98
2.97
3.19
3.29
3.04
3.04
3.05
2.93
2.82
2.87
3.02
3.2
3.14
3.17
3.06
3.13
3.12
3.1
2.89
2.62
2.45
2.45
2.63
2.87
2.94
3.14
2.91
2.87
3.03
3.14
2.89
3.04
3.05
2.83
2.76
2.89
2.54
2.61
2.56
2.99
3.02
2.88
3.1
2.88
2.66
2.35
2.16
2.36
2.52
2.67
2.82
2.8
3.07
3.06
2.91
2.89
2.51
2.69
2.66
2.64
2.42
2.61
2.72
2.71
2.69
3.05
2.93
2.79
2.9
2.7
2.33
2.46
2.3
2.43
2.37
2.62
2.47
2.24
2.43
2.53
2.63
2.64
2.73
2.51
2.43
2.59
2.59
2.83
2.76
2.56
2.77
2.73
2.9
2.82
2.7
2.56
2.53
2.41
2.36
2.61
2.83
2.76
2.6
2.53
2.56
2.4
2.49
2.51
2.5
2.6
2.68
2.85
2.96
2.83
2.54
2.33
2.34
2.66
2.71
2.38
2.46
2.44
2.92
3.11
2.97
3.05
3.04
2.86
2.88
2.71
2.74
2.75
2.8
2.66
2.8
2.73
2.98
2.68
2.48
3.25
2.68
2.68
2.61
2.43
2.12
2.16
2.28
2.36
2.77
3.14
3.11
2.79
2.84
3.13
3.2
3.2
3.12
3.12
3.15
2.64
2.95
3.01
3
3.35
3.33
3.4
3.1
3.03
2.84
2.85
3.06
2.92
2.98
2.97
2.93
3.02
2.85
2.86
2.74
2.95
3.07
2.95
2.86
2.79
2.83
2.71
2.69
3.02
2.88
2.94
2.65
2.56
2.6
2.78
2.88
3.05
3.06
3.06
2.91
2.72
2.63
2.57
2.58
2.6
2.84
2.97
2.74
2.72
2.88
3.01
3.02
2.95
3.05
2.91
2.99
3.23
3.1
3.08
3.09
2.95
2.99
2.8
2.8
2.77
2.52
2.39
2.38
2.65
2.76
2.88
2.51
2.39
2.34
2.47
2.49
2.62
2.69
2.63
3.17
3.19
3.09
2.98
2.45
2.43
2.68
2.35
2.47
2.56
2.4
2.42
2.41
2.56
2.59
2.93
2.94
2.88
2.79
2.96
3.01
2.63
2.66
2.64
2.75
2.76
2.85
2.93
3.07
2.95
3.08
3.13
2.9
2.74
2.84
2.77
2.76
2.77
2.92
2.56
2.59
2.83
2.73
2.73
2.61
2.24
2.14
2.38
2.38
2.65
2.35
2.4
2.37
2.5
2.5
2.7
2.88
3.38
3.07
2.98
3.02
2.89
2.9
2.64
2.72
2.8
2.78
2.81
2.81
3.17
3.22
3.08
2.79
2.79
2.93
2.89
2.81
2.87
3.11
3.39
2.96
3.01
3.04
2.9
2.59
2.79
2.91
3.09
3.01
2.78
2.72
2.88
3.09
2.87
3.05
3.12
3.12
2.78
2.61
2.8
2.95
2.55
2.71
2.88
2.69
2.7
2.55
2.65
2.71
2.72
2.69
2.93
2.64
2.35
2.31
2.09
2.36
2.41
2.79
2.88
2.7
)
;

boundaryField
{
    xPeriodic_half0
    {
        type            cyclic;
    }
    xPeriodic_half1
    {
        type            cyclic;
    }
    yPeriodic_half0
    {
        type            cyclic;
    }
    yPeriodic_half1
    {
        type            cyclic;
    }
    zPeriodic_half0
    {
        type            cyclic;
    }
    zPeriodic_half1
    {
        type            cyclic;
    }
}


// ************************************************************************* //
