/*--------------------------------*- C++ -*----------------------------------*\
| =========                 |                                                 |
| \\      /  F ield         | OpenFOAM: The Open Source CFD Toolbox           |
|  \\    /   O peration     | Version:  2.4.0-MNF                             |
|   \\  /    A nd           | Web:      www.OpenFOAM.org                      |
|    \\/     M anipulation  |                                                 |
\*---------------------------------------------------------------------------*/
FoamFile
{
    version     2.0;
    format      ascii;
    class       volScalarField;
    location    "0.0008";
    object      dsmcRhoNMean_N2;
}
// * * * * * * * * * * * * * * * * * * * * * * * * * * * * * * * * * * * * * //

dimensions      [0 -3 0 0 0 0 0];

internalField   nonuniform List<scalar> 
5120
(
9.34
9.11
8.71
8.87
8.89
8.9
9.52
9.44
9.72
9.87
9.88
9.39
9.94
9.91
9.78
9.72
9.62
9.75
9.72
9.91
8.98
9.63
9.52
9.53
9.53
9.74
9.96
9.93
9.98
10.19
10.41
10.61
9.86
9.41
9.82
9.92
9.59
9.26
8.9
8.71
9.36
9.52
10.02
10.24
9.98
9.97
10.09
10.45
10.03
9.52
9.61
8.9
9.07
9.43
9.16
8.92
8.83
8.68
9.21
9.59
9.29
9.52
9.25
9.69
9.97
10.06
10.38
10.48
10.54
10.56
10.26
9.63
9.27
9.22
9.64
9.7
10.03
10.08
9.51
9.55
8.7
8.95
9.26
8.87
8.68
9.4
9.39
9.53
9.52
9.85
9.96
10.29
10.07
9.72
9.16
8.87
9.42
9.08
8.95
8.89
9.25
8.55
8.37
8.59
8.72
8.43
8.56
8.92
9.05
8.94
9.22
9.2
9.41
9.09
9.6
9.65
9.15
9.49
9.3
9.09
9.6
9.26
9.21
9.34
9.49
10.23
10.13
10.54
10.59
10.4
10.14
9.88
9.96
9.97
10.01
9.97
9.94
9.96
9.78
9.29
10.3
9.9
9.61
9.98
9.98
10.15
10.45
10.51
10.4
9.77
10.22
9.94
9.68
10.26
10.34
10.3
9.87
10.15
10.06
10.29
11.06
11.15
11.1
10.33
10.12
10.07
9.52
10
9.77
9.51
9.54
9.6
9.39
9.65
9.61
9.7
9.87
10.37
10.6
10.59
9.57
9.25
9.36
9.44
9.97
9.9
9.73
9.89
10.15
10.48
10.2
9.61
9.11
9.43
9.61
9.68
10.38
10.07
10.22
10.67
10.17
9.95
9.7
9.12
9
9.6
9.74
9.53
9.61
9.29
9.6
9.92
9.2
9.54
9.33
10.08
10.32
10.38
10.32
9.7
10.08
10.08
9.88
9.85
9.84
10.15
10.33
10.02
9.89
9.62
9.44
9.65
9.43
9.54
9.85
10.18
10.21
9.91
10.36
10.54
9.19
9.71
10.06
10.33
10.89
10.13
10.02
9.53
9.27
9.61
9.3
9.07
8.84
9.1
9.43
9.62
9.19
9.11
8.91
8.78
9.57
9.42
9.17
9.06
8.81
8.95
9.06
9.18
9.11
9.34
9.45
9.86
9.71
9.73
9.89
9.98
10.44
10.28
9.98
9.9
9.23
9.59
9.59
9.73
9.09
8.78
9.09
8.97
9.17
9.92
10
10.09
10.02
9.81
9.82
9.39
9.41
9.61
9.23
9.59
9.18
8.79
8.72
8.43
8.75
9.03
9.37
9.72
9.19
9.33
9.51
9.98
10.37
10.45
10.26
10.19
10.16
9.76
9.52
9.19
9.67
10.16
9.94
9.6
9.51
9.82
10.01
9.75
9.64
9.47
9.58
10.15
10.38
10.27
10.79
10.71
10.75
9.97
10.47
9.81
9.18
8.77
9.25
9.7
9.81
10.28
10.12
10.08
10.45
9.93
9.39
8.95
9.38
9.7
9.54
9.77
10.12
10.57
9.83
9.55
9.73
9.84
9.63
9.09
9.16
9.01
9.27
9
9.41
9.56
10
9.91
10.05
9.47
9.32
9.52
9.48
9.45
9.29
9.23
9.83
9.83
10.06
10.16
10.33
9.99
9.83
9.82
9.5
9.81
9.87
10.23
10.68
10.65
10.43
9.86
9.38
9.24
9.69
9.62
10.01
10.3
10.77
10.98
10.88
10.75
10.35
10.18
9.92
9.35
9.38
9.03
8.78
8.74
9.09
9.79
9.81
9.53
9.67
9.73
10.33
10.64
10.21
10.71
10.37
9.47
8.94
8.63
8.85
9.23
9.17
9.96
10.55
11.31
10.67
9.98
10.23
9.93
9.73
10.18
9.89
9.99
10.27
10.11
9.98
9.74
10.13
9.78
9.62
9.65
9.79
9.93
9.53
9.26
9.56
9.76
10.05
9.95
10.08
9.93
10.57
11.06
11.2
11.28
10.62
10.31
10.43
10.76
10.82
11.05
11.7
11.2
11.02
11.09
10.4
10.45
10.75
10.58
10.99
11.1
9.82
9.72
9.73
10.29
10.36
10.96
10.96
10.67
10.34
10.12
10.36
10.39
10.64
10.94
10.76
10.72
10.36
9.95
10.43
10.32
9.8
10.51
10.32
10.75
9.77
10.25
10.32
10.2
9.62
9.17
8.74
9.14
9.25
8.98
8.95
9.08
9.17
9.02
9.55
9.27
9.22
9.58
9.72
10
10.27
9.83
10.15
10.17
10.24
10.36
10.02
9.58
9.67
9.89
9.76
10.02
9.76
9.84
9.31
9.45
10.01
9.74
9.49
9.49
9.14
8.95
9.18
9.73
10.1
9.89
9.6
10
9.94
9.59
9.19
9.14
9.92
9.54
9.4
9.42
10.29
10.06
9.99
10.19
10.27
10.56
10.04
9.96
9.83
10.61
10.28
10.07
9.92
9.51
9.84
9.46
9.43
9.77
10
10.26
9.54
9.64
9.38
9.85
9.72
9.17
9.42
9.55
9.93
9.92
9.63
9.75
10.18
10.54
10.14
9.21
9.31
9.35
9.57
9.54
9.31
8.91
8.55
8.7
9.17
9.17
8.56
8.79
8.7
8.85
8.85
9.06
8.99
8.76
9.2
9.61
10.18
9.6
9.52
9.68
9.76
9.67
10.37
10.08
9.44
9.6
9.72
10.14
9.69
9.71
9.42
9.03
9.14
8.89
8.83
8.7
9.06
9.02
8.76
9.18
10
10.09
10.26
10.24
10.35
10.24
9.91
9.46
9.13
9.46
9.69
9.88
9.8
9.59
9.27
9.33
9.42
9.4
9.32
9.84
10.13
9.85
9.65
9.33
9.36
10.17
10.12
9.98
9.71
9.33
9.74
10.18
9.69
9.59
9.67
9.47
9.65
9.85
10.3
10.24
9.7
9.97
10.38
10.3
10.19
10.42
9.96
9.64
9.05
9.7
9.48
9.51
9.34
10.04
9.71
9.73
9.59
9.5
9.33
9.63
10.03
9.77
9.43
9.27
9.33
9.39
9.41
9.6
9.77
9.14
9.31
9.46
9.85
10.05
9.85
9.52
9.68
9.78
9.85
9.92
10.03
9.81
9.49
9.65
10.09
9.96
10.1
9.76
9.07
9.42
9.04
8.9
8.56
8.58
9.17
9.25
9.61
9.85
10.27
10.14
10.27
9.83
9.69
9.29
9.07
8.81
9.41
9.66
9.97
9.59
10.23
9.88
9.98
9.93
9.96
10.16
10.03
9.95
10.25
10.74
10.06
10.43
9.86
9.73
9.82
9.93
10.2
9.71
9.87
9.86
9.43
9.94
9.89
9.53
9.84
9.73
9.84
10.09
9.6
10.01
10.93
11.01
10.57
10.43
10.36
10.01
10.08
10.05
10.21
10.34
9.91
10.23
9.68
9.89
10
10.24
9.55
9.71
10.06
10.25
9.97
10.02
9.82
9.82
9.89
9.86
9.59
9.84
9.34
9.21
9.24
8.96
9.48
10.01
9.97
9.91
9.9
9.9
10.13
10.06
10.37
9.69
10.01
10.22
10.21
10.09
9.36
9.52
9.52
9.46
9.57
9.31
9.36
8.83
8.96
9.32
9.56
9.65
9.77
10.08
9.65
9.04
9.23
9.45
9.62
9.71
9.08
8.95
9.33
10.03
9.88
9.96
10.13
10.48
10.34
10.24
10.6
10.06
10.2
10.08
9.08
9.7
9.27
9.15
9.14
9.89
10.48
10.58
10.25
10.05
9.84
10.02
9.94
9.86
10.01
9.43
9.44
8.88
8.98
8.97
10.06
9.73
9.19
9.16
9
9.17
9.23
9.51
9.73
10.06
10.61
10.62
10.62
10.59
10.04
10.3
9.59
9.75
9.45
10.01
8.97
9.12
9.64
9.48
9.43
9.69
10.19
10.33
9.94
9.45
9.93
9.88
9.76
9.49
9.87
9.79
9.94
9.92
9.4
8.9
9.48
9.73
9.62
9.8
9.62
9.9
9.6
9
9.05
9.02
9.75
9.92
9.52
9.98
9.74
9.61
8.88
8.71
9.19
9.27
9.51
9.42
9.34
9.42
9.62
9.37
9.31
9.58
9.35
8.97
8.58
8.37
7.96
8.23
8.38
8.78
8.94
9.59
10.15
9.82
10.04
10.13
10.41
10.51
10.49
10.42
10.32
10.29
10.9
11.14
11.14
10.8
11.21
10.77
10.3
10.11
10.14
10.11
9.8
9.85
9.79
10.01
9.89
9.85
9.62
9.32
9.71
10.27
10.45
10.54
9.84
9.68
9.58
10.09
9.85
9.48
9.46
9.31
9.39
9.69
10.5
10.31
10.24
10.11
9.92
9.63
10.13
10.28
10.2
10.41
10.46
9.91
9.81
9.35
9.84
10.07
10.24
9.95
10.21
10.36
9.87
10.5
10.29
10.07
9.96
9.55
9.98
10.01
10.48
10.7
10.45
10.72
10.43
10.09
9.93
10.27
10.22
10.35
9.9
9.73
9.8
9.48
9.73
10.08
9.99
9.62
9.35
9.4
9.45
9.34
9.87
9.81
10.11
10.25
10.04
9.99
9.63
8.91
9.52
9.79
10.22
10.02
9.89
10.21
10.77
11.23
10.44
10.41
10.04
10.38
10.44
10.75
10.6
10.27
10.55
10.23
10.11
10.42
10.21
10.08
9.42
9.76
9.42
9.38
9.65
9.82
9.8
10.02
10.12
9.89
9.79
9.21
9.59
9.53
9.23
9.72
9.96
10.35
9.84
9.67
9.22
9.19
9.12
9.36
10.27
10.2
10.33
9.76
9.2
9.47
9.71
9.45
9.63
9.43
9.08
9.18
9.29
9.26
9.15
9.72
10.08
9.73
9.74
9.23
8.36
8.4
8.43
8.28
8.72
9.16
9.25
8.93
9.16
9.5
9.5
10.03
10.3
10.59
10.46
10.2
8.53
8.47
8.95
9.05
9
8.69
8.78
9.25
9.18
9.1
8.8
8.93
8.78
8.92
9.32
9.38
9.48
8.99
9.07
8.61
9.49
9.64
9.67
9.36
9.41
9.7
9.2
9.42
9.34
8.91
9.37
9.64
9.57
9.23
8.99
9.59
9.68
9.34
9.15
9.01
9.27
9.83
9.92
10.13
9.93
9.48
9.85
9.7
9.4
10.02
10.36
10.16
10.43
10.47
10.51
10.65
10.26
10.04
9.81
9.25
9.13
9.17
9.72
10.04
10.37
10.05
9.54
9.08
9.35
9.63
9.2
9.28
9.03
9.03
8.94
8.76
8.81
9.37
9.5
9.36
8.81
8.79
9.2
9.22
9.33
9.96
10.82
10.97
10.5
10.19
9.42
9.36
9.04
8.82
9.2
9.13
9.11
9.23
9.37
9.36
9.67
10.15
9.39
8.4
8.46
8.48
8.23
8.01
8.8
8.97
9.06
9.03
8.95
8.91
9.26
9.35
9.79
9.7
9.63
9.89
9.31
9.27
9.67
9.36
9.4
9.59
9.53
9.48
9.61
9.8
9.61
9.12
9.1
9.92
9.58
9.6
9.48
9.14
9.38
9.03
10.2
10.11
10
10.09
9.84
9.39
9.24
9.37
9.33
9.73
9.82
9.13
9.1
9.55
9.37
9.59
9.65
9.79
10.08
9.85
10.37
10.42
10.24
10.52
10.95
10.7
10.62
10.57
10.69
10
9.52
9.63
9.92
9.57
10.06
10.23
10.41
10.23
10.2
10.23
9.7
9.54
9.25
10.18
10.22
10.1
9.91
9.42
9.55
9.46
9.16
10.17
9.96
10.63
10.83
10.65
9.87
9.56
9.58
9.54
10.12
9.34
8.71
8.16
8.52
9.07
9.55
9.76
9.61
9.97
9.79
9.67
9.95
9.98
10.56
10.49
10.62
10.77
11.05
10.47
9.95
10.04
9.45
9.43
9.26
9.56
9.81
10.05
9.78
9.6
9.79
10.47
10.29
10.37
10.48
9.85
10.5
10.39
9.72
10.02
9.04
9.13
9.42
9.19
8.87
9.37
10.24
10.57
10.35
10.38
9.6
9.17
9.01
9.69
9.37
9.43
9.92
9.19
9.02
9.1
9.51
9.45
9.43
10.14
9.69
9.83
9.83
10
10.17
10.36
10.49
9.62
10.1
9.86
9.41
9.38
9.08
8.98
9.29
9.59
8.91
9.43
10.27
10.2
10.31
10.58
10.12
9.91
9.95
9.83
9.54
9.99
9.58
9.8
9.63
9.06
8.76
8.98
8.5
9.02
10.18
10.31
10.09
10.4
10.7
10.13
9.89
10.15
10.31
10.13
9.84
10.01
10.18
9.52
9.98
9.92
9.89
9.67
9.8
9.73
10.17
10.65
9.69
9.67
10.16
10.19
10.07
9.94
9.57
9.64
10.22
10.25
9.86
10.26
10.25
10.25
10.45
10.81
10.8
10.57
9.76
9.54
9.13
9.65
9.9
9.76
9.54
9.49
9.93
9.21
9.38
9.53
10.34
10.7
10.43
9.61
9.2
9.62
9.95
10.14
10.2
9.64
9.61
9.3
9.96
10.28
10.2
10.4
9.89
10.12
10.43
10.2
10.13
9.7
9.74
9.42
9.81
9.6
9.87
9.92
9.47
9.94
9.94
9.29
9.27
9.64
9.96
10.58
10.61
10.3
10.07
10.19
10.03
10.24
9.89
10
9.45
9.39
9.29
9.12
10.86
10.41
10.16
10.89
10.3
10.38
10.46
10.3
9.79
9.68
9.53
9.98
9.51
9.91
9.93
10.01
10.19
10.3
10.68
10.5
9.64
9.56
10.16
9.95
9.87
9.91
9.63
9.34
9.58
9.95
10.17
9.93
10.08
10.16
9.92
9.56
9.43
9.43
9.74
9.46
10.12
9.83
9.62
9.95
10.26
10.62
10.74
10.13
9.28
9
9.5
10.02
10.31
9.91
9.7
10
9.94
10.23
9.9
9.81
10.14
9.57
9.66
9.14
9.32
8.87
9.35
10.29
10.41
10.41
9.95
9.62
9.29
8.99
8.97
8.37
8.76
9.16
9.59
9.97
9.71
9.67
9.78
9.96
9.95
9.93
9.72
10.12
9.68
9.85
10.27
10.17
9.9
10
10.25
9.75
9.8
9.92
10.08
9.99
9.27
9.24
9.22
8.84
8.69
9.11
9.37
9.21
9.09
9.5
9.9
10.04
10.01
9.95
9.6
9.57
9.47
9.57
10.02
9.72
9.41
9.99
10
9.93
9.47
8.98
9.06
8.71
9.65
9.52
9.7
9.47
9.37
9.52
9.87
9.98
10.12
9.52
9.08
9.13
9.19
9.57
9.91
10.27
10.75
10.34
10.49
10.11
10
9.79
9.8
9.91
10.39
10.13
9.04
9.42
9.23
9.37
9.14
9.1
10.17
9.86
9.85
9.72
9.8
9.7
9.7
9.93
10.01
9.81
9.71
9.21
9.24
8.95
9.12
8.87
9.11
9.24
9.35
9.55
8.99
9.46
9.46
9.4
9.62
9.43
9.55
9.52
9.64
9.98
10.58
11.02
10.69
10.64
10.62
10.95
10.64
10.59
10.18
9.49
9.72
9.82
10.09
10.31
9.84
10.02
10.07
10.16
9.92
9.94
9.68
9.67
9.72
9.48
9.19
9.12
9.25
9.25
9.61
9.47
10.22
9.99
9.9
9.65
9.67
9.45
9.74
9.45
9.86
9.99
9.37
9.38
9.7
9.49
9.58
9.17
9.39
9.19
9.66
9.79
9.93
9.74
9.36
9.03
9.04
9.19
9.28
9.53
9.49
9.73
10.1
9.82
9.98
10.26
9.95
10.42
10.17
10.02
9.82
9.79
9.46
9.55
9.65
9.92
9.3
9.26
9.44
9.41
9.53
9.71
9.71
9.55
9.35
9.12
9.05
8.93
8.91
8.9
8.95
9.31
9.73
9.89
10.5
10.73
10.64
10.78
10.07
10.02
9.42
9.56
9.42
9.25
9.87
9.65
9.96
9.83
9.72
9.54
9.56
9.44
10.17
10.34
10.01
9.33
8.99
8.84
9.29
9.15
8.9
9.35
9.53
9.6
9.29
9.12
9.22
9.35
8.87
9.2
10.02
10.27
9.16
9.22
9.24
9.52
9.76
10.23
9.86
9.29
10.03
10.22
10.2
9.4
9.65
9.86
9.42
9.64
9.8
9.68
9.66
9.76
9.55
9.35
8.98
9.14
9.16
9.04
9.16
9.65
9.56
9.15
9.28
9.46
9.59
10.13
10.33
10.2
10
9.75
9.92
9.91
9.46
9.23
10.19
10.25
10.33
10.06
9.56
9.04
9.02
9.14
8.95
9.38
9.43
9.13
8.98
9.49
10.15
9.94
9.81
9.55
8.13
8.43
8.94
9.25
9.21
9.57
9.62
9.39
9.6
9.33
9.09
9.41
9.15
9.94
10.64
10.66
10.04
9.46
8.85
8.3
10.02
10.04
9.62
9.27
9.72
8.97
9
9.15
9.07
9.5
9.49
9.65
9.56
9.11
8.69
8.96
8.95
8.81
9.28
9.74
10.08
10.04
10.62
10.12
10.05
9.88
9.69
9.85
8.9
8.79
8.15
8.31
8.79
8.72
9.71
9.25
10.07
10.67
10.2
10.37
9.82
9.57
9.51
9.64
9.94
9.83
9.59
9.57
10.02
10.07
10.31
9.65
9.17
9.36
8.93
8.66
9.05
9.6
9.62
9.81
9.81
9.6
9.56
9.48
9.46
9.83
9.84
9.77
9.65
9.63
10.17
10.39
10.34
10.39
10.55
9.99
9.37
9.38
9.62
9.63
9.99
10.12
10.47
10.38
10.12
9.97
9.76
10.21
9.43
9.42
9.25
9.26
9
9.38
9.52
9.59
10.04
10.54
10.8
10.47
9.98
10.31
9.97
10.04
9.42
8.73
9.01
9.03
9.65
9.76
9.85
9.24
9.81
10.39
10.47
10.17
9.88
9.83
9.67
9.98
9.2
8.99
9.6
9.6
9.52
9.35
9.24
9.39
8.95
9.65
10.56
10.3
9.93
9.87
9.45
9.85
9.65
9.47
9.49
9.34
9.65
9.71
9.92
10.43
10.34
9.58
9.49
9.83
9.9
9.41
8.85
9.18
8.96
9.29
9.22
9.39
9.5
9.43
9.29
8.91
9.11
9.23
9.55
9.54
9.38
9.53
9.52
9.73
9.6
9.4
9.76
9.66
9.42
9.49
9.66
9.68
9.63
10.07
9.49
9.14
9.44
10.09
9.84
9.84
10.27
10
9.65
9.57
9.69
9.89
9.97
10.17
9.99
9.91
9.94
9.89
9.92
9.71
9.8
9.68
10.64
10.48
10.57
10.35
9.78
9.74
9.57
9.9
9.54
9.4
9.38
9.51
9.38
9.41
9.81
9.76
10.05
10.34
10.18
10.46
8.74
8.95
9.11
9.45
10.17
10
9.8
9.64
10.06
9.61
9.21
9.24
9.59
9.54
9.34
9.79
10.31
9.39
9.38
9.36
10.4
10.07
10.01
10.09
9.97
9.73
10.15
10.41
10.17
9.93
10.23
11.23
11.28
10.89
11.03
10.75
10.13
10.28
10.06
10.16
10.38
10.61
11.47
11.11
10.29
10.03
9.62
9.47
9.34
9.29
9.59
9.48
9.55
9.47
9.96
9.96
10.42
9.79
9.77
9.91
9.56
10.04
9.38
9.23
9.52
9.6
9.78
10.25
9.98
10.14
9.94
9.92
10
9.4
8.82
8.94
9.2
9.59
9.79
10.12
9.27
9.47
9.37
9.29
9.68
9.6
9.53
9.49
9.65
9.91
10.52
10.25
10.47
10.31
9.91
10.33
10
9.71
10.02
9.86
10.02
9.84
9.74
9.47
9.36
9.59
9.18
9.52
9.77
9.61
9.18
9.01
9.13
9.71
9.45
9.79
9.92
9.91
10.05
9.63
9.56
10.13
9.9
9.69
10.17
10.4
10.13
9.48
9.16
8.9
9.3
9.64
10.13
9.99
9.85
9.98
10.19
9.98
10.5
10.09
10.12
9.52
9.79
9.3
9.44
9.36
8.98
9.11
9.11
9.2
9.14
9.29
8.96
8.68
8.97
9.02
8.86
9
9.04
9.3
7.82
8.38
9.15
9.62
10.19
10.29
10.45
10.74
10.94
10.5
10.6
9.93
9.21
9.15
9.06
9.68
9.42
8.95
8.61
8.3
10.2
10.08
9.66
9.27
8.93
9.36
9.74
9.68
10.21
10.15
10.15
10
10.23
10.16
10.06
9.84
9.61
9.35
9.52
9.73
9.83
10.05
10.16
9.43
9.8
9.96
10.07
9.98
9.67
9.36
9.14
9.51
9.78
9.94
10.12
10.25
10.19
9.84
9.86
9.89
9.36
9.02
9.14
9.38
10
10.08
10.36
9.75
9.97
10.29
9.85
9.7
9.08
8.78
8.45
8.66
8.83
9.44
9.29
9.38
9.96
10
9.51
9.41
9.36
9.68
9.69
9.4
9.74
9.53
9.95
9.57
9.37
9.18
8.95
8.87
8.76
9.54
9.8
10.3
9.34
9.05
9.2
9.32
9.43
9.84
9.72
9.45
9.61
9.4
9.35
9.96
10.3
10.57
10.86
10.84
9.98
9.49
9.84
9.41
10
9.79
10.61
10.2
9.92
10.08
10.44
9.6
9.42
9.48
9.69
9.58
9.52
9.25
9.15
9
9.29
9.29
9.38
9.76
10.13
10.06
9.44
9.84
9.79
9.43
9.4
9.59
10.38
10.02
9.58
9.42
9.73
9.8
9.48
9.57
9.59
9.87
10.01
10.57
8.8
8.69
9.38
9.48
9.67
9.89
10.02
9.89
9.94
9.88
9.9
9.89
9.86
9.47
9.99
9.84
9.62
9.41
9.13
8.64
10.61
10.33
10.18
9.82
9.9
9.37
9.42
9.73
10.64
10.43
10.4
9.89
9.57
9.3
9.31
9.17
9.18
9.47
9.54
10.03
9.98
9.82
10
9.77
9.76
10.03
9.98
9.72
9.11
9.42
9.66
9.84
10.34
10.75
10.61
10.57
10.31
10.57
10.32
10.27
10.59
10.1
9.91
9.93
9.79
9.55
9.56
9.47
9.15
8.95
8.77
9.13
8.72
8.86
9.53
9.37
9.54
9.78
9.87
10
10.85
10.56
10.35
9.97
9.43
9.11
9.19
9.86
10.13
10
10.16
10.38
10.11
9.94
9.45
9.5
9.64
9.34
9.72
9.85
9.72
8.91
8.74
9.02
9.48
9.79
9.94
9.5
9.73
9.48
9.39
9.05
8.84
9.16
9.2
9.03
9.23
9.93
9.8
9.82
9.19
9.27
9.8
9.72
9.56
9.53
9.72
9.88
9.2
9.21
9.47
9.5
9.49
9.68
9.77
9.59
9.83
9.79
9.55
9.31
10.3
10.82
10.55
10.64
9.99
9.82
9.36
9.28
9.73
9.86
10.2
10.39
10.55
9.67
9.69
10.19
9.81
9.75
10.04
9.9
9.56
9.52
9.55
9.94
9.94
9.83
9.97
9.93
9.77
10.25
9.83
9.82
10.12
10.11
10.15
10.02
10.11
10.34
10.2
9.83
10.22
9.83
9.93
9.74
9.72
9.92
10.01
9.97
9.91
10.1
10.43
10.07
10.05
10.01
9.93
10.22
10.57
10.27
9.99
10.28
9.84
9.72
10.42
11.06
10.67
10.46
9.9
9.99
9.41
9.44
9.7
9.93
10.04
9.42
8.79
8.79
9.37
9.65
10.16
9.94
10
9.75
10.09
10.08
10.11
10.11
10.2
10.17
10.02
9.5
9.45
9.6
9.88
10.21
10.58
10.58
10.35
10.27
10.08
10.37
10.45
10.44
9.86
9.51
9.57
9.26
9.24
9.39
9.67
9.71
9.71
9.93
9.82
9.66
9.59
10.05
10.26
10.26
10.03
10.08
9.31
9.03
9.45
9.25
9.56
9.63
9.41
9.24
9.47
9.79
9.87
9.97
10.29
10.62
10.99
10.5
10.3
9.88
9.2
9.41
10.22
10.56
10.68
10.5
10.79
10.96
10.64
10.86
10.26
10.49
10.24
9.84
9.83
9.36
9.42
9.73
9.84
9.81
9.79
10.05
9.62
9.2
9.66
9.73
9.45
9.73
9.89
9.79
9.8
9.79
10.4
10.48
10.14
10.78
10.7
10.08
9.85
9.31
9.74
9.81
8.84
9
9.2
9.34
9.51
9.56
10.3
10.69
10.72
10.93
9.81
9.66
10.11
9.52
8.92
9.48
9.4
9.62
9.2
8.7
8.95
8.46
8.91
9.29
9.75
10.02
10.05
9.84
9.25
8.97
9.24
9.36
9.76
9.77
9.81
10.29
10.12
9.97
10.24
9.71
10.36
10.44
9.5
9.28
9.35
9.37
9.48
9.18
9.63
9.88
9.58
9.41
9.45
9.78
9.71
10
9.93
9.87
9.74
9.93
9.3
9.12
8.88
8.94
9.37
9.11
8.95
8.89
9
9.06
9.09
9.25
9.71
9.26
9.23
9.11
9.6
9.92
9.67
9.69
9.09
9.52
9.85
9.98
10.1
10.02
10.23
10.03
10
10.01
9.89
10.07
10.22
9.8
9.64
9.78
9.38
9.15
8.78
9.09
9.08
9.48
9.64
9.53
9.37
9.88
9.39
9.58
9.83
9.63
9.45
8.63
8.5
8.59
8.61
9.23
9.08
8.6
8.93
9.1
9.47
9.2
8.96
8.81
8.54
8.27
8.69
9.2
9.77
9.96
9.81
10.03
9.83
10.01
10.11
10.25
10.13
9.89
9.92
9.58
9.68
9.63
9.28
9.36
9.68
9.6
9.38
9.41
9.56
9.2
9.5
10.01
9.78
10.16
10.11
9.85
10.46
10.33
10.05
10.12
9.72
10.02
9.94
9.99
9.76
10.18
10.27
9.81
9.88
9.79
9.73
9.73
9.48
9.53
9.46
9.74
9.5
9.92
10.04
9.99
10.08
10.33
10.05
9.59
9.28
9.54
10.25
10.35
10.14
9.87
9.01
9.12
10.05
10.43
10.58
10.29
10.11
9.73
9.95
9.58
10.44
10.25
9.74
9.77
10.07
9.97
9.35
9.44
9.82
9.68
10.15
9.67
8.83
8.64
8.93
9.77
9.46
9.66
9.9
10.03
9.71
10.33
9.59
9.83
9.53
9.33
9.82
10.27
9.87
10.39
9.98
9.51
9.55
9.85
9.8
9.78
10.02
10.12
9.96
9.77
10.11
9.83
9.68
10.38
10.31
10.39
9.79
9.54
9.15
9.55
9.73
9.92
9.5
9.82
9.84
9.97
10.16
9.56
10.46
10.39
9.82
9.58
9.65
9.88
10.22
10.18
10.49
10.21
10.39
10.21
9.85
9.89
9.8
9.51
9.76
9.77
9.95
10.17
9.66
9.65
9.88
9.75
10.14
10.21
10.1
9.66
9.74
9.74
9.77
9.47
9.61
10.08
9.22
9.53
9.56
9.47
9.89
10.36
10.7
10.24
10.25
10.39
9.66
9.52
8.9
8.79
8.98
9.35
9.53
9.8
9.48
9.82
9.82
9.66
9.89
9.9
9.86
10.11
9.54
9.92
8.87
8.71
8.87
9.58
10.27
10.13
9.96
9.56
9.71
9.58
10.1
9.98
10.01
9.81
10.12
9.82
9.65
9.62
9.28
8.92
9.4
9.84
10.71
10.67
10.19
10.1
9.64
9.66
9.78
9.41
9.3
9.76
9.24
9.15
9.07
9.39
9.02
8.98
8.95
8.95
9.39
9.37
9.12
9.53
9.55
9.38
9.13
9.58
9.72
9.99
9.92
9.89
9.96
9.52
9.08
9.1
8.93
9.17
9.67
9.64
8.43
8.43
8.96
8.82
9.28
9.35
9.24
9.04
8.86
8.69
9.08
9.5
9.4
9.97
10.14
9.9
9.16
8.92
8.74
8.55
9.75
9.39
9.46
9.44
9.45
9.09
9.3
9.94
10.17
10.79
10.79
10.33
9.69
9.68
9.53
9.58
9.79
9.8
9.93
9.78
9.51
9.43
9.3
9.02
8.97
9.73
10.09
10.29
9.7
9.67
9.72
10.06
10.02
9.6
9.95
9.87
9.48
9.75
9.34
9.17
10.27
10.64
10.86
10.67
9.97
9.75
9.65
9.48
9.47
9.31
9.52
9.83
9.85
9.44
9.55
9.72
9.86
10.16
10.4
10.09
10.18
9.71
9.79
9.61
9.3
9.34
9.47
9.66
10.42
10.09
9.88
9.56
9.81
10.47
10.73
10.2
10.01
9.89
9.96
10.08
10.4
10.28
10.06
9.83
10.26
9.91
10.13
9.94
9.92
10.1
10.03
9.91
9.87
9.61
9.86
10.4
10.34
10.48
10.88
10.58
10.4
10.26
11.02
10.78
10.83
10.29
9.82
9.69
9.04
9.2
9.46
9.84
9.84
9.79
10.11
9.55
9.45
9.6
9.77
10.2
9.04
9.19
9.64
9.74
9.88
9.94
10.18
9.9
10.05
8.97
9.32
9.55
10.34
10.51
9.82
9.78
10.02
9.64
9.25
8.94
10.18
9.56
9.28
8.91
9.42
9.84
10
10.29
10.5
11.21
10.68
10.31
9.72
9.29
9.51
9.34
9.12
9.24
9.47
10.26
9.26
9.41
9.31
9.09
9.25
9.44
9.96
10.32
10.04
10.1
9.89
10.12
10.65
10.17
9.93
9.59
10.13
10.35
9.52
9.23
9.95
10.13
10.32
10.34
9.89
9.51
9.3
8.95
9.53
9.38
9.84
9.72
10.11
10.61
10.36
10.4
10.56
10.42
10.4
10.32
9.89
10.29
10.06
10
10.19
10.6
10.83
10.99
10.81
10.07
10.26
9.82
10.21
9.59
9.67
9.84
9.24
9.13
9.28
9.59
9.25
9.68
9.65
9.77
9.99
9.49
9.53
9.24
8.87
9.27
9.39
9.53
9.62
9.52
9.71
9.35
9.51
9.57
9.6
9.37
10.38
10.16
10.25
9.94
9.52
9.56
9.79
10.27
10.19
9.98
9.86
9.55
9.53
9.51
10.19
10.37
10.26
10.28
10.07
10.23
10.69
10.64
10.21
10.34
10.29
9.95
9.81
9.51
10.05
10.47
10.29
10.79
10.5
10.52
9.7
9.22
9.35
9.31
9.59
10.21
9.53
9.72
9.68
9.03
9.21
9.78
10.33
10.47
10.09
10.05
9.88
9.79
10.21
10.21
10.3
9.67
10.27
10.21
10.45
9.71
8.56
8.27
8.83
9.49
9.32
9.47
8.91
8.91
8.67
8.84
9
8.94
8.91
9.34
9.54
10.33
9.91
9.32
8.97
8.9
8.44
8.78
9.19
9.47
9.14
9.14
9.04
9.48
9.45
9.23
9.35
9.44
9.27
9.35
9.56
9.36
9.21
8.79
8.6
8.7
9.56
9.45
9.16
9.06
8.66
9.15
9.12
8.92
8.6
8.82
9.21
8.7
9.13
9.28
9.1
9.55
9.78
9.9
10.29
9.68
10.18
9.82
10.01
10.15
10.25
10
9.47
9.32
9.45
9.38
8.78
9.02
9.55
10.06
9.38
9.83
10.23
10.12
9.9
9.89
8.89
8.54
8.71
9.15
9.63
10.23
10.83
10.53
10.53
10.55
10.57
10.37
10.16
9.84
9.51
9.62
9.64
9.25
9.22
8.99
10.2
10.37
10.21
10.47
9.99
9.69
10.1
10.12
9.94
10.06
9.92
10
9.76
9.76
9.65
9.61
9.82
10.22
10.17
10.35
8.83
8.78
8.8
8.95
9.59
9.94
9.65
9.47
9.67
9.7
10.1
9.18
9.24
8.64
9.13
9.26
9.72
10.07
9.7
9.67
9.72
9.65
8.96
8.71
9.13
8.85
8.78
9.18
10.07
9.93
9.96
10.17
10.25
10.25
10.54
10.54
10.26
9.46
9.74
9.77
9.46
9.3
9.07
9.26
9.04
9.2
9.11
8.87
8.72
9.37
10.34
10.28
10.3
10.3
10.1
10.01
9.83
9.65
9.27
9.07
9.54
9.63
10.26
10.13
9.77
9.21
9.14
9.34
9.37
9.69
9.61
9.39
9.44
9.66
10.29
10.39
10.06
9.81
10.41
9.98
10.51
9.52
9.54
9.32
9.36
9.84
9.88
9.65
9.83
10
10.38
10.79
10.05
9.45
10.06
10.13
10.36
10.38
10.36
10.34
9.86
10.38
10.44
10.37
10.37
9.99
9.52
9.81
9.95
9.74
9.54
9.24
9.21
9.29
9.51
9.23
9.31
9.88
10.27
9.84
10.46
10.07
10
9.56
9.41
9.46
9.34
9.66
9.79
9.83
9.82
9.32
9.86
9.35
9.28
9.61
9.73
9.75
9.84
10.17
9.61
9
9.53
9.94
10.75
10.9
10.27
9.75
10.08
9.69
9.62
9.3
9.55
10.01
9.59
9.51
9.3
9.83
10.4
10.01
10.9
10.53
10.52
10.17
10.15
10.5
10.35
10.25
10.34
10.11
10.08
9.78
9.56
9.77
9.37
10.28
10.57
10.09
10.46
10.67
9.85
9.72
9.93
9.85
9.7
9.6
9.41
9.44
9.45
9.45
9.73
9.62
9.6
9.83
10.03
9.9
9.69
9.88
9.76
9.86
10.02
9.9
9.79
9.99
9.65
9.52
9.82
9.54
9.82
9.99
9.73
9.8
9.28
9.13
8.77
8.86
9.34
9.74
10.11
10.04
9.57
9.51
9.06
8.57
8.89
9.2
9.01
9.23
9.12
8.98
9.09
8.89
9.03
9.1
8.7
9.35
9.3
9.46
10.13
9.78
9.13
9.24
9.03
9.24
9.08
9.45
9.43
9.82
10.01
9.42
9.27
9.92
9.53
9.82
9.62
9.29
9.2
8.82
8.68
8.7
9.31
9.92
9.53
9.6
9.67
10.18
10.3
10.28
9.78
10.03
9.89
9.28
9.09
8.87
9.41
9.31
9.13
9.58
9.54
9.76
10.2
10.28
10.01
9.97
9.82
9.53
9.04
8.95
9.34
9.52
9.31
9.63
9.75
9.92
9.81
9.73
9.99
10.1
9.97
10.34
8.91
9.56
10.17
9.61
9.54
9.03
9.06
9.48
10.21
9.73
9.62
9.82
9.88
10.08
9.97
9.82
9.45
8.83
9.08
8.79
9.27
9.03
8.62
9.03
9.05
9.29
9.48
9.47
9.17
9.28
9.13
9.57
9.82
10.42
10.13
9.92
9.93
9.76
9.39
9.17
9.1
9.13
9.41
9.01
8.47
8.94
9.36
9.41
9.12
9.06
9.32
9.37
9.02
9.67
9.54
9.3
8.77
9.16
8.82
8.81
9.59
9.56
9.96
9.74
9.98
9.99
9.92
9.77
9.8
9.68
10.12
9.54
9.66
9.36
9.06
8.82
9.68
10.19
9.89
9.92
10.57
10.95
10.03
10.01
10.2
10.25
9.14
9.19
8.72
8.71
8.91
9.31
9.27
9.37
9.08
9.54
9.48
9.94
9.76
10.03
9.55
9.75
9.93
9.87
9.82
9.56
9.85
9.87
10.02
10.69
10.04
9.94
9.51
9.67
9.3
9.18
10
9.94
9.85
9.77
9.39
9.98
10.12
9.96
10.12
9.52
9.77
9.71
9.3
8.91
8.85
9.47
9.95
9.48
9.95
9.5
9.57
9.4
9.55
9.69
9.64
9.96
9.64
9.65
9.38
9.87
10.35
9.4
9.57
9.32
9.5
9.62
9.64
10.13
10.35
10.05
9.51
9.42
9.28
9.22
9.88
10.12
10.17
10.49
10.16
10.09
10.17
10.25
10.18
10.21
10.39
10.36
10.32
9.89
10.33
10.13
9.48
9.49
9.36
10.14
9.38
9.56
10.06
10.35
10.31
9.93
10.19
10.06
10.52
10.17
9.68
10.14
10.06
10.21
9.95
9.91
9.71
10.14
10.06
10.09
9.73
10.15
10.62
9.89
10.07
9.92
9.97
9.94
9.74
10.2
10.15
10.32
10.48
9.94
9.67
9.45
9.68
9.43
9.23
8.8
9.91
9.51
9.53
9.53
9.65
9.69
9.83
10.03
9.81
10.26
10.15
10.12
9.76
10.1
10.02
10.18
10.09
10.08
9.95
9.8
9.73
9.82
9.51
9.89
9.55
9.63
9.65
9.93
9.64
9.71
9.68
9.86
9.4
8.36
8.55
8.33
8.91
9.24
9.07
9.92
9.56
9.92
9.89
10.14
10.49
10.25
9.76
9.58
9.35
9.65
9.98
10.23
10.34
10.2
10.31
9.71
9.54
9.66
9.56
9.34
10
9.84
9.76
9.94
9.6
9.68
9.42
9.59
9.8
9.74
9.67
9.51
9.93
10.22
10.13
10.34
9.95
9.98
9.52
10.07
9.97
10.1
10.44
10.24
10.6
10.59
10.26
9.81
9.32
9.22
9.22
9.35
8.96
9.65
10.06
10.38
10.42
10.16
10.23
9.53
9.39
8.99
8.63
9.22
9.4
9.93
10.07
10.25
9.97
10.34
10.12
10.28
10.55
10.25
9.6
9.54
9.34
9.54
9.56
9.74
8.57
9.2
9.24
9.04
8.91
9.36
9.42
9.83
9.97
10.19
10.01
9.35
9.2
9.08
9.05
8.69
8.94
8.79
9.31
8.83
10.1
9.8
9.96
10.36
10.21
9.41
9.49
9.6
9.79
9.42
9.45
9.44
9.25
9.51
9.41
9.44
9.82
9.97
10.42
9.54
9.48
8.95
9.08
8.99
9.2
9.16
9.45
9.39
9.07
9.31
9.18
9.4
9.83
9.45
9.33
9.45
9.21
9.64
9.69
9.56
9.97
9.52
10.45
10.41
10.21
10.17
9.52
9.82
9.64
9.42
9.09
9.05
9
9.08
9.47
9.79
9.35
9.37
9.67
9.89
8.87
9.2
8.54
8.8
9.4
9.47
9.44
9.86
9.64
9.09
9.51
9.2
8.79
9.49
9.01
9
9
9.3
9.78
9.24
9.5
9.82
9.81
9.67
9.8
10.23
10.01
9.64
9.35
9.4
8.98
9.02
8.71
9.06
8.82
9.29
9.36
9.28
9.5
9.42
8.79
8.87
9.06
9.35
9.79
9.54
9.68
9.74
10.35
10.29
9.85
9.64
9.01
8.93
9.26
9.72
10.28
10.6
10.16
9.3
9.16
9.15
9.33
9.24
9.28
9.25
9.35
9.48
9.53
10
9.89
10
9.89
10.04
9.57
9.09
8.96
8.64
8.79
9.18
9.7
10.11
9.39
9.36
9.35
9.4
9.43
9.76
9.68
9.17
9.65
9.3
9.52
9.21
8.95
9.22
9.12
8.82
8.83
9.09
10.13
10.08
9.78
10.32
10.36
9.86
9.91
10
10.2
10.64
10.29
9.97
8.87
9.05
8.93
8.99
9.4
9.93
9.79
9.79
8.73
9.04
8.86
9.38
9.3
9.78
9.75
9.62
9.5
9.2
9.37
9.68
9.87
9.86
9.84
10.03
9.63
9.06
9.3
9.36
9.39
9.56
9.63
9.43
10.24
10.31
10.34
9.98
9.5
9.34
9.06
9.18
9.51
9.37
9.56
9.3
9.79
9.63
9.72
9.7
9.82
9.26
9.53
9.27
9.2
9.46
9.51
10.02
10.15
10.07
9.97
9.8
9.66
9.37
9.58
10
10.04
10.14
9.66
9.8
10.39
10.57
10.77
10.24
10.35
9.83
9.5
9.83
9.85
10
9.76
9.73
9.84
9.97
9.75
9.66
9.51
9.18
10.08
9.8
9.68
10.18
9.99
10.01
9.54
9.45
9.33
9.34
9.85
9.54
9.33
9.64
9.83
9.07
9.09
9
9.12
9.15
9.26
10.45
8.64
8.68
8.74
9.05
9.39
9.2
9.72
9.69
9.82
9.14
9.7
8.99
9.24
9.43
9.68
9.19
9.13
9.27
9.16
8.32
10.37
9.7
9.52
9.01
8.67
8.26
8.79
8.36
8.44
8.72
9.32
9.77
9.58
9.8
9.73
9.62
10.04
9.84
9.87
10.42
9.4
9.62
9.8
10.22
9.69
9.97
9.98
10.29
10.05
10.45
10.31
10.13
9.98
10.03
9.43
8.86
8.9
8.95
9.06
9.11
9.69
10.21
10.35
9.73
9.55
9.83
9.89
10.3
10.56
10.23
9.96
9.63
9.79
9.53
9.89
10.28
9.98
10.05
9.97
9.85
9.89
10.4
9.63
9.37
9.91
9.94
9.55
9.58
10.21
10.24
9.87
9.78
9.3
9.77
9.56
9.12
8.95
9.26
9.51
9.57
10.35
9.88
10.45
9.96
9.96
9.61
9.83
9.65
9.41
9.89
9.96
9.73
9.7
9.31
9.49
9.84
9.71
9.41
9.26
9.92
10.19
10.14
10.12
10.13
10.04
10.09
10.07
10.22
10.01
10.19
9.69
9.77
9.96
10.21
9.98
10.07
9.74
9.52
9.72
9.95
9.17
8.96
8.71
8.73
8.42
8.82
9.1
9.44
9.24
9.06
9.48
9.56
9.68
9.88
9.46
9.54
9.67
9.08
9.23
9.34
9.76
9.49
9.08
9.16
9.14
9.88
9.48
9.71
9.68
9.91
9.67
9.65
9.69
9.5
9.97
10.33
10.11
10.36
9.85
9.85
9.87
10.28
10.98
10.56
10.98
10.4
10.6
9.95
9.7
10.01
9.65
9.55
9.87
9.75
9.83
9.35
9.15
9.6
9.91
10.59
10.05
10.46
10.15
10.11
10.11
9.83
9.26
9.39
9.55
9.13
9.41
9.71
9.45
9.24
9.02
8.69
9.04
9.24
9.29
9.57
9.38
8.83
9.32
9.17
9.17
9.23
9.27
9.01
9.09
9.05
8.91
9.17
9.67
9.65
9.37
9.3
9.36
9.68
9.54
9.63
10.38
9.99
10.22
10.11
9.99
9.53
9.72
9.38
9.06
9.23
9.46
9.71
9.49
9.74
10.06
10.01
10.06
9.82
9.12
9.73
10.49
10.67
10.33
10.21
9.86
9.77
10.04
10.24
10.38
10.32
9.89
9.66
9.59
10.02
9.68
10.13
10.11
10.35
10.2
10.63
9.98
9.96
9.79
10.51
10.03
10.36
10.36
10.07
10.2
10.18
10.86
10.51
10.41
9.41
9.59
9.71
9.53
9.45
9.76
9.66
10.15
10.24
10.25
9.73
9.74
10.5
10.23
10.14
10.22
10.33
10.25
9.95
9.91
9.88
9.58
10.18
10.13
10.28
10.22
9.89
9.26
9.61
9.35
9.66
9.86
9.95
9.95
9.41
8.81
8.96
8.36
8.89
8.94
8.91
9.29
8.73
8.68
8.66
8.73
9.17
9.24
9.4
9.87
9.87
9.35
9.14
8.79
8.96
9.47
9.21
9.48
9.26
9.49
9.52
9.76
10.29
10.25
9.9
9.5
9.41
10
10.21
9.69
9.59
9.95
10.05
9.69
9.42
9.46
9.77
10.25
10.16
9.92
9.92
10.34
10.21
10.42
10.83
10.6
10.57
9.69
9.06
9.66
9.69
9.85
9.97
9.96
9.67
10.06
9.94
9.59
10.19
10.52
10.21
10.4
10.76
10.26
10.34
9.98
10.07
9.23
9.37
9.58
9.99
10.52
9.63
9.79
9.69
9.77
9.91
10.46
9.75
9.89
9.77
10.11
9.95
9.67
9.49
9.2
9.45
9.32
9.58
9.99
9.85
9.66
10.09
9.88
9.69
9.79
9.74
9.62
10.23
10.64
10.74
10.72
10.68
10.23
10.56
10.33
9.61
9.97
9.97
9.66
9.78
9.76
9.86
9.42
9.63
9.83
10.37
10.19
10.65
10.9
10.24
10.16
9.91
9.83
9.85
9.94
9.91
10.06
9.68
9.9
9.82
9.53
9.55
9.31
9.43
9.75
9.95
10.17
10.09
10.14
10.07
9.75
9.82
9.93
10.31
10.34
10.18
10.38
10.45
10.42
10.1
9.95
9.91
10.19
10.04
9.8
9.47
9.59
9.5
9.55
9.71
9.64
9.73
9.76
10.25
9.99
10.25
8.78
9.28
9.49
9.69
9.83
9.8
9.91
10.24
10.47
9.82
10.41
10
10.47
9.78
9.71
9.39
9.58
9.25
9.18
8.76
10.18
9.61
8.98
8.89
9.1
9.37
9.08
9.39
9.6
9.35
9.28
9
9.17
9.12
9.72
9.7
9.43
9.27
9.71
10.15
9.18
9.35
9.68
9.71
9.7
9.45
9.68
9.46
9.81
9.81
9.05
9.14
9.03
9.03
9.22
8.91
9.47
9.46
9.98
9.55
)
;

boundaryField
{
    xPeriodic_half0
    {
        type            cyclic;
    }
    xPeriodic_half1
    {
        type            cyclic;
    }
    yPeriodic_half0
    {
        type            cyclic;
    }
    yPeriodic_half1
    {
        type            cyclic;
    }
    zPeriodic_half0
    {
        type            cyclic;
    }
    zPeriodic_half1
    {
        type            cyclic;
    }
}


// ************************************************************************* //
