/*--------------------------------*- C++ -*----------------------------------*\
| =========                 |                                                 |
| \\      /  F ield         | OpenFOAM: The Open Source CFD Toolbox           |
|  \\    /   O peration     | Version:  2.4.0-MNF                             |
|   \\  /    A nd           | Web:      www.OpenFOAM.org                      |
|    \\/     M anipulation  |                                                 |
\*---------------------------------------------------------------------------*/
FoamFile
{
    version     2.0;
    format      ascii;
    class       volScalarField;
    location    "0.0008";
    object      Ma_N2;
}
// * * * * * * * * * * * * * * * * * * * * * * * * * * * * * * * * * * * * * //

dimensions      [0 0 0 0 0 0 0];

internalField   nonuniform List<scalar> 
5120
(
5.623618448
5.457749135
5.589981832
5.668693885
5.520761831
5.357561072
5.332260776
5.543936105
5.575299564
5.442313253
5.370245434
5.462163811
5.496194983
5.614520887
5.569055962
5.608848249
5.705650571
5.506718944
5.518065706
5.571599882
5.623879462
5.582480432
5.416015777
5.42032841
5.480979902
5.546290573
5.65455472
5.509306546
5.470840392
5.606141878
5.612093307
5.541702156
5.61847438
5.586746491
5.576393389
5.455809658
5.638072972
5.714976268
5.556199746
5.566793873
5.632203641
5.521837393
5.599363129
5.768073889
5.741857623
5.628317178
5.49784879
5.522794885
5.595709995
5.483482484
5.58508468
5.586014493
5.567779678
5.430066203
5.427554337
5.505275539
5.558379245
5.411382964
5.421066079
5.626896481
5.629737823
5.717934057
5.76076767
5.567636117
5.463060716
5.390458776
5.404945893
5.387697337
5.447684995
5.646246068
5.43437952
5.5010129
5.54586772
5.530293701
5.492302991
5.50595842
5.378556867
5.391465472
5.570974062
5.711458219
5.500877434
5.342010609
5.400097204
5.580936802
5.546840833
5.467497716
5.374899393
5.486456948
5.550726392
5.510188488
5.664228494
5.557214602
5.644646948
5.740547432
5.743956822
5.635191782
5.485119065
5.560439896
5.410680562
5.425675305
5.467117035
5.601066115
5.293481896
5.373939676
5.49994287
5.667283214
5.516812426
5.523130504
5.43316143
5.605074631
5.564066999
5.567417884
5.555863982
5.463103933
5.387320823
5.377565194
5.556191468
5.466092048
5.54443836
5.489348974
5.466386479
5.512937152
5.690264653
5.764260782
5.591825533
5.48318385
5.658657488
5.562813367
5.58565244
5.543614729
5.665614147
5.741936084
5.76786812
5.710009627
5.551984306
5.44948023
5.471924454
5.490496159
5.599844676
5.591897534
5.779379621
5.898973547
5.701125132
5.650238825
5.641924115
5.611103105
5.48320365
5.630960056
5.787136442
5.691874837
5.710094326
5.779807759
5.672742189
5.512878545
5.625211724
5.597486592
5.601928548
5.61479794
5.509869768
5.592774392
5.625070667
5.54915279
5.530371458
5.722333724
5.619456022
5.631269422
5.701991584
5.449915742
5.328461302
5.349084824
5.477072693
5.337054676
5.566858062
5.611199013
5.474553638
5.627197196
5.667793307
5.6303194
5.657122198
5.620153097
5.55742971
5.617821738
5.60948032
5.730520047
5.678940075
5.541597138
5.510463043
5.544116088
5.487747526
5.489986113
5.55892444
5.647230924
5.605273626
5.544954002
5.572985456
5.678170119
5.599213172
5.606577761
5.634609463
5.54470391
5.442164473
5.389750399
5.504367942
5.575970956
5.651548573
5.662463029
5.707640994
5.601425116
5.684939212
5.537760764
5.379613705
5.429519185
5.571990822
5.727193784
5.681863831
5.476418622
5.469804472
5.46365053
5.460139002
5.495642481
5.596094021
5.494355725
5.387597424
5.366227699
5.493909026
5.509727484
5.59593821
5.498543998
5.519032593
5.584097517
5.782559037
5.846536361
5.772210356
5.595064914
5.679060523
5.450234449
5.390646936
5.574210901
5.444440787
5.54542702
5.510590886
5.628226339
5.603601999
5.551414347
5.523073253
5.585555517
5.487657921
5.527889893
5.581275083
5.390296253
5.305026524
5.23281063
5.37100485
5.339869489
5.376115053
5.377506037
5.46236035
5.387303818
5.525907528
5.665029749
5.450234847
5.49559641
5.515338885
5.374040095
5.433426959
5.381529351
5.513122626
5.696359291
5.687609521
5.73331196
5.414434573
5.378641578
5.349605039
5.459944418
5.603807472
5.522553331
5.501960502
5.501264141
5.630960812
5.470572294
5.552326016
5.531185212
5.611661828
5.637787639
5.61395663
5.662110834
5.486583926
5.474326802
5.59073729
5.491144962
5.472680999
5.509012757
5.517922662
5.494874988
5.387303883
5.325247329
5.408720353
5.558252353
5.707292888
5.689736663
5.830817071
5.77669235
5.49230141
5.428680514
5.494534028
5.556522751
5.575630711
5.477061256
5.395491255
5.681274463
5.56734673
5.430395394
5.263333212
5.211328766
5.42317739
5.425619292
5.563237232
5.567343149
5.522299576
5.526562285
5.778012883
5.767223175
5.733634773
5.736385706
5.573439404
5.695419539
5.572666806
5.531429241
5.633855701
5.675558767
5.61036983
5.769943079
5.610666085
5.701457486
5.56389427
5.622349964
5.560924397
5.728178519
5.627838574
5.801854793
5.608938518
5.654821846
5.4539463
5.350531701
5.552606045
5.44401019
5.494323173
5.548451606
5.611263464
5.616261186
5.615503512
5.676415283
5.769569957
5.556999736
5.568602648
5.645202573
5.42197272
5.331787003
5.514914362
5.505345936
5.504573192
5.481412643
5.553333702
5.525662331
5.540956827
5.551349505
5.537662949
5.631143933
5.705220293
5.64582644
5.683474304
5.635225785
5.541171695
5.602433608
5.625857587
5.439790493
5.357323161
5.469643068
5.407722502
5.482626469
5.627187838
5.582505154
5.53389377
5.440598988
5.641435133
5.581767802
5.514442155
5.402199527
5.301796307
5.277123959
5.441525708
5.44599831
5.483972601
5.421820269
5.583239875
5.557668586
5.763824672
5.716286318
5.732113987
5.702072688
5.48167993
5.543422854
5.599201436
5.492888088
5.494305153
5.425610764
5.490044023
5.575902723
5.555622138
5.447087458
5.411024955
5.370023127
5.404810272
5.534757548
5.547170771
5.68827346
5.654774936
5.627855714
5.499351243
5.444180622
5.492127097
5.357550838
5.318513672
5.371332981
5.480365809
5.37850719
5.502911228
5.562886857
5.569618496
5.635345982
5.653820735
5.58981916
5.623385094
5.534989714
5.472577684
5.530894321
5.646753537
5.569164695
5.646815917
5.676747202
5.522508898
5.470595152
5.429622657
5.412311832
5.470176933
5.384628464
5.469982347
5.679512009
5.794239224
5.683594065
5.459291498
5.47934071
5.360658767
5.363717332
5.450904531
5.519538397
5.387094388
5.54759902
5.625623957
5.632949039
5.634039012
5.605230038
5.626419158
5.643402905
5.656108188
5.809242875
5.761940464
5.534731523
5.555421486
5.54489993
5.608060727
5.585842614
5.563309077
5.716330898
5.634532004
5.522558664
5.660998382
5.744233106
5.534607782
5.545306517
5.360663812
5.46201567
5.477719258
5.52315798
5.553096067
5.493250032
5.510294204
5.753922917
5.841537551
5.804712998
5.710189158
5.52919488
5.42901127
5.397242092
5.538693212
5.578406259
5.484830706
5.350522092
5.368477977
5.337916641
5.536088822
5.563930698
5.502964101
5.424506159
5.477304852
5.483249152
5.388992637
5.271691048
5.363905465
5.547183398
5.52432654
5.458292028
5.705775575
5.565935425
5.402745059
5.435265768
5.578845762
5.545578814
5.405006884
5.48117928
5.493414788
5.597611631
5.493382839
5.685703882
5.615938516
5.683562822
5.48196502
5.392805842
5.46345397
5.560650351
5.689929237
5.770670002
5.690143605
5.494112411
5.690672776
5.673707777
5.534479114
5.572661962
5.532613871
5.465069584
5.553358753
5.597665111
5.717698848
5.510704896
5.390226119
5.47660049
5.424792507
5.443026685
5.57969162
5.513024002
5.602260953
5.569730959
5.546381828
5.640003984
5.517946957
5.628909101
5.691729713
5.74608121
5.67290843
5.662131455
5.545598037
5.553586163
5.619242928
5.662263492
5.645832129
5.416684116
5.548137072
5.665705544
5.580051556
5.506521987
5.486275011
5.503649304
5.519991008
5.49132442
5.565989342
5.498899704
5.59191973
5.692382224
5.763748463
5.646962934
5.624160019
5.620435176
5.427259167
5.517994773
5.529613585
5.6856866
5.52540581
5.449668068
5.461264663
5.468006325
5.4455992
5.363476031
5.400242717
5.282183132
5.348984016
5.508020493
5.572981814
5.394910591
5.316944659
5.548362489
5.559282174
5.655629906
5.598923235
5.501664934
5.393617365
5.366447063
5.500636524
5.657108352
5.649933778
5.624228097
5.674290437
5.507980439
5.605154378
5.516139854
5.501153596
5.368629896
5.402944498
5.565944122
5.58768123
5.593576526
5.47740113
5.391469624
5.614190654
5.461169664
5.613299028
5.760149451
5.651330731
5.620788155
5.592414831
5.560451684
5.56012479
5.557057119
5.62255489
5.633058002
5.59740345
5.559621108
5.482573912
5.58192063
5.693227319
5.509011672
5.542383874
5.519043457
5.515890905
5.669941869
5.543586478
5.403119114
5.403369657
5.347963599
5.5332138
5.602316346
5.743103352
5.533711482
5.598847069
5.642459041
5.591717812
5.595762465
5.563243755
5.421838562
5.442387343
5.601916274
5.42083878
5.547423998
5.496674702
5.462881909
5.575515785
5.550077749
5.505728044
5.486813927
5.634568422
5.576076846
5.628649078
5.608751564
5.664676861
5.690531037
5.605399425
5.555741557
5.663488811
5.64799648
5.666475643
5.476761461
5.630026275
5.524594534
5.588168531
5.629282665
5.664477274
5.627753241
5.611927104
5.594252471
5.769653231
5.726925396
5.688805523
5.676034633
5.804061048
5.626682581
5.399745029
5.428278161
5.461419258
5.528263577
5.51661873
5.569124325
5.536324262
5.564427685
5.760280603
5.753167995
5.548005
5.534628392
5.641227621
5.740470853
5.679904365
5.617326698
5.486206863
5.581440434
5.648834486
5.637760793
5.681474883
5.669721647
5.588204501
5.653757696
5.525112834
5.539427341
5.36754325
5.478044888
5.76059835
5.670539661
5.632040147
5.755137445
5.644035335
5.567440287
5.606681314
5.570101665
5.543267397
5.53370072
5.482937496
5.479252327
5.497993009
5.483415248
5.347795111
5.274262731
5.311512665
5.383506509
5.491110303
5.665678858
5.439450755
5.408380202
5.453186166
5.471949578
5.548807817
5.575722777
5.552731759
5.565371608
5.643661886
5.60693696
5.62609929
5.544989037
5.637528876
5.476908256
5.463491824
5.632984016
5.566959096
5.269012803
5.419203366
5.479368443
5.479013666
5.57469503
5.536723
5.682585714
5.604274496
5.574502747
5.525329162
5.610380424
5.564710516
5.57242725
5.669518124
5.570866034
5.487742838
5.599711473
5.533217543
5.49558069
5.465136184
5.387273218
5.219688724
5.281678106
5.334267231
5.439521957
5.640306514
5.738426133
5.620473088
5.573664511
5.609385938
5.516587135
5.615819357
5.590820201
5.592731095
5.679260023
5.453229798
5.548682516
5.602531614
5.527141276
5.525053556
5.490599433
5.692722514
5.670116363
5.678676073
5.446811717
5.345621004
5.339426437
5.374103903
5.405225837
5.405969815
5.517928443
5.436741967
5.46291565
5.44421103
5.393978345
5.573896871
5.486973543
5.381893307
5.512812859
5.470360784
5.492329898
5.441660587
5.401228883
5.539856018
5.460288122
5.329255418
5.444262729
5.651270264
5.558149277
5.437859277
5.336819898
5.436160305
5.40694428
5.371519408
5.471444429
5.493726471
5.431966782
5.483298562
5.314414818
5.426968684
5.534852167
5.393455675
5.527694466
5.540089591
5.394700333
5.267619544
5.240906047
5.331048464
5.409105732
5.452296399
5.391492232
5.448658168
5.414865702
5.471643281
5.463651929
5.588005868
5.384266153
5.530616592
5.652174235
5.615652966
5.42277303
5.568409087
5.222807123
5.377720907
5.423031349
5.541841061
5.431400984
5.397758231
5.381755486
5.407727176
5.469100485
5.446756237
5.510211842
5.576703287
5.751388398
5.621770434
5.846030653
5.81996191
5.738062531
5.478620063
5.441710406
5.423856714
5.461667694
5.539949375
5.389241687
5.420186123
5.436216622
5.309059865
5.442091654
5.517731996
5.494633934
5.544969834
5.496539563
5.431909229
5.353739182
5.519289688
5.613177775
5.603118981
5.653061836
5.564942417
5.434776437
5.609312709
5.59338878
5.584889751
5.542659352
5.558742416
5.597637556
5.574354138
5.434224608
5.45380808
5.617946683
5.398800418
5.341852594
5.400664362
5.493026976
5.42801126
5.266715645
5.440828823
5.425517223
5.421736949
5.540972641
5.428581773
5.428563475
5.533093831
5.59354833
5.623704205
5.423254918
5.44192461
5.458695726
5.569792344
5.384467006
5.29040849
5.604081172
5.597986056
5.749892237
5.869962447
5.706282918
5.558868033
5.52906995
5.395181866
5.329700334
5.662249722
5.504412512
5.453148217
5.391091577
5.41461806
5.462969634
5.401924985
5.4962896
5.516393436
5.435568142
5.439988232
5.469282689
5.59637752
5.485495915
5.575610633
5.490485461
5.496226138
5.411309732
5.381574493
5.352078988
5.538541988
5.56773791
5.628994715
5.491740144
5.602232746
5.556901578
5.573308573
5.571583432
5.563091354
5.492642449
5.598075089
5.692636561
5.642140209
5.799882325
5.831351848
5.644381875
5.594888489
5.750802279
5.709155983
5.597523061
5.435479198
5.464806504
5.489198754
5.626733578
5.672661034
5.624871794
5.572233231
5.603737407
5.441743056
5.448992077
5.492856153
5.407555856
5.4552318
5.455931562
5.619007328
5.706492542
5.678891732
5.565527489
5.532301739
5.360558208
5.660279284
5.480329214
5.514478507
5.604407521
5.682834282
5.792848594
5.752455197
5.680898978
5.733828422
5.59055846
5.437475268
5.502375604
5.607634633
5.529233896
5.477363467
5.442601393
5.436287101
5.493175585
5.531450489
5.575873069
5.568424659
5.654417985
5.460661022
5.374338834
5.596827423
5.658691342
5.670085937
5.692341656
5.50998652
5.48926843
5.616065205
5.553856465
5.56909911
5.540289674
5.51091323
5.37115191
5.375842341
5.489536767
5.573424497
5.647784187
5.479062721
5.556820214
5.310802053
5.327604147
5.367736633
5.420856594
5.471878295
5.577360121
5.457210403
5.524131862
5.528141825
5.606187146
5.487784988
5.386945284
5.445119375
5.6810272
5.697747585
5.670736052
5.466175959
5.436671779
5.524576366
5.482203797
5.525645226
5.580793871
5.584581072
5.724087658
5.893928724
5.694808552
5.596809698
5.551457672
5.529907762
5.554593429
5.51203382
5.51407913
5.476404113
5.529902471
5.526995685
5.25606368
5.339967764
5.54154739
5.582179007
5.50508267
5.505626872
5.596693715
5.595519947
5.504332683
5.641434679
5.622096382
5.642642357
5.572389462
5.701848382
5.666553905
5.459172824
5.608125192
5.722729113
5.612267727
5.48701433
5.481328383
5.442820436
5.420842082
5.471245109
5.54966469
5.592350335
5.60210198
5.518902677
5.493918383
5.410307304
5.556003005
5.595925888
5.584489831
5.542421072
5.609593291
5.613641976
5.612193032
5.594771116
5.745272425
5.668029277
5.658222532
5.535115716
5.379453174
5.494819732
5.374283783
5.206150724
5.348873504
5.364220935
5.20176638
5.349333877
5.463771919
5.340436384
5.223073951
5.262461737
5.228567105
5.383002208
5.515796947
5.592674653
5.535258429
5.489114497
5.394398138
5.557505825
5.578326282
5.372493391
5.372354306
5.317782703
5.416102827
5.365178846
5.332910413
5.140706089
5.24819848
5.477986681
5.48740214
5.522239609
5.708113779
5.60233089
5.695992026
5.418851435
5.515977722
5.427294478
5.326728047
5.31971864
5.340163807
5.350515984
5.259625655
5.105912343
5.356988204
5.341354719
5.493025001
5.605941173
5.765559821
5.649843354
5.669227807
5.590395383
5.582894383
5.430259656
5.398403543
5.428141412
5.341379094
5.349099597
5.386964152
5.365185938
5.377301063
5.590494236
5.657619057
5.470545028
5.390524054
5.382557449
5.51133885
5.509166792
5.546182408
5.511452019
5.458234473
5.365493516
5.442722029
5.548743082
5.588934289
5.652481646
5.61898699
5.744059426
5.819282429
5.812904834
5.791865552
5.603946737
5.609555397
5.577284098
5.46086337
5.394321729
5.563466251
5.660980785
5.603073395
5.424154065
5.345597019
5.439204567
5.269306318
5.386330855
5.446717544
5.517594391
5.611265501
5.563529837
5.418335173
5.4884292
5.503860064
5.482584891
5.469746643
5.500254177
5.477275557
5.567401017
5.526172664
5.421063385
5.4663527
5.563476207
5.408823094
5.499856459
5.576608058
5.517952791
5.530665896
5.4132985
5.490368253
5.45153003
5.632911151
5.609972355
5.623994439
5.390025769
5.400470958
5.424578138
5.594322755
5.607575139
5.483418601
5.581866095
5.511977779
5.501269192
5.677791199
5.589682838
5.535350654
5.503685463
5.425935568
5.259850215
5.372912859
5.530207892
5.483621944
5.418749884
5.468048727
5.310658546
5.364049645
5.364967729
5.249141146
5.294834049
5.482795826
5.426835086
5.247791882
5.233159971
5.264659774
5.418611395
5.644997887
5.504736268
5.504397522
5.502220175
5.434807564
5.333512585
5.542608327
5.461782876
5.449300179
5.401278375
5.437748363
5.329504232
5.391324802
5.373901892
5.474105033
5.390794447
5.487635406
5.585725156
5.37255882
5.428572971
5.526930797
5.521867736
5.417021165
5.517909112
5.649614212
5.564665473
5.591105765
5.437854761
5.456546098
5.469574525
5.51142121
5.594492864
5.461621411
5.421563207
5.437031704
5.455997822
5.397185006
5.539952492
5.529104132
5.472101074
5.383398609
5.357982454
5.50472152
5.603249895
5.547976988
5.450344089
5.534036619
5.514917526
5.526686298
5.689277866
5.684972444
5.682275161
5.537415225
5.392299552
5.514365894
5.433939999
5.464460036
5.289993554
5.499081414
5.689694373
5.534954445
5.647184313
5.447663695
5.422131727
5.488870087
5.556862474
5.616210917
5.486471076
5.554999022
5.552280957
5.480944192
5.567822685
5.446781512
5.349395214
5.306432165
5.351226844
5.314591096
5.501470778
5.423247374
5.438575588
5.513940564
5.402827064
5.395867444
5.363682402
5.45169786
5.561962497
5.492914495
5.586625061
5.691207504
5.358460413
5.594896204
5.657881042
5.796202046
5.664374973
5.527933582
5.581948843
5.597285366
5.708614549
5.669778517
5.593271512
5.539020919
5.578087065
5.557456544
5.622500352
5.512829102
5.466126144
5.502360058
5.356062615
5.308623218
5.500635889
5.337483085
5.287625101
5.479344559
5.637418516
5.474420282
5.235842744
5.299447091
5.41919884
5.43651887
5.461948778
5.531537375
5.401560264
5.337341964
5.310519972
5.444392775
5.499799927
5.521163296
5.495377389
5.492060496
5.314096624
5.416597505
5.527169111
5.467373585
5.581149061
5.457840111
5.312567006
5.429537114
5.458251003
5.504848768
5.46588523
5.591787743
5.537464129
5.451722285
5.369864093
5.379031524
5.495382763
5.488288813
5.52261714
5.484473526
5.482893492
5.483117592
5.501019514
5.481185489
5.425409216
5.386031062
5.413258848
5.560868178
5.598089934
5.514801664
5.460462534
5.518698212
5.411698711
5.373470807
5.550008953
5.732694661
5.692938848
5.371067135
5.49804929
5.468839982
5.441716225
5.49808969
5.407325914
5.389435213
5.344462929
5.610525675
5.680293127
5.580829486
5.489129645
5.447070927
5.549038712
5.652363562
5.651645052
5.579356834
5.377899283
5.371908912
5.385782014
5.561678031
5.540626639
5.482217409
5.510666689
5.52294714
5.816541057
5.732304664
5.629335993
5.471560097
5.518695796
5.414584414
5.466076088
5.58728422
5.71039729
5.523163516
5.531488726
5.471072417
5.452135529
5.436217995
5.467088249
5.536785165
5.445587047
5.374857543
5.584284564
5.658914543
5.609104317
5.501966509
5.622690842
5.635602514
5.747972998
5.616259529
5.521213367
5.62075532
5.637267125
5.572099844
5.449268716
5.316136839
5.539380532
5.656421275
5.681559253
5.517418297
5.500297696
5.663029268
5.743566169
5.839011287
5.743731782
5.749896556
5.631491469
5.557145112
5.618622931
5.506197186
5.516230355
5.579409436
5.555251263
5.552428163
5.573374917
5.709458917
5.682652664
5.644732128
5.684884639
5.957871185
5.842596183
5.785543548
5.561225191
5.412143573
5.497200653
5.731440778
5.76714008
5.637671089
5.554407263
5.62622737
5.477466388
5.507903579
5.492326963
5.453174363
5.460657174
5.593785344
5.567762729
5.575061256
5.570384273
5.545089699
5.635842423
5.491696652
5.547373016
5.626396934
5.487312329
5.600032342
5.611477763
5.373635148
5.423063081
5.378730656
5.355411391
5.489382765
5.6486977
5.647815501
5.799909903
5.80488749
5.716129352
5.593839806
5.596768832
5.418295223
5.494966356
5.452788312
5.677564846
5.732372335
5.598647655
5.522475996
5.420951885
5.492090314
5.526754935
5.756522536
5.885140634
5.789109542
5.578212834
5.53939246
5.38645309
5.30025623
5.450212183
5.376960644
5.446714705
5.470192227
5.483113947
5.494680902
5.79484742
5.683556572
5.607657481
5.591318051
5.517580059
5.424492972
5.416045581
5.574549489
5.702989607
5.673901286
5.665930717
5.427927288
5.577250355
5.477551076
5.431071032
5.517755788
5.354768782
5.536456185
5.727234265
5.825384834
5.612321604
5.664234383
5.681192448
5.778371609
5.719751367
5.629947791
5.483724201
5.522635587
5.414382547
5.439203548
5.474986177
5.336013339
5.413678693
5.534529252
5.523647515
5.579463066
5.502565495
5.415982182
5.470474532
5.373801329
5.493721438
5.507548011
5.450211307
5.527707782
5.557069889
5.664630847
5.589052883
5.529680379
5.732240499
5.553619451
5.315232137
5.451766722
5.565421483
5.488507424
5.419412612
5.607679588
5.717242396
5.646568449
5.633169408
5.599168078
5.326901489
5.52652187
5.540190152
5.619857981
5.477718237
5.411031261
5.477588847
5.516436233
5.582192789
5.536776753
5.400030887
5.376326522
5.34581215
5.464029603
5.50910139
5.703980769
5.643325532
5.599814959
5.532129383
5.436107713
5.565187711
5.435589973
5.464997603
5.594971448
5.759253719
5.683058997
5.63346888
5.557791697
5.441038145
5.431309841
5.495762568
5.447280505
5.419217569
5.388967505
5.406810564
5.455894294
5.364050792
5.442294973
5.497929727
5.439023542
5.732616919
5.55535123
5.458725963
5.354014142
5.430251404
5.367294923
5.355106863
5.280403369
5.327856179
5.351305921
5.248082361
5.26705666
5.315841803
5.366723253
5.410216735
5.296234817
5.506633488
5.530317982
5.536405577
5.57551797
5.568602797
5.572260755
5.52601755
5.478875892
5.411802238
5.597509205
5.721261865
5.614462518
5.342842285
5.334136128
5.499719061
5.553514109
5.655550568
5.529711397
5.489953215
5.609985211
5.475692711
5.492156691
5.677561843
5.782249204
5.584303166
5.624569046
5.622874112
5.594852968
5.506697839
5.329624726
5.267480755
5.325671692
5.325633466
5.293988716
5.198452574
5.264394199
5.446331799
5.597900755
5.657899522
5.46811744
5.394232148
5.416548012
5.368609854
5.480480153
5.318129593
5.335248278
5.342405322
5.330887597
5.350035465
5.472009606
5.63652739
5.606386975
5.626091166
5.547854709
5.449039089
5.332434872
5.263976381
5.361590893
5.528332761
5.508405885
5.475331896
5.618898851
5.458544528
5.400540884
5.467330492
5.43311036
5.319705679
5.256284453
5.310270196
5.429354675
5.350372713
5.263859088
5.357660532
5.509965296
5.610591645
5.541332752
5.622848282
5.774247853
5.806261378
5.501763834
5.590405531
5.561975345
5.519459589
5.55047752
5.704122623
5.685553586
5.801397037
5.903752808
5.50154137
5.456268747
5.519470748
5.620836129
5.643051425
5.721105128
5.699733349
5.563162591
5.630347385
5.485447147
5.508982549
5.558628097
5.240817849
5.337974017
5.526623965
5.729844935
5.470464858
5.591740894
5.436018797
5.41138198
5.572455614
5.530901039
5.498651108
5.484382858
5.558503557
5.540864749
5.546242419
5.677171481
5.475914366
5.508371443
5.527765422
5.477484134
5.507302075
5.460705442
5.406645502
5.429327532
5.578426801
5.584407783
5.60311366
5.624650994
5.561793758
5.443352569
5.176228797
5.329545476
5.385779979
5.403422512
5.362009608
5.541540196
5.525926131
5.533388337
5.386457397
5.521088182
5.586716029
5.702599494
5.662399092
5.595805456
5.355347988
5.390270538
5.369495852
5.392964132
5.337152898
5.429759345
5.422313015
5.298102345
5.505314358
5.493659608
5.468955987
5.420218539
5.56836779
5.696428317
5.632603743
5.669247394
5.650872726
5.506978537
5.395815733
5.362132671
5.664461023
5.568491096
5.517037923
5.417444895
5.433546067
5.653599187
5.6460103
5.600452292
5.479314533
5.396923531
5.462663072
5.404420579
5.37092935
5.498432779
5.642425738
5.618834614
5.593675559
5.704262104
5.666748256
5.65764098
5.896611315
5.873973386
5.608020227
5.562694438
5.57005379
5.594746343
5.662912959
5.721784603
5.672912309
5.588323248
5.526773399
5.607397166
5.616972774
5.571515249
5.595018177
5.424485261
5.47749019
5.527991783
5.569818985
5.756340964
5.553552773
5.618139634
5.696664652
5.629672501
5.448126097
5.487020914
5.491642029
5.47236756
5.507615985
5.459855968
5.526506905
5.499225678
5.456390039
5.480908148
5.521137136
5.470411737
5.525363149
5.439078488
5.457526832
5.579158513
5.527758594
5.604455094
5.551172694
5.523241792
5.648162914
5.575570309
5.585606336
5.525653194
5.629929592
5.583588595
5.591332406
5.700249301
5.733166925
5.648706822
5.571994063
5.461644698
5.496530585
5.467604663
5.56154598
5.638025214
5.371343257
5.440237116
5.614948743
5.559734876
5.383046515
5.410270943
5.513326646
5.377053934
5.199353922
5.374074932
5.588969812
5.474961203
5.463946363
5.474564384
5.506731038
5.462239624
5.297705537
5.263519905
5.345339092
5.400685294
5.646739267
5.527077574
5.447648587
5.300783039
5.345702136
5.231664856
5.253752216
5.273083026
5.499680858
5.508400403
5.466997549
5.426151877
5.339112856
5.510626827
5.479086769
5.419476944
5.59300501
5.489339246
5.552636896
5.692539605
5.367296677
5.420629174
5.368240664
5.552291058
5.449149141
5.593975572
5.662344687
5.657488992
5.566570661
5.478595244
5.468388377
5.444712585
5.558501807
5.539116255
5.514803327
5.536715216
5.576178013
5.613940102
5.571900023
5.477451626
5.343222308
5.35018493
5.428556064
5.491613922
5.542813289
5.44742481
5.335446318
5.351763355
5.520428821
5.588866402
5.616728883
5.547854002
5.508082094
5.472920968
5.629765819
5.584187574
5.608842157
5.61370513
5.608840185
5.515652312
5.7211748
5.586789815
5.542806444
5.468422518
5.407957867
5.571431007
5.548509748
5.361949104
5.338466384
5.340352808
5.300502172
5.30586574
5.387311962
5.540615759
5.389538074
5.330493601
5.435735264
5.427229486
5.544710244
5.500600417
5.505537431
5.447243259
5.42465145
5.300359057
5.362812465
5.41502728
5.358292868
5.366771283
5.349683158
5.300011635
5.443235073
5.526319519
5.52321851
5.40062503
5.351766763
5.356341833
5.42098592
5.467669014
5.365481571
5.444439799
5.513108294
5.495390883
5.5106425
5.451918131
5.433687632
5.424808549
5.443332965
5.45304014
5.566635333
5.386156659
5.387067627
5.387749582
5.467322997
5.442869014
5.460427571
5.494596694
5.48046811
5.366087017
5.422297636
5.476718229
5.374315902
5.498303851
5.413517015
5.433157578
5.444752437
5.567252204
5.616333576
5.457693316
5.484466441
5.471705126
5.523713538
5.547315151
5.518523147
5.346610592
5.377851067
5.438309945
5.494629436
5.491979401
5.42596009
5.371888751
5.609756399
5.570973079
5.681321631
5.609324119
5.675137535
5.608408781
5.499940371
5.502358525
5.551003134
5.510827913
5.475698897
5.573995315
5.465318496
5.522140538
5.280372237
5.268081269
5.260716328
5.278430212
5.260248877
5.42428932
5.591534826
5.550607015
5.488104217
5.662127291
5.540616578
5.544469118
5.535405567
5.502067197
5.481849804
5.513495786
5.491368538
5.51776806
5.771516656
5.634649572
5.681674894
5.70714783
5.64891856
5.644704005
5.634525484
5.730400639
5.42626621
5.468658112
5.519235262
5.565161834
5.530219207
5.478235047
5.490630691
5.349491473
5.385128918
5.595530204
5.627956263
5.469715043
5.433148245
5.44891845
5.57628275
5.667125199
5.676494503
5.612358727
5.554129221
5.497220367
5.610024419
5.509490996
5.487072188
5.425199052
5.340219281
5.358725736
5.570177126
5.534785333
5.413130987
5.369479582
5.416628844
5.483706676
5.425868875
5.470316693
5.409388682
5.387155945
5.399355624
5.59723798
5.657070816
5.705028649
5.460530012
5.670870567
5.571487634
5.636982481
5.745222965
5.717582311
5.539869805
5.403706592
5.501814619
5.495898001
5.542603219
5.409037382
5.499972237
5.74336897
5.686411162
5.707247803
5.696284799
5.596115651
5.63807357
5.536536591
5.432727494
5.295005342
5.476594821
5.536506785
5.671761904
5.717675008
5.601454005
5.493735465
5.481815634
5.539448261
5.482660528
5.67745281
5.677904472
5.480103356
5.528369698
5.631684258
5.537089311
5.758090859
5.68914733
5.647506738
5.491309662
5.362418973
5.325545271
5.24051854
5.355387844
5.347369229
5.399841592
5.499631944
5.520803414
5.58682222
5.675712856
5.587443425
5.511976253
5.518200719
5.553929374
5.47454521
5.536290986
5.543955541
5.448365051
5.412089411
5.454582445
5.388519634
5.414829828
5.604556013
5.56978103
5.647511893
5.491662125
5.626277806
5.439856292
5.453243313
5.380805518
5.528073958
5.554398024
5.600656293
5.625472968
5.559613846
5.683406571
5.752685228
5.731176522
5.459899175
5.728298956
5.535269146
5.509898773
5.542337166
5.619010731
5.6939492
5.663736182
5.594656061
5.621382345
5.405424681
5.562572917
5.570204061
5.607035954
5.352586244
5.4403587
5.522833524
5.325664926
5.44023327
5.481547674
5.530399091
5.659435008
5.547821174
5.502893266
5.443403698
5.600529084
5.600937481
5.573521123
5.756286356
5.885544567
5.819752985
5.765071682
5.87766723
5.608998496
5.625399744
5.652640741
5.656837722
5.629376619
5.733332479
5.561180127
5.643273975
5.465256104
5.578690873
5.699416334
5.70298975
5.680036393
5.673585999
5.596079419
5.57108231
5.564459083
5.404834433
5.339344601
5.555583994
5.480454463
5.427543171
5.404386977
5.287189665
5.316197322
5.410438262
5.44915453
5.340909505
5.371963991
5.488241127
5.464471095
5.422505372
5.476562654
5.447464084
5.405342423
5.390783052
5.537112106
5.584336607
5.622370492
5.558679562
5.457570861
5.355177134
5.319191531
5.334797693
5.437294854
5.551277492
5.381930845
5.457385185
5.507523652
5.519564681
5.593403222
5.595280809
5.430162237
5.396224073
5.311637076
5.374670748
5.346787276
5.339697395
5.371915449
5.415115634
5.384167265
5.543762497
5.567395823
5.600979065
5.90768578
5.723863283
5.556297586
5.576822372
5.307389742
5.259441051
5.313322378
5.432864038
5.515078991
5.52383313
5.535951502
5.405409052
5.511513447
5.632395685
5.632354847
5.542255094
5.478573001
5.510729026
5.571643586
5.38992323
5.375788136
5.40512764
5.422255631
5.337818134
5.365004345
5.440107997
5.434409682
5.357693699
5.351450573
5.404546769
5.429116198
5.511632308
5.442488893
5.493068325
5.441231959
5.41828272
5.550366121
5.4871422
5.37095051
5.436788381
5.554426878
5.544037015
5.533946349
5.393059928
5.406701526
5.468044167
5.535576136
5.538727989
5.50837694
5.473561268
5.462651181
5.293164301
5.277747218
5.414444659
5.50235225
5.42944715
5.372003396
5.494971771
5.580278143
5.64953422
5.604890774
5.364852544
5.362961883
5.240426974
5.452052977
5.539042325
5.64223932
5.477006582
5.415749538
5.445487343
5.574413638
5.590583743
5.595467862
5.478473958
5.528482837
5.448017414
5.259989345
5.283908241
5.360535854
5.459095564
5.639217417
5.654561846
5.638197833
5.558695902
5.730673958
5.810506432
5.644593472
5.614310802
5.57255766
5.472096885
5.473386827
5.627281824
5.717329886
5.610260559
5.350459276
5.39020939
5.449104526
5.622894293
5.725753451
5.673850181
5.547401872
5.583779134
5.718882828
5.7244641
5.598940221
5.731540213
5.774533765
5.491051993
5.337347527
5.540447595
5.508868993
5.346304011
5.268284559
5.345218701
5.591987957
5.50890709
5.368048362
5.464423383
5.557239365
5.649477202
5.793385479
5.842239295
5.646077373
5.58155735
5.596663832
5.663266996
5.568754287
5.5538014
5.631910027
5.48946475
5.276486049
5.3984159
5.365833213
5.417827699
5.289653777
5.396451329
5.625044428
5.405406352
5.352137501
5.456971247
5.372245087
5.312017143
5.39297059
5.572924349
5.324962082
5.358907711
5.472298347
5.564788375
5.407141846
5.54173818
5.500232401
5.468222043
5.337655316
5.493976763
5.527489663
5.630753482
5.506859485
5.589807311
5.402228663
5.413206732
5.493436956
5.406049527
5.374920832
5.380474488
5.570616599
5.634803323
5.589031326
5.735518748
5.686309408
5.60953093
5.626540146
5.656000314
5.797105104
5.851247872
5.669153585
5.607450956
5.587269967
5.495416502
5.546237598
5.475913389
5.40618091
5.511757366
5.50157513
5.563099449
5.597881817
5.590248003
5.707112082
5.578451192
5.645865599
5.536598059
5.628649732
5.58430846
5.484242362
5.327284437
5.258382807
5.217218389
5.3336237
5.437321607
5.442694704
5.480944471
5.504420133
5.383521585
5.52568825
5.540802439
5.515516104
5.597736034
5.707556106
5.629376954
5.690172774
5.747649402
5.91309666
5.602737653
5.553379047
5.534790496
5.571407436
5.400209564
5.458805004
5.331109744
5.369230843
5.421430629
5.348175972
5.509791595
5.595542797
5.576820153
5.57675216
5.86491451
6.037195466
5.804798451
5.608271555
5.585939929
5.479656311
5.545804053
5.620594757
5.716098231
5.676553726
5.76621576
5.720206042
5.704593711
5.481446137
5.476367959
5.603979086
5.579669685
5.434608722
5.431199561
5.60786579
5.702629159
5.606334939
5.760991148
5.643342424
5.612105656
5.640638297
5.551740311
5.787629004
5.810365972
5.751281479
5.721435392
5.782362628
5.691065374
5.676715852
5.734840018
5.616001412
5.45510502
5.534846921
5.659997858
5.734244582
5.497721713
5.469354321
5.511886962
5.698893861
5.82014468
5.776625672
5.681165501
5.626371368
5.63085219
5.499886984
5.579047214
5.504930464
5.629098799
5.640107984
5.580307745
5.655356382
5.57492067
5.621040542
5.857378964
5.724487543
5.708746392
5.699341333
5.57324236
5.447239394
5.441502742
5.615192365
5.576611315
5.550456117
5.560572599
5.512372747
5.591845955
5.69669504
5.476706477
5.407085093
5.625465647
5.658679311
5.523490478
5.665762898
5.70035509
5.520723284
5.467885927
5.571875226
5.582201011
5.630024245
5.589846529
5.535913836
5.635740217
5.670819423
5.579950296
5.473418599
5.505905975
5.565308708
5.558134164
5.503987573
5.502608733
5.49637321
5.632134861
5.772711731
5.571091945
5.585146315
5.791292827
5.776065814
5.78348529
5.688699962
5.724089158
5.71461204
5.688986188
5.653292933
5.613414956
5.630636367
5.563810214
5.392000203
5.419647373
5.466601686
5.418844414
5.325501443
5.338073074
5.35860689
5.389822152
5.5829326
5.554400688
5.403438088
5.440592586
5.555741901
5.51690982
5.480554002
5.461669766
5.59926893
5.586219541
5.659961215
5.682320863
5.801595389
5.684688184
5.743356105
5.676695927
5.615030498
5.549386436
5.465303976
5.57196303
5.504439503
5.394927586
5.314672315
5.461485664
5.542667946
5.699707678
5.746495104
5.641029771
5.483117066
5.482488471
5.364668566
5.370829034
5.355984328
5.426548849
5.531515601
5.534336749
5.483247172
5.55170622
5.60262267
5.601873661
5.480032126
5.36683408
5.408899476
5.545916375
5.725985805
5.79970644
5.755229044
5.660289078
5.783815855
5.664275379
5.67955206
5.596354875
5.608802837
5.47464682
5.380720842
5.428462994
5.411663809
5.341385007
5.41201193
5.397934984
5.572276384
5.602933421
5.753461936
5.659933586
5.588222971
5.684209772
5.715058181
5.611340178
5.573438332
5.536404266
5.600698305
5.572740885
5.599255088
5.822112288
5.890559306
5.642101099
5.620608627
5.683595418
5.53744881
5.679279677
5.506525058
5.452463974
5.378502913
5.496080582
5.501109249
5.454241035
5.621582017
5.658086915
5.605159781
5.451611197
5.348338925
5.332777758
5.569955479
5.498990376
5.570975837
5.502548077
5.567866427
5.465354457
5.498987421
5.594851886
5.739273524
5.837374891
5.637550134
5.581446035
5.502268598
5.467774707
5.554483981
5.542029659
5.699865896
5.651745489
5.548149644
5.532110108
5.534955663
5.57742846
5.395909844
5.44522984
5.571074278
5.464513209
5.56050124
5.581673654
5.579267757
5.640543973
5.57891564
5.361347967
5.34877156
5.352974869
5.544347253
5.482764403
5.689213584
5.939402884
5.905433734
5.768801515
5.585281426
5.585019496
5.49596152
5.34302806
5.27008435
5.572061403
5.653357287
5.522064365
5.462541164
5.421821563
5.354251677
5.47861152
5.549001793
5.539624483
5.546593927
5.670023013
5.691392973
5.60148384
5.628458689
5.56032227
5.552679744
5.561597006
5.692467968
5.657090231
5.647494215
5.546213135
5.327018709
5.471791895
5.404086098
5.55191939
5.583662954
5.554278184
5.62242683
5.619699351
5.574068177
5.544967628
5.431979413
5.519810527
5.472721069
5.533235558
5.428896172
5.478346448
5.508372898
5.581855354
5.548488488
5.541649703
5.530698325
5.452822025
5.675447444
5.536544593
5.455561685
5.574433606
5.448958263
5.485823297
5.504905726
5.709864522
5.717060674
5.594002204
5.543989763
5.401137397
5.241151896
5.445068631
5.478953317
5.433957554
5.443200602
5.563861014
5.581462473
5.527419811
5.711734214
5.705050672
5.614302286
5.61373222
5.938597248
5.790229583
5.547817561
5.501321092
5.351685316
5.371549153
5.371871395
5.26451463
5.566114055
5.593667107
5.715914873
5.632330608
5.584351501
5.481020664
5.645796754
5.549709573
5.476401435
5.533001676
5.595596934
5.491447477
5.43107038
5.462596651
5.381876356
5.408407047
5.456871463
5.534110131
5.504261466
5.633897118
5.772101696
5.784783853
5.761185386
5.687447237
5.577099628
5.535804638
5.410109325
5.316890824
5.32822708
5.509094528
5.619550258
5.700052727
5.550722093
5.392147853
5.420347231
5.374819491
5.44476198
5.414073137
5.422491418
5.459000125
5.397990908
5.44313126
5.426409137
5.437401673
5.356317875
5.561365437
5.593844866
5.45510514
5.655529714
5.634153825
5.577334072
5.66081277
5.606374021
5.502484789
5.460807908
5.538799248
5.514671775
5.527563763
5.565628545
5.622023865
5.632406504
5.621654097
5.613739402
5.604094121
5.566208862
5.471966742
5.385806607
5.549613385
5.570782067
5.468109956
5.521052067
5.544363034
5.544761016
5.677592143
5.561147872
5.548840072
5.52116791
5.615852792
5.593644096
5.592158912
5.494818638
5.525042269
5.536121208
5.422442472
5.572424978
5.673482023
5.654602276
5.66811938
5.606460142
5.530820258
5.438891085
5.407883437
5.313161042
5.270439095
5.570349383
5.609097517
5.459748459
5.417668995
5.421912624
5.36908555
5.429085324
5.636193042
5.688119327
5.645286916
5.535312033
5.443563393
5.500485181
5.514364918
5.599689819
5.531539595
5.630698101
5.502298754
5.424679182
5.512319282
5.492838319
5.556564295
5.607354945
5.555958187
5.542374776
5.774188627
5.62345421
5.522400744
5.487235994
5.472448972
5.498653407
5.491139148
5.550856421
5.510299598
5.467527356
5.557841566
5.602565155
5.6169725
5.58460364
5.706712471
5.564213315
5.552979467
5.591974233
5.47775234
5.453740673
5.204127397
5.357187706
5.297006718
5.256558069
5.315396744
5.421628045
5.577305948
5.418438679
5.408708996
5.389507211
5.52379366
5.542263287
5.563844348
5.449822318
5.366594209
5.449720827
5.5898268
5.52247964
5.527441286
5.589743762
5.720211971
5.621971078
5.644668336
5.653228087
5.659176437
5.411565544
5.270742086
5.424990416
5.432647749
5.522408822
5.600708962
5.439415915
5.635647157
5.502847771
5.551210053
5.485254274
5.463051889
5.501919514
5.459911108
5.485799133
5.602738413
5.454025818
5.532076821
5.527189578
5.670189568
5.570977729
5.655898463
5.404233975
5.392985882
5.421992147
5.396902143
5.401545847
5.310127812
5.397313656
5.380222881
5.241284798
5.162744107
5.228127372
5.360989629
5.497298002
5.547779547
5.5602518
5.651725036
5.708432557
5.72052349
5.659706377
5.587465434
5.623046993
5.686204328
5.705954391
5.602895483
5.805950495
5.653917737
5.624280901
5.719698843
5.663508965
5.802583342
5.599104333
5.534194495
5.57971189
5.560601642
5.589658411
5.523664099
5.608745
5.534548168
5.539722157
5.539863977
5.594198446
5.657645691
5.73837708
5.66212104
5.725967819
5.69281936
5.65011839
5.511644767
5.492442263
5.53370746
5.510058049
5.547510322
5.4327772
5.342229666
5.363576477
5.466774503
5.399704344
5.328257794
5.521454015
5.471930271
5.777804382
5.757355972
5.479515113
5.582705606
5.63875835
5.563450633
5.511971366
5.538841093
5.695662053
5.701500299
5.583479764
5.478460952
5.522875487
5.547546152
5.423426239
5.404325313
5.538761362
5.605345937
5.667154065
5.569529459
5.498904147
5.475329508
5.54511067
5.656845005
5.601886931
5.498577555
5.432566935
5.32487348
5.497065239
5.641194776
5.696990342
5.706352505
5.475823942
5.407129699
5.497540838
5.396195638
5.311790936
5.450814036
5.545989927
5.568867016
5.530671163
5.485777527
5.511540161
5.365443922
5.387716809
5.419170148
5.258850633
5.412082876
5.434800694
5.342464027
5.470091728
5.411835736
5.372290008
5.511014074
5.438084359
5.416413745
5.441077454
5.541514387
5.524649611
5.557142881
5.648283957
5.777671718
5.398530998
5.499723135
5.524002969
5.460111298
5.446956819
5.40931788
5.525829307
5.492331548
5.618487534
5.655402722
5.714849827
5.662964401
5.641379075
5.727621571
5.588701415
5.570073595
5.627023747
5.581744844
5.533184286
5.433040441
5.715937468
5.50708695
5.593573542
5.719358602
5.763541631
5.732558585
5.588850086
5.555867531
5.585454073
5.499157047
5.599390114
5.603689729
5.476999719
5.580872418
5.594119533
5.504893734
5.546595238
5.487089218
5.534197091
5.673867196
5.420535735
5.446644282
5.411238819
5.530693629
5.61323209
5.719359167
5.910171277
5.699345553
5.514265534
5.622141966
5.704575755
5.711098615
5.718468571
5.690483103
5.496584373
5.462182919
5.593624344
5.503210803
5.483605969
5.436497783
5.566177564
5.679386574
5.646629941
5.649410498
5.78488733
5.595857451
5.551334868
5.566010452
5.669054104
5.611278021
5.544144755
5.569637563
5.663054206
5.699117658
5.655637971
5.576693187
5.403124642
5.460936759
5.503118824
5.731794631
5.690295594
5.696772243
5.53166347
5.429761407
5.489538934
5.574693847
5.565951501
5.533966906
5.654236218
5.541002347
5.497572708
5.386725481
5.433301061
5.158857571
5.260164936
5.452978902
5.565297329
5.676905438
5.590488842
5.52058039
5.445821838
5.474893094
5.516565851
5.589796763
5.546106034
5.544230196
5.404199227
5.489887523
5.574865617
5.707467956
5.785600356
5.584482311
5.605060186
5.535757741
5.601845382
5.587083026
5.350348644
5.615512857
5.588189832
5.545250043
5.511795208
5.492248177
5.580573316
5.720245283
5.74878161
5.665455187
5.599764292
5.455980231
5.392213689
5.404117812
5.420929095
5.47479143
5.511610273
5.467830922
5.519399476
5.632737556
5.744517471
5.739605005
5.708625068
5.497873348
5.715541661
5.669133255
5.668391101
5.412082821
5.420134659
5.384513617
5.375882434
5.42081978
5.4328251
5.43599583
5.388885342
5.320830769
5.34772206
5.511447222
5.55531539
5.706716143
5.551887881
5.349040757
5.555989477
5.58597753
5.660617568
5.548632941
5.545232077
5.520719368
5.385924125
5.288426773
5.365609086
5.336671199
5.590094751
5.531953049
5.489160229
5.53429203
5.572570787
5.402352383
5.440546853
5.454211213
5.531976933
5.684569325
5.672242183
5.695786576
5.484269967
5.430175638
5.452300909
5.518076696
5.641073823
5.635985983
5.595514131
5.788676297
5.807792217
5.955965533
5.675493556
5.588100098
5.608272253
5.688880454
5.558238242
5.481255454
5.511731469
5.459862062
5.665479805
5.501240423
5.55497723
5.522136495
5.514838316
5.392159382
5.336938673
5.375341166
5.487585195
5.39528181
5.437784075
5.47349087
5.692631064
5.539952356
5.561144806
5.544364517
5.532375478
5.623381048
5.56240086
5.502338436
5.545503315
5.487358388
5.602482683
5.675211737
5.646548166
5.604979137
5.537366731
5.55060652
5.489726965
5.340280192
5.436589075
5.409274017
5.404761192
5.534681778
5.714115324
5.612228864
5.539072985
5.550560961
5.542903697
5.612567095
5.628953633
5.517381406
5.307902485
5.270569924
5.274281089
5.359032371
5.533488362
5.567810777
5.70449969
5.586102512
5.65666407
5.652126198
5.608961202
5.596643444
5.565896303
5.696010633
5.78899509
5.789547454
5.664906415
5.695472032
5.560152286
5.46271554
5.605162227
5.501838701
5.40453945
5.541180796
5.631724524
5.58983567
5.460507993
5.5354332
5.55025168
5.432681209
5.507659159
5.600791951
5.551680241
5.508522202
5.607326984
5.670433608
5.533008056
5.49134703
5.533184084
5.483652894
5.312776677
5.344013635
5.486732696
5.240417289
5.323895286
5.430818545
5.343268856
5.399301669
5.268890956
5.327769807
5.242629737
5.41779291
5.428489657
5.53854997
5.29250859
5.218458744
5.26632937
5.349854326
5.441630004
5.462990452
5.280982946
5.376733695
5.240385323
5.206604319
5.317772776
5.413275571
5.435358764
5.334967302
5.348997844
5.405036164
5.533489823
5.533109469
5.423337491
5.430889723
5.497761166
5.577145106
5.418755632
5.345891319
5.504865517
5.292784454
5.529350082
5.506148366
5.664634796
5.637299744
5.469665216
5.571461171
5.405506515
5.503426958
5.360758741
5.397559425
5.484967287
5.528001256
5.522075926
5.507182261
5.405220062
5.471714297
5.451930172
5.404307725
5.444042993
5.488958411
5.540404562
5.571503802
5.405391172
5.451918109
5.520172187
5.526552812
5.633158813
5.452696106
5.515722199
5.527695626
5.582825366
5.445723484
5.384684583
5.508347465
5.583650663
5.373143719
5.366231305
5.375364519
5.474874581
5.41371524
5.574395909
5.57648104
5.719422864
5.531847315
5.518058873
5.434084983
5.367430534
5.566599441
5.488130682
5.439641896
5.39169162
5.488892076
5.428675502
5.443523118
5.489884516
5.441923668
5.464070999
5.433847953
5.365115767
5.460629929
5.490246127
5.511173775
5.572760943
5.528309088
5.434956179
5.523479018
5.857549621
5.613484303
5.496779143
5.519963789
5.60352437
5.497717879
5.542477357
5.491807268
5.507341997
5.615643714
5.552863475
5.49523696
5.527195603
5.523900835
5.618477447
5.501908689
5.596670121
5.606951623
5.422653273
5.380380234
5.527770983
5.611683784
5.67951404
5.54710448
5.401936122
5.473182337
5.371389777
5.341416158
5.418701791
5.332555916
5.43418147
5.464948932
5.520700201
5.605695328
5.663174441
5.827190299
5.762357212
5.619754502
5.503232658
5.473337176
5.428450019
5.47119237
5.398416645
5.373327787
5.507732836
5.602391065
5.459117324
5.56075419
5.449943551
5.387138557
5.45494336
5.567030833
5.671824833
5.780297659
5.407842752
5.462083677
5.504827443
5.583229776
5.563512775
5.47525555
5.593801815
5.591533457
5.592419415
5.553819362
5.380748548
5.370014081
5.557890552
5.586730423
5.614594498
5.680334896
5.612918547
5.594135983
5.635604009
5.601770914
5.706280279
5.654168389
5.411610171
5.556119175
5.601942258
5.750251676
5.647006141
5.608033388
5.602279916
5.56964589
5.580467476
5.494777624
5.445036516
5.382655822
5.32353398
5.477139893
5.551879372
5.507627219
5.576070992
5.684934275
5.480166178
5.705086591
5.610601589
5.512648759
5.433251387
5.370635175
5.519943354
5.532337361
5.483023445
5.69356745
5.759591366
5.807256661
5.816963797
5.871060803
5.569562404
5.535128165
5.571004992
5.531513389
5.45200092
5.350786789
5.573287351
5.476765164
5.559345647
5.591246577
5.495702032
5.653862243
5.465909804
5.509914148
5.534308861
5.697487382
5.703992329
5.621951287
5.553834576
5.371989659
5.473167103
5.576698919
5.533679911
5.570066587
5.591318338
5.692146992
5.274732607
5.425884373
5.41485388
5.373280413
5.505025832
5.449870465
5.450500345
5.513784266
5.683369526
5.499075105
5.603587522
5.868321221
5.727185354
5.722370575
5.60783585
5.442333584
5.496274896
5.550520102
5.512769671
5.167703298
5.447277532
5.440401933
5.443681817
5.479554837
5.502243513
5.356906239
5.436273346
5.473326556
5.378842263
5.500806194
5.406630946
5.390544293
5.557797854
5.677253133
5.757943942
5.637748171
5.566345449
5.407846159
5.443833454
5.548486814
5.468019998
5.415174673
5.510004468
5.673339281
5.588788054
5.519606231
5.514591951
5.484348089
5.456698722
5.433948914
5.511464886
5.483912552
5.498118359
5.440552774
5.658707955
5.566542127
5.605564769
5.601357878
5.575620514
5.511522967
5.460001453
5.537487315
5.451738002
5.369521296
5.547524694
5.646468716
5.425276907
5.328069275
5.388313088
5.586510045
5.58536529
5.635235009
5.733733052
5.833742689
5.668203351
5.678811697
5.75334786
5.726187838
5.473845334
5.367112439
5.534367801
5.45363715
5.470212182
5.45099705
5.473457855
5.615716178
5.534066757
5.648122197
5.695402355
5.486506287
5.44988831
5.388953839
5.445932328
5.356022728
5.504875462
5.510900292
5.485867057
5.450447817
5.262938072
5.388181541
5.498743036
5.526338105
5.385095987
5.509618609
5.379770989
5.248355534
5.275569204
5.409218906
5.405110301
5.459393218
5.357401407
5.411289259
5.487180435
5.429221754
5.462711058
5.265975895
5.375203372
5.400754237
5.371392468
5.348228821
5.378165413
5.429138786
5.627834234
5.615553093
5.540573731
5.567229779
5.469947025
5.323690643
5.323760016
5.355984554
5.508503879
5.518559525
5.492105074
5.426110104
5.485902526
5.399308682
5.463931216
5.551018892
5.465142354
5.503948117
5.39089586
5.401686215
5.46747571
5.530337833
5.71427456
5.667841561
5.624324011
5.66043316
5.601729951
5.54903522
5.457320877
5.412612312
5.432918499
5.431410545
5.403693138
5.44555844
5.272575367
5.207258848
5.19883103
5.216835306
5.516791524
5.437092951
5.427189773
5.40700542
5.400388523
5.378088159
5.30558695
5.337171202
5.352744085
5.22058878
5.356034204
5.402138378
5.456552285
5.472440169
5.473868201
5.422937602
5.506076412
5.638111749
5.69774689
5.621701562
5.701500498
5.44378828
5.384560076
5.307181813
5.348315696
5.418966893
5.514539577
5.562893909
5.468968989
5.504062069
5.47254945
5.512563503
5.520422187
5.522459697
5.328820055
5.442497683
5.468266083
5.659633498
5.641743494
5.833770662
5.624377226
5.706860776
5.676106505
5.633106702
5.598384844
5.616094918
5.505538863
5.429120991
5.448481868
5.413926711
5.564038473
5.590469123
5.474801858
5.421818354
5.492438153
5.39852697
5.484098549
5.436221045
5.676173415
5.525175456
5.646481839
5.629031353
5.602546158
5.561758969
5.595721564
5.58792142
5.470803315
5.502049886
5.631545122
5.504568802
5.469270122
5.34369518
5.472423204
5.296891309
5.276961008
5.361782174
5.473338178
5.389634467
5.396594744
5.515277679
5.46896411
5.371703002
5.434216403
5.31663485
5.579115654
5.529396516
5.567322287
5.609097499
5.643874577
5.438502586
5.467632536
5.583275679
5.492892518
5.57479318
5.589703822
5.643802402
5.52916177
5.434754422
5.516568489
5.555652078
5.547292045
5.468802554
5.616944918
5.631369926
5.69611433
5.634891656
5.765150455
5.659751367
5.706340313
5.63096915
5.493676859
5.547188296
5.52697915
5.521269229
5.538666184
5.456584037
5.423797851
5.379027075
5.400763327
5.357666269
5.489571435
5.523839037
5.525534232
5.443044798
5.417576373
5.529413679
5.45134547
5.428397543
5.464967533
5.378823999
5.436961129
5.514476405
5.610165177
5.477022136
5.468914223
5.514124942
5.456789351
5.525208974
5.531100049
5.566926691
5.69301167
5.643100241
5.652579942
5.565579369
5.619885942
5.69846866
5.70152415
5.49222312
5.385607962
5.425408342
5.458452462
5.373199464
5.440858723
5.434740623
5.419978943
5.380541845
5.38133612
5.582159531
5.682949659
5.646804559
5.388436308
5.259784414
5.405432712
5.495718068
5.422993597
5.380569378
5.470321403
5.483886526
5.555585055
5.551318698
5.594521233
5.562118422
5.70179753
5.572482022
5.474793159
5.613552629
5.598851816
5.554925208
5.543576861
5.627028226
5.534824531
5.645511947
5.632879365
5.649704084
5.552336233
5.486527658
5.503243237
5.538377968
5.560020696
5.502768265
5.585111631
5.484404218
5.367165229
5.534071401
5.706965406
5.828817341
5.777637945
5.613606306
5.591101617
5.48387936
5.671136224
5.484445585
5.434268891
5.308308741
5.391485985
5.536951058
5.488147657
5.427789708
5.584564675
5.489509454
5.571988853
5.701402748
5.629465923
5.737633188
5.512106909
5.490887129
5.637939977
5.515496952
5.559215753
5.521034098
5.469185289
5.434717144
5.408076365
5.708855039
5.538661599
5.476640003
5.588854521
5.697042997
5.561888776
5.494084398
5.40758265
5.543404853
5.583340989
5.510868072
5.421887046
5.436591603
5.45837292
5.460579165
5.623785951
5.711255672
5.487628056
5.640257459
5.579949827
5.548032219
5.444005939
5.515527092
5.600967238
5.744413353
5.7733453
5.882337991
5.662877103
5.506326562
5.364435847
5.44739939
5.505236052
5.556804292
5.516125166
5.515766706
5.447548465
5.509704417
5.556925843
5.553479424
5.617340368
5.549303687
5.612637912
5.465153304
5.407592162
5.489694605
5.56455528
5.585717376
5.681775
5.514694376
5.580689232
5.760825679
5.534272135
5.591710747
5.680519467
5.639816666
5.65878038
5.576177284
5.695322858
5.68262358
5.662908314
5.642048322
5.53537238
5.52380038
5.607612101
5.633987729
5.660220149
5.586045402
5.445479366
5.31896611
5.451245484
5.647950842
5.583016834
5.675684819
5.760353049
5.530618253
5.54001291
5.642933024
5.356476062
5.490056807
5.374997064
5.433093039
5.393906023
5.401016836
5.468464922
5.236795569
5.28166598
5.450476596
5.486748409
5.454871081
5.401886148
5.421605458
5.470320897
5.496873667
5.537438231
5.680870411
5.556878997
5.481983404
5.689223305
5.572868761
5.688803218
5.585614423
5.474302288
5.432950885
5.517845023
5.636813382
5.601244557
5.536277051
5.399096793
5.359723771
5.37651898
5.417725869
5.389933715
5.562857037
5.590881532
5.731116455
5.471546685
5.658366347
5.540255052
5.620947882
5.496630076
5.458964831
5.304519947
5.363190025
5.384873207
5.491874404
5.690099894
5.813893383
5.705085911
5.559906526
5.639369611
5.471651839
5.547725445
5.609438732
5.54593255
5.438630001
5.537108117
5.472957724
5.593823005
5.537685937
5.561809665
5.560717916
5.540159391
5.470166969
5.595543063
5.459818485
5.352474987
5.475224165
5.3506672
5.344049386
5.391943587
5.450915863
5.524183881
5.547887962
5.460758527
5.475470134
5.361351683
5.333172655
5.759681885
5.817831586
5.750451748
5.640449472
5.618476721
5.608733162
5.581700925
5.546648163
5.368768025
5.334568986
5.505859407
5.653646778
5.607317613
5.67148282
5.661739493
5.567164565
5.526265191
5.704128739
5.597004832
5.697652402
5.420174523
5.453746408
5.541492393
5.467062049
5.447889559
5.343143059
5.222320158
5.276463037
5.333465491
5.513519705
5.585238783
5.467291778
5.395140683
5.61330985
5.680390375
5.705123782
5.701273462
5.618177805
5.590695342
5.615649601
5.435305913
5.479080095
5.471840754
5.434240031
5.480129983
5.465522809
5.487586096
5.596473662
5.649874514
5.634549293
5.866975963
5.794639586
5.916922853
5.844357439
5.700227072
5.680479379
5.583198494
5.543429145
5.489819972
5.423892955
5.501259357
5.356868037
5.527903193
5.489712343
5.449983471
5.462788936
5.546438232
5.49150314
5.370696681
5.476856989
5.466083947
5.543891546
5.633343725
5.444613344
5.433983931
5.524642274
5.526736031
5.449868037
5.377303316
5.578971629
5.542135711
5.788255731
5.753850591
5.615666323
5.510095009
5.439012995
5.340942873
5.357483092
5.504891959
5.239131414
5.334672841
5.29444599
5.383497382
5.500627276
5.55106785
5.418755778
5.29012714
5.297775368
5.330529659
5.501931239
5.530277852
5.565820841
5.651828073
5.590845902
5.552976267
5.578387331
5.47919481
5.629670495
5.496257137
5.537337367
5.418823551
5.480342638
5.453426479
5.464034044
5.501736819
5.510050839
5.582331396
5.439801701
5.401075841
5.464987685
5.529040215
5.55496305
5.428894586
5.421443706
5.467869305
5.623062083
5.584574316
5.554510488
5.537097121
5.601922417
5.587488445
5.532577998
5.553627406
5.437902633
5.449970555
5.365572907
5.325749672
5.458358576
5.52979986
5.563938632
5.293975425
5.395045684
5.635832052
5.738766242
5.732798056
5.659379607
5.516929769
5.475410586
5.602624804
5.887386642
5.840557414
5.632154022
5.5351009
5.546773921
5.687047066
5.686478922
5.646778122
5.620915373
5.601605203
5.420680135
5.578846751
5.618692008
5.626465602
5.438820702
5.427100312
5.600485687
5.578338304
5.554218653
5.631028648
5.486719107
5.53093357
5.587413683
5.606741192
5.664757674
5.627152541
5.507112764
5.587669424
5.546144128
5.579698188
5.546305789
5.553206505
5.492028423
5.504058362
5.551262299
5.643539071
5.684937468
5.669326634
5.598712812
5.614864307
5.637495197
5.62580547
5.62411322
5.523147661
5.661998214
5.723982587
5.548691357
5.583589725
5.610055117
5.561297625
5.536656889
5.527415946
5.674789702
5.53514635
5.457107827
5.535360482
5.627392726
5.51914682
5.526548139
5.452932154
5.471073207
5.626817271
5.807629246
5.65287096
5.528072818
5.380225367
5.320112073
5.36377288
5.412142233
5.364505203
5.549278875
5.470945004
5.499972189
5.529997927
5.531965923
5.458311746
5.414279098
5.392086443
5.52007442
5.552388533
5.644236839
5.508691264
5.610016089
5.720342805
5.570003614
5.726202482
5.554797528
5.367181656
5.388277752
5.507487767
5.444604584
5.637882842
5.559947061
5.526588312
5.491292536
5.602883283
5.677754351
5.460767827
5.666635105
5.466941069
5.482764044
5.50709817
5.600899214
5.59924952
5.598242424
5.464637859
5.545679806
5.625323728
5.69768474
5.582400949
5.683938371
5.389966784
5.476956016
5.505185105
5.464502915
5.470295138
5.364149294
5.306654065
5.239209886
5.270983262
5.263085918
5.419359589
5.352749964
5.396645474
5.487934384
5.705016948
5.720577281
5.446897997
5.348251625
5.484051591
5.264390148
5.269238481
5.285235591
5.404143854
5.453766166
5.533801654
5.391677405
5.246415693
5.322098698
5.37263598
5.356671261
5.33075138
5.479456171
5.516489752
5.501780653
5.550903693
5.380492205
5.462238191
5.433725669
5.530323715
5.504620687
5.509195156
5.436898793
5.242443124
5.303265591
5.331941994
5.34132559
5.230936746
5.407957855
5.679835873
5.553747181
5.403291457
5.449504693
5.474271802
5.497119864
5.538785485
5.502292644
5.425135439
5.386328922
5.439409654
5.576223131
5.714544648
5.571335417
5.55764298
5.463480683
5.671430386
5.849944143
5.782405071
5.740284926
5.710090448
5.525844637
5.483508915
5.47760905
5.537040606
5.511752195
5.484475232
5.674899982
5.71587317
5.660045966
5.612087935
5.663358852
5.521671121
5.4447633
5.521551119
5.671787278
5.699692854
5.742132188
5.768898797
5.625679707
5.502685273
5.516977582
5.600879851
5.601913224
5.688273496
5.627249162
5.639333848
5.639753498
5.719539844
5.671948224
5.658009828
5.562991858
5.454313729
5.436474754
5.595232124
5.606432971
5.345007235
5.524134696
5.622881849
5.746666662
5.613741279
5.492608733
5.531275674
5.599159173
5.575347939
5.547133764
5.582486861
5.673736134
5.653392168
5.663151499
5.543721083
5.655722397
5.318877929
5.407726515
5.306763829
5.474782303
5.581924341
5.493724963
5.221746528
5.217394236
5.404846188
5.474956771
5.549165365
5.416174738
5.393643367
5.557678522
5.449294039
5.386551046
5.489242012
5.611891897
5.510052631
5.313853419
5.533134969
5.519254974
5.589888299
5.546584576
5.554277826
5.468345747
5.596998269
5.428888461
5.545931403
5.501350726
5.429619344
5.496841892
5.506221847
5.583766928
5.543087244
5.582271608
5.598972947
5.597361465
5.575196871
5.503734297
5.502275483
5.569815806
5.636976992
5.497303608
5.446705019
5.397181469
5.353511699
5.460864708
5.406065641
5.602621455
5.548740701
5.54781527
5.573653952
5.460764021
5.524140273
5.251267048
5.265125491
5.312851027
5.426714615
5.537776017
5.673086742
5.500880148
5.590699689
5.526491312
5.546037677
5.525878078
5.604574217
5.536205633
5.550916994
5.506359706
5.542331324
5.51531637
5.501032465
5.671636379
5.373208401
5.457267999
5.476866315
5.504542819
5.528043576
5.614353246
5.532431095
5.412485077
5.380306082
5.436426771
5.433695554
5.456624959
5.564772727
5.552994653
5.623947751
5.510596315
5.513673497
5.537149628
5.596448046
5.504670618
5.747359283
5.876942016
5.748504185
5.648098493
5.582551394
5.593028273
5.45403638
5.667892065
5.75003054
5.769298182
5.663808029
5.458595777
5.607881043
5.651605401
5.668168696
5.567685401
5.485127309
5.504120811
5.518722747
5.645262729
5.6653762
5.603066824
5.440746593
5.517705964
5.484309863
5.456030088
5.359124417
5.346127319
5.381253741
5.351968136
5.499719081
5.534286531
5.478074285
5.512488387
5.513895999
5.555961809
5.596893586
5.664971349
5.599169643
5.504855794
5.495947169
5.604702862
5.524354431
5.150615174
5.221567715
5.361846669
5.400417742
5.269372254
5.392733646
5.435152965
5.428599492
5.457819489
5.458379723
5.468725337
5.521204042
5.570421732
5.423940095
5.311100523
5.449638801
5.428143571
5.496147814
5.406348986
5.324520756
5.474043219
5.639801339
5.605101459
5.454971065
5.453556494
5.53462891
5.504169083
5.437007404
5.44456598
5.405875243
5.308902355
5.306322017
5.420915644
5.519922565
5.648121108
5.508224265
5.529038934
5.648434367
5.616801527
5.516814072
5.573988486
5.618268637
5.477516795
5.516512801
5.501999147
5.462298242
5.501951686
5.3912182
5.437459861
5.609866373
5.534649686
5.514211279
5.46422571
5.426438659
5.383299245
5.343509407
5.449717973
5.482312376
5.494950448
5.604804075
5.61209932
5.738853599
5.643755046
5.56182095
5.553971686
5.561176332
5.498983227
5.615599968
5.632976327
5.494996117
5.550136592
5.507579914
5.520902878
5.52375074
5.606887768
5.529150594
5.430891205
5.512281246
5.543334263
5.420303872
5.379910117
5.230508522
5.280580934
5.329679403
5.430647532
5.540400172
5.583335339
5.599586074
5.546923991
5.629276852
5.514135514
5.3849977
5.473332996
5.612698894
5.641578107
5.609372622
5.541632016
5.485830302
5.593225123
5.646261168
5.551104216
5.571858206
5.383934427
5.490744501
5.524143722
5.60325325
5.462589026
5.509692959
5.520350672
5.620914772
5.885627964
5.644242876
5.653682382
5.659780107
5.666300355
5.536964678
5.50671796
5.532210216
5.399743303
5.414541019
5.620870572
5.615756356
5.547916892
5.762342211
5.703965644
5.767964166
5.728636068
5.614436249
5.632587983
5.664574711
5.618476549
5.504208221
5.477915656
5.44537814
5.399503321
5.474615671
5.469487273
5.496322237
5.776291902
5.592858095
5.654743894
5.688523791
5.800217928
5.70246817
5.782166552
5.597079442
5.626508113
5.721799058
5.673251744
5.604352955
5.565038072
5.604703063
5.613982687
5.656583728
5.561556117
5.523998004
5.675344058
5.400881352
5.403997617
5.493327378
5.463509536
5.771375091
5.777635148
5.7449142
5.581629824
5.583813899
5.416387888
5.457719263
5.678764997
5.655190487
5.530901988
5.547102838
5.54070089
5.4124203
5.560095395
5.626489144
5.51458503
5.750063283
5.651573911
5.5854159
5.651299135
5.602549089
5.792844136
5.557353803
5.568153548
5.581382324
5.532925383
5.515180703
5.473762819
5.591972596
5.671478363
5.527766618
5.354818882
5.386445502
5.497741911
5.298613098
5.418124168
5.464855749
5.528757681
5.627013708
5.61106458
5.637538603
5.638054248
5.879659883
5.73156466
5.663572867
5.778272861
5.679965758
5.768950944
5.659854797
5.575385143
5.602229727
5.763193954
5.811191503
5.546197608
5.477630054
5.365633511
5.482051676
5.748765933
5.714028846
5.689023072
5.813328159
5.860682664
5.560316905
5.613495553
5.558289578
5.507001538
5.462747876
5.385495375
5.38080412
5.470049167
5.469546738
5.540015686
5.514494758
5.454343405
5.551930326
5.641779838
5.524086146
5.578095429
5.531882462
5.449252195
5.527862035
5.560806031
5.578845098
5.625307822
5.596439527
5.674952202
5.52245647
5.534009414
5.58599706
5.631873417
5.496167008
5.34737801
5.519965399
5.47218142
5.436008729
5.445193844
5.495798181
5.571943996
5.668519223
5.751300932
5.699939506
5.478270903
5.553435822
5.670053815
5.521293034
5.673455232
5.619104353
5.526289384
5.656747245
5.481329612
5.425006195
5.559663441
5.619155079
5.626965564
5.452685662
5.460534742
5.394884543
5.350868576
5.362273353
5.362124517
5.454611078
5.566476271
5.297008089
5.356593359
5.599507464
5.76067942
5.669563394
5.600034041
5.538537121
5.443388945
5.436162034
5.491290343
5.42677828
5.473027797
5.537343841
5.443027828
5.431675763
5.493653244
5.607738979
5.538822004
5.487401727
5.329533291
5.276042573
5.307164314
5.480923486
5.51065939
5.617759828
5.542747526
5.589330958
5.640625827
5.483171
5.441533561
5.696217966
5.64962243
5.513232966
5.568388095
5.566436836
5.525969528
5.639834013
5.51661112
5.393959167
5.346648922
)
;

boundaryField
{
    xPeriodic_half0
    {
        type            cyclic;
    }
    xPeriodic_half1
    {
        type            cyclic;
    }
    yPeriodic_half0
    {
        type            cyclic;
    }
    yPeriodic_half1
    {
        type            cyclic;
    }
    zPeriodic_half0
    {
        type            cyclic;
    }
    zPeriodic_half1
    {
        type            cyclic;
    }
}


// ************************************************************************* //
