/*--------------------------------*- C++ -*----------------------------------*\
| =========                 |                                                 |
| \\      /  F ield         | OpenFOAM: The Open Source CFD Toolbox           |
|  \\    /   O peration     | Version:  2.4.0-MNF                             |
|   \\  /    A nd           | Web:      www.OpenFOAM.org                      |
|    \\/     M anipulation  |                                                 |
\*---------------------------------------------------------------------------*/
FoamFile
{
    version     2.0;
    format      ascii;
    class       volScalarField;
    location    "0.0008";
    object      Ma_O2;
}
// * * * * * * * * * * * * * * * * * * * * * * * * * * * * * * * * * * * * * //

dimensions      [0 0 0 0 0 0 0];

internalField   nonuniform List<scalar> 
5120
(
6.120889496
6.03187994
6.259076531
6.042808437
6.242028886
5.883246326
5.935464729
5.782988861
5.941919852
6.37168675
6.367554247
6.058220199
5.936034267
6.251666361
6.196386251
5.883223759
5.984567454
6.249289755
6.503840662
6.517155963
6.001380127
5.959948535
5.944792661
5.942470033
5.868002368
5.802680756
5.873317077
5.956200602
5.860055119
5.850864954
6.140306503
6.343610504
6.165152951
5.851907858
6.204459009
5.929551744
6.295810019
6.212963405
5.880154589
5.828368785
6.386645444
6.065353837
5.942614758
6.165508809
5.948260468
5.970561076
6.011876692
6.342098222
6.207200121
6.104403104
5.955416864
5.883587356
5.99344256
6.119994618
5.77566042
5.923231249
5.889828743
5.961815883
5.985035514
6.265766332
6.116417543
5.952044687
5.816023976
5.691706245
5.623767861
6.129846806
6.39685349
5.998222963
5.8498321
5.731892038
5.979468788
5.801784825
5.918574453
5.488226225
5.706745669
6.003515822
6.158712655
6.246303965
5.943605814
6.090203734
5.798314047
5.666858684
5.824223591
5.822351879
5.72158428
5.689958589
5.78260931
5.949811991
5.997454372
5.550983438
5.556317272
5.602128866
5.325398663
5.772952014
5.920864618
5.805910928
5.869314035
5.581076326
5.792391249
5.731630784
5.943361655
5.871857198
5.9612219
5.97282289
5.672487504
5.603208854
5.857222949
5.812674862
5.806291112
5.820486487
5.631594765
5.275938215
5.854441412
5.884536692
6.037811624
6.058251004
6.002848544
6.165924468
6.344674321
6.02061701
6.014715677
5.982100616
5.949708731
5.855121468
5.869460793
5.689325752
5.786447312
5.671300432
5.461381314
5.761269533
5.986963763
6.378761229
6.2219555
6.018710116
5.704172743
5.552362674
5.739002007
6.050677271
6.047246214
5.843634507
6.085784703
6.315291955
6.231926451
6.01767948
5.867531487
6.061880203
5.671196732
5.829235581
5.881889898
6.06939365
6.035661848
5.770761592
5.548555215
5.566133489
5.890940084
6.101770562
5.84525443
6.329731912
5.972900784
6.129179592
5.714752508
5.745662493
6.038036209
6.161017713
6.223723738
6.10396828
5.956781639
5.922112891
5.972603309
6.078322896
6.442273101
6.30362734
5.848921034
5.666020101
5.834286826
5.95536313
5.889319264
5.906273082
6.131636447
5.869439062
5.820210536
6.193796647
6.061888938
6.024899493
5.926464131
6.004665473
6.012348573
6.001728503
5.942363327
5.865143325
5.569215651
5.728881837
6.007302094
6.163443359
6.193396294
5.675969624
5.984915154
5.937924546
5.581644212
5.707590833
5.660034741
5.863239752
5.914142973
6.22718607
6.182231398
6.124578076
5.947372687
5.739923425
5.932541259
6.045711112
5.728623726
5.599409393
5.610845152
5.567681545
5.586458615
5.530818566
5.488730463
5.359357106
5.672076768
5.543541746
5.753777184
5.508804982
5.702369929
5.71886831
5.891910969
5.794580614
5.908978623
6.032792409
5.724398176
5.916535881
5.774724407
5.868769649
5.938543628
5.824156146
5.601030748
5.719572208
5.647570823
5.708529098
5.437620621
5.763731327
6.323042726
6.235903214
6.394816515
6.376389605
6.693545972
6.630434332
6.268186623
5.889169253
5.671871811
5.620305179
5.6045777
5.749636934
5.789792594
5.592123681
5.713729864
5.714934392
5.509401982
5.476505583
5.822309638
6.192910711
6.268800431
6.210525837
5.864872952
6.03442404
6.008487137
5.701314979
5.800381051
6.013051531
5.827341075
5.881176964
5.80041722
5.68989021
5.650964063
5.89074983
5.947889985
5.843346675
5.688481871
5.548030896
5.967689633
6.182298705
5.842833824
5.748333158
5.664532384
5.512934217
5.457265945
5.722302199
5.84058681
6.020074718
5.847066882
5.778676564
5.616088637
5.857782224
5.991538906
5.501468254
5.469785871
5.785571156
5.62664911
5.706668418
5.810792231
5.668537106
5.999964557
6.386387425
6.340189572
6.141237554
6.34126941
6.558815934
6.233974689
5.830061918
6.135765986
5.987808897
6.29765866
6.096221884
5.91336388
6.101670285
5.705280455
6.115073491
6.299141874
6.262037457
5.75642414
5.90776513
5.96498991
5.957253738
5.995667547
6.217194755
5.991057135
5.850655104
6.030110015
5.992961557
5.733324682
5.852659012
6.029727298
6.274306115
6.362057628
6.093020361
5.925383826
6.010285646
6.009847476
5.880673963
5.788417223
5.648582498
6.068419521
5.976551413
5.924460135
5.939814966
5.999998984
5.885446127
5.894945678
5.833320419
6.155367098
5.990659116
5.831725808
6.051872871
5.937313015
6.090363322
5.991627833
6.088475152
6.309832413
6.291304934
6.389154889
6.324364765
5.89361368
5.841590133
6.151864303
5.74203708
5.675169417
5.73742382
5.695093505
5.699272876
5.932821378
6.259605176
5.992533764
5.809504603
5.911578545
6.103725476
6.326378955
6.11685218
6.185585097
6.155992254
5.889508678
5.796061106
5.923650424
5.692899612
5.890735931
6.166995452
5.939744129
5.682675143
5.750885003
5.649969014
5.566046985
5.731909274
5.826202236
5.924201921
5.710570401
5.700754787
5.736913597
5.799596863
5.990717574
5.917961639
6.01559649
5.874831379
5.894523231
5.738995062
5.421277288
5.609651709
5.923770182
5.695997624
5.683710408
5.797791729
5.900172697
5.79041568
5.718366391
5.586707101
5.667572907
6.040700064
5.863824411
5.310612774
5.550462569
5.692206126
5.875281617
5.969330245
6.186629941
6.092755395
6.014675499
5.499659643
5.626593983
6.194262811
5.821115342
5.789826127
5.857889282
5.920890543
6.167495708
6.078452508
6.162165347
6.022437788
6.045820552
6.032959371
5.997734177
6.06836936
5.924048778
5.997613955
6.252990173
6.315385445
6.316824937
6.26585137
6.229402794
5.925405648
5.947158403
5.811727043
5.847934658
5.894714383
5.694995103
5.716456193
5.612518497
5.742859007
6.13377839
6.018841083
5.923808432
5.87021138
5.692277354
5.987336228
6.318494289
6.133940871
6.114198047
6.094017832
5.934555396
5.813204469
5.98840659
5.82490682
6.028325618
5.822796532
5.844839512
6.179497894
6.2294628
6.551958494
6.282502192
6.166446122
6.245199656
5.996130148
6.162043809
6.197456079
5.851259068
6.04477468
6.129212384
5.924712673
5.641561372
5.665143583
5.892189826
6.210762355
6.029049685
6.178611034
6.349425047
6.336777231
6.355733002
6.249961642
6.104587765
6.134827689
5.959442796
5.98120336
5.891825992
5.694442542
5.802194409
5.651828857
5.880809147
5.978199692
5.906889977
5.788034725
5.714843337
5.882702273
5.960563439
6.2196128
6.549333576
6.516375371
6.412917345
6.392458739
6.275239336
6.052672778
5.994275332
5.744488166
5.93681684
5.752274471
5.89668982
6.003436229
5.892842857
5.893736237
5.777001747
5.874322878
6.259476192
6.283506111
6.249072192
6.013275033
5.840032835
5.675589155
5.518278292
5.903746633
5.860316524
5.838894077
5.625329823
5.901844286
5.628819632
5.67796166
6.206933654
5.945601989
5.709725509
5.542091077
5.733619796
5.744111472
5.842833348
6.033880321
5.875767945
6.022900909
6.19810349
6.041594463
6.201879009
6.104711829
6.232958314
6.172780402
6.363800431
6.316815196
6.507663082
6.519787511
5.444830045
5.324434711
5.646986622
5.846738022
5.705806943
5.696215949
5.532341013
5.651762672
5.722471611
5.957446421
5.77034791
5.911296596
5.893879946
6.081518191
5.902308929
5.926574156
6.169321566
5.822368974
5.55936521
5.360823028
6.189476186
6.335588925
6.279260382
6.389705618
6.031564565
6.243881268
6.357973692
6.066754688
6.268260713
6.294162276
6.378976192
5.911954389
5.720045514
5.98354798
5.98058683
5.889323609
5.969553104
5.958640335
5.983564886
6.145026086
5.978835584
6.296089492
6.203749271
6.518123662
6.028840651
5.721099908
5.7199217
5.72015692
5.671458739
5.680549123
5.530215264
5.568992455
5.556662248
6.014868348
5.981650564
5.822372179
5.95811615
5.976704348
5.876681479
5.94645969
5.870991901
5.769848758
5.792233868
6.070951943
6.481424917
6.45307956
6.364650339
6.305551271
6.245977339
6.13298358
5.938656582
5.969927235
5.80026148
5.732370453
5.743525921
5.766268222
5.626474311
5.618897136
5.588506675
5.721241149
5.999087773
6.150583903
6.012142743
5.814472073
5.897156315
5.845449815
5.677730615
6.012366377
5.905725997
5.689371277
5.703849665
5.632809374
5.476916568
5.699907025
6.102309468
6.183310616
6.223851367
6.049152249
6.166943935
6.077266865
5.744544618
5.933082366
5.946437242
6.098604597
6.234049831
6.301768324
6.243371796
6.241050172
6.469141445
6.551933212
6.401063256
5.734889187
5.809415757
5.74160374
6.009306777
6.118939864
6.372773965
6.195472627
6.267388687
6.177701521
6.030933811
6.182773118
6.026957841
6.07181827
5.814110703
5.778795283
5.842099115
5.773048908
5.763217026
6.017702674
6.302819279
6.002385432
5.92756543
5.869364582
5.988239851
5.851482925
5.679070551
5.710522743
6.160028996
5.996622136
5.439876414
5.836245549
6.00654878
5.771560325
5.871117345
5.721100518
5.704348445
5.704082213
5.947909965
6.138928635
6.229270857
6.161952283
5.881556494
6.101513767
6.039474679
6.066018462
6.278929358
6.089005119
6.028930029
5.598191924
5.617261119
5.545555399
5.523408816
5.808444911
5.720352375
5.448792044
5.667496942
5.946939736
6.042685608
6.097294015
5.826995868
5.733756961
5.946980456
5.702864132
5.938592804
6.113854579
6.075368826
5.80980459
5.80161484
5.493409887
6.093517023
5.971710995
5.791158043
5.767614154
5.56211882
5.925862638
5.962449537
5.9922986
5.933056568
5.835135131
5.717343915
6.015989317
6.230029399
6.1440792
5.837842128
5.924977183
6.366495004
6.184447983
6.398709485
6.508327359
5.748593979
5.760210153
5.856914083
5.970475713
6.136161879
6.080750529
6.066523447
6.273314558
5.99022859
5.985697127
6.273686308
6.408812374
6.26111934
6.015428565
6.063776523
5.823918238
5.95868457
5.914932525
5.987273275
5.780548662
5.757065274
5.769632039
5.949997053
6.071772965
5.769235802
5.697012286
5.690326109
5.845837637
5.91171822
5.813943962
6.084041986
5.858721644
5.791116882
5.501910583
5.45850301
5.71376012
5.907293435
6.036166838
6.051765819
5.995277548
5.929197411
5.518741023
5.573147925
5.524126197
5.810272075
5.938975851
6.031480333
6.290682077
6.411420934
6.180311819
6.63554254
6.759436912
6.262373441
6.61257295
6.154121173
6.268691827
6.023736899
6.081607396
5.793447483
5.760152471
6.115821351
6.172681986
5.968801906
5.763620386
5.689451196
5.811918027
5.926108142
6.118530551
5.941959563
5.967456705
6.3259112
6.186434925
6.103090133
6.372442083
6.333806358
6.025709562
5.948646386
6.007049843
6.294411864
6.443448113
5.759869321
5.902954917
6.225950378
6.134800999
6.030968309
6.161315937
5.895996054
5.582724929
5.802600651
5.882059867
5.932531437
5.994902985
5.904633253
6.089731072
5.823800045
5.788896104
5.770408744
5.928217578
5.533597484
5.730202985
6.121778812
5.930124949
5.693757722
5.715446931
5.867133885
5.699992126
5.998231142
5.815278285
5.780404591
5.620000221
5.569816866
5.694568189
5.687261576
5.90362345
5.94061515
6.012818367
5.949114226
5.803152555
5.947031687
5.913488472
5.690763091
5.466034114
5.268370875
5.430826841
5.534067007
5.775906369
5.955882449
5.876471188
5.71009767
5.754948515
5.938469259
6.0733206
5.858194174
5.842263883
5.754138094
5.749886969
5.674981211
5.971053114
6.128793061
5.912507204
5.727779163
5.858789798
6.040418535
5.694311742
6.352389721
6.124660858
6.137876643
6.347538387
6.358113303
6.357690544
6.504039172
6.321077536
5.907872779
5.752578694
5.878724665
6.250415871
6.279203024
6.302724069
5.812988254
5.794866993
5.463736265
5.916993107
5.920286539
5.744069055
5.465184719
5.725324861
5.79631716
5.63183299
5.874662062
6.090936849
6.043496575
5.838660549
5.725023343
5.60386328
5.569283293
5.879918237
5.694045335
5.622750038
5.602726062
5.270208684
5.974447569
5.937886986
6.147003738
6.062083251
6.20263416
6.047099741
6.063142815
5.816919496
5.76693489
5.850774785
5.793302239
5.632120934
5.961588334
5.844152492
5.767387392
5.712494651
5.777098113
5.902038575
6.156473717
6.003269714
6.216358221
6.512028106
6.104191053
6.041809461
5.748883878
5.575644624
5.702378423
5.795523373
5.80265109
6.137997943
5.975981211
6.131738539
6.181507527
6.116768403
5.786130393
5.837833223
5.766700816
6.1125813
6.055235656
6.119728096
6.124375787
6.235060142
6.58515462
6.456331432
6.202390125
6.23756097
6.209163594
6.199639835
5.915098313
5.707469026
5.812546111
5.72513103
5.691020271
5.984296147
6.201185261
6.100972248
5.766433118
5.982189383
5.759115621
6.012178671
6.14101253
6.132377843
6.407054017
6.715675919
6.443110506
6.326440243
6.155288041
6.166119126
5.815051687
5.712685552
5.466071837
5.785505099
5.969814249
5.740933364
5.311868565
6.03913946
6.334391969
6.29008993
6.368875948
6.036720285
5.942509438
5.810747683
5.68669788
5.776825117
5.846819142
5.75466913
5.902152299
5.632127776
5.746564184
5.968385955
6.098967229
5.715485382
5.831926827
5.956946374
6.199318444
5.958372805
5.811302786
6.026935418
5.899401069
6.089970433
5.541093274
5.517687668
5.792811498
5.804578166
5.917144117
5.921231034
5.929976399
5.708568923
5.790160157
5.678752234
5.605672572
6.052985367
6.24777533
6.719743881
6.616103722
6.408384996
6.065480239
5.802036659
5.697498167
5.689226601
5.650099894
5.949543392
5.90181049
5.700231555
5.924922392
5.827168252
5.845041871
5.831154418
6.095466255
5.699115799
5.683636766
5.862049846
5.898193715
5.746719454
5.648692846
6.024586726
6.409421116
6.356743988
6.008181177
5.80941682
6.254739917
6.181541811
6.178628252
5.909563464
5.603666665
5.780808938
6.068718149
6.030665709
6.13100391
5.952072172
5.983338748
5.756746686
5.883905848
5.914501298
5.900955094
5.901107164
6.152546551
6.022907986
6.275196404
5.981193818
6.177538637
6.244638758
5.902867277
5.992856797
6.019675645
6.122705101
6.208530965
5.948921471
6.248647037
6.487014107
6.23108783
5.855714249
5.301662853
5.433071553
5.727842369
5.844707733
5.699350884
5.93019485
5.702557165
5.895516661
5.889053214
5.749203912
5.864504
5.881512238
5.780319054
6.103097523
6.30317298
6.295800413
6.279380732
6.248103891
5.988486606
5.875485952
5.854641433
6.041635121
6.06790405
5.782559462
5.869320734
6.085740829
6.084315787
6.207142714
6.036306845
6.02130918
6.459836037
6.229410973
6.369218763
6.316256691
6.279415752
6.242369169
6.346364786
5.952475426
5.831767882
5.646442514
5.8609909
6.030753546
6.054294243
6.035628743
6.047240789
6.035756648
6.018774127
5.75479487
5.665158639
5.935907729
5.863385063
5.892041908
5.983222987
5.944105426
6.123978096
5.891910125
5.450514291
5.596388409
5.705557874
5.681066075
5.685876299
5.940072635
6.063985613
6.348643039
6.460242633
5.941677288
5.941325497
5.716176634
5.90877948
5.943295591
6.038787874
5.876021661
5.765609729
5.843578743
5.810389289
6.236137533
5.974551139
5.799709216
5.907436547
6.245188388
6.097853124
6.202933848
6.251779963
5.99167818
6.148966482
6.08402142
5.989918226
6.053436169
6.484586658
6.1005725
5.941623119
5.761760467
5.941085411
6.074251839
5.946315814
6.217400934
6.379573708
6.664046122
6.354562047
6.18237726
6.312910939
6.23918518
6.323184645
6.488866442
6.27320891
6.275496278
6.207516912
6.544547906
6.087460084
6.07960559
6.164953503
6.535578811
6.362466515
6.072962195
5.80271694
5.778232246
5.98980071
5.955553189
5.993053333
5.921632151
6.207080043
6.132104407
5.951295018
5.993018178
6.370042841
6.085257805
6.156749932
6.282847842
6.362426825
6.070852212
6.04784852
5.952850099
6.124369103
6.196897835
6.399071849
6.353846274
6.207395451
6.120531181
6.376582236
6.289920698
6.163955789
6.22902555
6.249206395
5.927994041
6.196608582
6.066008003
5.904691075
6.439825483
6.240387572
6.067139057
5.824717453
5.794923422
6.059608045
6.04892671
6.135935986
6.472852299
6.308676811
6.066206236
5.875946949
5.682609032
5.70344196
5.563390421
5.362174129
5.334508682
5.371932512
5.498810933
5.752207495
6.023477988
5.513314862
5.331962435
5.539208462
5.563644171
5.763315138
5.564083176
5.730537241
5.67058833
5.863276588
5.555579871
5.838977052
5.618011904
5.761363325
5.708668565
5.609398922
5.480528998
5.484407196
5.586632178
5.759548893
5.457140277
6.175322663
6.243971792
5.813822271
5.777466075
6.341693753
6.14007177
5.829786111
5.706769867
5.686249068
5.813738889
5.852221007
5.803260157
5.84416997
5.684811575
5.937664042
5.959068908
5.863711606
5.70482956
5.802466778
6.150610442
5.891188653
5.956228626
6.151510207
6.066894052
5.828122028
5.822135811
6.141494668
5.914451229
6.055987097
5.861822262
6.142165013
6.086339914
5.832184466
6.3170472
6.154661617
5.945298836
6.043982859
6.503197148
6.455183438
6.229201848
5.77551711
5.799139765
5.718506074
5.831231748
5.575470298
5.736428288
5.748060289
6.445860912
6.125573239
5.825230077
5.901200298
6.054949653
6.090014339
5.835970412
5.840863919
5.651370279
5.396801629
5.427618483
5.457711525
5.645078597
5.906064942
5.702455523
5.723917895
5.882685778
5.608169436
5.669193477
5.61153151
5.536640956
5.416245646
5.564935007
5.602399123
5.417261583
5.496394444
5.740587679
5.635721022
5.53353006
5.601509774
5.823236336
6.115825016
6.083906932
5.917959713
5.722798936
5.895921266
5.651168698
5.758691239
5.918829151
5.809820429
5.561695652
5.766597329
5.811085653
5.78796627
5.630401047
5.755794733
5.638468984
5.627911678
5.590843253
5.597032945
5.363357705
5.425164737
5.708377153
5.877183598
6.073552791
5.810919953
5.688356343
5.810141866
5.588969791
5.680750441
5.96699379
5.872545839
5.890039755
6.026500156
5.763752289
5.746279379
5.711040438
5.719244315
6.01274112
5.69138257
5.905861144
5.833131502
5.817035633
6.023819586
5.86007135
5.961187828
5.863512396
6.001374259
6.090665173
6.226720679
6.242267485
6.215191891
6.032097538
5.933396702
5.663229502
5.868617397
5.88155457
6.126226239
6.244689452
6.305262912
6.160667903
6.079014766
5.95221491
6.034885751
6.16080057
6.195342901
6.18406088
6.019878581
6.011137711
5.832437354
5.924774284
6.051992845
6.042309305
6.019507777
5.922551223
5.768238953
6.005502228
6.023545172
6.12949131
5.950119099
6.030255658
6.175551231
6.098419946
6.138527972
5.86806138
5.630281165
6.083504199
6.259944154
6.31790138
6.198381848
5.912656312
5.994168609
6.201231909
5.991184711
6.127017226
6.227526485
6.214130651
6.36884448
6.392087844
6.15377303
5.905814945
6.029936798
6.312873733
6.061030896
6.177583503
6.078880694
5.890966062
6.101010362
6.05876248
5.906353767
5.730058343
6.201031891
6.042743747
6.200105814
6.260109754
6.234811842
6.225936606
6.126746179
6.211119634
6.238099399
6.475501807
6.117277981
6.057988085
5.795845546
5.95843032
5.852833877
5.906346888
5.947624028
5.854428183
6.037379188
5.819670196
5.986204185
6.082526375
6.131429913
6.358081368
6.038348849
6.247956465
6.080482421
6.167790295
5.953309828
5.777931325
5.901253289
5.796550049
6.194732499
6.368969389
6.13830438
5.877274868
6.090632145
5.803809522
5.869833268
6.228721601
6.232817712
6.228179185
6.554550344
6.623082396
6.198951759
6.168933962
6.173337447
6.037677118
5.962304013
5.910404928
5.768580073
6.084158248
6.163950804
6.039153549
6.285976877
6.510038545
6.414326222
6.341533831
6.446244785
6.326288455
6.372050495
6.618625347
6.432326271
6.42069138
6.424032824
6.219750769
5.98248687
5.739871195
5.465391371
5.696977633
5.890087921
6.095090005
5.647548581
5.856884598
6.160628197
5.989134286
6.026042658
5.572090598
5.576384398
5.668710677
5.666504426
5.552296551
5.664203836
5.605836499
5.701849982
5.793216232
6.027379004
5.821539564
5.642718068
5.723541993
5.907491087
5.678770624
5.620579013
5.638893902
5.36480889
5.441530985
5.346814765
5.659670215
5.810225914
5.967851499
6.112332536
5.996561328
5.789219038
5.632490283
5.610672745
5.772912658
5.930651833
5.620513073
5.630227729
5.531963202
5.600903078
5.835773396
6.124787935
5.94761637
5.925309545
5.744583255
6.040378563
6.136338131
6.22107094
5.675494247
5.523880353
5.581748923
5.683402956
6.653528872
6.683638262
6.397489545
5.848859406
5.539225976
5.890713646
5.718121507
5.796335853
5.59673179
6.147351689
6.334649815
6.121957008
5.906334151
5.895387882
5.945598727
5.874476717
5.857195792
6.115848967
5.912935254
6.136749293
5.726304097
5.832358857
5.450196402
5.700918873
5.897696808
5.949152919
6.041139298
5.861101745
6.134319889
5.921172762
6.103100454
6.263691591
6.177098273
6.015801807
5.823938267
5.611345017
5.862197585
5.906188229
5.736300754
5.864401844
5.669634932
6.059928064
6.012894344
5.992601787
5.881863544
6.115728562
6.105470013
6.148515889
6.330132624
5.803440074
5.71791614
5.407060334
5.549592983
5.493850024
5.290033076
5.380358638
5.555741445
5.927970704
6.137799288
6.094884601
6.080439167
5.943868598
5.896876482
5.909999272
5.924652193
5.907101792
5.653005285
5.746958503
5.788586797
5.686046943
5.643576859
5.311087603
5.101755024
5.185990853
5.344863692
5.573936105
6.058551227
6.230902372
6.045104625
5.935773327
6.047460235
5.889697145
5.876897362
5.837680765
6.001778712
6.097632132
5.788564141
5.360740893
5.595682063
5.550044673
5.688493394
6.13812784
6.392178951
6.325687402
5.975530151
5.880168663
5.903517235
5.607359792
5.562294761
5.525193687
5.636167032
5.905678369
5.778371486
5.779236953
5.769918444
5.781314819
5.764507639
5.705471358
5.582694421
6.101068926
6.021322846
5.989344969
5.652718743
5.555323348
5.523866527
5.419848595
5.384922235
5.585969021
5.649962399
5.729580045
6.02288502
6.097964115
6.008325799
5.713069136
5.632945162
5.68292009
5.66459822
5.709156201
5.806433229
5.85190837
5.798783669
5.94024972
6.145113276
5.974352989
6.171952685
6.067840155
6.140220363
5.82486242
5.937534672
5.771767918
5.701856226
5.823489242
5.753157776
5.777536806
5.932378279
6.006632508
5.706409688
5.885023648
5.82257147
5.819998382
5.806469452
6.07513119
6.125312908
6.090474461
6.060260353
5.855853503
6.043891557
5.841334271
5.881213084
5.854162799
5.864229343
5.982577577
5.863864282
5.832693437
5.981052559
6.090416968
5.932313381
5.825820891
5.891448683
5.907339062
5.974269436
5.93970681
6.004599137
5.821106821
5.694537741
5.629909187
5.622603404
5.793788579
5.599423375
5.890061704
5.907604221
5.799720223
5.92991416
6.083421966
6.06095851
6.082705619
6.256320328
5.937449888
6.044880947
6.572329682
6.334147803
6.048244604
5.744821166
5.75100688
5.969334763
6.05645407
6.17580483
6.263393677
5.962684147
5.658919035
5.953049684
5.800577457
5.790471981
5.941316505
6.120880829
6.041590821
6.289625095
6.156367181
6.363116673
5.954358685
5.939211146
5.773929172
5.867418925
5.777495547
6.024272779
5.841663344
6.312784604
6.316628781
6.174861679
6.151612941
6.112917813
6.023477168
6.129315692
5.985992066
5.730872487
5.426468116
5.456165609
5.565558173
5.503945399
5.643496226
5.624141873
6.121548209
6.141282328
5.936586822
5.971572087
5.850894385
5.833033788
5.592820669
5.830061105
5.616897604
5.658696088
5.653478253
5.630627378
5.560131261
5.625261456
6.160908713
6.171035869
5.833422071
5.618342541
5.751758511
6.188161483
5.81629019
5.739299624
5.974440914
5.777611076
5.668647242
5.57904779
5.649676326
5.743053778
5.816074783
5.815349175
6.079177874
6.090753278
5.987834141
6.084477245
6.092142428
6.326152426
6.100192459
5.978276677
6.318715211
5.95960629
6.060438932
5.98925144
6.079813739
5.827915339
5.820746779
5.737416923
5.712180516
6.068556745
5.556756808
5.519196521
5.445079612
5.432371612
5.699232235
5.853440509
6.253972778
5.711060929
5.577396385
5.713369935
5.37102702
5.83150283
5.724271313
5.602162567
6.108690445
6.201756588
6.287042884
6.135202113
5.932475665
6.16713862
6.269351613
6.104426084
6.22724388
5.977091274
6.308090563
6.311612472
6.159066844
6.04647973
5.60730458
5.457297693
5.481157819
5.605922468
5.729666516
5.630961729
5.777074655
5.799974183
5.781185625
5.645156797
5.719467881
5.677891306
5.496349396
5.556093079
5.598954261
5.751206814
5.864625389
6.018628507
5.869407858
5.964354507
5.845484184
5.7470043
5.345276545
5.625374806
6.130153359
5.930695962
5.726120802
5.470731709
5.569788528
5.591828804
5.713307703
5.844829621
5.774320038
5.768326394
5.957628675
6.360350002
6.219739265
6.044667026
5.761253649
5.923179196
5.848123605
5.656745613
6.185963384
5.925341741
5.991677175
6.06152235
6.07079801
6.123841355
5.942177745
5.813119122
5.964153555
6.197231025
6.202596075
6.126283476
5.852210516
5.577461747
5.632008325
6.096219916
5.994716108
6.446542871
6.136696097
5.853579176
6.086770105
5.861755849
5.907988776
5.801800974
5.64009216
5.840720653
6.139294639
5.948879013
5.942475753
6.00781842
5.637883487
5.707697794
5.593058739
5.655871801
6.098270326
6.0058117
5.711408649
5.956070951
6.025596436
5.958883838
5.712149553
5.757000391
5.70987632
5.727005742
5.542052627
5.622329808
5.56906061
5.556786108
5.659505713
6.020891683
6.331425742
6.103416695
6.552251611
6.350902762
5.893351214
5.653931598
5.515641668
5.458132588
5.507807469
5.701467016
5.911880679
5.838757199
5.918203429
5.81133577
5.765998171
5.926623651
5.840591632
5.825695008
5.928662271
5.900428275
6.000878979
5.971899424
5.739679866
5.965264743
6.283417311
6.396164302
6.153606419
6.100515018
6.088355998
6.013812664
5.817122949
6.272403258
6.197913161
6.351754633
6.233516482
5.768873676
6.064939871
6.036758821
6.009063916
6.043216975
5.662120044
5.685650985
5.716238435
5.662656679
5.942592605
6.011656453
5.74643682
5.807142535
5.774639633
5.799956607
5.77856609
5.663617756
5.705601754
6.164116706
6.015719724
5.972589671
5.85513794
5.673350566
5.778681911
5.862741962
6.095400068
6.424341747
5.974777065
5.693143983
5.936411349
5.793930185
6.145217615
5.843053768
5.967561575
6.031760499
5.778238973
6.107594058
5.896311316
5.700665672
5.904785057
6.077531694
6.070822036
6.228936376
6.179550458
6.044191549
5.965974447
5.95340187
5.958680678
6.084867872
6.196751022
5.657965348
5.657359239
5.689354826
5.883341236
5.777673761
5.709191982
5.725204698
5.771292192
5.702006764
5.729111994
5.772560117
6.153464509
6.149273232
5.898366273
5.839877112
5.841391115
5.715099425
5.690388258
5.857268819
5.80767149
6.17123607
5.955427083
6.130425481
6.271997131
5.942714143
6.214532718
6.425414584
6.02562579
6.576727685
6.356103311
6.106648852
5.890523857
5.994897087
6.124903069
6.163127512
6.137564916
6.086463929
6.305454517
6.430552596
5.829367807
5.966689543
6.327066072
6.227858725
6.429063516
6.486617832
6.093963775
5.887941541
5.689526964
5.979977856
5.95624787
5.776274623
5.826400379
5.871377572
5.85967696
6.001849669
6.314946494
6.311706214
6.040047519
6.107422305
6.249627361
6.588509881
6.670973402
6.268810916
5.837052162
5.906356561
5.859555943
5.733397374
5.710955288
5.692732098
5.928640825
6.122200737
6.25134443
5.994788014
6.124329085
5.92497785
5.96484772
6.256632357
6.177012676
5.937666985
6.173059094
6.184480424
5.758751199
5.585507168
5.852620103
5.789248226
5.818370441
5.781103655
5.989729771
5.732635645
5.758910499
6.270110855
6.494445691
6.469353502
6.26768553
6.107386595
6.134769371
5.826451807
5.968267394
6.202145057
6.157177692
6.089912136
5.817479256
6.050295613
6.011764592
6.043758503
5.755323112
5.76783214
5.958348647
5.711107116
5.419741578
5.55126078
5.87858673
6.116064823
6.142378489
5.700356418
5.689513459
5.743542302
5.782761736
5.929918601
6.111473306
6.144912182
6.287958412
5.790137752
5.938799216
5.632596601
5.851816267
5.714922071
5.718145037
6.044937609
6.147021842
6.013531041
6.106478963
6.279790117
6.566223743
6.349115493
6.103999324
5.69964968
5.870955606
5.85370645
5.832480159
5.842559234
5.844226203
6.427675808
6.522113775
6.001919475
5.68847478
5.823525104
5.684476724
5.922246229
6.197713401
6.185148352
6.296515516
6.185896543
6.026288421
6.087461571
6.272237662
6.174580806
5.907614948
6.010436068
5.848817454
5.762998622
5.894636859
6.101253629
6.002197063
6.081277269
5.821810609
5.613768306
5.460818438
5.437767185
5.762927789
5.927810023
6.156999277
6.030133213
5.765529223
5.499057677
5.258858592
5.278146311
5.247471737
5.293614264
5.59125122
5.334061087
5.361468286
5.422708933
5.260374091
5.542143463
5.906561371
5.921387717
6.024709319
6.069685617
6.08031259
5.730778546
5.735771408
5.746986246
5.846775277
5.616285897
5.845272817
5.777615855
5.928385526
6.055203447
6.012008817
6.374090469
6.210299728
5.787241382
5.879135563
5.858402508
5.814694488
5.942239694
5.936296854
5.781497775
5.760235436
5.692928836
5.543640922
5.497982337
5.399143631
5.33849682
5.452120364
5.711249257
5.979795997
5.939247903
6.168270919
5.930165617
6.379895126
6.188161714
6.12715538
6.19133502
6.074090701
5.75544451
5.905498168
6.098858929
5.910116034
5.844072714
5.831894905
5.601670292
5.700377793
5.910654704
5.741924849
5.783703865
5.729040214
5.786005382
5.719407598
5.826503053
5.990891661
6.011770899
5.844030177
6.049623785
5.754448787
5.776306966
5.698476162
5.880697744
5.883788653
5.97477524
6.207039479
6.548884491
6.403313973
6.418259049
6.35768655
6.203049378
6.693718783
6.448552737
6.305480335
6.20662758
5.754101606
5.589440996
5.712097304
5.739813892
5.754635026
5.643876141
5.760606733
5.828954941
5.906342198
6.07921721
6.046045543
5.970368326
5.999674367
5.839963039
5.887576567
5.837239977
5.921254099
6.027905022
5.768164205
5.688711551
5.859104658
5.77576558
5.878420093
6.168986021
5.798922445
5.732899001
5.499620632
5.423388104
5.645575352
5.836588549
5.925802183
6.475382222
5.944529916
5.947992803
5.554731385
5.699471633
6.029858387
5.92177433
5.936583163
5.956267602
5.931893844
6.007725213
6.002207483
5.912945558
5.802124042
5.890529842
6.248191669
6.259630954
5.948150601
5.937575272
5.867392356
5.730250124
5.975312988
6.455252773
6.277995048
5.877871588
5.937765741
5.941481853
5.928511088
5.734905876
5.96076751
5.890823965
5.713367753
5.966409234
5.958981519
5.920702829
5.910894784
5.608219737
5.855674345
5.925661712
6.116994822
6.026549916
6.059832432
5.774488883
5.757972159
6.095288775
6.091084574
6.497877317
6.067422787
5.557372283
5.535036899
5.843930257
5.719235197
5.988349093
6.1508976
5.677720161
5.810447075
5.948784124
5.955727502
5.828006891
5.847330531
6.02222931
6.219023314
5.946091295
6.005412571
5.937255008
5.823645854
5.693006209
6.09871532
5.865568052
5.815624971
5.795608752
5.955192373
6.120915556
5.985475911
6.035365607
6.164149345
6.060146526
5.990423128
6.044164103
5.948257232
5.861482774
5.862051832
5.936625325
5.799488853
5.629761711
5.938784109
6.098004432
5.870332637
6.067412558
6.124534714
5.989737609
6.219721006
6.102208804
6.074663372
6.2297896
6.264409509
6.274236622
6.16458916
6.177396533
5.90237787
6.175599998
5.899352525
5.919635091
5.73139922
5.643848169
5.545124173
5.540853522
5.69729289
5.688678943
5.929593425
6.350528869
6.314041621
6.149650562
6.486002436
6.335532058
6.41451954
6.34056035
6.387393934
6.196045861
6.306575229
6.309761074
6.261082031
6.588181395
6.104136517
6.130381835
6.131589382
5.871819771
5.873793039
6.164614083
5.856539411
5.802872738
6.043602004
6.472561786
6.57559271
6.320818906
5.878506275
5.879845484
6.066867552
5.963902647
5.870385084
5.822285555
5.795996429
5.854824665
6.096810487
6.394076476
6.397744798
5.948891997
5.878361041
5.900614487
5.994613494
5.666581298
5.420024732
6.006320463
5.970103745
6.018675282
6.071074485
5.924897536
6.065280956
5.699584999
5.792500844
5.892063913
6.007026507
5.830595701
5.744584895
5.914422422
5.620773553
5.239157033
5.33655906
5.502569007
5.767735066
5.813910992
5.805271426
6.103175912
6.065801229
5.880470649
5.925790234
6.275933659
5.912498956
5.777557362
5.745579394
5.801325444
5.89876842
5.805128511
5.90611018
6.027356833
6.240472062
6.17642676
6.15172698
5.881626749
5.711039724
5.573233243
5.812157672
6.253957585
5.709252578
5.773422556
5.818198737
5.789426837
5.836405158
6.074134586
5.84340625
5.833900659
5.929261365
5.954801292
5.68955836
5.698699204
5.578652078
5.60614196
5.429660415
5.561926405
5.797074394
5.783135044
5.7866664
5.604345461
5.68132672
5.621593698
5.714450418
5.903709985
5.622925059
5.718200479
5.638754557
5.821151324
5.776447576
5.718045439
5.915602932
6.041242533
6.08424327
5.98618137
5.826888487
5.880453722
5.701182258
5.843222157
5.97633713
5.853459995
5.858068509
5.911086415
5.511109524
5.635757346
5.766367544
5.705137508
6.011829073
5.989904695
5.93387934
6.102382095
5.961989773
6.031876274
5.667474941
5.905665809
5.803496994
6.233793364
6.044624268
6.068349232
6.156490862
5.932883949
5.639769903
5.733456606
5.737293343
5.74854764
6.015206987
6.066932511
5.951463523
5.974239393
6.036500807
5.791387771
5.850632826
5.776664035
5.796419737
5.688366729
6.034696931
5.705968427
5.512675983
5.871223048
5.902254282
5.951085557
5.662888108
5.64305508
6.008896481
5.85707609
5.933998187
6.026189626
6.220758182
6.169338446
5.830727789
5.831458573
5.855497353
5.94605414
5.600105522
5.699344777
5.805786305
6.039296892
6.172017959
5.887327115
5.766568206
5.637379807
5.819890278
5.805041152
5.944075504
5.758961557
5.745367731
6.011349708
5.762863967
5.906571606
5.858096906
5.935925663
5.84447993
5.890209965
6.052375488
5.925830502
5.803864913
5.879383993
5.910878707
6.149682565
5.896057505
5.800574254
5.768892186
5.692813595
5.869771525
5.80299463
5.761079528
5.712130608
5.764588051
5.5312346
5.547443387
5.517316967
5.80787868
5.48047338
5.461595842
5.381038389
5.727340271
5.991498423
5.958310724
5.942370691
5.70024381
5.697582346
6.331704724
6.114209503
5.746317645
5.876147556
5.744414902
5.465091594
5.622333748
5.60999147
5.7701984
5.615728962
5.562173012
6.007432
6.011756417
5.872985012
5.930152265
5.946905703
6.031178296
6.017658001
6.262981348
6.346131915
5.666863216
5.452517876
5.846017122
5.92918033
5.860950253
5.631045583
5.867577117
5.90839589
5.843150592
6.106705734
5.896541477
5.894932696
5.974242668
5.707463961
5.649489212
5.854514563
6.028566724
6.088148268
5.88294741
5.682722105
5.73746711
5.868296858
5.902187774
5.961694664
6.317464202
6.286211116
6.209467351
6.066136663
5.785989374
5.779061525
5.942935576
6.054858157
6.117591677
6.032168692
6.26080407
6.205332347
6.223076089
5.879461551
5.592447038
5.355805373
6.050267756
6.160560595
6.500846187
6.238708831
6.273077526
6.191451351
5.93724314
5.994164776
5.908346103
5.929655507
6.044934652
5.884034681
5.98352413
5.811754628
5.835607604
5.930693933
5.932350281
6.041861322
6.152561428
6.251439959
5.999408889
5.870150867
5.612812444
5.853121573
5.920617189
6.190826071
5.765773367
5.872042614
6.226877213
5.894738776
5.865560565
5.79201927
5.848093769
5.677081411
5.809523681
6.474604241
6.187400524
6.360238596
6.223263263
5.973773234
5.807721187
6.0446548
6.108959611
6.019606639
5.887783668
5.838168256
5.880405778
5.773856442
5.770952156
5.702641139
5.585791635
5.64942334
5.780786327
5.878839292
5.88203458
5.787927065
6.165434164
6.384696983
5.784005007
5.610477252
5.937605007
6.193575244
6.469563257
6.376786564
6.260800232
6.116557248
5.763150538
5.690753795
5.830766509
6.078082958
6.024346277
6.052193188
6.107284431
6.194130765
5.791230911
5.512708065
5.251227296
5.338701093
5.955883901
5.741825514
6.152351528
6.212291779
6.147535155
5.794547103
5.629402319
5.63869262
5.924828108
5.693827367
5.551420911
5.922435151
5.919291436
5.692837467
5.141438631
5.346574784
5.364933696
5.458467935
5.543827939
5.734920071
5.774632131
5.73536959
5.54452685
5.831255355
5.834471847
5.562249537
5.692989334
6.044969257
5.908583299
6.083223704
6.140399768
6.095287398
5.923010813
5.851826649
5.643301806
5.565736329
5.743735496
5.771921143
5.635426982
5.679841595
5.74707275
5.363887637
5.857198282
5.485529302
5.492351746
5.471416754
5.499949511
5.613064692
6.066290705
5.978741771
5.793317755
5.795795765
5.862575813
5.80124504
5.971018609
6.168010184
6.187684838
6.07676535
5.918481455
5.747713326
5.716950682
5.918519431
5.515228513
5.905075742
5.820050817
5.602495165
5.59330208
5.610644216
5.768476954
5.809437074
5.78880343
6.167037825
6.202489303
6.329368193
5.970817733
5.86302305
5.887895366
5.924089588
5.911422191
5.977354674
5.852696135
5.598277596
6.39492993
6.144367456
6.178523517
6.340288411
5.987352693
6.201704145
6.177213143
6.297511543
6.192589777
6.131591328
5.930552586
5.829917309
6.034792759
6.167525281
5.983765972
5.787404976
5.744717665
5.640932079
5.860840194
6.252494224
5.871774756
6.114910013
6.319315963
5.9495431
5.765454237
5.641514584
6.070340611
6.145606426
6.12456134
5.798255603
5.641739522
5.655473007
5.674050095
5.749981343
5.848551925
5.728655345
5.793845554
5.744786252
5.817945596
5.762157629
6.218033484
6.153326035
5.893487342
5.77180928
5.64426732
5.761150195
5.784745526
6.115541169
6.053612944
6.026645568
5.927602175
5.872334461
6.027690472
6.350163643
6.272473528
6.140753859
6.077518796
6.037889964
6.104012025
6.268833643
5.724586971
5.829319371
5.625659398
6.000376488
5.921944958
6.048114455
6.088414214
5.833542284
6.108290231
5.993629823
5.713243369
5.599214657
5.84942546
5.668166967
5.65295547
5.893580509
5.827725434
5.684756022
5.984396764
5.882210995
5.702636187
5.773646078
5.982881655
5.920350211
6.001435148
5.911819487
5.947156923
5.996535845
5.732084869
5.698149956
6.051355497
5.965947587
6.269633518
6.293682119
6.465471517
6.224589527
6.452051723
6.460863073
6.232786537
6.149693859
5.854896104
5.903836073
5.790243863
5.609577037
5.635998046
5.889486084
5.510048227
5.55539255
5.829430515
5.960474076
6.089694207
6.42935473
6.087722422
5.806919037
5.664778161
5.642027516
5.695496434
6.114409803
5.947295629
5.852092899
5.853569552
6.139674831
5.876924236
6.05889154
5.947195162
5.653765018
5.502051056
5.775676981
6.151320374
5.991469587
5.855487857
5.648172699
5.637997147
5.820368793
6.030164596
5.947584449
5.880820644
5.939307199
5.883109345
5.913664583
6.360883085
6.249581563
6.123644113
6.05049192
6.296995558
6.240689294
6.112241611
5.675103974
5.613469453
5.976043524
5.701568063
5.607039709
5.872773738
6.058430216
5.809018287
6.074505301
6.02200077
6.163362439
6.072428048
6.130033407
5.872232365
6.078792499
5.911234034
6.063541192
5.79754471
5.691411511
5.875833539
5.922973921
5.796621238
5.612513989
5.690983606
5.841568687
5.678763532
5.825885654
5.899778199
5.902517161
5.449928014
5.618838799
5.693171781
5.86277141
6.51540739
6.199774437
6.055019542
5.684620278
5.840332507
5.961831685
5.582511189
5.914236917
5.79192814
5.312290894
5.358543742
5.578147516
5.886555848
5.734200059
5.90162065
5.806950677
6.008901604
6.002608556
5.976769825
6.373050459
5.82233368
5.861633851
5.747465896
5.57221864
5.637460813
5.879044601
5.727927302
5.520061508
5.585006081
6.000185177
6.483826624
6.179486601
6.15025238
5.980631348
6.219582369
6.023618625
5.650065501
5.523541644
5.736629036
5.983491408
5.93733369
5.857326126
6.193981157
6.12512521
5.997713335
6.068914869
5.993005975
5.87807529
6.061745365
5.621432598
5.221489176
5.560974337
5.673885702
6.305935959
5.959784358
5.929528943
5.781424878
6.093908073
5.747133577
5.796012728
5.925441456
5.893826366
5.921564782
5.968697939
5.887658403
5.825877799
5.903309213
6.160678601
6.097098123
5.947741403
6.020974533
5.812257467
5.912813155
5.658314193
5.615863826
5.94378772
5.815057254
5.98215036
5.777486012
5.722558492
5.890750322
5.853615101
5.897102169
5.928268139
5.557571397
5.500100832
5.748820371
5.747718427
5.609402957
5.898453629
5.962569745
6.104001567
6.016669277
5.641430181
5.75239921
6.04416029
6.183170658
5.882321766
5.668662693
5.854545395
6.025955719
6.018586445
5.993008019
6.140180867
6.626517874
6.519051032
6.204038923
5.946687576
5.858446091
5.809320204
5.734466783
6.119822659
6.423769996
6.318814124
6.533640774
6.184093172
5.953248647
5.811798427
5.841981619
6.011521259
5.79252925
5.877242734
6.166675794
6.112208125
5.906526859
6.010006035
5.814269023
6.192915026
6.565967266
6.508128791
6.522807244
5.903477717
5.976707145
6.123618186
6.271815138
6.249446041
6.006987296
6.089845356
5.846885253
5.457242841
5.996474834
6.152845051
6.248993718
6.369797508
6.486281849
6.053868393
6.263641897
6.137186158
6.057908035
5.988095765
6.243191175
6.057200113
6.040832334
6.012356762
5.916788463
5.846902276
6.096736514
6.041038414
5.842110825
5.888646962
6.118736487
6.194979297
6.278674744
6.260016972
6.293671342
6.550989109
6.305802031
5.945704374
6.029967735
6.299784498
6.435640076
6.247756511
5.954846318
6.202865271
6.022513677
5.91717009
5.811831777
5.772918065
5.782853854
5.776446409
5.484419551
5.731089991
5.951050139
6.103784869
6.191863412
6.15359062
5.578686104
5.72681632
5.645699076
5.800469401
5.982279797
6.045168294
5.920567265
5.847590941
6.153339621
5.93108204
5.956690255
5.784137821
5.757414898
5.82970567
6.150358423
6.120349818
5.907747703
5.686831255
5.46784835
5.541952888
5.748100385
5.799047075
6.141641209
6.767858313
6.692017728
6.452061899
6.384873005
6.074341064
5.929004682
5.730929714
5.774358284
5.763256648
5.6818767
5.933110924
6.330807612
5.986952005
5.821874635
5.797833571
5.778997378
5.745938146
5.448601339
5.908492247
5.9017261
5.887773849
5.945887494
6.020424003
6.03017316
5.998490863
6.0393734
6.13262813
6.008770776
6.064942785
5.961046564
6.026299457
5.935213415
5.66306819
5.89166466
6.416482789
6.325183924
6.239244401
6.43892688
6.16888094
5.922759325
6.064619329
5.869261803
5.788650348
5.721326318
5.922696519
5.87243243
6.113507161
5.965521646
6.088882231
6.101365517
6.041271118
6.202633356
6.055313669
5.801205949
5.628881535
5.312614102
5.464125301
5.761962002
5.988958454
5.812153172
5.765429154
5.949916314
5.873674868
5.839424774
5.732615205
5.810673026
5.921091348
6.021841002
6.039094788
6.27279322
6.155196168
5.597729293
5.730252794
5.664798745
5.750271368
6.001365441
5.890632148
5.886318913
5.748298739
5.672393202
5.907647113
6.123506325
6.208706987
5.943915632
5.682345617
5.826865558
6.081269176
5.979422044
6.036752369
5.704753219
5.843607352
5.554179244
5.596877214
5.81043271
5.940022934
5.67392108
5.849612377
5.708409575
5.997752491
6.027577945
5.939727767
5.746661829
5.682115243
5.385054507
5.625546098
5.680521519
5.713715656
6.058826253
5.830918168
5.881771639
5.671659876
5.534123692
5.548891974
5.53409149
5.480508723
5.351065756
5.348767178
5.873088247
5.735845137
5.792179882
5.826562046
6.017561696
5.731282056
5.651192131
5.684438859
5.869752677
5.72805953
5.769737898
5.753214257
5.877569764
5.686335373
6.132159447
5.74126802
5.678318462
5.716372862
5.720963011
5.60928731
5.31890984
5.627935977
5.549193998
5.533260326
5.789207999
6.275345093
6.113884576
6.261515715
6.069753228
5.951630274
6.081045528
5.694104415
5.783466018
6.040780722
5.456078208
5.521998314
5.68973869
5.694029898
5.778305151
5.55370329
5.725120995
5.611316528
5.55200147
5.625746531
5.760796754
5.877559673
5.966483956
5.578406464
5.838707934
5.904658384
5.939466562
5.654035078
5.672732239
5.791893624
5.65680052
5.964903924
5.794605826
5.792188793
5.954588556
5.664348704
5.567225844
5.399107394
5.444659294
5.277115449
5.496177519
5.415990852
5.51474947
5.826181683
5.85215563
5.749557881
5.789817758
6.000451107
6.086985714
5.803129731
5.966909617
5.855407824
5.740661864
5.973321364
5.987503657
5.723045668
5.624785655
5.899749191
5.85773028
5.550675768
5.574400993
5.462971649
5.71868886
5.897277065
6.016629854
6.435194711
6.572244469
6.269670424
6.165721306
6.277599672
6.028172684
6.115133525
6.396136844
6.254727601
5.874072603
5.741472258
5.636768193
5.902056648
6.057177051
6.276838212
6.098922434
6.262725946
5.941400865
5.839487831
5.715586935
5.511421456
5.42891719
5.756981408
5.932030001
6.020967066
5.82346852
5.928803246
6.018718676
5.947433688
5.901587266
5.841369913
6.221083731
6.060430626
6.133920925
6.515008044
6.419126839
6.51338762
6.366978532
6.162885987
6.244326873
6.267028758
6.196722217
5.952593342
6.090942712
5.986373731
5.985005862
5.957065338
5.488234478
5.439763454
5.567027066
5.979072933
6.146303171
6.140083659
5.910377969
5.730906691
5.831357112
6.084412521
6.125403404
6.233627275
5.856074016
6.319430492
6.192733818
5.918914994
5.988262655
5.935690226
6.096408072
6.206720277
6.184362746
6.552274402
6.26706895
6.351799238
5.783160717
5.953688709
5.931431209
5.702292571
5.616983078
5.703951402
5.997036535
6.017807526
6.114806567
6.324833113
6.214613218
6.011345967
6.182866531
6.295522972
5.839479249
5.774854915
6.116916402
6.06223715
5.981359847
5.856002953
6.106590811
5.956542856
5.92609856
5.692356098
5.680339195
6.003377207
5.961537262
5.901771611
6.271712501
6.201573505
6.440282174
6.310989693
6.032312099
5.829548296
5.586449759
5.688677889
5.627693727
5.691714487
5.666746417
5.744841995
5.795486242
5.903662871
5.806101682
5.93545432
6.287582831
6.05557231
5.792483342
5.801128539
5.895696456
5.823517032
5.871474181
5.774857223
5.685323018
5.563286323
5.829502116
5.642499975
6.013570859
5.926182322
5.700904795
5.516361529
5.889516063
6.076445636
6.210413791
6.231843577
5.951062002
5.709471955
5.772216579
5.978957316
5.886757623
6.019082234
5.857792051
5.888833077
5.948105864
5.843995377
6.160864316
6.363990215
6.237133654
6.322878994
6.29403406
6.519865904
6.468096698
5.874114076
5.685886448
5.772494536
5.755378487
5.660284017
5.817349987
5.902726486
5.862828896
5.907987258
6.162890988
6.184509006
6.327002675
6.384574158
6.219178392
6.310620481
6.248985421
6.106944264
6.012823288
5.951111905
5.993494239
5.770854249
5.583634976
5.778582788
5.788750947
6.119791725
6.113438302
5.631386083
5.772216991
5.719919343
5.719990632
5.88657332
5.834493535
6.046859924
6.105862305
5.494255246
5.496549571
5.864255611
6.325065594
6.007063682
5.945156923
6.069882803
6.221984483
5.922212381
5.749576518
5.90171697
6.058154407
6.200517899
6.354000072
5.859050581
5.755460158
5.827039698
5.988844368
6.140493222
5.955475465
6.072960157
5.899890031
6.206183705
6.162765981
6.444125583
5.838562718
5.871001581
5.781604835
5.885621105
5.926220898
6.040465388
6.489556913
6.180885724
6.025874695
5.959181112
5.908841668
6.206396712
6.046734136
5.951062119
6.064111948
5.792660244
5.724250176
5.70784033
5.983870727
6.041549826
6.073847442
6.011464279
5.925929556
5.958976474
6.297087605
6.078436565
5.615210026
5.610062062
5.798596733
5.742650275
5.777044653
6.000873757
5.753772401
5.861034138
5.609037502
5.581014247
5.844076997
5.881491077
6.001001092
5.719224925
5.974756879
5.964725784
6.038564946
6.106066992
5.789138841
5.732677005
6.097804812
6.101036224
6.02185137
6.108489131
5.965934511
5.745337016
5.667487808
5.637857384
5.878208622
5.711765867
5.589556741
5.385309804
5.330079469
5.540275462
5.659028005
5.693448312
5.847166918
6.218228131
6.455457369
6.298496854
6.279857797
5.785545566
5.811815496
5.715078026
5.504475958
5.806682713
5.772671733
5.761048672
6.300492506
6.23222786
6.214204603
6.062403145
5.893149913
6.068929913
5.908649069
5.901072383
5.776735448
5.620343332
6.152235348
6.00125228
5.996432997
5.714939337
5.670625674
5.786528891
5.840456854
6.065993005
6.111631695
6.204736568
6.068754666
6.022580525
6.022272859
5.958316578
5.9223438
5.972160245
6.445942036
6.338170971
6.07756282
6.03084552
5.908761201
5.78161103
5.755645174
6.024880086
6.169543038
6.162925648
5.818027258
5.716739499
5.733480737
5.917712184
6.057006418
6.104290956
5.838360302
5.796638129
6.087160777
6.414362522
6.534164521
6.164799852
6.111587089
6.141081593
6.543645988
6.479545426
6.395510718
6.133414534
5.701359696
5.498753187
5.690773507
5.837042949
6.058262616
5.927771983
5.699219714
5.803894945
5.736749555
5.982386831
6.199613214
6.364339524
5.956850895
5.965690765
6.386436992
6.399378256
6.518484055
6.204513149
6.013521497
5.953060852
6.169943896
6.45881501
6.017484595
5.876153523
5.97387907
6.001456611
6.052441503
5.715557358
5.682592686
5.565544175
5.760246361
5.667714643
5.793876565
5.731203507
5.763827444
5.740777167
5.853617532
6.218359126
5.951968648
5.918681301
6.06442749
5.944103666
6.130600385
6.356219361
6.614215465
6.628756458
5.902597226
5.779010326
6.302876507
6.190524565
6.022563618
6.02601302
5.909122922
5.987166624
6.179272174
6.127120557
5.640834299
5.500444168
5.462275331
5.789864728
6.154524564
6.177034741
6.056251515
5.993963028
5.803386604
5.958183712
6.186344057
5.887728264
5.766023187
5.860774789
5.971299395
5.876362303
5.827690506
5.9566678
5.825824238
5.825843742
5.88436262
5.663578123
5.724241701
6.01696632
6.0750773
5.987495306
5.830054869
5.726869355
5.681971237
5.800822529
5.683853521
5.83541299
5.699514244
5.653009579
6.100953971
6.043365228
6.043679509
5.869437702
5.961733922
5.913849556
5.909684792
6.143075455
5.906251925
5.845445617
5.599685453
5.821430969
5.817297119
6.034285874
6.002351611
5.959977639
6.496931967
6.064968451
5.967352323
6.318121838
6.598067445
6.124312934
6.293288988
6.391228888
5.992153202
6.046765191
6.331766798
6.601201008
6.323946226
6.177538113
6.12592987
6.096882244
6.649123649
6.391453846
6.409776598
6.526172516
6.644303173
6.675836904
6.415448868
6.107953376
6.23298706
6.08431099
5.872154292
6.157672695
6.431881254
6.546850999
6.438562473
6.563966573
6.243369741
6.108231466
6.081426722
5.98435485
5.833327437
6.166883694
6.423678989
6.650253736
5.92983408
5.843278095
5.969458317
6.036027832
6.196112114
6.14337825
5.890106659
5.962151327
6.140220323
6.197703006
5.694315809
5.541468243
5.731830634
6.017989503
6.403913788
6.389706715
6.369505085
5.891210213
5.93742632
6.046709419
6.187080166
6.362713086
5.946773538
5.780358053
5.497743072
5.651774807
5.792782959
5.746289214
5.844810711
5.630995756
5.757914362
5.842110943
6.099990394
5.94206312
5.668294781
6.250680985
6.369583746
5.966967271
5.842547204
5.991231189
5.943395356
6.060188039
6.277125118
6.242193746
5.903246067
6.117852196
5.977004657
6.041072504
6.098502813
6.224164321
6.242335873
5.986537391
5.99733089
6.246685737
6.19741949
6.205813944
6.354130404
6.371267408
6.124071564
6.235646371
6.147564105
6.174831695
6.025714891
5.795943423
5.96507678
5.676771148
5.513032867
6.073132334
6.209529367
6.139590021
6.187662168
6.179540145
6.136972935
6.298129047
6.391823622
6.246970042
6.136238732
5.699068433
5.648832757
5.86614572
5.557613975
5.698258448
5.769201776
5.553055362
5.361631177
5.827269626
6.292473691
6.147172592
6.195995906
5.931902915
5.89654769
5.959389679
6.315362475
6.017274014
5.82610376
5.746403147
5.636258854
5.606284376
5.951992224
5.774978786
5.885224858
6.259640841
5.971200908
6.03352837
6.201790769
6.365112742
6.408360969
6.387083298
6.444505001
6.102874279
5.77726257
5.669050011
5.925484733
6.170429196
6.554128806
6.503477098
6.071166069
5.721024785
5.610209275
5.86233216
6.040578851
6.107202037
6.028991757
5.836377173
5.952030444
5.920312234
5.826561625
5.745986878
5.750669999
6.33940688
6.253369149
6.125567038
6.236518394
6.220596378
6.020835046
5.801212079
6.035191701
6.020018112
6.180112878
6.323857915
5.887602573
5.971360007
6.119664366
6.002463578
5.957139624
5.995942944
5.827555971
5.973286956
5.989977146
5.855434423
5.941686485
6.141460403
6.549110742
6.639388302
6.261746952
6.274129455
6.084303114
5.8128384
5.906304012
5.888691574
6.191893979
6.026301155
5.999773554
6.199796687
5.813784825
5.721532849
5.772267462
5.994017389
6.135889109
6.178035087
5.955836622
6.009182915
6.094685953
5.800758532
5.803731051
6.209857517
6.105592169
6.033424629
5.607639681
5.80756494
5.679427556
5.820988552
5.86726633
6.050253558
6.055859233
5.920308694
5.872082088
5.989906173
5.912394447
6.101848103
6.326852509
6.082076733
5.939143856
6.034133008
6.274580558
6.280031792
6.299964471
6.235984363
5.998765441
5.731261219
6.065399002
5.674808782
5.973441288
5.897424722
5.997862966
6.290355864
6.14495017
6.203789358
6.120593575
5.958359886
5.694235795
5.701794854
5.795845586
5.928530614
5.696951456
5.757934859
5.590273137
5.597635903
5.840808707
6.049746355
6.005243692
6.677012433
6.408231641
6.179135557
6.206418989
6.056663464
5.863510987
5.69320853
5.635036267
5.498426511
5.466948931
5.451316283
5.461694996
5.557109551
5.766411943
5.856018786
6.131971869
5.816732289
5.955624204
5.699948733
6.004708727
6.274962325
6.340670459
6.277784694
6.05479008
6.125574541
6.261996706
6.084213889
6.154308997
6.05485464
6.037639659
6.002802184
6.009439582
5.880579293
5.478994336
5.597179227
5.624795069
5.892476116
6.147251777
5.921135628
5.403592817
5.65133505
5.735339416
5.913252856
6.142756906
5.995694645
5.783782406
6.029678493
6.022839569
5.934771173
5.890304676
5.706448525
5.817105628
5.885806413
5.893206219
5.456296922
5.56030432
5.488171262
5.509009868
5.650436831
6.459316233
6.309993878
5.97094416
5.698722477
5.358070771
5.732466273
5.779725667
5.796397798
5.885383322
5.953800944
5.887078132
6.058020808
5.929168996
5.818056312
5.71764301
5.891372885
5.73050576
5.882742848
5.488305383
5.89058468
5.733583381
6.259711447
6.413190504
6.172315957
5.836364958
6.043047747
6.081174405
6.003540174
5.956346411
5.708281577
5.769456958
5.832095837
6.262978051
6.157034328
6.064711557
5.938531453
6.004965831
5.832498078
5.943199177
5.851987964
5.362156787
5.270715987
5.330828567
5.725350865
6.019688289
5.93641074
6.109678702
6.164282133
5.972733489
6.025344913
6.098508827
6.153504991
5.903951367
5.750024013
5.988634632
5.961416694
5.54650532
5.617261317
5.923577283
5.488266625
5.841186283
6.051903359
5.92491725
5.655756092
5.646353502
5.644374925
5.706533793
5.462078061
5.793821626
5.654625306
5.71114986
5.836522963
5.760830268
5.938485792
5.969714413
5.762287547
5.966175554
5.8811191
5.55701602
5.844478615
5.8054097
5.77149105
5.681778218
5.926434811
6.185495706
5.84175833
5.844743618
5.914870819
5.882028431
5.831864181
5.899292048
6.159464901
6.02934332
5.602672042
5.564352314
5.61549485
5.510995604
5.630664128
6.183202054
6.062407918
5.796939142
5.926366994
5.984215825
5.822217611
5.912379942
5.949346646
5.873940093
5.953932514
6.213151646
6.280570437
6.223250091
5.932701885
5.978482761
5.959122797
5.686137374
5.818520274
5.816246604
5.919594105
5.593694904
5.72289776
5.698718308
5.516354546
5.764132677
6.19944123
6.521331207
6.049903849
5.931422506
5.913879278
6.054806414
6.01230979
6.254053778
5.868379358
5.843339493
5.698552389
5.601758489
5.627497135
5.63202602
6.015746419
6.238383189
5.894652188
6.014728719
5.864459833
6.26943114
6.062761518
6.123910918
5.960117383
6.108704643
6.086472565
6.167032889
6.316598594
6.050519963
6.104606349
5.878267296
5.664859858
5.414115602
5.664183553
6.053779538
6.074025069
6.103469273
6.209440524
6.291480828
6.346757711
6.462726159
6.322969849
6.240521266
6.350495203
6.310434251
5.780422098
5.731624489
5.651009561
6.086746763
5.8940165
5.979066296
6.089318182
5.982374076
6.080539527
5.979755394
6.035573676
6.090956058
5.990738025
5.826856689
5.70095907
5.725288503
5.98225412
6.055684226
6.04922504
6.121922297
5.92968493
5.982738921
6.381582564
6.41196969
6.265210605
5.9211464
5.768839745
6.350762952
6.388468769
6.413304661
6.452115923
6.334917189
6.014084776
6.008710008
5.830630442
5.943791587
5.772324972
5.73008679
5.856961312
6.109386801
5.874710461
5.66634296
5.542317149
5.699539501
5.840146535
6.051271392
6.185080903
6.098412179
6.179228088
6.441525614
6.15488427
6.239013734
6.109241942
5.867925631
5.913315779
5.974193211
5.988084231
5.978493791
5.918440223
6.015521751
6.127216933
6.343775277
6.141322259
5.907660947
5.792675566
5.64494711
5.799948732
5.798524585
5.893779715
6.205998002
6.195646879
6.072735727
6.08494046
5.986011385
5.95878947
6.047739808
6.487494435
6.682292675
6.179874646
6.265325917
6.160299498
6.232917796
6.519992502
6.420634586
6.33450549
5.965797288
6.003410163
5.821720801
5.645031552
5.838060991
6.084702563
6.165403185
6.103295689
6.216531082
5.740475035
5.798826194
5.847382041
5.665440758
5.703781906
5.70837256
5.655702575
5.808337271
5.802055383
5.908664108
5.851644576
6.011920634
5.777242706
5.72423752
5.795307358
5.332308737
5.671985401
5.921027299
6.347034693
5.365371189
5.884474124
5.885108034
5.959939495
5.820471204
5.663357076
5.721638786
5.69699074
5.780802834
5.88926845
5.925498219
5.724794138
5.872898207
5.729418831
5.388737766
5.356039225
5.5279159
5.53129137
5.517866435
5.288720361
5.650107311
5.428463285
5.650355914
5.724952306
5.667154304
5.574652818
5.765082524
5.708307809
5.505948462
5.649420738
5.525451015
5.794574711
5.677518105
5.655648571
5.553737038
5.68815583
5.726607992
5.668048276
5.657027674
5.526721415
5.843483066
5.482481157
5.44603594
5.437896731
5.829536432
5.978303868
6.031990096
5.96027401
6.266119292
5.871060596
5.985412607
5.811549364
5.989189858
5.889783782
6.423937222
6.225330692
5.914910515
6.102248875
5.771718757
5.792010042
5.317140876
5.263600089
5.454439331
5.651726538
5.748304373
5.875677371
5.79813918
5.813836871
6.004445099
6.437131506
6.242678514
6.118403051
5.770586822
5.635573138
5.673189007
5.452311661
5.656011051
5.451096555
5.659302881
5.49361075
5.75149968
5.761629716
5.851789032
5.611350642
5.956540962
6.235661535
6.289120762
6.322307261
6.089923819
6.297739892
6.137332823
5.986411223
6.245906736
5.620008126
5.475003163
5.750645108
5.812001577
5.921026132
6.013352582
6.002530101
5.813214565
5.768192745
5.754287602
5.819816614
5.80821195
6.190277123
6.063993042
6.220526154
6.047037661
5.943337405
5.719813223
5.696994046
6.180907468
6.085947386
6.448913443
6.186948414
6.043032015
5.739442837
5.82778038
5.792417628
6.367517739
6.629318334
5.921492228
5.554379754
5.617068733
6.219377752
6.534312656
5.975995648
6.141884543
6.253391949
5.917292709
5.757471458
5.713867611
6.104821944
6.18922507
6.266408721
6.257817936
6.279117823
5.928056613
6.103327764
5.428611221
5.574273224
6.029247706
6.090583507
6.254001136
6.137000009
6.312854077
6.117282407
6.18584384
6.269660454
6.117529513
6.214746621
6.155286832
5.879839399
5.885221165
5.994277868
5.806332838
5.733956623
5.84294976
5.474501554
6.012955928
5.983197673
5.799484645
5.643905679
5.654172082
5.87554016
5.910430369
5.799560399
5.800931278
6.194432077
5.826703912
5.854464655
6.073084679
5.96390927
6.007420043
5.913383627
5.972431806
5.984346581
5.967085486
6.029645593
6.205190856
6.181957294
6.102141768
5.872134648
5.763662135
5.841076152
5.989606918
5.996918134
5.966523358
5.640539243
5.887717357
6.075214014
6.087699826
6.018386808
6.205280616
6.366371165
6.298383865
6.164507065
6.169468533
6.363882103
6.244778458
6.041163476
6.072366444
6.26439923
5.792493866
5.572151833
5.391375612
5.400664977
5.987024746
6.163983135
6.177786499
6.206946346
6.295658582
6.36984874
6.429575161
6.076222754
5.95392914
6.041583214
6.269192184
6.36723827
6.084234889
5.896939617
5.789977027
5.521966564
5.689276427
5.626716002
6.00186843
6.218144734
6.024734898
6.053557173
5.756460888
6.029297364
5.735781054
5.891993197
5.782052016
5.671822921
5.780779135
6.039310005
5.89704688
6.115108997
5.994552676
6.150347807
5.894253093
5.694058458
5.927364314
6.005671286
5.766345409
5.995652915
6.100848409
6.100369365
6.137946253
5.830200232
6.128680005
6.123143514
6.002497733
6.397464451
5.97803454
5.742728019
6.08543792
5.891202786
6.310700507
6.380809381
6.220591983
6.109732543
6.020476255
6.115966741
6.094442352
6.048289646
5.838411482
6.28645724
6.095334823
6.095834939
5.889506365
6.002937219
6.202219301
5.989633442
5.864791921
6.259579538
6.351781186
6.183651692
6.043763323
5.904769327
5.932322475
5.931605737
6.150192675
6.099324823
6.430441252
6.52218813
6.268883167
6.280106097
6.468477902
6.493282713
6.240101817
6.356644453
5.764321633
5.422604523
5.599879992
5.695396853
5.856630239
5.864514564
6.0003946
5.99252163
6.069741748
6.120357675
6.121219195
6.041189815
5.816715025
5.893436435
5.76740775
6.003719542
6.03684819
6.033243326
5.599053656
5.91957712
5.954763775
5.74278895
5.687353304
5.408579163
5.486501331
5.887154455
5.624956288
5.878968672
5.68174223
5.53518212
5.626546188
6.086367349
5.847227365
5.720611063
6.048784821
6.01691908
5.991159546
5.994519546
6.206137472
6.309016141
5.912916908
6.052433596
5.874224908
5.670863531
5.746807848
5.511574059
5.724420154
5.84164976
5.965959576
6.106256479
5.862814713
5.933817917
6.034245617
6.340643858
6.372913518
6.298934713
6.406812619
6.495842639
6.268614393
6.159463915
6.166715661
6.448312829
5.790636865
5.724022354
5.787975651
5.701684635
6.371527102
5.984225641
6.038768587
5.812858989
5.854725582
5.758006951
5.872151032
6.415354182
6.148577467
6.30104416
5.808423343
6.119434641
6.318040134
6.417785396
6.348954223
6.373959522
6.27516277
5.997699413
6.261017266
6.316461342
6.023478095
6.260929684
6.228019512
6.200077502
6.129947683
5.92302055
5.885312532
6.019048063
6.217953989
6.370496979
6.104085472
5.890495212
6.006594337
6.053598289
6.234574721
6.211428908
6.283501883
6.027966967
5.993065718
6.047583671
5.786409974
5.91129533
6.292922209
6.080458341
5.89723596
5.901946328
5.955682751
6.022470032
5.708765508
5.561900187
5.78259235
5.978379356
5.820427824
5.563547292
5.63069001
5.663520367
5.411876708
5.545541434
5.752054448
5.677967724
6.171763879
6.10429457
5.945458325
6.362467066
6.544811364
6.159106889
5.615335613
5.521298918
5.538446175
5.65367578
5.961074653
5.743744521
5.596832388
5.65943261
5.359155604
5.563906493
5.603240802
6.17854441
5.967946187
6.10526798
5.623233237
5.891314635
5.742126142
5.869351772
5.857496313
5.980502895
6.197314869
5.977413988
6.226018092
6.061302157
6.070234659
6.171092048
5.90162177
5.734837777
5.893523953
5.852381415
6.043403677
5.727535818
6.177625618
6.157627882
5.990074948
6.177161197
6.303625992
6.271424034
6.123842048
6.300196378
5.869830879
5.895531031
6.060491952
6.112669922
6.138766152
6.055474371
5.99963109
6.312800546
5.836134196
5.943277347
5.915436495
6.27071571
5.966334824
5.839560384
5.98658784
6.138249062
6.144303084
5.909965806
5.818145836
6.314497288
6.047612173
6.162398539
5.752151364
5.641655516
5.798630876
6.272316105
6.253048089
5.940051069
6.027916967
6.042037308
5.945566187
6.072697483
5.880311047
5.872927555
5.968251559
5.718351491
6.06795678
6.078651444
6.000386294
5.994897782
6.07383234
6.06831181
6.095450701
6.015272077
6.311511997
6.086158692
5.831249034
6.15379042
6.402960422
6.489530796
6.57112828
6.719073936
6.420372654
6.166227623
6.322482907
5.761479973
5.551763448
5.865107969
5.915378517
6.061176501
5.976405134
6.009917878
5.833322922
5.90861521
5.771700859
5.890747603
5.991712468
6.075054274
5.97125187
5.961864511
5.964900114
5.983036172
5.93736205
6.011444902
)
;

boundaryField
{
    xPeriodic_half0
    {
        type            cyclic;
    }
    xPeriodic_half1
    {
        type            cyclic;
    }
    yPeriodic_half0
    {
        type            cyclic;
    }
    yPeriodic_half1
    {
        type            cyclic;
    }
    zPeriodic_half0
    {
        type            cyclic;
    }
    zPeriodic_half1
    {
        type            cyclic;
    }
}


// ************************************************************************* //
