/*--------------------------------*- C++ -*----------------------------------*\
| =========                 |                                                 |
| \\      /  F ield         | OpenFOAM: The Open Source CFD Toolbox           |
|  \\    /   O peration     | Version:  2.4.0-MNF                             |
|   \\  /    A nd           | Web:      www.OpenFOAM.org                      |
|    \\/     M anipulation  |                                                 |
\*---------------------------------------------------------------------------*/
FoamFile
{
    version     2.0;
    format      ascii;
    class       volScalarField;
    location    "0.0008";
    object      overallT_mixture;
}
// * * * * * * * * * * * * * * * * * * * * * * * * * * * * * * * * * * * * * //

dimensions      [0 0 0 1 0 0 0];

internalField   nonuniform List<scalar> 
5120
(
296.2839952
304.3274813
299.4683047
293.4974616
302.7333829
310.0150018
308.6690692
301.5398703
304.0426959
303.0575604
311.1914965
308.7523896
305.4262316
287.5045393
284.8732887
286.4118215
282.2835679
290.6226977
289.4236323
288.4580028
297.1831372
301.7862845
303.1594014
306.7384125
306.9496639
309.5207457
307.6656506
315.4986965
315.8178944
309.1982835
301.6909879
299.2118282
301.1621085
308.9269549
301.9522684
309.095643
292.691656
290.2432894
301.0523183
297.4614667
290.8220024
293.5432146
292.2036515
283.6673377
290.2742669
295.9413863
306.4602615
296.1762931
297.2278831
297.2576421
299.0017067
299.4279463
300.0206061
299.4166798
304.8069035
299.7345542
299.9866095
304.2428222
304.0093569
296.1653211
305.6698771
303.771366
303.1510595
306.7980064
304.5148935
302.4461761
301.1989894
306.4741908
306.4513462
310.8254075
311.7640906
312.390005
304.2139021
306.673065
307.4595277
300.8749454
306.0630294
306.0751273
304.3218662
298.4357872
308.4083908
306.8436523
302.0879073
294.4367646
299.3532093
299.4689681
307.8630878
301.5999989
294.043386
295.2058379
287.2930648
290.9825142
295.9524009
295.4487885
300.0923469
305.3059216
314.6535458
313.7990837
317.7271032
317.51016
296.664709
287.5936371
307.5071195
303.8331666
307.5110245
305.8402991
306.4675875
312.4950777
315.3445125
311.0832342
311.6816073
316.9900214
304.6687065
305.7963342
313.0160445
318.3918444
306.9605955
309.7941526
296.9768582
296.5459408
312.1809545
310.8657985
298.7609184
304.3754054
303.8844906
309.2376882
304.3438314
311.7581256
307.8903971
301.7938491
290.3294879
287.7861732
290.485146
293.2335173
306.9030225
314.9035478
313.9730758
306.9811527
301.4859116
310.1952737
284.0597453
275.5440835
285.1999156
286.4021147
291.9217866
286.1639359
293.0978827
288.088072
280.9486454
283.0707769
289.6419385
286.8010944
292.5126074
298.6761202
291.9114343
290.9808459
293.2666072
285.9950015
297.2990055
291.6743895
295.5900682
300.8367655
298.7397588
287.595252
289.423615
283.5376576
285.5043938
294.4818152
296.6490172
291.0967462
286.7737346
292.6055842
291.8203707
296.8281066
299.256004
285.9710433
286.1625395
290.5039805
284.2641725
296.3759162
293.2337813
286.3971392
289.4080981
282.56958
286.4659236
296.0362903
298.9807294
292.5740399
297.2159732
298.3066241
303.6401733
297.0498064
302.0698598
298.4666556
294.4112384
295.7579406
292.1573892
289.4923623
295.0281212
294.1197405
308.8750524
307.6679431
306.3469631
301.3392747
299.3699681
293.3739828
298.929735
307.1383477
300.9078999
297.8133702
307.7279935
311.4594195
297.1965125
292.1485942
299.1687199
311.1660263
310.4692239
313.7818381
307.3976723
301.8870308
299.101781
306.7572867
305.1308432
301.0145792
296.2835172
299.4998411
294.998434
294.3294978
300.9745996
296.9771406
289.2539763
287.6035318
295.4211304
307.9820756
308.751303
310.7712334
310.5691972
298.6360558
307.982516
299.0806949
297.9790908
294.4435182
294.2714321
302.543998
293.419838
289.5666676
303.9045478
302.2372219
305.7628132
307.6818621
316.7654031
319.918536
312.0236691
315.8473195
309.3151482
315.6593233
313.4435902
319.7759183
311.2992876
299.4070683
304.3773862
305.3510618
306.3857677
306.6835804
303.9065007
315.3982389
307.204374
293.6900158
299.0620379
286.383774
299.8459544
304.7774079
305.3342804
300.6536088
291.3728924
304.0962881
302.261142
308.4272553
295.7236745
304.5398476
300.932349
299.8452699
297.0997012
294.8550534
299.1045919
285.9407579
300.2628753
300.2626774
298.5236032
303.3321998
306.2835525
303.1308206
301.9557619
310.9773587
314.555742
311.5932733
313.7234058
308.0198226
305.5403732
296.9151066
275.3728958
274.0374234
283.9942496
298.2857918
285.4049611
288.9154311
288.7217145
300.6289834
304.4854186
296.5194927
293.0039537
298.2589884
311.1703223
311.5293642
303.5713573
300.5077537
293.7426665
291.5337369
290.9133934
288.4196819
288.4553803
286.9978122
289.1535601
290.087213
297.4399895
293.8689369
296.4151348
300.266413
305.7280613
307.6766854
306.2998288
296.1577177
292.1748022
293.9681794
301.3071212
292.3355987
290.6126701
286.4549709
294.1588815
290.0090283
310.397265
310.563686
320.2411324
317.5025929
310.6402224
314.4300833
309.4815688
307.586552
300.1297765
296.2765938
298.7682092
296.8956773
296.2016474
302.0493717
302.7792817
297.4971311
301.6604769
306.4192095
308.3591465
314.4690309
295.894527
297.1609007
289.7266649
302.7622033
303.4893024
296.3039055
294.6007273
292.1470898
284.1242281
283.4957215
285.7178591
294.7463908
295.9263786
296.087026
298.5722141
312.8630611
313.2224341
309.383507
312.7769195
298.4222139
301.4607133
307.2851421
304.9961548
304.4471453
297.7120573
302.8565351
303.5978263
310.8640814
323.3573533
317.625314
309.3507815
303.9478072
304.9477084
310.1352596
301.3573108
300.922472
288.7657231
296.0349318
294.3883014
295.2084212
301.5382219
295.2360556
303.0234155
305.5131056
304.1417377
312.9140985
304.4856615
305.1720761
303.8841595
307.2225611
307.3044382
310.566685
307.2177138
290.4435693
297.7178336
303.9948406
298.1673893
292.2868606
299.0086087
302.5778529
304.6890836
310.363157
311.1375873
317.5018154
311.7313978
306.5699138
300.4672249
295.936856
298.0161432
293.9793126
294.3735846
299.8993912
295.029823
301.2974932
301.4522569
295.4196281
288.9954211
295.1087996
299.8077064
301.5886683
293.7356538
299.7991091
300.6585508
301.5889158
290.1502023
300.6674121
290.3374501
286.8569077
286.0861952
292.961317
305.4697332
307.3167207
319.680735
320.2964709
313.648566
303.1830134
313.4648383
307.1991132
295.3877707
290.5494677
296.1314314
300.3149996
300.609796
300.7941441
300.2534488
297.6700525
300.8566257
302.5547053
294.9050223
297.3336751
291.4511764
290.9667455
295.5124393
283.4461706
292.4655577
305.2324982
298.1343911
296.4950233
302.6957285
301.2730413
312.2469098
303.1488595
293.3112122
289.312134
297.9880769
304.4700435
305.9733351
295.2611523
292.3930006
291.1349023
294.0478968
300.301128
303.3658016
303.8631665
296.9554829
291.960476
300.3200374
304.6506088
307.0187639
312.2999887
303.8076304
299.9707751
304.1699419
312.3408452
315.0387577
315.456545
318.8187676
322.995426
313.2003051
296.4698506
294.072798
300.1622131
286.2087026
294.7695005
305.8340066
301.8899623
295.6464726
305.220622
307.6870837
302.8275489
304.7850857
303.5514421
316.0886086
303.0768919
303.9022831
298.3880798
299.2389881
305.478771
305.1193426
304.3491692
296.9361378
289.8757342
293.9333725
299.3317236
288.2383688
290.6100393
299.7344712
294.7703744
303.2078441
306.5322011
292.3404267
294.6878364
289.5485644
307.7892558
308.1431162
306.6703224
305.9651389
299.4979837
294.5530879
297.8157779
297.557863
303.0594168
304.3341786
303.9218258
309.052409
307.274138
303.1423955
294.0447496
297.25436
295.6637175
306.5584221
312.6031906
302.227155
297.4192893
301.8831086
307.7670835
298.6133335
291.1567854
297.5120668
308.3349867
310.0924713
310.9036371
311.4584324
308.6152169
302.3335938
300.7787308
304.7457291
305.7632118
299.5230445
304.1409611
299.3725491
294.2967775
310.4000771
306.7565361
308.3897001
294.3599617
296.9593658
302.1822762
298.5789181
303.1193992
295.3015657
305.1865815
307.006473
311.5377221
309.4760063
300.4391773
300.6459372
310.0410599
314.2688043
301.3992342
300.4159017
291.6084151
291.3320813
296.0610967
301.0032748
315.204334
306.922504
296.3424441
297.4714623
294.5738481
296.80713
304.4747022
299.7516575
296.6460177
291.8138003
308.1542089
304.8472559
299.8572163
297.1403375
297.0029737
294.6373469
301.1445057
296.8876267
298.6809717
289.3767085
284.4099136
285.7626034
288.6486148
290.2183684
291.7704326
299.1207944
299.611277
299.424995
293.6757977
287.5519749
291.1173479
293.3589539
297.4988254
295.3891066
297.3076766
304.4726689
302.6049314
307.5462073
301.5983343
303.8178197
310.182791
305.2548714
308.902823
304.4323451
299.7810804
294.1774439
304.2925122
307.0065815
297.3089009
298.9562152
296.9838535
294.2653374
303.2964273
300.1577821
300.9502103
308.6944092
305.10262
305.4120942
302.2694019
291.3374578
293.1415194
294.5249876
294.6013652
284.0403034
287.9455933
286.067996
292.8704317
289.3038224
287.9329892
288.0698934
288.724715
283.0683058
292.6057915
283.6655074
289.9715179
297.6043594
302.7555503
296.5920115
297.073074
295.8561426
295.1368055
289.8806005
288.6566293
287.3477386
282.8680529
282.0247732
291.5645801
291.8339454
304.2289922
313.8680699
311.586687
312.2933715
306.9414006
309.0977464
306.3942031
300.6632681
288.6778554
284.1643501
293.9585084
295.7264035
300.5252595
294.3407638
291.4752131
288.0933429
290.8316958
294.8390311
289.8113331
291.2134195
287.876792
288.4782256
289.5556866
292.6611859
293.081371
296.2161772
305.8464256
311.9556087
307.0853229
297.5266286
297.1322189
297.0564046
294.4997225
303.2157778
299.1737205
297.505574
291.2269693
298.287319
306.4882524
304.2955421
302.9856488
296.9371279
291.7728369
298.1159143
314.9204905
312.9315981
311.3390151
303.239047
301.8517095
315.9984501
320.2937859
313.2507017
314.7589048
303.7712143
305.4930264
299.798861
304.5023902
296.9156881
293.139682
293.4766838
297.9025088
300.0636217
307.8703659
310.133451
297.4405949
295.5307292
304.6094352
298.3560556
292.2192247
291.9739719
287.253133
297.0936986
297.504376
301.7271719
295.4898896
304.1044979
301.8343829
303.0509398
303.4541963
294.6945456
301.6482
301.8817987
297.0580567
293.8358963
295.0742666
299.7710548
307.021236
317.8340849
321.2989223
312.5717816
305.7868133
293.1503595
287.1092964
293.9366919
299.3079408
299.7113626
306.796044
300.3142702
293.2576733
290.6788722
301.3643806
316.5652571
303.4027554
299.2421443
302.5181877
299.7360149
302.4037491
300.8669371
305.1742477
300.2995023
314.4379952
309.1863499
309.1099691
304.0264893
302.1734085
303.1157492
297.6028834
301.8664637
297.8082354
305.2751278
301.5489396
295.6430586
294.4305349
303.5170336
298.9117239
308.9100636
308.476828
297.9026647
298.3040959
296.2285663
300.9033845
308.4532674
302.1669038
298.0204693
294.6434205
306.6879352
310.1512511
301.3108553
301.4292056
304.1132813
294.5586865
295.010406
305.6836678
302.2438547
302.2670051
297.2203887
293.0037941
308.5804622
296.7911783
294.539579
307.2525489
309.7823033
311.3753157
306.428993
313.1432135
308.3858394
311.9345295
306.933507
311.3180965
310.1949253
306.9768403
303.6948503
313.2512313
308.9056767
299.4294371
306.1189384
310.9649185
295.0312359
316.352434
307.8554163
310.3868139
310.1989658
313.6325932
315.5337496
315.7213488
311.9346746
311.5862228
308.3216977
301.4697614
291.9261767
284.2575886
295.7075941
284.982604
284.9266156
288.3138422
305.7604976
302.9302209
310.5944212
315.5648387
315.764073
319.7453142
313.8540839
307.4249014
318.6611772
306.0253513
304.730889
295.7752105
294.0782293
293.8071695
303.9201938
311.6846169
303.0942581
299.0252715
296.5301033
291.7018374
297.8460251
307.4076201
306.1947826
309.5287341
302.0460581
305.157334
297.8084129
296.7115437
296.4004914
300.9128587
299.4645308
290.2054428
294.6072493
299.9350666
302.7764643
301.5634801
303.8102502
312.5431152
303.044467
302.0150324
307.2133629
308.2697261
317.1750466
308.2427665
300.9112397
299.717111
301.440671
302.8315532
294.368841
299.780623
290.1362867
299.8018168
313.519403
297.9953231
302.659967
295.0764834
291.291822
294.6008044
297.8515439
306.8362624
313.8042138
321.8881822
294.3966011
297.5853335
298.3131116
300.9160768
298.100301
309.1536717
313.2867418
304.4882319
300.2045542
304.7029469
301.9443798
304.4134911
298.5194694
308.5946212
309.7720754
315.7714454
313.0668058
304.8850466
299.1183704
302.7958568
292.0603921
294.9047357
297.9397985
297.6884388
295.0350626
298.1260437
296.5811395
298.0585201
302.2103376
302.9360827
302.2751555
300.3839312
295.7760244
294.6287261
298.8898494
305.9962384
310.3166234
293.4862522
287.991649
296.0062341
309.5789221
299.0797114
290.916648
288.5218766
292.3177938
294.1841602
292.5175901
293.8855702
301.6154996
304.7823864
300.7962662
304.3773949
301.1477315
296.9090319
283.2931501
286.7877288
301.8389713
308.484781
312.6619434
317.8269349
285.3805315
297.7112675
296.8786949
289.7866511
282.4042021
281.5378645
290.7226852
297.0805788
296.8575231
313.864164
320.1592835
313.4853875
300.3757864
295.7764968
307.1317509
296.8725391
290.5977327
288.1004425
286.3967675
288.018053
296.6696626
287.0448976
297.6220032
300.5184876
291.777088
297.413358
296.4815958
294.4264347
294.488464
296.7040599
285.1467703
291.6349864
288.507345
294.1483894
291.920369
304.4048443
305.8234818
293.5490998
291.6783062
286.6397423
307.7438023
300.4124098
312.0425621
302.3205417
304.9929679
302.8657645
297.2395119
294.5975121
301.2135112
300.2128591
302.5559234
294.8238789
294.7784118
297.7249912
298.6702654
293.259523
294.2015638
299.6856055
308.0998846
308.4175247
307.402508
309.738718
309.4206455
311.5478689
308.6882602
294.3392324
287.1710351
292.9317891
294.8433334
298.5330078
302.6316378
300.0707784
308.0718119
305.2709042
306.3206448
300.3536176
298.6648665
310.6158836
306.8211261
301.8619478
296.2777944
300.0065654
301.8969519
302.5953671
299.6705777
299.3091423
294.1398332
297.2837903
295.234197
299.6304286
287.2113593
293.3559874
301.7901498
298.3465974
287.454412
296.672517
300.9114672
294.295638
297.2836613
305.9327948
310.9133669
300.9368388
297.5061819
293.8243223
297.9798286
296.1435579
296.4140195
294.1376691
291.8666351
288.940877
293.0920331
293.9172382
305.7735447
304.813926
301.8790904
298.4095045
300.8961382
303.3548694
309.9727279
314.861837
301.3883543
307.9725017
316.9573246
313.9553917
320.6724642
319.0311396
307.3771371
296.7576293
292.2601781
302.7176515
302.754937
311.5613026
308.6278925
302.0291856
299.263783
306.4826384
311.8985222
313.1338405
304.6775761
301.7918683
315.3306935
312.0506265
307.4361566
303.7364967
310.645704
308.2479508
313.6711918
310.2923625
296.5726137
302.1111258
303.1766092
304.1970755
302.5549874
294.9420024
302.9082607
299.9954339
308.8223485
312.4668628
312.600146
315.4598552
326.5860347
328.8387519
329.1509496
313.9689983
311.2655393
301.8379965
301.8596135
292.4600644
304.0284548
306.5463296
296.3967832
297.3574046
302.4471816
305.9978848
311.0927247
309.6160838
316.3805139
319.1294649
320.2312411
321.3258262
305.4368554
298.1585055
299.1989922
301.439862
301.2459368
294.2901505
290.1389741
294.0272694
305.0966677
304.5160848
310.927282
301.9799345
301.8162452
296.9380228
300.964412
303.4779632
293.0479824
295.2269161
294.6505525
293.4703252
295.9921547
297.0666869
300.5067647
317.0554783
313.6388587
298.1350097
292.4433281
293.1789887
301.320196
304.089962
300.922614
313.2326353
302.2709147
297.3006362
291.1036147
286.759493
293.5827487
298.1814573
296.7018919
303.1330811
299.1095343
304.8829562
298.7757532
290.7759237
295.9693607
298.7607402
302.5138099
301.0643545
298.1460678
310.9332324
306.7695839
303.1515043
299.9229134
300.7729695
306.4976197
302.0528787
296.7209467
293.8766584
289.8503465
285.0515772
302.465076
309.6848525
308.3746137
308.9006092
305.6977558
311.94638
299.2518782
308.2167598
301.7423791
297.523549
306.1802887
304.7334967
312.8688095
317.7306411
315.3528296
309.3788492
296.8293565
302.3000857
309.6933115
300.3979816
309.3378515
303.5823288
314.8979656
324.486355
319.1950785
299.4992098
306.2632354
312.6638105
316.4323109
321.7792615
303.0986143
294.7653622
299.3197833
306.4687049
311.8787072
310.6349084
312.747521
305.7110167
304.6367896
300.6266494
312.0497636
305.5189883
307.4142775
306.4512548
306.2171923
309.3112126
311.9976158
306.0715866
302.0540943
319.852291
309.8823144
310.2704735
308.1134239
307.2829088
304.3271986
299.8984228
305.3716495
305.4667117
309.5819166
311.6569259
296.4017478
301.3494236
307.7810998
311.1346585
306.0166578
306.0116655
303.7865921
311.1489824
308.3364969
307.3934068
306.7929505
304.0571083
310.8263782
304.1510115
296.4009942
300.7089203
307.4832248
297.9811403
294.5970643
296.6404162
295.0203274
295.2759379
291.3797557
308.4789219
317.2298399
302.3990983
298.1518971
302.6035545
310.0785216
303.4033114
292.7156125
294.57844
297.0368339
295.2334387
296.4655313
296.4481532
292.2995191
283.5291129
294.873185
294.1396916
293.7920923
302.6902722
301.5954418
300.2329716
308.9854894
311.9205697
314.638636
307.969886
304.1309905
308.7343168
305.2420791
294.3589342
304.7552064
306.5815285
306.6272065
300.9511318
298.0811285
304.1338329
296.2335212
287.6771981
309.8418432
300.1696712
296.6019227
296.0085571
298.6864129
305.9107873
303.1610275
302.0514717
295.0489255
295.7229395
300.5585218
303.0324402
300.6004223
297.7353612
290.7150182
295.1435532
296.2236046
297.8777089
308.8295149
312.6062764
301.1151176
308.1749627
306.9219177
302.1823436
297.2470097
305.6250907
316.6936617
319.9040749
313.0076871
308.0389457
309.6810259
306.3146274
307.1651491
314.422775
323.0510421
311.4138385
307.3595531
306.64689
308.0770814
299.4982676
309.058787
299.7937118
300.6828326
297.4726643
293.1263132
308.7142649
317.4646379
308.2538864
305.0400337
302.6861671
305.9809533
306.0769407
312.1564892
310.7906151
310.0094032
308.5971168
311.4935617
310.1275153
308.349549
303.8848301
298.8847257
306.2299382
305.4054017
302.6925216
299.4323559
300.9794296
297.7260455
287.7511746
288.4670704
298.3573457
300.6450084
300.6357187
306.9680315
311.9325446
295.9899707
284.608013
286.536215
303.1894023
296.105451
296.8093582
303.2351061
294.8526995
289.7980545
293.1330199
299.787937
288.4428583
290.938269
300.7429579
308.7611658
313.3499911
305.7909287
299.8088923
295.2968586
299.3173035
304.5743889
301.4271695
299.4625356
291.5576354
292.2268457
292.9204593
299.3428474
306.9649422
301.0678209
294.9259464
291.6880493
303.5714163
308.0337326
316.2884298
310.0209031
303.1492445
289.8729503
296.7745507
288.4910962
293.6278356
299.684199
299.6355674
296.8787572
306.3839208
312.6608695
309.4373824
296.9523241
287.8596248
289.2459705
299.1055548
295.3072641
293.5094754
287.113422
296.283684
292.2020414
292.4401386
294.6902651
295.8774788
301.8858647
311.5868982
300.9828149
300.0660137
293.636654
292.6605467
300.4067226
293.1812783
287.4206296
283.7315717
292.7314087
289.182639
291.3896032
295.2304935
293.3705484
299.9258634
300.7218842
296.929213
299.7834058
306.6791474
303.5331235
298.1128081
293.3259742
294.462735
293.9136265
284.8397732
280.8658038
285.0486954
283.3521957
289.3046582
293.3946999
289.3371706
289.894981
302.3187494
302.1241678
296.6917563
301.080754
292.2040137
289.4350921
292.0829175
296.8841627
287.6819705
295.9096232
295.5896947
291.7935554
288.5772355
284.5739559
290.2120909
294.369326
289.9734503
289.279582
279.234439
281.5145646
295.8723945
294.5827435
298.4688266
295.9981267
289.4096184
286.5017433
288.5956996
282.1799711
287.3650644
293.7636715
301.1230276
303.0221739
306.6419804
304.4412433
301.5081077
300.3192415
295.3024595
297.2211201
300.301591
307.5534118
314.208756
319.4582438
307.0799511
305.4006132
309.8249884
311.0415903
311.9743724
314.6914257
315.9387651
300.9109998
310.969216
307.9781375
307.6133972
297.0753411
307.1483973
298.4374783
300.7578629
309.7348315
305.4233285
305.5530792
310.9322507
314.44827
302.9882887
291.3383911
291.2213232
295.6042516
303.6846018
298.5405363
301.6894034
299.7157173
300.6588559
307.5149973
300.1151803
299.2870955
293.4968806
283.9801356
284.3788052
285.6341847
286.2860809
285.4880997
286.2384235
293.2663463
298.0831697
301.8077319
298.7117325
306.442763
304.3154821
303.1366381
295.025335
299.7885588
301.9094472
297.7807515
308.9688264
297.5987255
301.3448324
299.9654975
297.1282071
302.8836618
298.9675867
300.605782
302.045743
303.8810631
300.621757
291.9981787
299.5721421
303.550651
303.1506464
299.3143561
313.1046393
302.4867175
297.9648647
293.5522621
298.0679965
301.4684119
298.9746837
314.4159953
300.3053652
294.2489816
293.2276058
300.2323969
308.1260867
309.7275126
300.2803545
304.4986932
306.7001269
311.5970635
309.3615004
307.1760646
297.3314945
293.8082994
282.0607896
281.7287612
288.3096323
294.559857
297.0398989
291.0695197
300.0394132
308.5746326
307.5075909
304.3642449
311.4721585
310.8681593
305.6500892
301.6122557
298.374815
294.3179783
301.057876
303.1916308
307.6785305
308.1412301
309.2770668
313.5513267
304.6228474
302.2887367
304.7680106
299.3415393
307.9131534
313.940806
317.7550505
314.8668707
311.781403
311.2823575
312.9655604
315.5698631
312.2390422
316.0364188
315.9157078
316.1816109
310.6791712
312.7599229
315.1680273
305.808492
307.5726426
311.9349975
308.0858453
304.5094554
304.0084995
301.6862163
300.1248361
301.7034603
292.5232181
287.7497987
292.6584414
305.9470943
309.3274815
299.7583665
300.7720209
294.0125679
295.1116989
303.8477154
307.077245
313.9898439
308.494985
298.6087557
299.0526673
301.4883352
300.1460843
302.7086394
315.1168051
320.1048486
329.8417829
328.9400905
322.4887943
313.1827268
309.640605
312.4635987
309.0456658
295.9562634
293.4455435
297.9768194
309.262242
306.4860457
308.8034615
309.126673
303.6113657
315.6036199
312.0261986
309.0060331
308.0253848
305.2604809
298.3823892
294.7576147
302.1327598
310.3011067
312.4774717
317.3610229
317.1483486
315.7558475
309.9737052
300.7408017
304.3374446
308.3066446
298.5302243
305.3855754
313.4148743
308.7175819
307.5548776
305.3039498
306.3440308
304.2370682
293.40996
305.2399717
313.0538669
314.4109254
305.5553718
300.8119995
303.6368259
304.4895967
298.2736312
298.9047403
314.4400749
313.0108275
313.2666237
315.8599916
304.2720038
279.3292987
285.9918881
286.1573477
284.0166358
302.914302
301.9742727
302.1043902
291.7392748
289.9116264
288.9007273
291.0056733
296.1002636
291.0183116
297.4472642
288.3567666
283.8199302
299.9868406
293.4534142
295.7504485
287.2942867
297.7201386
297.9262704
306.9242782
310.8617848
298.9694786
298.2844301
291.4004887
288.7622602
290.8329473
302.2755046
308.0792154
296.9340399
313.0252847
306.8770027
301.2365618
298.4890426
293.9429371
298.8076245
304.2526036
301.1215213
291.469899
285.6546297
284.2488757
280.0961111
293.9433836
297.489769
323.1997291
318.1978622
314.4069095
307.4308413
309.4541121
298.89753
297.0077795
297.7086238
305.1960837
303.7144437
308.2626935
300.0890672
297.8641107
297.9606112
298.6747497
299.7262133
299.9943913
296.3029885
302.8470697
297.9806966
297.807222
307.8583014
301.7218647
304.223112
305.3267446
307.829559
298.2046903
298.092128
297.3863244
293.0378152
290.2207458
296.6182754
301.9143687
302.2214084
308.20808
301.7470296
306.4053615
313.6422925
311.4013685
300.9725501
300.8167316
301.7981201
312.4826488
304.9135979
300.7088854
293.9642809
296.9001445
290.5863484
290.1322282
290.1284347
292.253206
297.1319807
300.5943605
299.3228218
292.1641907
301.390732
310.2869594
313.7731662
306.5418954
309.7744815
303.0260632
302.2927288
301.5407858
305.9982939
313.6072845
312.8536183
315.4993893
321.0324069
312.004463
317.0922364
313.3030664
307.9958826
306.9173221
300.3918937
313.9570872
295.4276725
292.0884564
298.7200602
305.5608422
298.3445063
296.6153859
300.9104524
295.6675191
289.0935468
281.8570896
286.4056565
287.6592306
295.2618074
291.8632365
292.4626552
295.7219299
305.5019838
309.3132266
309.8238293
302.5738832
300.8308684
303.5278549
308.8903692
300.308983
301.6558915
301.3727345
305.982629
298.2679018
295.3785597
295.9022853
290.8484336
292.2287307
292.2706972
299.3243347
307.5957387
310.8650267
305.3965658
304.2804196
299.7107302
321.8233933
311.7733757
293.6805498
299.5610335
308.738124
307.8745899
298.6971517
304.0264574
312.148436
306.9993864
296.236699
298.7313887
294.080626
290.9886614
299.3910244
306.1911776
319.3634524
317.0866639
316.1761102
316.6797168
287.2350487
300.782911
306.7947937
312.3544687
307.8045035
305.3153005
305.7471341
305.1672227
292.2216593
287.9061767
296.7827572
302.4097892
309.9644795
301.8391026
305.6066428
306.4205124
288.990007
286.5396958
289.2109737
286.8411474
309.7695469
315.3316424
309.5028791
299.2983421
307.3336551
298.0411688
291.2009017
287.593953
288.7164091
288.7009703
293.2439296
295.3439035
289.7300521
291.7879991
293.8903034
295.9586872
305.5043319
299.6639802
300.6556424
303.6049647
302.013588
299.4997738
297.867726
299.4834099
294.8286556
301.0506296
306.1996632
304.7870028
297.624192
289.7099508
290.2672204
292.6872151
293.1610266
298.3935949
296.744291
302.0446802
299.3907993
303.8863645
300.9896222
295.1715663
288.9966
294.4277515
293.4627129
291.3943424
298.978401
287.6976994
296.582362
302.4777712
302.5034
302.9865118
302.644291
295.7934624
297.6787822
291.3894521
291.6115815
295.1403213
292.9406606
296.325806
295.0137824
299.0937574
303.6727022
304.0099942
309.7938002
312.5948678
308.7961426
312.2237863
307.047474
307.6102232
309.2694289
308.7001904
310.540627
306.7585628
306.3680582
309.8328599
309.8058413
303.1954316
305.1224756
306.7761876
318.7341038
310.0511828
301.5764943
304.4211086
299.3040927
294.666117
295.980629
298.8977983
301.7339569
306.0040438
298.0813748
312.7833474
309.0218181
304.0566919
304.1488835
311.2263374
310.9921032
315.6080194
305.9916174
316.5221018
311.6586993
303.809793
299.4813244
289.0989609
303.6912261
304.1948021
305.3958881
294.9641201
292.9775536
296.3131244
292.4595991
290.6209704
287.0630594
293.8047344
302.3255024
311.4197893
304.5120953
310.8370541
305.4088615
296.7947813
296.3534108
306.1681469
304.5324152
303.1974054
295.4501513
299.7521712
293.2230631
297.0837745
298.3784486
298.992163
297.3457388
296.0375312
292.2471641
297.3989646
296.5423068
301.8327601
320.8758612
313.3698063
317.6795587
314.4937734
309.1365383
303.1793836
288.2406704
285.4848792
293.1387682
282.4213776
290.0840495
294.4511038
302.4643136
302.8886234
301.6002097
294.8131659
292.0820027
294.2415834
279.8373982
286.076982
294.2782936
287.3439824
281.777119
285.3605872
289.823346
277.4172808
311.4517745
308.9515257
310.7880965
303.2533862
295.6793754
299.1893088
297.6601957
298.0776362
297.8261509
287.5342556
289.8519668
295.4473535
299.4722572
296.8371815
287.6291417
285.3036092
283.2198683
288.0057934
296.0883231
303.3803214
304.099875
317.4558061
316.5317875
322.464388
322.5292166
311.6047237
293.5424496
289.3208929
292.929489
299.7050848
292.4818808
284.2151015
290.0491815
291.7671178
296.952771
302.767221
306.7295811
303.8420961
292.5407802
300.943352
301.78726
296.6882727
300.9407092
299.2924016
288.9251194
291.6816212
295.4444202
296.5849255
291.632246
293.710169
292.3051442
305.9384255
301.294946
283.4025583
283.9455522
285.3671712
291.0131013
289.7749652
289.5161074
292.0225955
307.2395212
313.3673884
303.7446376
308.9141309
308.4639894
298.5290008
299.1609382
303.456341
310.599963
308.7726642
315.579616
303.1169919
303.7649412
315.3588306
311.5800928
301.5279343
298.224084
291.1000779
288.1820763
292.5648435
300.6810587
307.940393
308.4865807
306.3854851
301.2616026
301.6515109
297.3005912
292.5458086
286.5235956
292.7962162
293.592589
306.9551467
310.3488638
310.1314026
302.4305327
308.9870766
304.8661719
302.4053191
305.1539099
308.0871077
300.5706649
294.7248386
296.1218776
292.8963878
293.4817396
285.8206366
298.4210901
293.4341882
304.0937155
305.0130522
305.9067708
301.8898117
306.2693652
303.6616401
304.3350761
304.6724188
294.4363607
283.7321067
279.6437362
289.0575301
275.8780776
292.1105594
298.8653366
300.0045344
293.6935121
292.7056152
299.3462851
301.1467873
301.0558678
317.3729259
315.5856209
318.2438259
310.44771
314.7604913
304.580401
296.9993753
313.6284049
300.9975705
297.9843163
288.0131672
297.9814087
301.322265
295.7156921
297.2643554
293.931825
298.1971301
302.2768659
288.7728246
287.3764266
292.6215704
291.950771
293.0795745
296.5697069
298.8954702
295.9281861
287.6185373
287.6849743
291.8811915
300.8215363
300.3950295
297.161217
289.1754429
284.4543403
289.1410885
291.6879309
289.3463773
297.5720857
306.8517052
307.9101436
310.905846
315.893597
305.5839276
301.3000918
304.487321
304.6012946
315.625724
309.778436
305.157344
298.5373587
296.4087452
307.4424881
304.5064185
300.5996205
296.4778182
290.7471712
295.6345013
298.8042907
301.3925923
294.6777317
297.9922348
304.916407
306.0735515
309.8019032
317.4653935
313.0100932
308.929261
301.7744497
290.0754074
300.3363842
307.3215044
298.8494474
306.43403
307.640701
302.6081095
308.6805343
303.2283437
309.6218442
305.6233467
302.3890384
301.4109584
299.4895364
297.2492366
297.4962094
291.822943
294.5772163
287.7354203
282.4791265
290.455481
292.3326041
293.2479331
307.6181414
308.8276799
302.4678965
298.1490769
292.6171102
283.4455223
287.4907861
295.1840443
292.3895896
292.2581175
295.1326521
297.350311
296.373101
291.9988316
291.4757343
306.7481887
302.2560688
302.06995
303.9644203
300.7700662
308.6668696
310.5651968
311.8358178
309.0129214
306.4428756
303.0682677
300.5319067
292.4693685
305.277126
295.355882
305.9083774
302.4113741
295.7021826
297.4964711
303.9991008
300.6806493
294.2547029
291.2288608
291.4127579
299.6125561
301.4476262
296.9216213
280.957807
276.6338563
286.9937154
290.7204654
295.6331123
303.8723607
304.1779094
299.3221433
300.6338478
308.8974943
309.4080028
296.7266789
291.9460056
289.449105
294.5061986
306.8257978
311.8694185
312.0790307
302.0657136
299.1083373
298.1143743
313.6514223
312.1683253
305.51577
288.3793341
285.3036073
285.8653165
297.2216209
297.71797
295.5582032
304.5089554
303.0275038
306.9727459
309.8174256
302.3283286
297.5027752
296.591774
292.9899838
287.5514821
284.8933849
290.0427407
284.5557104
285.4320717
288.8067916
296.566116
288.2146743
284.508756
294.5973065
308.8382087
305.8402298
302.0216497
297.6975009
284.6943643
290.3956945
300.0674841
303.3012117
299.3055028
289.7294734
298.4506326
290.360876
286.6246727
300.9105336
313.548547
301.1587249
297.2326968
304.5480073
307.8287118
303.059746
296.5661859
300.1318839
305.1936697
298.4006916
294.4312474
291.5478034
280.8526795
285.5773538
289.4670687
299.9508542
291.5329072
285.4914559
291.9000329
290.0759858
284.9857446
297.3715243
317.0780954
309.1576967
312.6962914
307.6078281
310.2088523
307.0884491
297.5397809
303.7861245
305.7462674
299.5121668
303.7081935
304.1988569
306.1793653
291.3370736
307.327934
305.7381148
297.8009224
295.2988605
298.6910398
301.4195013
295.2107383
302.5975476
305.2914637
298.8210477
299.0400021
292.5543461
301.3822466
300.1185347
301.513069
295.1169546
296.6836587
304.4776899
306.048233
310.0481316
292.8397818
287.9483588
297.2023279
292.2951859
299.0361543
299.5758905
296.0027945
298.8679171
294.2624474
290.5112442
299.6934818
295.9927526
293.7905099
305.9469622
303.1563348
313.9892279
319.0553669
312.8405348
310.2921704
299.6596522
300.8241969
298.8922456
295.7575271
292.6324971
283.14497
298.018034
294.6460135
301.4123734
306.9677125
313.9918414
322.3721901
317.0315426
310.0826142
310.9308069
314.2174911
309.1655593
309.2544722
312.4441544
313.481777
307.7169838
304.484783
299.9481495
293.1749132
288.6662635
292.2883736
292.9972286
284.5340202
292.7254658
289.8373977
286.7849716
286.7158068
290.6890084
282.0678747
293.896869
294.6080389
289.0380545
299.6689281
296.9593241
294.041259
297.3914719
288.499411
275.532886
268.3616106
280.0971062
291.1377837
287.8682022
298.789803
296.6855881
295.5874728
294.3280705
301.2259085
296.5308291
302.229885
293.6067886
311.9552042
311.4840042
298.0095664
303.260827
301.8666935
299.8234717
309.234481
309.3093344
309.6384846
291.9630773
297.4691675
291.5003813
289.6024723
295.6287855
291.4619273
295.1973126
297.000631
294.1275354
288.4841954
295.8038337
298.0370696
292.6367531
306.8047135
315.4268977
307.2355771
306.6789006
297.2060244
310.7514178
311.4615102
309.1027674
303.5943105
295.8378226
290.3646943
293.9883226
296.2556892
289.8255623
296.9538464
294.9373826
312.2292557
294.6954991
290.8760429
284.5563348
290.85692
297.8372535
299.8782205
292.4056221
292.5656475
290.5146035
293.6437231
293.7217058
304.0548567
303.6720851
298.4258584
303.3966669
300.9648404
311.5932444
316.9433413
311.4471499
302.8341945
315.6742736
319.3340571
313.859792
309.7837415
305.7830712
298.5081644
293.1488852
298.1876782
303.1452953
301.8080633
310.5998735
301.3536192
299.2868174
299.0529134
292.2743631
296.7586832
293.7068027
294.7136815
290.5406246
297.2414141
295.2834906
300.7371774
292.0293006
287.4964605
288.288781
285.7407492
296.3277612
301.2604434
287.8686364
279.5074662
279.5920193
281.5394351
281.949079
282.5920106
286.8090521
288.3579228
289.6100214
287.650793
298.4522439
300.3323213
303.2515499
302.3927277
304.424464
308.8223237
309.726053
309.9074166
312.9471526
298.0758349
300.5820118
305.8019234
303.0398
299.9734223
303.780217
307.0541546
311.6841204
301.6195811
301.120653
297.0812555
297.5153809
290.6411236
303.4840823
293.5906153
298.8380264
294.82167
296.5652619
304.148878
303.3250512
302.0551219
307.4097814
318.0160427
313.8582102
306.369091
302.9485469
290.7588976
298.9168637
308.3682981
314.9398831
322.4372823
315.6830322
309.8015168
305.3277718
297.5561719
298.2963584
304.1038845
297.6245057
288.8546766
294.4895525
302.9679379
310.1946776
308.7370017
304.7449675
295.8413436
293.252555
295.1888568
294.7943678
288.1087944
286.7076723
288.6034424
298.4536011
306.5418111
316.3760442
314.8308002
304.6989541
299.5152329
303.5157216
302.9121494
306.5377354
306.2217161
299.7962056
291.3720958
287.0057455
280.1424578
280.9674003
280.3541835
283.0793016
292.1584189
298.9905666
292.2830454
295.1622178
294.956306
291.9010758
286.8468412
293.5211699
290.1048382
291.3491918
305.0349129
302.0478879
278.4757546
287.3451653
291.9677109
292.6360476
297.881737
299.7305773
297.3705863
291.2523496
293.5634132
297.4891504
302.2638932
304.5288086
289.5126149
300.0412168
299.7924101
297.1731311
298.589418
299.3766885
290.3952319
280.0229102
292.6703743
288.2069816
291.8622662
289.1969387
293.7294016
290.763631
296.763335
298.4871813
289.3708099
290.3287991
297.2824212
300.726397
301.7476414
305.1405543
307.9595827
303.0900145
297.3233096
295.4902946
289.05814
293.8959402
295.1035715
295.7649293
300.8823933
306.2563398
310.5846027
304.5120191
296.4816643
303.8306943
295.3692382
291.0586589
293.4280054
297.7769951
298.7704698
295.8578889
303.5033393
308.2313712
309.0651922
291.2271512
293.1819388
298.8011908
310.0802219
313.4717073
313.9875716
310.6233852
308.3011488
315.1418735
311.4193702
303.0116703
296.3715209
295.0023845
290.4977656
292.4094737
293.4577921
296.2324027
294.3890936
303.5853947
304.0146942
303.8602779
311.8603796
309.1623553
315.3454094
307.2294859
306.5853847
312.272889
301.4705758
298.0988553
290.529589
294.4739603
300.7035495
292.3738645
294.6656989
295.74428
309.000322
297.6951959
292.7360845
290.7745885
298.0338103
302.6561829
312.4730816
320.9687591
294.440598
303.2520463
308.2824467
304.0663579
305.6652227
301.058836
293.879035
278.9340911
276.9468129
287.0262327
292.1217681
296.4405777
313.6822147
304.2127758
297.6778311
296.3456925
297.5524715
295.9737768
292.8869169
301.3297629
293.8169264
296.8474248
300.7654412
294.4825894
281.2711296
287.6080785
300.9119553
297.2014965
308.4662018
304.4651589
304.9180544
304.1159623
290.2904815
292.190904
293.6454242
297.7932313
300.1712704
301.6530011
297.7427717
296.9722833
303.1925173
296.02414
304.1087779
309.3434959
309.9740549
312.6422944
309.6179832
313.7699861
308.651577
298.5718713
297.8716792
287.8564832
286.6307496
283.5329696
282.5395242
292.3644893
293.9582231
296.1132381
302.9349416
308.3191217
299.2072357
298.8934881
297.9289526
300.4292056
303.7336767
310.1786007
312.8504293
309.548251
309.9996683
312.1334653
309.1174214
308.5717537
302.7816181
300.4625645
307.5704903
305.9161962
313.1808787
304.2587549
300.1509418
297.5747598
298.9336297
299.3526557
291.222879
286.1364404
290.5972173
299.8489221
296.0690172
299.3996453
301.2702881
307.000917
302.1154341
302.5682363
308.9739645
302.5986679
299.3936799
297.7036299
306.7882402
309.1664103
309.2678651
301.7249445
297.1762755
293.347862
299.868806
304.3947114
304.8438752
295.8616032
296.9765893
287.4792712
292.3756095
294.3176242
297.9790956
300.853154
297.0372631
291.5622797
291.2268092
298.6120553
295.8682978
297.4334531
294.3006532
289.9392
295.34949
296.0181432
300.8479558
297.4940986
307.589289
312.8231536
300.4855716
297.164442
303.2954156
304.8498165
302.9309629
311.0213248
303.3588166
296.0059391
291.7076211
295.9693975
297.6571671
303.3740472
296.241218
293.9801413
291.5880973
291.971237
287.3741198
297.8872929
300.7543275
293.2883714
304.226209
301.9438995
304.1077691
301.5737487
299.2595347
291.9332274
294.1830674
297.3014689
295.9558452
297.4378942
296.4953394
297.5073771
294.3417442
293.4150033
304.6011465
305.4181527
305.8124585
310.9394458
311.4128574
301.903727
311.7149889
313.2106393
305.1117732
308.3140492
305.9217554
314.4292656
310.6834539
306.7112699
310.7117692
306.5775176
305.8178321
297.2098014
303.0989201
304.0884929
318.853482
301.5886201
294.2184046
296.1569361
303.5382983
314.2556866
315.3375441
305.2274688
299.6834381
302.383143
298.8081858
294.9599723
298.0006916
302.5795687
300.019918
305.2096645
314.3513896
326.4650396
321.4881891
324.2270372
304.2702861
299.881009
304.2894391
292.9046474
296.3857813
299.1686115
304.2870712
309.5198628
320.4211911
308.6158198
310.2421901
307.082401
308.8919974
300.2661152
306.4468325
300.9517624
303.5337119
289.9760906
302.3665559
308.5354798
295.36713
298.2460865
301.4085826
301.1031396
294.9469284
299.790311
300.9180043
309.7606526
304.5801639
308.7887054
302.1929564
304.5581802
303.9920814
295.5790642
288.1700953
283.9273621
295.5470914
299.0411515
291.9097927
284.5461675
289.191156
306.9956899
295.2015125
304.2241281
299.9683007
288.9741888
295.8196847
285.1733319
295.6214778
304.3352668
303.3749701
299.3342134
292.962823
301.7016751
294.877339
293.0630149
287.2397317
293.7728844
297.6175187
294.6570672
289.7976399
286.0213115
290.0534769
290.3713111
295.4777375
295.0266486
297.0127772
297.2000529
301.8566923
296.8517536
288.7876442
300.4789689
300.2149472
305.4375796
306.6825388
315.0020795
308.7016598
308.5592962
291.7248173
292.1329582
308.0982474
305.6343836
293.4957497
295.4363359
292.0019975
293.6842249
290.5069549
291.7408109
293.7050388
298.5195099
306.0256468
301.210117
310.3934669
308.6199949
298.4951124
291.5422467
292.5274767
292.4046457
299.3255979
305.1511541
285.4669013
281.1671815
283.7749091
291.0629555
294.731293
308.9747785
300.4698978
293.5078228
292.3121051
291.4226409
293.259619
295.3279018
290.8573901
302.749613
312.201435
304.9478299
298.4198341
300.7379772
307.5153442
301.26392
296.7527689
304.0471383
297.2813022
306.2110897
320.0169647
306.8988036
299.9863571
311.3336117
301.3496132
295.119124
297.9008561
297.0634281
301.1785946
307.4444352
306.9191954
296.8749147
298.379894
300.4211305
297.6221812
287.7125274
305.9811825
300.3493778
299.8527454
301.1407134
293.2721335
298.8106463
295.6917464
296.9107113
297.7103014
295.889602
297.9465965
293.4242821
293.2109014
292.355202
295.7234131
304.6757097
308.3471551
306.9314509
308.4920575
309.4068866
291.6149074
303.0337087
297.1279718
297.3620495
297.9890615
299.9885539
305.1592276
303.0939512
290.3576034
294.5653379
292.825329
301.5402195
311.0502233
307.0291484
304.00551
302.124306
305.1512558
307.7436767
308.9156172
309.9304826
314.2918726
302.180525
304.0362494
291.4383723
288.9752731
284.7920018
277.4189501
291.8909419
301.268822
303.5768967
296.8472988
292.8862061
291.8884981
295.4712279
305.2935446
314.3435845
303.9265768
304.3432576
307.6485278
311.4477904
294.651391
286.5853828
289.0380701
293.7448601
287.1864411
292.9871781
303.3803065
306.2052055
294.6905631
288.2224226
288.0216971
292.0226859
286.891178
282.4191163
286.3851794
287.1782304
299.4323626
295.33123
297.4246671
288.3893339
292.5231479
297.5904964
298.9433072
300.7823318
297.8959487
293.2119588
298.2431584
296.1795157
292.9189492
296.217901
295.9095907
295.7166804
290.0213268
306.6792931
300.4007293
297.425379
298.759643
292.8758935
300.1997548
303.1735002
300.2742619
299.6226298
307.2966406
300.1802729
304.4058069
305.1281287
311.2711196
305.6480264
297.9536244
289.6454863
289.031846
298.0229043
293.969673
296.534836
291.9146041
290.6863567
303.2875755
295.1215652
301.528917
300.2252687
303.9210294
311.1536358
303.2586818
295.7501081
287.122469
301.3086905
309.9289771
309.6849552
309.1816488
307.8965257
304.1132587
298.9172913
298.0773608
301.55945
300.5556389
291.0887297
288.031095
289.0642109
289.4115712
299.9828729
304.4196383
304.000353
295.5362631
299.2650013
296.2731286
299.924478
299.3190693
297.9191243
305.2048147
305.7766239
313.5338587
316.6124655
314.4264992
310.6267644
305.2518093
295.9101383
300.4434918
312.7873925
312.0959963
304.787869
282.5701687
288.3749455
291.7861856
297.7958069
308.727711
310.6124782
302.6686989
305.1269977
298.8761334
306.7125428
299.3266798
294.9236724
294.2543997
300.7419224
302.871275
301.9583436
299.4353311
286.9114621
284.1157883
281.5784246
298.9910454
304.9667763
310.998314
302.9656707
300.4670346
294.8164725
299.0785596
292.0404071
288.8918977
280.6832377
293.700104
293.2927166
296.9561852
291.6579627
293.9768662
291.4744931
296.732533
302.9674104
294.0936983
298.4564159
308.7171066
305.3823574
303.4880976
309.3101132
314.2840838
315.6023885
314.438914
320.8192597
316.4227158
312.7120443
307.2928419
309.8066061
301.0021436
303.404254
302.3299449
299.0498307
296.431045
299.5329492
296.0863895
306.1408859
296.9820072
287.4935245
293.6560494
306.6515261
310.3417159
312.2652246
304.4530871
308.9635218
305.1097431
303.4549182
299.4498357
292.6315894
290.80184
292.4233893
292.0106937
294.7948607
294.6038078
292.2123576
291.1553201
298.0715399
301.9602347
305.7024189
299.7406209
295.7933769
290.9814568
294.121618
293.4639708
298.7447758
292.0761511
292.3539314
291.0435652
290.1890772
293.2755165
287.0447661
287.4944983
291.0398146
288.3863897
292.4183118
300.8931625
298.669852
302.6648464
304.1006058
307.9756788
302.8658941
290.1591978
294.422389
301.9612665
291.2327589
290.3652966
300.747002
300.7376144
295.8065026
293.7021853
301.5696927
299.3741516
298.7305417
305.6840122
305.621113
300.3447305
302.0148187
320.946117
308.1827365
305.5204166
317.7485545
308.0496333
302.8727268
306.6821103
309.9202208
319.5146487
317.180423
320.3972131
308.9480607
302.3009794
292.6870277
309.8067303
318.378051
321.3953046
315.4474943
308.7175184
304.8495375
315.6217488
306.6922456
322.9204772
312.8356882
306.6570673
311.1209273
322.1741789
314.4380458
307.6732901
311.4631831
299.3733563
301.7449539
305.0253586
306.8814915
296.7172286
295.4164051
305.1705837
303.507196
296.1622714
308.9919283
309.2449229
310.1170791
293.7069748
293.6406258
305.0267545
306.1702057
309.2970051
297.7544862
302.8697244
301.0806527
301.7626074
303.0506125
306.773989
307.7957641
312.296356
310.3365998
311.9973251
310.7994727
306.9256228
306.6733473
310.1038213
300.8476819
306.3477173
308.3755451
303.4121298
298.9743856
291.6480816
303.2657587
298.0315039
296.0398096
298.0772558
301.7309597
305.2203735
302.393533
299.3386555
304.4664444
305.1383097
309.8665139
311.4843226
315.6886305
300.6665537
305.6122028
306.3393986
309.5472386
312.7168144
306.2058993
309.0287712
303.6540518
311.8618946
313.0778308
313.2118235
307.6086421
306.6554499
303.3020463
305.6154956
299.8098026
299.5553393
303.3131502
302.9120713
304.6599552
292.0471405
293.1800891
295.6881669
298.4880351
301.1574553
301.2261973
292.8152229
299.291734
303.8216852
296.4941309
297.6919911
303.0090826
299.7738348
304.3715425
300.6396187
296.1107311
299.1339767
301.1286385
292.6523496
291.504328
302.4880407
302.4249571
293.5096169
288.5517716
294.9288095
300.3426886
295.4649088
300.6810312
294.3670977
303.9249864
307.2485299
301.8941622
305.6715301
308.0173923
304.0466051
313.3929475
304.0987148
300.5199669
302.2777112
304.8368524
296.3891205
290.9637704
292.9883887
297.1096781
307.5977564
302.1304055
297.0364334
293.9984906
298.362867
303.4526436
298.6233817
295.3100565
307.210353
303.2044146
304.315986
306.2456224
304.0626568
301.3907314
296.6215756
292.1537908
303.7589409
307.0701226
303.967463
304.1157129
305.3760867
316.6338217
302.9235582
298.1960078
292.5346729
296.0421968
301.4877809
304.791539
292.1729513
292.2866
298.7744634
291.4906852
296.7749432
292.6487427
287.2379106
296.0712823
298.5988708
295.4436945
305.7845015
293.1753729
289.3685488
277.30743
289.3026649
298.1066829
299.6469615
302.9535553
303.2045146
309.7862679
307.4340756
302.9681558
302.5420172
297.4492442
297.5275444
304.4960791
300.7140954
298.4647566
302.6878091
288.1218279
289.17528
298.0439056
295.2836718
301.0685511
291.9850888
295.1437444
297.2560046
283.9984512
282.9238944
277.8931347
282.4203931
285.0949443
295.2467011
298.9243393
304.3017774
305.9862322
306.6659844
307.7583027
294.7959468
308.2247987
304.852343
299.3787527
299.1773903
298.4670135
310.0204532
299.4115019
293.9410411
287.7201003
286.8252493
287.4363682
283.1559877
294.3984723
297.3085527
302.3053028
302.0407908
296.2908417
294.0748578
288.2323847
311.4546037
306.2694813
306.0098944
300.6994228
288.7411669
287.1764073
293.3393144
293.8485629
285.4364
299.6857951
297.7705713
284.5408633
291.0736934
293.3366966
295.3522143
299.3187069
293.7211046
286.3753271
295.3220646
312.6556122
304.3070493
304.8382005
301.5517995
299.8144113
304.2361818
303.3248024
295.6869852
297.6970577
303.528803
296.9062443
301.5466141
306.8394321
303.5292893
297.7706011
294.5117114
294.7738465
297.3179258
299.1198193
298.9898159
299.3664048
294.9613712
296.5598256
293.7820468
288.9410356
290.6639798
296.4738562
295.5492613
295.6910865
295.3256298
294.9641449
299.0595505
305.6654479
297.5653228
300.4922742
291.2795108
296.2611311
297.7728506
306.4548836
295.4082938
295.9834008
300.2197787
298.9078689
299.9509017
309.9331229
305.1727471
294.3755296
303.9349844
307.8927591
296.2221609
285.1439499
284.3661408
287.1317072
288.8415624
289.6352993
294.2182208
291.8487711
296.6574156
293.2346199
304.2194898
304.8242695
290.8783045
295.3899513
291.8163022
293.4192821
303.1028151
296.1249762
302.7970804
300.5492649
299.8762029
306.8327455
297.1243119
299.2067014
297.687835
305.8325617
301.0637516
296.6731234
294.7001375
292.7250079
296.7262313
297.4861823
296.6712467
296.9776487
310.3930762
304.1359698
307.9073579
312.1421289
301.6311754
295.970286
296.4924002
296.3157928
304.0808531
306.1545227
297.1791378
299.5496144
302.993094
307.9260599
306.7114448
302.6158829
299.6176138
301.840218
299.2448741
293.9111101
289.4697209
290.4094685
294.0814103
289.7799184
295.2144168
309.5112929
310.3900068
309.8685859
293.2314682
288.4455748
293.669742
298.5865584
295.400482
304.6829513
303.7144278
305.7212979
300.0746675
295.7652445
310.7871151
311.5863377
309.6364284
304.0993639
288.7787568
292.4030991
295.8968995
294.6239061
291.8324721
292.9877097
291.6393594
305.3359407
306.539177
306.6031626
301.8702905
298.8823883
313.1749527
316.2211198
312.9182133
313.2570132
297.770386
301.9931048
302.5979057
306.2689022
305.4954867
309.5120067
312.7172004
313.722527
314.4485197
315.9856842
308.8467531
301.6587131
307.8305371
304.2604038
303.7381509
305.1718734
294.9987332
287.4157702
284.9145696
290.43845
295.9293682
309.9836434
304.2208242
305.1710078
307.2302431
305.7768891
306.0219467
307.9093056
310.0997788
309.5484665
314.5268873
310.9280903
308.9365582
303.6538017
310.4531254
306.9507898
305.6456679
294.6030062
302.3064047
288.6617955
287.6448492
288.0324038
295.732437
294.3017299
293.9553142
291.8634229
296.4621285
296.4113107
301.3929795
303.2949453
300.9063229
303.5521692
307.0019822
298.0146922
294.9242248
301.1355719
299.7103084
304.4469368
295.854313
296.665518
297.0513409
296.8665258
296.7971427
302.8171657
294.198386
298.4876575
292.4672233
289.2332595
278.1548815
291.2993111
296.8558311
304.5770827
302.413231
310.7450415
312.0819785
302.5408538
299.1990015
307.0713202
305.282898
298.4249144
288.0457328
299.8808148
294.6401448
298.4079517
286.382505
298.291518
297.9785534
299.2705267
300.1356038
301.4165984
289.1947637
275.6541483
289.7119748
284.7561119
285.6489155
284.2345249
286.2556478
300.1500101
294.1692635
284.0699813
283.6868576
292.6171311
292.1659239
299.5143221
299.2305079
302.4096362
293.5201679
295.4391703
285.0893186
282.6764326
290.9010216
293.486388
298.8844697
298.4416431
298.9918458
304.5149959
301.8817376
296.101073
294.2432073
295.8319108
295.8718286
297.7721843
290.8328412
293.1480417
301.573565
295.7248848
301.5588568
297.4905585
300.1011762
304.6855581
306.5240129
302.4762554
299.4811557
305.1326628
298.6177462
299.2573062
292.9283775
295.6763595
296.6543731
291.6195462
281.5941123
285.635322
289.7590453
294.9986267
290.3396144
287.5867558
289.0254333
303.6378012
301.5186119
301.6687858
302.1069915
305.7659858
297.8911419
302.1946994
311.8003363
306.5073503
308.2158133
299.2906297
294.8668619
291.5887206
302.7166382
307.6759595
300.2931135
303.3997048
312.5811897
317.4143294
310.3054092
303.3853915
298.2087406
289.403847
289.2627787
291.042334
285.689895
288.4380622
290.2038242
293.0522827
297.5593507
305.9585739
309.6202677
300.6509791
298.8274766
294.927214
296.5793591
302.2360262
303.9902042
313.2827969
318.4338917
310.1679746
311.9810596
316.8598518
305.5494357
304.1470488
312.6249089
298.6385302
289.2648634
290.3847334
294.9299611
306.6415608
305.5566183
301.01256
292.4149269
295.4343938
298.8404686
301.3300984
302.1487971
289.9272628
287.4631805
291.4179373
286.2817627
293.6092058
285.7230662
275.0520449
281.6993369
284.699692
295.8361352
302.2625984
292.8087377
298.7584244
299.7083725
300.3131681
307.7674227
307.9593141
310.5049701
288.1096713
296.5840572
293.714896
285.9488469
284.8254002
295.050072
300.9827
312.2147629
307.1879809
300.7679199
299.079245
299.3435558
297.8991518
298.6553595
299.2690732
291.3040307
290.2037644
300.3155232
289.8542704
292.2401265
300.7691553
305.454011
305.7895141
300.7774081
298.8842736
297.2104048
281.1304912
290.2437429
297.3949648
305.4469241
301.6982147
300.7069055
303.3043072
299.1574345
296.7408913
306.0196855
298.0993376
290.2367173
292.7192901
285.2944036
291.8422401
296.3494467
298.3375112
302.2526754
300.7351701
298.3626395
300.6633721
292.7647563
296.287707
287.4274918
282.8804171
292.5087339
286.0190518
290.3372298
293.0052225
288.3842344
292.1708118
293.2168246
293.5200272
292.787216
288.2798965
293.9748852
300.1548258
300.6801344
294.3528006
288.8356306
293.3270525
305.0483254
312.1172303
304.4937602
291.5936945
295.1081891
292.7217345
285.3807043
292.9875341
304.0687531
298.3476672
302.8436084
295.2614303
299.6314349
298.5443228
305.0145128
306.0612689
299.996401
309.2839494
310.3889201
306.3243796
304.3219299
305.6731808
304.2194743
306.0233712
302.1198204
299.2447408
296.0708627
293.8963139
300.4832027
298.9385245
298.2719745
302.2543027
283.7923902
288.723744
294.9862083
294.9037448
292.6348838
290.5327953
294.6517698
299.8453807
310.2294012
309.2633108
306.3170247
303.2843087
307.2414688
295.5437037
297.4569937
292.7386433
301.9496061
292.2822282
294.1003393
284.2724524
295.1344904
297.6316054
301.7270433
297.6784096
305.8547749
304.1022072
294.9709333
295.1849227
303.4021198
303.7084717
306.8816019
306.3529484
296.4594152
293.3587486
297.6084935
307.8792178
306.1192425
307.4107046
297.3570847
293.3946278
291.0019827
288.073877
293.576399
298.5458504
292.1116771
298.245731
296.9308881
292.9246344
298.2276539
301.3981458
297.0654427
303.2667725
308.3286793
297.5935683
297.5467206
294.1139972
300.0341396
305.193155
290.976332
279.2751872
283.2976989
286.516055
282.6714046
292.0742763
295.7114117
295.1055941
304.1160936
306.5202943
299.7121472
290.3320366
289.5464779
285.9434784
296.0057785
312.0746814
305.9046475
294.8863668
294.0737807
289.9278192
290.1614707
288.1631751
290.1701563
296.7967482
300.8062307
305.9112402
313.6324525
306.8634666
307.4955458
299.761625
302.5008797
303.8923153
310.6253992
299.6689284
298.6283604
289.4753312
289.9311465
286.6540265
290.8764223
284.8117503
306.1555052
291.0710438
287.9891534
290.389283
294.3416091
295.1472629
296.6313992
294.8273788
293.9379432
301.9505522
292.7000272
287.8791668
275.6763372
275.0430716
277.2068043
282.1611581
288.2024841
297.1938935
300.3170733
302.2163638
306.7822784
319.0858919
310.0607855
303.5999108
300.5593921
298.0079995
296.0486692
300.3368866
300.0551704
297.2891273
303.841247
302.0624932
301.0505915
308.6241725
304.5799837
302.8792242
306.6749915
304.1258843
298.4335373
296.5142376
305.1732296
293.5751485
295.6316576
303.8273085
297.5904608
299.7102987
293.360633
297.313653
290.0105055
305.1066343
299.4498271
304.646476
304.1056308
300.5443925
299.2387957
301.2054362
304.0588441
305.8551575
313.9545667
306.5477453
299.0079911
303.9994395
304.3961132
299.6351358
296.2312421
294.8625158
310.1306575
303.7130996
309.6411386
304.2958973
303.3727208
294.6982815
300.4045269
312.0545313
311.7021532
305.6498201
302.323506
309.9465297
301.6079534
304.8498472
302.6622993
294.3788074
302.0298937
305.3785682
304.2864635
295.4228949
294.2425387
295.2442169
292.2534917
293.3141467
297.3408057
300.6177502
301.443641
307.348299
311.0515877
316.8544399
312.7398368
308.7909005
311.017141
303.7528912
330.3374021
321.5261601
309.9403001
293.6857504
288.856832
297.3061355
303.7039512
298.8569396
296.7972912
279.6808691
282.9998968
298.5845048
302.3307142
305.651572
302.6095256
302.5109057
301.1261177
304.4115349
307.8462905
317.9489308
294.4958529
296.482664
287.2146083
295.2035385
295.0164917
289.0395302
287.8709213
295.9614016
297.0416448
300.7048008
296.121268
288.8548844
286.1121243
289.1723363
297.7170051
303.893227
303.0897709
308.6794078
305.0148783
305.0273713
300.9982452
304.4396555
300.4902991
297.6741771
292.9184543
288.7804469
287.5729574
295.8953574
303.0658164
302.6848032
303.1169
302.1810152
299.3683676
287.6202836
283.5864805
290.0698429
293.9671699
302.3468741
301.706971
302.4545934
313.6870433
307.7152628
307.7482358
305.2278939
298.3167746
297.6318943
301.374694
304.4624033
303.9507879
298.9748762
294.811833
290.7078214
295.860321
305.1546782
306.149938
311.6838737
312.0730083
300.8915716
307.1083999
307.2888478
300.8310299
302.2599284
307.4549317
305.0992408
316.5947283
307.6297068
306.260613
299.0374029
299.0156563
294.2841054
299.4022374
289.3534386
289.9781429
298.8341544
295.8481819
297.4866767
304.5114302
301.5841278
298.5239695
301.2186887
299.3866462
296.9099197
298.349339
298.4104653
291.9067663
293.9469764
301.9882023
294.2632801
305.1437067
307.0795776
315.8243395
305.1612724
306.3575206
299.6478376
305.5208543
299.3430576
293.4879291
291.9175401
302.1292553
292.8960917
303.2259642
299.8602791
304.3984572
302.10712
297.209212
305.4366589
308.6130408
311.7888758
306.6690605
299.9733775
292.2930418
299.3915655
298.9477913
291.1400788
291.7056519
291.4522029
296.616972
299.4020016
294.6424817
310.0361758
297.2073724
305.7979262
308.6016435
307.9083379
306.2175233
310.449615
313.2905154
306.6818311
302.0680261
303.7808326
299.0976312
297.5994499
296.0341965
306.583228
306.3529225
301.4041051
305.0024373
296.3702619
291.4554804
288.0022377
310.0779445
306.5048493
317.4666058
314.7532649
310.7337347
303.1605782
306.5788003
306.0283089
294.0777495
298.8914951
307.4313368
303.4415812
300.5471655
298.9275491
305.9467493
312.4969718
314.9649251
314.1030776
313.909653
313.2899892
301.1005679
309.7304079
303.5589899
304.4240996
290.7869529
289.3223706
289.823503
293.2563213
296.1807211
295.5415079
296.2001876
299.9864941
296.7180919
295.5982885
295.4885457
284.3679028
282.7080973
292.3194462
300.1255337
302.3616476
297.6876312
307.764877
304.1757251
300.1570734
298.1036033
292.5437019
286.7958271
294.1429592
291.9064961
295.5763982
292.2101525
292.6862368
286.0136659
295.6629629
294.1971723
290.958486
291.1135425
293.7481314
293.476144
299.1535442
311.8562374
314.9294626
305.790931
301.955661
309.7646245
296.8372262
294.1845704
283.480077
289.2026419
292.8659892
294.8471512
294.423919
299.3498937
299.9712677
296.7436131
297.1927735
297.6814576
299.7218736
299.9952966
303.5802739
313.3049089
303.5166502
306.5183805
297.0754377
290.8317004
300.5799615
307.4431278
306.2562918
303.0904902
297.1013276
298.9048252
303.0815176
308.4543833
309.5654778
312.626501
299.5890859
292.8050406
288.1885793
300.3110267
305.8113877
289.396944
291.9812015
291.6801864
298.0822608
302.0021074
298.5900454
295.7564163
304.2486273
300.0430011
304.9268312
312.0468863
307.3705499
301.5079484
293.5534552
292.4956923
293.2738603
294.9669422
299.6861743
297.241315
290.6101862
301.3560766
291.2512077
294.228834
305.2054736
311.6346666
306.4496059
301.0487891
295.5777556
292.2788074
288.8593215
298.2760088
303.6501421
301.135969
297.873176
293.5295876
316.0820307
315.7891174
304.7105799
307.1756778
301.8109869
305.0588336
314.4304637
296.2162811
299.03655
297.8704587
295.654835
294.1865838
300.6645068
302.3633431
297.1165999
295.7960342
293.4806746
298.8663327
292.3939581
305.4605329
305.0147574
302.4452958
296.8344371
294.8204058
299.9097633
292.6890742
291.6884703
302.8397086
302.0518898
303.3528256
301.4669577
300.412578
306.5550815
303.1567957
304.8892771
300.1000565
306.8793191
300.3556322
305.9214409
292.5648796
288.0854455
293.12816
295.9153606
291.6982084
282.2561348
308.7938578
301.4470728
298.617383
300.4919402
307.8436152
307.1527316
297.1710314
285.1665173
279.1717966
296.241749
299.0575496
293.0000007
295.0413132
296.6806881
290.0829091
292.6525627
297.0447885
292.1494334
296.9739478
300.811493
303.8229592
308.0145202
305.7539737
311.0902932
305.9046264
311.3169081
314.9045635
307.2623331
300.6839679
297.3080683
297.4313287
296.3258282
300.286018
298.6560535
301.6225722
296.7525827
292.5233775
317.7902084
312.7205396
300.2602651
302.6717393
309.0452768
308.4177987
307.1531054
308.4380928
302.5585428
295.9160157
292.5199309
295.3961973
297.631412
303.6340142
302.3497028
301.1694687
303.8169461
304.7978769
308.4204218
311.4131377
294.2520093
289.4780955
294.8426893
306.4012017
306.1030085
304.9857915
309.0024663
312.6080913
312.117726
317.1377404
314.443855
307.6528707
297.9119028
293.2147593
291.1288513
291.7079398
291.3741297
289.8630037
287.4426261
300.6164871
310.2092107
305.7152563
312.0759444
292.2901289
295.174687
296.0720638
298.8533366
305.4280696
302.9638319
293.6631604
300.1700464
308.9033
304.9572231
305.3257582
306.5482351
314.284481
314.0757421
310.6420044
303.3474437
296.6313821
288.7195476
275.8118415
281.0639404
295.0823492
304.3256067
302.599117
300.8508369
295.8228856
297.9558594
304.3593674
307.9839384
303.1249143
300.8556545
302.094869
302.1046363
304.6687907
301.2543734
303.1466295
303.7837494
304.3760765
304.9982163
310.6329752
310.0495822
307.2202399
299.6136671
288.7504546
289.1847608
286.9746686
292.3361485
294.5377439
297.0602817
307.8536818
293.8940093
292.9089158
297.6293346
307.01916
304.2245861
300.1443451
305.8132983
305.7196959
312.5373235
304.0832879
304.9500262
311.024828
308.3770843
309.2175843
315.7262262
314.0059548
305.805099
296.6954531
288.948435
301.4592208
303.6466627
301.9452209
299.6651196
301.679461
297.9137832
297.2671008
301.9499006
304.6495656
297.16209
296.4554107
306.5778053
282.7579285
287.0276942
287.7138446
281.5554941
295.1712282
295.160977
292.7320303
289.1766519
298.9708717
300.0416845
299.9611198
298.6930412
294.2278174
296.9895621
302.3012809
278.8488436
294.3511513
293.7038697
290.912521
281.8325464
282.4318882
281.9556901
279.9917191
285.23518
278.3283909
278.0519503
281.9823683
290.958736
297.9261714
297.6693925
297.6065941
295.6658056
301.7729038
295.6660527
304.5157432
307.1037435
302.6255711
311.4083902
293.9238085
288.0143259
272.9185121
280.0739549
287.4282241
290.3368882
292.1880958
290.6570845
295.9021081
298.1379461
298.1834463
297.8392105
302.3897891
299.3747249
290.1723208
293.81817
288.3647722
288.4925678
289.6184423
288.7927577
286.0660627
275.5299017
298.5830176
303.865902
295.7257408
295.3541029
298.7490237
296.1159627
295.3879032
294.2132751
303.9399131
311.903322
301.5189134
301.6403984
314.9809479
306.4549493
302.0804606
297.2830569
295.032577
296.1007026
290.0784843
292.7180196
276.305343
280.5500615
285.8846558
280.7069715
288.0295902
292.2932215
300.3494539
306.4101853
305.9592873
295.8147175
288.0412501
295.3635426
301.9060979
308.2304913
302.5511837
290.5654922
293.3246764
286.7716187
283.9321597
285.3927641
307.7179134
303.0427288
308.6003107
304.9776265
310.8779769
309.1566665
308.7331991
309.5105099
302.6221276
299.175951
303.8910055
300.274506
300.1824778
294.5505192
297.5360584
292.4628148
295.7216045
305.8044742
295.2499975
297.7197404
293.1249236
298.123851
298.5176099
287.4006388
292.9115352
299.1874633
302.081241
299.5866808
297.4430366
297.8448951
285.4156464
289.3340628
299.9645351
291.7540821
296.7339987
292.4273681
282.8361508
275.222568
281.4106683
296.8851035
297.0390518
291.3593269
302.5517162
303.6446606
309.9775694
308.8613662
303.6428928
304.7774046
305.2025101
304.1391926
300.6269938
289.9935681
294.5565384
302.216948
303.8823366
303.2872873
308.0143645
305.8748721
304.5683812
297.362091
309.9495743
314.1120115
293.2070928
283.653306
286.0901558
290.1219638
287.3896543
301.19804
297.9867138
303.6932959
300.0541241
306.355768
304.5683927
305.4853877
300.2687524
292.11561
287.0651986
289.3767707
296.9130427
311.506528
303.7241577
311.0864845
306.4678795
300.8024356
300.8988954
303.2813389
299.1750622
297.8799728
305.5331155
300.7756084
292.5392426
296.0295535
292.2811072
287.101216
292.454452
295.1728287
287.7129555
303.5271492
314.1313165
310.3002034
)
;

boundaryField
{
    xPeriodic_half0
    {
        type            cyclic;
    }
    xPeriodic_half1
    {
        type            cyclic;
    }
    yPeriodic_half0
    {
        type            cyclic;
    }
    yPeriodic_half1
    {
        type            cyclic;
    }
    zPeriodic_half0
    {
        type            cyclic;
    }
    zPeriodic_half1
    {
        type            cyclic;
    }
}


// ************************************************************************* //
