/*--------------------------------*- C++ -*----------------------------------*\
| =========                 |                                                 |
| \\      /  F ield         | OpenFOAM: The Open Source CFD Toolbox           |
|  \\    /   O peration     | Version:  2.4.0-MNF                             |
|   \\  /    A nd           | Web:      www.OpenFOAM.org                      |
|    \\/     M anipulation  |                                                 |
\*---------------------------------------------------------------------------*/
FoamFile
{
    version     2.0;
    format      ascii;
    class       volScalarField;
    location    "0.0008";
    object      p_mixture;
}
// * * * * * * * * * * * * * * * * * * * * * * * * * * * * * * * * * * * * * //

dimensions      [1 -1 -2 0 0 0 0];

internalField   nonuniform List<scalar> 
5120
(
0.3949154881
0.3990121329
0.3661832066
0.3634552435
0.3718210486
0.4005594718
0.4166297977
0.4025448233
0.4043566304
0.4100190455
0.4274805756
0.4127146546
0.4342196744
0.3995334665
0.4085651403
0.4212533223
0.4085480382
0.4375978169
0.4080654254
0.4080081648
0.3756709191
0.4050797261
0.4176911285
0.4226967764
0.4226097115
0.4289266471
0.4240160142
0.4370536984
0.4422983345
0.4362000344
0.4271920169
0.434251164
0.4097410687
0.4045549906
0.4012215907
0.418873678
0.3782808232
0.3631130706
0.3798946546
0.3759220208
0.3746516586
0.3900022778
0.3983780209
0.380760667
0.3789591369
0.403317726
0.4218069422
0.4252084486
0.4015016164
0.3954744914
0.4054354186
0.3780577251
0.376154928
0.4033128823
0.4155407739
0.3876932078
0.3769642018
0.3846154739
0.3950168556
0.3866080251
0.3864132854
0.385471986
0.3793453
0.4134393908
0.4385589599
0.4258625303
0.4274231615
0.4423436581
0.4498024193
0.4402587635
0.4510742014
0.4279980462
0.4038907404
0.4249788334
0.4352975032
0.4235143615
0.4448042628
0.4374144682
0.4119654864
0.3876840892
0.3957891459
0.4119328302
0.4027027287
0.372595048
0.383282429
0.4134845937
0.4239976858
0.4055191633
0.4075256398
0.4428714912
0.4356813697
0.4395965108
0.4260962446
0.3888355583
0.3582360087
0.3693261742
0.3982618928
0.3933581218
0.4018086362
0.4092683221
0.4211782175
0.3872431364
0.4028661241
0.3951929166
0.3961875045
0.3784381183
0.3825068049
0.3921611684
0.3966592192
0.3771486585
0.3969460889
0.4071495869
0.4052804132
0.3994740487
0.4255914351
0.4390102528
0.4133636449
0.4214033767
0.3983898787
0.4004464885
0.4210487949
0.399494911
0.3864906355
0.3952213543
0.4051957842
0.4437830639
0.4187831715
0.4376905966
0.4431428163
0.4359587149
0.408245939
0.3796506809
0.3854252231
0.4085592893
0.4470109316
0.4538994736
0.4376771301
0.4307992901
0.4079715525
0.3990448401
0.3983497967
0.3747973375
0.3833945091
0.4027738996
0.4091685839
0.4160706933
0.4517104732
0.4417154587
0.4153324995
0.3936702886
0.4034632856
0.3971153477
0.4215764062
0.4395400182
0.4154817972
0.4106443018
0.404144702
0.4012703683
0.4211371902
0.4195943587
0.4600229128
0.4612144781
0.4484993886
0.3994041708
0.3973360908
0.3981842103
0.3886434624
0.4261918685
0.4296269054
0.4156722378
0.4132270703
0.4305447394
0.4173985222
0.4352233141
0.440232693
0.4167819687
0.420262961
0.4325636062
0.4249308468
0.4438934996
0.4043535916
0.3886342131
0.3894909011
0.3801430167
0.4036646572
0.4107774147
0.4032439209
0.4048289813
0.4302553311
0.4424719991
0.4273499792
0.396406139
0.373415127
0.3786659124
0.3852407885
0.4019275105
0.4227008395
0.4146011471
0.4320477587
0.4489268071
0.4420727355
0.4423616407
0.4138737291
0.3869074642
0.3802607366
0.3996271283
0.4078686122
0.4093350943
0.3950665984
0.3846373442
0.4119687723
0.4477865338
0.4116789352
0.4108222992
0.3956440874
0.4366332858
0.4419235734
0.4493136013
0.4295995857
0.4195165993
0.4193611636
0.4373506352
0.423641548
0.4313979667
0.4129343214
0.4371742172
0.4238923595
0.4236414759
0.4321215145
0.4113392034
0.3894302267
0.3849859523
0.3783102033
0.4061085932
0.4284238942
0.4355357767
0.4408841446
0.4128898506
0.4444552594
0.4305909361
0.3919051646
0.396891754
0.4146161403
0.4323001425
0.4422627137
0.4079981472
0.4243722745
0.416869157
0.4144985679
0.4563588112
0.4530346131
0.4434323638
0.4113529031
0.4255403577
0.4270240774
0.4418200935
0.4254742009
0.4330603726
0.4042692941
0.3684091144
0.399610705
0.400046752
0.3924738693
0.4016531484
0.3929630812
0.4207244598
0.4041961177
0.3702877639
0.3721502084
0.3714474992
0.4117837176
0.4359529894
0.4347475729
0.4308832663
0.4110087276
0.4279356449
0.4580746088
0.4484307421
0.4104143961
0.4136312116
0.3857432945
0.4118152673
0.4129283122
0.4186915517
0.3956892696
0.364497465
0.3842147872
0.3778039288
0.3788976193
0.4139623548
0.4276710559
0.4288033892
0.4247488342
0.4356210206
0.4511920679
0.4302023476
0.4286821493
0.4262567643
0.3809026291
0.3882569674
0.3715115405
0.3440527793
0.3626792727
0.366645093
0.3694183175
0.3741383543
0.3863400827
0.4120123974
0.3976998544
0.3792108394
0.3802611763
0.4207715829
0.4604190495
0.4689403336
0.4522294089
0.4368705812
0.4120051707
0.3924219784
0.4091152996
0.398759348
0.400568358
0.4153493978
0.4023217619
0.3856958175
0.4125209789
0.4073897468
0.4214832091
0.4206724937
0.4194576482
0.4091721227
0.3969469568
0.3992957624
0.4210132954
0.4109695479
0.4442653524
0.4311269711
0.4417028803
0.4012516005
0.4353997248
0.4076861944
0.389098615
0.3773973787
0.425889355
0.4518422537
0.4276235262
0.4618001804
0.451453447
0.4463039582
0.4363325648
0.425246511
0.4118425589
0.3840361414
0.3865037332
0.4129061215
0.4127153107
0.4110795424
0.4345040617
0.4551903373
0.4121828802
0.4045047661
0.4010750626
0.4123796621
0.3902470462
0.3873887405
0.3945179674
0.378230859
0.3879724577
0.3740745648
0.3738074047
0.374284049
0.3927104079
0.404125567
0.4208592533
0.3968963913
0.3737921249
0.4034757099
0.4166829205
0.4085410225
0.4108165384
0.3972264946
0.3996348276
0.4129286442
0.423166034
0.4241145483
0.4110585284
0.4164248997
0.4217707415
0.4443179346
0.4497897192
0.4534360057
0.4082755787
0.4195442324
0.4465414362
0.4551003019
0.4293519082
0.4115140514
0.3660516952
0.3662529911
0.3841013212
0.3922654072
0.4231221111
0.4265794723
0.4396241506
0.4564348043
0.4454423725
0.4662611419
0.4433827002
0.4297388293
0.419447333
0.4006858864
0.406902003
0.4075910805
0.397596392
0.3717088849
0.3874550353
0.4136979894
0.4185321288
0.3955389983
0.4028597654
0.4113960898
0.4381380342
0.4711763899
0.4617980936
0.485097579
0.4531363868
0.4046333456
0.3725345161
0.3602675467
0.3816945392
0.3893913359
0.3708185418
0.4116112675
0.4233972001
0.4714174494
0.4646296777
0.4299101976
0.426221058
0.412824046
0.4082801483
0.4189942109
0.3963982411
0.3992085228
0.4159506091
0.4208932842
0.4103771628
0.4290979175
0.4273819611
0.3986652496
0.3772478588
0.3913197778
0.4375818674
0.4342436478
0.4235219354
0.4010680144
0.3925456501
0.4015148459
0.4261293813
0.4134657453
0.4200661179
0.4101320767
0.429007648
0.4651515596
0.4643187353
0.4745899156
0.4517355407
0.4271965895
0.4393971278
0.4663850625
0.4547824806
0.4720504345
0.4777405992
0.4511465764
0.4425197504
0.4227291397
0.4229150122
0.4342180741
0.432533499
0.4388711009
0.4555917548
0.4476720479
0.4439246611
0.4161850054
0.4148359999
0.4342222015
0.4449926473
0.4797541686
0.4683864487
0.4268102667
0.4133641788
0.4057660815
0.4182509521
0.4282793733
0.4504475106
0.4695052115
0.4520671413
0.4379347694
0.4391740751
0.4365849866
0.4680564091
0.4787710595
0.4215021118
0.4396283395
0.4361270603
0.4507751852
0.4110798624
0.4240672367
0.441913198
0.4537088456
0.4191680437
0.382711107
0.3698392431
0.3879667893
0.3718302519
0.3823869211
0.3998604261
0.3974814376
0.3885375614
0.40129795
0.4124613721
0.4025692431
0.3923718262
0.3932265445
0.4115209389
0.3962560628
0.4147053554
0.393258981
0.4169434863
0.429005753
0.428986913
0.4281953677
0.4027136272
0.37959017
0.3909339374
0.4085918002
0.3800706192
0.3921465113
0.4090509061
0.403416587
0.3957461125
0.4174628004
0.4124508237
0.4104229401
0.3994533081
0.4244788222
0.4202037671
0.4031316578
0.4108830607
0.4224887683
0.4182378088
0.4251929217
0.4062554619
0.4214090691
0.4199129588
0.3988600705
0.3850542314
0.3715632371
0.3781031217
0.3704772582
0.3736623668
0.3777210222
0.440571712
0.4411490219
0.4103420919
0.41426736
0.4303188438
0.4721997355
0.4463436739
0.4215312857
0.4179551488
0.4441390008
0.4383384408
0.4279292482
0.4222848659
0.4048095181
0.4097206477
0.4051017624
0.3843956497
0.3970249061
0.4034440781
0.4278098757
0.4112540301
0.4062323336
0.4194617374
0.4235034822
0.4222468397
0.3742845539
0.3813025385
0.4092854879
0.412070849
0.4196126943
0.3985662842
0.4326476286
0.4564472484
0.4639704865
0.4424246956
0.3973618355
0.4016998707
0.4222460026
0.4496041142
0.4190582916
0.3779397332
0.3484946849
0.3352922289
0.347882408
0.3867389048
0.4072207278
0.3863655007
0.380431688
0.3798022454
0.3820199909
0.3864426791
0.4102144752
0.3902833723
0.3775570851
0.3926652491
0.4309622582
0.4392878553
0.3947951318
0.3889186486
0.3935318014
0.4073299498
0.4221876864
0.4190841648
0.4216197468
0.3740853602
0.3669150942
0.3884836344
0.40737766
0.3995674223
0.4106403337
0.4089920782
0.3974414003
0.3922438787
0.3810784971
0.3724828172
0.3691339393
0.3881708903
0.3810951862
0.3765667869
0.3945450021
0.4209863184
0.4154215211
0.4318579019
0.4247396482
0.4348081218
0.4430710865
0.4373671153
0.4144579999
0.3961109335
0.4113188513
0.3968584087
0.4273364648
0.4249311919
0.4085692825
0.399061971
0.3927187222
0.3936054517
0.4114104152
0.401588316
0.4005167339
0.4462903708
0.4211093056
0.4138581884
0.3991849939
0.389074027
0.4225468065
0.4260288163
0.4266822525
0.3832137172
0.373457306
0.3816676574
0.4278801668
0.4048161651
0.4080458029
0.4143182596
0.4038275924
0.3885636616
0.4066083008
0.4103134952
0.4248871525
0.417839193
0.4340957908
0.4496716888
0.4357855641
0.4377555818
0.4507923488
0.4163955458
0.4089090505
0.3832403539
0.3870102683
0.3764968326
0.3742093966
0.3620190644
0.4057053647
0.4152714281
0.4215487476
0.4213133932
0.4132324164
0.4095578047
0.4212740933
0.4523018918
0.4255606331
0.3923956526
0.4059279286
0.4088599352
0.4057019306
0.4022605394
0.3929557694
0.3960585761
0.3825625838
0.3995875291
0.3969984439
0.4111979208
0.4174532069
0.4125383351
0.3987424061
0.4097544212
0.4115342188
0.4176662214
0.440388334
0.44176042
0.4291327345
0.41040774
0.4128180929
0.4256682185
0.4197088714
0.4284862213
0.4066823685
0.3777739037
0.3851207529
0.3887477247
0.3934911467
0.3815318492
0.3860370025
0.3986663952
0.3987661965
0.4249833674
0.4517620205
0.4608536961
0.453115298
0.4364112127
0.4132303445
0.4364085719
0.4302928329
0.4128350875
0.3949596721
0.4023915314
0.4022764051
0.4105499125
0.4019655
0.4286955597
0.4128841093
0.4048428823
0.4191695741
0.4189542608
0.4363416444
0.4289265452
0.4085685244
0.4168156928
0.4618125697
0.4292795029
0.4337574365
0.4121913012
0.395642948
0.4062695619
0.4045151006
0.4232431515
0.4059539004
0.4240477182
0.4130626932
0.3945039572
0.4043348132
0.3936252613
0.4012272497
0.4237771755
0.4078822787
0.4222143047
0.4341297987
0.4166383675
0.4286392143
0.51034732
0.4891092337
0.4553800312
0.4252923413
0.4166572696
0.4042754623
0.4208818871
0.4207852227
0.4119027072
0.4295649413
0.3902003965
0.4215818949
0.3999175525
0.4084937123
0.4489495129
0.441473455
0.4103170724
0.4123484014
0.4259410792
0.4433072742
0.3954142632
0.4233642026
0.4237813099
0.447395715
0.4471816028
0.4473052861
0.4248922361
0.4301132528
0.4093259812
0.4122454072
0.4053207763
0.376423886
0.4124640812
0.4179567617
0.4107173932
0.4141204002
0.4411602568
0.4276715921
0.4389414319
0.4265618377
0.4335699564
0.4086273655
0.4151482058
0.4401734607
0.4610711837
0.4358267442
0.3872955673
0.384641287
0.4042805648
0.4073729609
0.3943073272
0.3942008161
0.4011665259
0.3673926833
0.3758454013
0.4208142317
0.4144237338
0.4248940778
0.4114052847
0.4023040152
0.4239959243
0.3823968504
0.3835912394
0.4151202986
0.4424414684
0.4443477287
0.3981748469
0.3981617267
0.3970114957
0.4227484471
0.4163383328
0.4253378897
0.4335784073
0.4431223127
0.4351827736
0.4480163761
0.4311297043
0.4073396944
0.4241067488
0.4413115606
0.3798666952
0.4389098187
0.4128608362
0.40519995
0.3949137076
0.4262211021
0.4416945371
0.4522530359
0.4327364963
0.4294084521
0.4177340015
0.4110508999
0.4072836473
0.3812388483
0.4028339273
0.3661263365
0.3757295162
0.3716153921
0.3884345371
0.398572221
0.4280912613
0.4362946841
0.4232333041
0.4312618867
0.4184337595
0.4054402449
0.4077050268
0.404899807
0.4109959681
0.4142628563
0.4270446845
0.4311679771
0.4430813131
0.4614912975
0.4264857743
0.4351369605
0.416893461
0.3957957833
0.3909227876
0.4237944866
0.370153398
0.3827566632
0.3960178304
0.4035967833
0.3799183579
0.3939609236
0.4201793514
0.4351722243
0.4183678375
0.388646489
0.4169152721
0.4255441755
0.4170094037
0.4082481532
0.4171480688
0.4202213043
0.401001379
0.4030746612
0.4022472329
0.3787984903
0.3943095141
0.3942798344
0.3837369733
0.3992876999
0.4075326725
0.4292659334
0.4058075442
0.3973818805
0.3789916917
0.3945325107
0.4245230719
0.4021342581
0.3854915938
0.3837558007
0.3691156938
0.3668669945
0.3632743741
0.3670552014
0.3874761073
0.4084732629
0.3834822389
0.4010141955
0.3958742481
0.4036756812
0.4053389103
0.404114099
0.3972761011
0.3973780895
0.3818983062
0.3772536752
0.3674917671
0.3644609029
0.3382848719
0.3503592481
0.3535681655
0.3738792182
0.376265308
0.4012712292
0.4197414002
0.4170759329
0.4152994732
0.406676896
0.4123801029
0.4284232321
0.4241019606
0.4341859226
0.4190351128
0.4266245047
0.459907404
0.4649177049
0.4606741861
0.4238423799
0.4343562568
0.4136723209
0.4142528695
0.4342164967
0.4333051591
0.4054668488
0.3956370452
0.4048163586
0.4325806364
0.4305060322
0.4084721453
0.401041008
0.4016538911
0.3913827686
0.4057951163
0.4236042124
0.4602315435
0.4697149907
0.4403802048
0.4450069548
0.4438084481
0.4445715569
0.4024583772
0.3816052189
0.3987109742
0.3966966465
0.4164747579
0.4337217394
0.4350915995
0.4467779958
0.4283221258
0.4055405372
0.3901012509
0.3769052176
0.4008874409
0.414087597
0.410575326
0.4458678209
0.4753825619
0.4334767983
0.4140345565
0.4154217215
0.4535660516
0.4341020788
0.428764812
0.4335654433
0.4356020217
0.444610598
0.4280960562
0.4523469235
0.4656123456
0.453957749
0.4208422932
0.4020846248
0.408885131
0.4134764572
0.4440446305
0.4419605679
0.4186463495
0.4442561785
0.427943416
0.411542221
0.407798657
0.4408501007
0.4541689545
0.4422536643
0.4321981215
0.4120369605
0.4330052334
0.4044103263
0.4280896247
0.4476817835
0.4444419909
0.4288432806
0.4139441322
0.4180037196
0.4217165421
0.4208475953
0.4361093352
0.4126612842
0.4226014959
0.4322428623
0.4262161829
0.4018853134
0.4007863924
0.3897377779
0.4246412948
0.4314316283
0.4349384802
0.4186645966
0.4188356832
0.4323884487
0.4512832399
0.4475345615
0.4091746417
0.4236959103
0.4124332886
0.4385230186
0.4526951379
0.4474615509
0.4525850074
0.4372522725
0.4412272431
0.4189255812
0.4065474332
0.4455093953
0.4356162939
0.4185954354
0.3868366858
0.4135849101
0.4018127885
0.396394305
0.4065043891
0.4037673957
0.3835957933
0.4040014854
0.406400339
0.4104004482
0.3929408194
0.3950266688
0.4224411777
0.4017430655
0.384343324
0.3976551432
0.409284467
0.4263484627
0.414830999
0.4242691948
0.404094332
0.3947075331
0.3976059674
0.4035445345
0.4371944202
0.4294660542
0.433724527
0.4121956382
0.3874185782
0.3889237784
0.3986839393
0.3881944131
0.4040228317
0.3962703609
0.3741475831
0.3619623174
0.3768861443
0.3815063538
0.4058087468
0.4377126212
0.4126367258
0.4135653351
0.43342419
0.4009090417
0.3800198797
0.3872715412
0.3864792251
0.3608821351
0.3894924819
0.4154973261
0.4334338355
0.4278268267
0.4155336104
0.4148811177
0.3956272396
0.4222451528
0.4266590104
0.4372419783
0.4180117657
0.4044858428
0.4043754861
0.3918228407
0.3964514851
0.3960965705
0.4097655979
0.4042133356
0.4257266778
0.4326786472
0.4039665656
0.4118366335
0.401423674
0.3941941405
0.3908371358
0.3689029227
0.403611721
0.4002461045
0.4123464824
0.4128298159
0.4172332854
0.4186990743
0.42427143
0.4439474818
0.4545256586
0.4117980465
0.3986283036
0.3952627046
0.376798394
0.3709290147
0.3969969319
0.3783794957
0.3988032418
0.412855491
0.4224017069
0.4172588972
0.4061440671
0.4214288302
0.4285364596
0.4237779658
0.4198269214
0.4090647107
0.3988536292
0.4084522036
0.4109376837
0.4280936758
0.4191364852
0.3936885302
0.4063207199
0.4030361174
0.4194407936
0.4507003619
0.4741045293
0.4465205402
0.440401735
0.4279546099
0.4188212079
0.4315106983
0.3970950111
0.3893502735
0.3806448731
0.3647731806
0.37438587
0.383151106
0.4150677004
0.4485829168
0.4587593186
0.4165419628
0.397880375
0.3724805183
0.3900713224
0.4018737355
0.3864783217
0.4180514624
0.399675452
0.3908094733
0.3763805987
0.3553974638
0.3623368391
0.4031821592
0.4025712425
0.391930728
0.382818445
0.3833745656
0.3787014599
0.3681298973
0.3729199558
0.4115886654
0.4591334452
0.4506195789
0.4248237661
0.4302035585
0.4011839794
0.3975509492
0.3970242698
0.3925805508
0.4214383537
0.4184197205
0.4043078216
0.3946895599
0.3774929128
0.3705013243
0.4125075509
0.4297280883
0.4037158878
0.3654555743
0.3548468741
0.3698899299
0.3467416575
0.3464622778
0.372185067
0.3561702075
0.3635869827
0.3734635552
0.3755633213
0.3838717829
0.4158638487
0.41548343
0.4078595967
0.4090786514
0.4240571632
0.4127009189
0.4158279791
0.4074154114
0.4461093532
0.4484524023
0.4232508608
0.401222792
0.4103319985
0.4213194713
0.4330496232
0.4525404848
0.4311855166
0.3862393799
0.3918763713
0.4246136967
0.4209063109
0.4202484998
0.431531781
0.4035655634
0.4095580219
0.3916745021
0.4414882492
0.4322041965
0.4418694682
0.4389743466
0.4324398484
0.4202504497
0.4146680536
0.4084815987
0.3815572753
0.4221600561
0.4115689912
0.389450706
0.3865803708
0.4097045992
0.3941373586
0.3940030693
0.4137336531
0.4173581627
0.4374683961
0.4314141028
0.4375653691
0.4329136814
0.4373429806
0.4522003247
0.4504747299
0.4576901497
0.4479567692
0.4582862998
0.4522122205
0.4305133312
0.420907349
0.4298397844
0.4393529592
0.4183562385
0.4172546232
0.4311945995
0.4549132096
0.441230884
0.4404123594
0.4346487714
0.4064963187
0.3934242748
0.3766658229
0.4332099442
0.4488044989
0.4361022206
0.4227501436
0.4191544839
0.4468812934
0.4342174515
0.3919752547
0.4379230935
0.4382731237
0.452113796
0.4695987692
0.4809014719
0.4376742698
0.3992439391
0.4111388627
0.3927011173
0.4224697827
0.4078548535
0.3900502985
0.3691073626
0.4050323627
0.4308321234
0.4416226276
0.4281682134
0.4103503132
0.4329485972
0.4209741224
0.3989951382
0.4306963837
0.4413167928
0.4766268958
0.4618612052
0.4654257692
0.465601407
0.4755407867
0.4245878757
0.4457942327
0.4261389176
0.3893546653
0.3722235491
0.3846068158
0.4166315941
0.4260341695
0.4476828989
0.4411554267
0.4266055967
0.4370200232
0.4702188066
0.4617088923
0.4433853122
0.430938243
0.4292639918
0.4544462577
0.442175608
0.4359831719
0.4557120591
0.394355408
0.4226499189
0.4240971201
0.401076259
0.3772111677
0.4068004274
0.4626599989
0.4685600148
0.4392765936
0.431693939
0.4157869162
0.3999931379
0.406859124
0.4324008582
0.4281636379
0.4105266133
0.423941108
0.4130603215
0.4094492697
0.3968663696
0.4175285913
0.3912730029
0.3953777328
0.434118018
0.4056519402
0.4327995668
0.4355019772
0.4239072053
0.4327623493
0.4349289293
0.4383209152
0.4060768412
0.4263109996
0.4305082378
0.4221371692
0.4174963923
0.4046603908
0.3846697121
0.3924326012
0.394815945
0.3954588757
0.4201468091
0.4374583083
0.4390180241
0.4467257794
0.4579518314
0.4376098537
0.4189020698
0.413230751
0.4220883619
0.4243985896
0.4397494862
0.4398919153
0.4538431148
0.417205407
0.3757855055
0.3522617184
0.3902455315
0.3646068538
0.3965024857
0.4342995028
0.4192190667
0.4167947375
0.4192078467
0.4322367518
0.3920152962
0.3898485375
0.4244408022
0.4374409985
0.4375826841
0.4177493082
0.4217058295
0.4349626266
0.4080994629
0.4470236541
0.4438141405
0.4447988039
0.4095576331
0.4041910467
0.4129691092
0.4210848396
0.4461017211
0.4034596977
0.396246893
0.414781297
0.4292715132
0.423441287
0.4391166447
0.4231304301
0.413073617
0.4333754177
0.4523532874
0.4170903417
0.4311472762
0.418045035
0.4132315033
0.4310771671
0.4453238689
0.4486909262
0.4408169347
0.4098070066
0.3923190102
0.3882291475
0.4231975984
0.4130181793
0.4034918038
0.4036378402
0.411711546
0.4179668883
0.3904841697
0.3894915298
0.3992279716
0.4531658946
0.4850562571
0.4599892059
0.4123466199
0.3776118965
0.394881642
0.4189319041
0.4068299593
0.4179727435
0.3730137879
0.386820682
0.3824909478
0.4148446091
0.4382437369
0.4280027403
0.4601383716
0.4319150651
0.4278825578
0.4386369809
0.4312850853
0.4294089629
0.3916595237
0.3999203131
0.3932594103
0.4166782753
0.3861490698
0.3963207955
0.4044822484
0.4036918379
0.4255017488
0.4254279701
0.3905174746
0.3782083898
0.4153446853
0.4310055274
0.4234156388
0.4427588911
0.4321648444
0.414930921
0.4169430982
0.429125336
0.4142841166
0.4125606721
0.4205667837
0.3983796599
0.4063562224
0.4001198175
0.3988581089
0.4455451347
0.4300070475
0.4259164924
0.4320921729
0.4051930566
0.4328946797
0.42243134
0.4321091185
0.4203254276
0.404482507
0.3984326051
0.4071337592
0.3684758826
0.3751317217
0.3883357891
0.4164299546
0.4326444824
0.4461909798
0.4525010588
0.4407480525
0.4211776734
0.4009684378
0.427592772
0.4259303969
0.4409591129
0.4422274675
0.4263928773
0.3828749148
0.3887035607
0.4163332137
0.4310868456
0.4301201635
0.4440993848
0.4564465277
0.425490818
0.4337291978
0.4359677691
0.4207695252
0.4240811627
0.4223269126
0.4056529071
0.4189975877
0.43275741
0.4307540705
0.4570209537
0.4643678775
0.4704469402
0.420673038
0.3710457195
0.3671875356
0.3925591739
0.4433518318
0.4327930542
0.4170120845
0.4124634442
0.4183631499
0.436264789
0.440177369
0.4162567089
0.3961833249
0.4172593558
0.4035019126
0.3983652775
0.3866020211
0.3880069101
0.376368834
0.4031976627
0.4517563249
0.4577073091
0.4629359061
0.4362989345
0.4114893066
0.396511969
0.3873801133
0.404062589
0.392223897
0.3928258105
0.4191668106
0.4282974605
0.4542754776
0.4022420389
0.4008610763
0.4141931903
0.420338955
0.4147330838
0.3986026508
0.413687798
0.4433845225
0.3941494923
0.4152897347
0.4428189625
0.4330974897
0.4061214046
0.4286279908
0.4352514936
0.3925844925
0.3911573562
0.4002569762
0.40966048
0.3993332323
0.4102472143
0.3830522741
0.3875745743
0.3659341107
0.3816199549
0.405909995
0.4160256075
0.3934647578
0.3884278393
0.4224460663
0.4449365051
0.4631986678
0.4482876078
0.4290812835
0.4022547122
0.3742703497
0.3653495742
0.3704945985
0.3977890029
0.4005358991
0.3907740915
0.4274942565
0.4363740512
0.4231612112
0.4069311084
0.4049433553
0.4041891682
0.3927049378
0.4153434441
0.4073266752
0.4115883876
0.4097611077
0.4149664118
0.4273624763
0.4437591877
0.4293012611
0.4422953978
0.4182515137
0.3917367391
0.3926531304
0.3794836502
0.4116396664
0.4525322989
0.4850785045
0.481059537
0.4570531552
0.4577203938
0.4427323766
0.4323636532
0.4361673111
0.4453584988
0.444935485
0.4557345867
0.4522774146
0.4201580244
0.441198981
0.4006499692
0.4007244618
0.3987902317
0.3939917896
0.4618874353
0.4481522227
0.4305440997
0.4196035716
0.43235287
0.4112704825
0.3988103267
0.4039734112
0.4480486475
0.4407123778
0.4143387502
0.3951758937
0.3801095795
0.3797270269
0.4034357243
0.3919144393
0.4191063585
0.4190937608
0.4092100105
0.4145987988
0.3814074222
0.3931807839
0.3920884268
0.4016490787
0.4187408752
0.4352558264
0.4432324008
0.4496670221
0.4400623399
0.4560616793
0.472380238
0.4705234272
0.439078548
0.432730693
0.4376469421
0.4735187606
0.4671267829
0.466099077
0.4643779237
0.4267322384
0.4365252563
0.4383832352
0.4380167851
0.446788877
0.4337586231
0.4100528769
0.4056609672
0.4091972612
0.410107349
0.4233257902
0.431231845
0.4433545077
0.4410259226
0.4271251459
0.4053310791
0.3997525093
0.4159838952
0.4182902354
0.4349280808
0.4297820105
0.4369740921
0.4396474243
0.4362887813
0.4382887362
0.4277905077
0.4069931718
0.4289636278
0.4231718194
0.4381761591
0.4286907044
0.4087349698
0.4068321544
0.4093984132
0.3994330399
0.4045495722
0.4174088965
0.4157461283
0.41272602
0.4262196277
0.425168486
0.39480717
0.3957209931
0.3818945259
0.3574547046
0.3923303688
0.4107775746
0.4127579561
0.404250712
0.384158351
0.3839149931
0.3902125393
0.384551184
0.3904033573
0.4127837446
0.3942036138
0.4150921802
0.4405292077
0.4232381713
0.4075928066
0.3831965097
0.3966592595
0.3944940647
0.4151420774
0.4413747526
0.4120567981
0.3998450523
0.3993722135
0.3826872111
0.3813565028
0.3964597003
0.4020850654
0.3715402932
0.3980953912
0.391000323
0.3802157216
0.3765481205
0.3692198015
0.3762137191
0.3936331558
0.4016152893
0.3913752717
0.4050737115
0.4166415877
0.4186751789
0.4211653982
0.4396385623
0.4575542575
0.4395189181
0.4122400486
0.4125750801
0.4068213023
0.3865158447
0.40224738
0.3845114151
0.4140765195
0.4018719194
0.4065316604
0.390004591
0.3957244256
0.4010583653
0.4558971921
0.4488620266
0.4265167769
0.4016458772
0.3953910203
0.3822386654
0.3991520439
0.4117291394
0.3844358845
0.395907248
0.411066195
0.4145248398
0.3890464052
0.3908183875
0.4014812064
0.3870811647
0.3569397922
0.3858679947
0.4353998446
0.46766713
0.3874957737
0.385977344
0.4033239737
0.4279889789
0.4244116785
0.4271727683
0.4220873204
0.4134800602
0.448328788
0.4551593645
0.4397126539
0.4120746938
0.4175684868
0.4161177809
0.3924099192
0.4012699535
0.4139781358
0.3858508124
0.3944343123
0.3958167924
0.3552003844
0.3792256128
0.3835585308
0.3979268092
0.3919104792
0.3910388971
0.3960802649
0.4131131423
0.4090225762
0.3885002954
0.4086586864
0.4121244486
0.4179012501
0.4440262846
0.4340153619
0.4343526309
0.4081822036
0.4129711401
0.4215924937
0.3945913252
0.4283593339
0.3826418331
0.4057356678
0.4289411898
0.4279187917
0.4082125544
0.3872768316
0.3829621561
0.3840036711
0.3796120325
0.3794786286
0.4021116896
0.4108572578
0.4032869631
0.3787419099
0.4001946878
0.4198526142
0.4325424794
0.4394223422
0.42356091
0.3702032644
0.3680233494
0.3797769465
0.4013107037
0.3802893332
0.3958217372
0.3966890399
0.4063853107
0.4035973376
0.4026629734
0.4030955196
0.4034973068
0.3755187186
0.3997659322
0.4317006431
0.4620240712
0.4415572244
0.4215010614
0.4001268762
0.358058934
0.4576960438
0.4414871362
0.4031496691
0.396461667
0.4322712154
0.4057262573
0.3871098769
0.4071938986
0.4185213463
0.415132848
0.3991480051
0.4173867093
0.4148990914
0.393307678
0.3821072543
0.3955199685
0.419366707
0.4070983135
0.4220298452
0.4299367614
0.4050924443
0.4291406419
0.4473226154
0.4438299224
0.4470844192
0.457342849
0.4520805655
0.449000275
0.3833407306
0.3701179604
0.3560836984
0.3646547189
0.3966664148
0.3923176749
0.4245129067
0.3962229178
0.39767393
0.4239518107
0.4057873054
0.4043003866
0.4228088002
0.4181960327
0.4161693205
0.4092599441
0.43889023
0.4151442765
0.3923743755
0.3873617134
0.4161277958
0.42734372
0.4440424499
0.4170289908
0.4022069553
0.3873031015
0.3695802476
0.3761706017
0.3909318922
0.4019767803
0.4042774937
0.4250092485
0.4358312808
0.4190781444
0.4088561205
0.4107981371
0.4099938006
0.4305370988
0.4492013817
0.4522907971
0.4322069277
0.4056268129
0.4122588475
0.4333358553
0.4253249769
0.4274248568
0.4342071096
0.4247177838
0.4043018667
0.4105089547
0.4169956039
0.4156780458
0.4060480329
0.434721779
0.4570192663
0.4551889835
0.4581028526
0.4276538084
0.4242591403
0.455249717
0.4284207583
0.428541313
0.4210420339
0.4093364759
0.3953212839
0.3768988807
0.3920172552
0.3984064809
0.4138211797
0.4358791654
0.4345118159
0.4373080824
0.4418146979
0.450060972
0.4420510622
0.463095881
0.4290220468
0.4221614541
0.4202478327
0.4214057927
0.4379049949
0.4326230395
0.4372888954
0.4229966781
0.4227833337
0.4574275798
0.4510458473
0.4279609743
0.4255854552
0.4285380863
0.4370517491
0.4456226328
0.4039169099
0.3961667783
0.4106165894
0.3995057608
0.4030948835
0.4090778503
0.4133010024
0.4243255367
0.3928468846
0.432140414
0.4449352315
0.4288720822
0.4326661458
0.4404720145
0.4177446749
0.432203159
0.4171005499
0.434691188
0.4264467792
0.4098170136
0.4289641231
0.4162195964
0.4418267461
0.4663047029
0.4563217412
0.4002004683
0.4006386276
0.4207110757
0.4116417624
0.4072522757
0.3876455462
0.4007897596
0.4006879885
0.4253184257
0.407341609
0.4233666394
0.4213235522
0.4159146296
0.4147269864
0.4063917188
0.4091572031
0.4030039887
0.3951265971
0.4164278953
0.3983018395
0.4053176722
0.4002280022
0.4114377827
0.4273716783
0.4088822336
0.4245683064
0.4130846464
0.4069592324
0.4015644932
0.4309425893
0.4232691139
0.4363505488
0.4457203932
0.4128093171
0.4045692069
0.3901186814
0.402254974
0.4053450686
0.3792814849
0.4099288892
0.404478196
0.4037726222
0.4081778908
0.4091637279
0.4181093887
0.4173912549
0.4265382067
0.3934717414
0.4068254579
0.4210701483
0.4119938597
0.4059665592
0.3998835178
0.4036363452
0.3763595184
0.4358140953
0.4495620786
0.4670489374
0.4494334353
0.4295697794
0.4344169658
0.4247615785
0.4362455294
0.4092710561
0.3783925577
0.3620376459
0.3876667971
0.4040124652
0.4157350364
0.4220170798
0.3990520763
0.3955751607
0.415128385
0.4300436051
0.4297817085
0.3857683522
0.4024095967
0.4137076581
0.4379547466
0.4552197824
0.4332061091
0.3959974556
0.4184692642
0.4393964256
0.4454299474
0.4169534691
0.4037989437
0.4339618251
0.4355742547
0.4112603827
0.4341251556
0.4672856196
0.4348250348
0.4092582589
0.409267158
0.463764427
0.4277310051
0.4160752835
0.4213891796
0.411735963
0.393632733
0.4153965883
0.4359400625
0.4237121553
0.4183516717
0.424568787
0.480990809
0.4623454724
0.4128357818
0.4193349099
0.4200661305
0.4162866359
0.4100331015
0.4165525802
0.4465194683
0.4486305201
0.4702948064
0.4718345355
0.4668441542
0.4252701393
0.4043667166
0.3988838277
0.4034484815
0.4004007259
0.4091704164
0.4343418444
0.3961467425
0.4014168295
0.4130414024
0.4141488832
0.4028103292
0.4226444419
0.3897744253
0.3887478723
0.4126437436
0.4073565968
0.4497095955
0.4438350768
0.4272110366
0.4198449431
0.4354758948
0.4243001341
0.4210986297
0.4037816418
0.4121185367
0.3984347827
0.4140386294
0.4299124386
0.4183189347
0.4001537566
0.3992745015
0.3939900582
0.3813234923
0.3984989698
0.4306565697
0.4087021315
0.4090944322
0.4124437587
0.3952507771
0.4101716758
0.3968879399
0.4206324049
0.4027121911
0.4198170062
0.4222939976
0.4531430653
0.4255900342
0.4456924206
0.4295896873
0.4039087386
0.4296470343
0.3973704385
0.3832091143
0.3898953188
0.4112518885
0.398089392
0.4263702299
0.4209508314
0.4078178886
0.3878258499
0.3735058731
0.3616386928
0.3690194441
0.3910261173
0.4231719299
0.4076509627
0.4080553478
0.3972318458
0.4374987745
0.4130425028
0.4248865567
0.462217145
0.4471254405
0.4566508159
0.4274248827
0.3985989579
0.4161803002
0.3981871763
0.3957273384
0.3998324075
0.4264949986
0.4194874303
0.3884508039
0.3657758341
0.3668778065
0.3715907109
0.3761497787
0.416360058
0.4086957804
0.4018846892
0.3987941848
0.4106709853
0.4018036211
0.4416156597
0.4219746228
0.4321235723
0.3988881869
0.4036011436
0.3916092975
0.3861703417
0.3852440107
0.3930080929
0.4124048949
0.42783383
0.4490036251
0.4412929922
0.4123123021
0.3936618266
0.4056898947
0.4085888426
0.4347813837
0.3997418365
0.4003670063
0.3950738447
0.4052836691
0.3666124902
0.381223476
0.4049687306
0.4226574411
0.4515651177
0.464308138
0.4682504065
0.4964978583
0.4572414461
0.4231871859
0.4258875508
0.4109583434
0.3978401249
0.4109028383
0.409581298
0.4280281907
0.4058843999
0.3786363234
0.3910985845
0.3783953441
0.4607105056
0.4559031518
0.4317317469
0.4132893069
0.4167692661
0.4286328347
0.4402414211
0.4169122191
0.4453764799
0.4385545378
0.4435712738
0.4379335503
0.4336126448
0.4191534933
0.420081007
0.4164272573
0.3978925227
0.4248664581
0.4525249353
0.4512549351
0.4471950332
0.4738848934
0.4646198063
0.4199798044
0.4152528049
0.4154938748
0.4274033571
0.442255246
0.4238913516
0.405039689
0.3941921925
0.4102557925
0.4292523753
0.4244587938
0.4405967708
0.4724412337
0.4715679547
0.4459379275
0.4290421315
0.4323471152
0.4195544477
0.4025951138
0.4234724887
0.442284994
0.4705785733
0.4575175576
0.4588671738
0.4129655749
0.4419227111
0.4540067011
0.4674973571
0.458496684
0.4039450573
0.4104952455
0.408066728
0.4081609507
0.3969939984
0.4187175976
0.408489302
0.4193245965
0.4383725262
0.4369987723
0.3989141545
0.3831436013
0.3991926361
0.4142458257
0.4183708052
0.4304284853
0.4292935439
0.4007089359
0.4100189819
0.4246200108
0.4191729119
0.3965990773
0.3848845988
0.3793650977
0.3768860257
0.4310756978
0.4435184964
0.469859673
0.415815023
0.4088645688
0.4104092724
0.4395833709
0.4377905036
0.45643451
0.4199559652
0.4106427446
0.4140653918
0.4348627123
0.416716586
0.4317822146
0.4582805264
0.4529274942
0.4565996667
0.4662353737
0.4217721336
0.3965569504
0.4161416738
0.4049943123
0.3896176066
0.388199425
0.4229271544
0.4062652936
0.4105803727
0.4279495143
0.4480028733
0.4014717581
0.3755060498
0.3944043249
0.4295923686
0.4218892707
0.4188448516
0.4008420249
0.3764576598
0.3793795596
0.4051683906
0.3958245465
0.3833294655
0.3888532494
0.4299730707
0.4154686832
0.3833769314
0.4210443939
0.445963626
0.4019270759
0.4028708102
0.4261709954
0.4554275526
0.4276294604
0.3909515527
0.4086342238
0.4299039565
0.4121457634
0.3968849829
0.3859327079
0.3748403771
0.3887036913
0.4052370798
0.436033525
0.3727602695
0.3595788893
0.388617755
0.391458708
0.3912659104
0.4268980831
0.4558965932
0.4231503786
0.4299502795
0.4273713694
0.4533749113
0.4469973857
0.4151032021
0.4165639112
0.4432571308
0.4317325139
0.4255334691
0.4079785857
0.3935744015
0.3692624824
0.4457901531
0.4404116404
0.4100185768
0.3876984123
0.4162793682
0.392703242
0.3896805296
0.4151076745
0.4586404148
0.4250296206
0.4349501865
0.4070399692
0.4102808242
0.4029309258
0.4215097133
0.3965086362
0.3930330409
0.4288085366
0.4193466417
0.4110193516
0.3929327848
0.3843161087
0.4183272493
0.3949574359
0.4039259721
0.4221487436
0.4183835012
0.4114917786
0.3738644969
0.374679392
0.3855006323
0.3967667122
0.4094578937
0.4525963503
0.4481504547
0.4581737591
0.4460467818
0.4501500896
0.4539559765
0.4162115451
0.4262986946
0.4080544252
0.3934673232
0.4077609455
0.3969305261
0.4198602946
0.4065200593
0.4056994694
0.4036471811
0.4132969602
0.4228630426
0.4220529702
0.4006915253
0.3957101042
0.4189590726
0.4002983615
0.4078953583
0.4249446755
0.4183141032
0.4083932339
0.4467791159
0.4371975308
0.4058413011
0.3886765512
0.3774334858
0.3708412096
0.3572995942
0.4040617719
0.4158453619
0.4142999214
0.4158562068
0.4375543611
0.4035054049
0.4295424208
0.4091705412
0.4024865464
0.4167545253
0.4054315695
0.3938263712
0.3986248078
0.4299189623
0.3751794742
0.3498315843
0.3767381771
0.4047599567
0.4088376638
0.4256343647
0.4086408706
0.4066203488
0.381036411
0.378524843
0.3605105223
0.3741340115
0.3789149357
0.4216661304
0.4063427098
0.3888165858
0.4234487176
0.4311236739
0.4442861512
0.3972114951
0.397416965
0.412645371
0.380203579
0.3926631404
0.3942718746
0.402730219
0.414098066
0.3773576343
0.3848745828
0.404616133
0.4062363673
0.390091686
0.4056478085
0.4137569656
0.3978137807
0.4232065805
0.43375052
0.4153354986
0.3936128868
0.41061707
0.4570838046
0.4679557807
0.4596627513
0.4174423855
0.4004001825
0.3778419774
0.3904114275
0.4127600687
0.407133071
0.4283517382
0.4289746244
0.4620375899
0.4258997049
0.4267599447
0.4235443362
0.4139324863
0.4168151235
0.4013043727
0.3842864095
0.3882342383
0.3873197074
0.396415323
0.4261506592
0.4308525221
0.4162675539
0.4032240913
0.4065342754
0.4003553374
0.4315076849
0.425052512
0.4145688071
0.425660077
0.4490530991
0.4345019609
0.4225997903
0.4298437584
0.4321207132
0.4101554703
0.3909238031
0.4369766001
0.4423614146
0.4167841198
0.4183301363
0.4084115931
0.4194740047
0.424154371
0.4121218493
0.4205458915
0.4328551771
0.4477548024
0.4279524025
0.4395990404
0.4272722104
0.4284534417
0.4218398523
0.4199559082
0.4147920754
0.4054989265
0.4334477902
0.4214901535
0.3973098669
0.4099803369
0.4315624905
0.4249767908
0.4109015033
0.3995964496
0.4053911671
0.3916327395
0.3912122875
0.4107621564
0.4297859486
0.443792823
0.4298595109
0.4027869284
0.4007350706
0.4237526585
0.432338093
0.461186097
0.4562389781
0.4380999768
0.4388968623
0.466078504
0.4527114567
0.4403657183
0.4502920254
0.4420008396
0.4397080338
0.4089736228
0.3891019482
0.3829855341
0.404207866
0.4115174369
0.4353751381
0.4319260137
0.4301505971
0.4293036224
0.4269078395
0.440156132
0.443006446
0.442395805
0.4563497558
0.4424631393
0.4165101169
0.4168829673
0.4020092367
0.3790424214
0.4052102255
0.4284669202
0.4424299264
0.4518731672
0.4340935252
0.4364340079
0.4302342997
0.4172724543
0.436207923
0.4554937493
0.4548883876
0.417758287
0.4200416995
0.4184608421
0.4132303567
0.414883307
0.397867716
0.3831438347
0.3874742172
0.3879222624
0.3942404716
0.3943586374
0.4108898792
0.4173543488
0.4404053438
0.4475145378
0.47475573
0.5034453757
0.4614511982
0.4420858697
0.4288406319
0.4095278027
0.432158212
0.4173652525
0.4228455349
0.4094951107
0.4086099166
0.4175036666
0.4185873002
0.4105307844
0.4341580683
0.436581748
0.4399306163
0.4213988284
0.4116992352
0.4124507967
0.3812215384
0.3647816332
0.3949828909
0.3943882745
0.4017284379
0.4202676981
0.4118646141
0.4136531048
0.402671337
0.4039624288
0.405973542
0.40392223
0.4257148687
0.425514929
0.4107927778
0.4167886413
0.4332904487
0.4594099651
0.4760217934
0.4200735723
0.45498621
0.4495716315
0.4387003635
0.4264234758
0.4086967979
0.4183469445
0.4094830436
0.3672552691
0.3616028591
0.3967042365
0.394475591
0.4104662573
0.3964477139
0.431430677
0.4418603289
0.4194645605
0.4395013966
0.4103654208
0.4159868912
0.4362085343
0.4287660581
0.4212035198
0.414989543
0.4070587176
0.4257906728
0.3920448062
0.3843458865
0.3969165966
0.36984584
0.3910123575
0.4151194601
0.4331217492
0.4414077148
0.4156161604
0.4206980091
0.3762009479
0.3517738411
0.375140169
0.387467531
0.3997187462
0.3859189891
0.4019019821
0.434259618
0.4342440111
0.3950507408
0.4168751901
0.4251654414
0.4225459502
0.4246365867
0.3985586259
0.3831410628
0.383285196
0.3944707824
0.415908693
0.4009921774
0.401802989
0.4143458179
0.398090892
0.3908862959
0.3988414128
0.4105172435
0.4044719748
0.4395751869
0.4505405494
0.4360274357
0.4367941106
0.4222291807
0.4008965764
0.3699188305
0.3698257673
0.3887130181
0.3945149529
0.3812063623
0.3728541119
0.369185194
0.3965074477
0.3871405797
0.3813692778
0.3810970343
0.4222618163
0.4012293568
0.3996949935
0.3901897525
0.4079142485
0.4109144514
0.4023672456
0.418539139
0.3775335129
0.3911004889
0.4107404125
0.4174256412
0.4338493092
0.416655674
0.4249240441
0.3938640353
0.3850668571
0.4009781518
0.4153037018
0.4408863843
0.4721813614
0.4250949283
0.4036914893
0.4087132474
0.3951780191
0.3713939776
0.3634176963
0.3902750763
0.3708521388
0.4022227796
0.4219083995
0.424336639
0.3900378029
0.4059594476
0.4005801944
0.4106067134
0.4394912602
0.4277205868
0.4240724874
0.4034957999
0.3615809667
0.3609030612
0.3510720596
0.379690277
0.3815542466
0.3709767954
0.3698692915
0.3876088612
0.4323697055
0.4054010887
0.3989374338
0.4083706075
0.396458607
0.3884714343
0.4063626075
0.4207874318
0.4358504711
0.4204339536
0.4149381754
0.4080519389
0.4044272074
0.4060012248
0.4118853149
0.4227395712
0.4302197329
0.4222103346
0.4430837887
0.440558036
0.4229072915
0.4183550688
0.3814562223
0.3747257496
0.4058692341
0.4233220412
0.4292384828
0.4160730298
0.4210642443
0.4116509621
0.430279812
0.4423154821
0.4376603548
0.4366681712
0.4369373866
0.4338015749
0.4660464775
0.4488568964
0.4406378124
0.437441677
0.4073016617
0.4001647755
0.395912864
0.3953467568
0.4054307344
0.4259295735
0.4226146324
0.4115005357
0.4123459144
0.4290292529
0.4333649807
0.4301539751
0.4075696119
0.4091170782
0.4055779922
0.4234841758
0.4227255446
0.4498692073
0.452975001
0.4313064112
0.41587904
0.4352074996
0.4316127803
0.4118798102
0.4108951831
0.3962551207
0.4339174146
0.4272285866
0.424183684
0.4120772174
0.3868131726
0.39865427
0.4352338648
0.4278681946
0.4377175586
0.4476735084
0.427659089
0.404939359
0.4117254928
0.3951244143
0.4244083135
0.430021962
0.4398657771
0.4276228557
0.4499016201
0.4495622131
0.392039199
0.4073654686
0.417970615
0.4304031973
0.4497834667
0.4245119443
0.3740559164
0.3692986854
0.3796168844
0.4104960229
0.4132984967
0.4328897157
0.4126057958
0.4150867055
0.4326686783
0.4470435837
0.4006981754
0.4316843893
0.4223184006
0.4030662184
0.4245617749
0.4284883694
0.4243533376
0.4505047241
0.4292362732
0.3924850326
0.4039977155
0.4174558952
0.409946819
0.4166073973
0.4140183449
0.4145948338
0.4122112442
0.4225064488
0.4415817
0.4282090669
0.4212512991
0.4450164176
0.4473700053
0.4278502196
0.4319087881
0.4222984958
0.4095766656
0.421618746
0.4259341697
0.4566694813
0.4388805429
0.4496244653
0.4720726901
0.4728085545
0.4645145343
0.4130484247
0.4602554295
0.4581459696
0.4509721779
0.4159766506
0.4168022976
0.4223183559
0.4490936199
0.4701001537
0.4713418519
0.4372137852
0.4299792706
0.4283875071
0.4028687668
0.3951288106
0.4017789955
0.3921478718
0.4024342852
0.411739815
0.4456341761
0.4693768619
0.4415834468
0.4450510642
0.4220290563
0.4176290504
0.4600529335
0.4207072927
0.4234567549
0.4055436894
0.4139850854
0.4322518802
0.434181685
0.4180937574
0.4226302496
0.4338544739
0.4167597527
0.4120972435
0.4294803422
0.4074347894
0.4299452198
0.4323038704
0.4738084669
0.4495087141
0.4606698876
0.4627882311
0.4391797351
0.4297646758
0.3991780821
0.3969605307
0.4183594312
0.4366113636
0.4419986448
0.4540704116
0.417192003
0.4097875472
0.4172574079
0.400697146
0.4002140431
0.394836304
0.4114816692
0.4362094257
0.4179965334
0.4145723264
0.3502804891
0.3679565925
0.3685276476
0.4057170085
0.4272685826
0.4038521116
0.4084252767
0.3691393406
0.3959007782
0.4070816919
0.4268978503
0.4251489514
0.4196179838
0.4246054483
0.4311676967
0.4269814804
0.4175078706
0.4161665271
0.4026850987
0.3617069906
0.3949907233
0.3972535227
0.4142903553
0.4269197554
0.4306761317
0.4292981056
0.4261320804
0.4404315109
0.4464439315
0.4098555288
0.4020274726
0.4319131472
0.411128948
0.3971642322
0.388515947
0.4199913826
0.3903526064
0.4024837386
0.3679135876
0.3678355586
0.3958134911
0.3943166165
0.3735596666
0.3874515148
0.3912412708
0.3872327857
0.3759590042
0.3913039208
0.4026362782
0.4312814615
0.4386147072
0.4182433031
0.4354481401
0.4063036653
0.386090142
0.3891067395
0.3796378573
0.3895411142
0.4062975134
0.407595818
0.3551544218
0.3487136764
0.3715820162
0.37048051
0.3958831495
0.4153421386
0.387705784
0.3679008603
0.363592981
0.362358683
0.391306145
0.4235259907
0.4060037045
0.4459511174
0.4659953508
0.4271165491
0.3972601271
0.3826281761
0.3881991608
0.3744903933
0.4021948286
0.4124317279
0.4093647363
0.407446906
0.4307271733
0.4003730806
0.4012672555
0.4424438702
0.4434205222
0.4605360401
0.4643693928
0.4223230709
0.4207580073
0.4402250318
0.4213162045
0.4024225529
0.3974283456
0.4069896045
0.4099396629
0.3841400216
0.4332683529
0.410789862
0.4070884483
0.4028968177
0.3873074492
0.4206011771
0.4357108507
0.4473096544
0.4182140823
0.4064381487
0.3984639706
0.4025436883
0.3907249639
0.3749624792
0.3963291659
0.4117107266
0.4067319902
0.4285752679
0.414751974
0.4097512741
0.4218963772
0.4476267443
0.4410915038
0.4210358479
0.4078254764
0.4045350919
0.4179988262
0.4134631154
0.3850236158
0.3894025502
0.3949734185
0.4199924957
0.4254981923
0.3947953559
0.3930798278
0.3983515492
0.4193183342
0.4313134841
0.4472636824
0.4435181655
0.4555444953
0.4262070145
0.424061205
0.4102061213
0.3895419107
0.3782906238
0.3486160721
0.3787535666
0.4391764371
0.4242301986
0.396517435
0.401004028
0.4033420215
0.424882396
0.4682024374
0.4679268195
0.4274409543
0.4259627066
0.4326549742
0.4452351802
0.4438968793
0.4285488915
0.4301861094
0.4191053898
0.4179144327
0.4180826381
0.436857531
0.4231785365
0.4034058207
0.4040072997
0.4017739438
0.3969717247
0.4047756422
0.3903940487
0.4012928581
0.439557856
0.4648884685
0.4635457915
0.4847003413
0.4502587373
0.4321632019
0.4239773684
0.4554500502
0.4579855754
0.4425231152
0.4154566028
0.4287084215
0.4326045619
0.4051712551
0.4019782498
0.4137901669
0.4323426549
0.4212552087
0.449173153
0.4513319475
0.4116351998
0.4042767841
0.4042191978
0.4144787389
0.420444523
0.4015602653
0.3958156582
0.412197122
0.4201324997
0.4499243261
0.4441491421
0.4529587111
0.4222744021
0.4003946936
0.3364170749
0.3473331224
0.3804752268
0.4067471875
0.4266096999
0.4027318744
0.4169015197
0.4470113838
0.4146772069
0.4126282948
0.4081388905
0.4114514339
0.4233021875
0.410238297
0.382461046
0.3926061744
0.4257411419
0.4373060474
0.4445684204
0.4574703691
0.4774257644
0.4587316924
0.4346003248
0.4124332709
0.4034585199
0.4077346385
0.3906420107
0.3693267387
0.3692112666
0.3848447148
0.4200126736
0.400944514
0.3985463143
0.3783196059
0.3767467141
0.3858460709
0.3950385816
0.4142801482
0.4334272672
0.4377225304
0.4367911568
0.4406109113
0.4570657142
0.4734148277
0.4324580163
0.4160893893
0.3779346303
0.4118359054
0.44750846
0.4084431342
0.4066249347
0.4162610864
0.4322489436
0.4404706681
0.4580883914
0.4608188745
0.4516690983
0.4237140317
0.4127800513
0.4204515828
0.4190477408
0.4254121028
0.4172942733
0.4339521237
0.4670557069
0.4465288395
0.44255738
0.446549045
0.4387295899
0.4280560449
0.4189263102
0.4221934108
0.4367603396
0.4388037615
0.439754171
0.4303381132
0.4493516613
0.4487027015
0.4416512082
0.432290999
0.3845008537
0.4176165368
0.4002648567
0.4162394144
0.4032569801
0.4156129961
0.4176937401
0.3906228932
0.387185347
0.376737683
0.401173479
0.4207179287
0.4205392889
0.4125099906
0.4237811337
0.4533475044
0.4267918078
0.4173230824
0.4103480287
0.3856301125
0.4050292264
0.3878403315
0.4058632023
0.4164443783
0.4020889255
0.3969658616
0.3767545582
0.3863737815
0.4079380165
0.4073997792
0.4215459139
0.4328377404
0.4192518324
0.4210662521
0.4149479481
0.410634165
0.4055773662
0.4066610797
0.4408569463
0.4248112344
0.4260419851
0.4202466751
0.4022245182
0.3893531627
0.4043220416
0.4224467471
0.4317390573
0.4292354997
0.4181203942
0.3986905847
0.4311597511
0.4482679251
0.4685210691
0.4573974274
0.4528579468
0.4311043043
0.4186962515
0.4082777141
0.3908625256
0.4070385884
0.4159133615
0.4060445035
0.4096969138
0.411068866
0.3930410152
0.3733661499
0.3698984672
0.3788550295
0.3932757623
0.4073738866
0.4188392974
0.401092708
0.4133270994
0.4244203131
0.3918320433
0.3982943811
0.4134261652
0.4415905739
0.4359074299
0.4216344356
0.4362484026
0.4170373089
0.4036427193
0.4102848116
0.4254824628
0.4239986778
0.3867887309
0.4211882002
0.4234025347
0.4329155204
0.411910105
0.4118936982
0.3856048407
0.3925369555
0.4382216648
0.4171612898
0.4162970589
0.4032539528
0.4033960643
0.4072547316
0.4122384528
0.4247437877
0.4140473285
0.3968538029
0.390778517
0.4105845727
0.4514168192
0.4265606
0.4044829668
0.3833411695
0.3916242626
0.3906288251
0.3862015704
0.4245045662
0.4308785693
0.3915322566
0.4063144494
0.4089898368
0.4183778069
0.4253976446
0.4321894942
0.4176507772
0.4319423218
0.4374033191
0.4271174156
0.4159687845
0.388503449
0.3916528191
0.3940403352
0.3735715392
0.3890840513
0.4031410507
0.4006484005
0.3745251416
0.3806264603
0.3993696334
0.4198074065
0.4355161636
0.4013443341
0.3983749358
0.403784081
0.4067649062
0.3748030421
0.3914753875
0.4094341441
0.4207131906
0.436419559
0.4307324663
0.4279770621
0.421584487
0.4038153508
0.4519047132
0.4193978624
0.4326314649
0.4276390488
0.4196188153
0.41895229
0.3767946256
0.392340597
0.3960717879
0.391570841
0.3706789234
0.3923956979
0.4287739861
0.437887104
0.3911064625
0.4270358596
0.4385323687
0.4509384294
0.4353421771
0.4413937151
0.4057709514
0.3966542955
0.4117610952
0.4441649302
0.4421949667
0.4487051675
0.4738168104
0.4374301443
0.4433358286
0.449760311
0.4538428209
0.432620367
0.4328559899
0.4181234492
0.4098391101
0.4100279967
0.4122935662
0.4220359397
0.4292877224
0.4107708153
0.4279744305
0.4314866644
0.4213005166
0.4305191005
0.4368111323
0.4158520939
0.4123396459
0.441420616
0.4450286428
0.4594626506
0.4439163489
0.4598189257
0.4278887918
0.4287398607
0.4200525929
0.402193955
0.4142395148
0.4316066418
0.4261532955
0.4300115906
0.397124342
0.4066690999
0.3785399318
0.3762032724
0.4190939338
0.4364560267
0.4036461854
0.3965413921
0.3968699736
0.4251143404
0.4568816763
0.3996214715
0.4104855784
0.4025799731
0.3965154893
0.4188524896
0.419862663
0.4236708755
0.4231951992
0.4366429766
0.4119984638
0.3895039012
0.3700837015
0.3730444557
0.3992838847
0.4012496006
0.3853521662
0.3882937467
0.4214659453
0.4202125404
0.3934630748
0.4035633536
0.4291060812
0.4300987545
0.4478659215
0.4561395593
0.4521665538
0.4158035792
0.4132414644
0.4092630803
0.4204663626
0.4137348413
0.39525704
0.4021617396
0.4014491313
0.4151092019
0.3891438405
0.3569477028
0.3667699749
0.3892390944
0.4486520697
0.4615281537
0.4366643028
0.4247657603
0.4191813394
0.407474601
0.4197826548
0.4203649142
0.3958657984
0.3931919864
0.3835771743
0.3833501988
0.4361742024
0.4060191484
0.3814621695
0.3478952761
0.3660954035
0.4031247583
0.4129012545
0.4252978686
0.4289428323
0.4371851814
0.4308533818
0.4350220385
0.4521203125
0.4390882297
0.4093594564
0.4016227929
0.4114573668
0.393149228
0.4289694394
0.3782679544
0.3936328588
0.4089043452
0.4307257397
0.4500194071
0.4347807522
0.4273783026
0.4386709075
0.4163270225
0.4240182968
0.4145084064
0.3950392319
0.3845601442
0.4394229175
0.4440568955
0.4399633563
0.4276891819
0.438636408
0.4341358878
0.3955738023
0.4394586493
0.4330616996
0.4148995773
0.4205271835
0.4049104224
0.4165097064
0.4282820069
0.4221587323
0.4048003168
0.4085050708
0.4034829554
0.404607499
0.415857556
0.4072943012
0.41129647
0.4221789216
0.4250135403
0.4231719766
0.3922445481
0.4704972016
0.4382664124
0.4424661068
0.4250678033
0.396504226
0.3924095541
0.3959741768
0.4109511474
0.398759688
0.4299243435
0.4025793589
0.3682178449
0.3830146544
0.3793840053
0.3950783699
0.4294438484
0.4342732116
0.40072862
0.4131924975
0.4637325477
0.4056432044
0.3917039851
0.4083980569
0.4263843985
0.4431826535
0.4657730319
0.4321801479
0.4137274077
0.4232725815
0.3888696533
0.3973202064
0.4066157549
0.4179815395
0.4185859325
0.3912333981
0.3970157556
0.4014578789
0.4234293213
0.4431727851
0.4158665887
0.4615834969
0.4392112535
0.4294720585
0.4065789068
0.403071349
0.4337575249
0.4304964109
0.433546518
0.427213088
0.4100448215
0.4125998409
0.4140214601
0.3943082778
0.4145346672
0.3847474566
0.4203633697
0.4205085836
0.4115210153
0.4192480629
0.4432282935
0.4413389547
0.4257306801
0.4262335423
0.4391054307
0.4224867433
0.3974557205
0.4114581915
0.4144557604
0.4131639604
0.3874779124
0.3885355582
0.3876428036
0.3732390461
0.3871974379
0.3989206294
0.4059256551
0.4119273239
0.4239861552
0.4528313843
0.461078229
0.3887059682
0.4057688963
0.3989441405
0.4212343214
0.4236403301
0.395511342
0.4140767235
0.3980924402
0.3980445913
0.4274202605
0.402151814
0.4135991451
0.3911669869
0.407581852
0.3814245961
0.3873543081
0.4079699324
0.4040926842
0.4303912571
0.4228691996
0.4116184585
0.4148244562
0.4108705858
0.3829969877
0.4198588688
0.4295916763
0.3981966103
0.395058924
0.3928995367
0.3867197407
0.4095634704
0.4010530442
0.3931221254
0.3879623286
0.3771612351
0.4274755599
0.4201157772
0.4322462885
0.4573482283
0.4456861033
0.3917834051
0.3991786594
0.3869900627
0.3981237033
0.3877022341
0.3847728599
0.3897250594
0.4309316988
0.4360639912
0.4100443139
0.3743210617
0.3934948078
0.3899196032
0.4108349846
0.4148243044
0.41453868
0.4060865264
0.3786054358
0.3781401898
0.3696211263
0.4206310485
0.4393114446
0.4242645013
0.4149834294
0.3950925142
0.4060303807
0.4210279754
0.4267009608
0.3986539609
0.410618687
0.4139862519
0.4081580703
0.407578146
0.3990926656
0.4223817116
0.4076702224
0.4324720437
0.4540409604
0.4437248826
0.4534231166
0.4279173879
0.4469451223
0.4528368593
0.4466532087
0.4325795847
0.4283609362
0.4253086383
0.419449327
0.4315845772
0.4523707895
0.4265450551
0.427818998
0.4351924801
0.4514759714
0.4320392363
0.4341690751
0.426326717
0.4005324052
0.3889012702
0.4052543148
0.3762422501
0.4204992589
0.4319614083
0.4257382835
0.4333707476
0.419163723
0.4156190301
0.4228188367
0.4467104658
0.4406391804
0.4657829463
0.4756250018
0.4585220854
0.4372098791
0.4508814882
0.4355600567
0.4193628362
0.3895403579
0.4042625738
0.3655316965
0.3995180672
0.4036916296
0.3966563675
0.4032531267
0.3972025204
0.3926418631
0.4162039778
0.4215607437
0.4147714966
0.4116866281
0.3989347019
0.4264155229
0.4439007667
0.4503572853
0.4378773962
0.4425439608
0.4390456973
0.4444423039
0.4112658177
0.4238355972
0.3933377076
0.3864950518
0.3979402662
0.392402762
0.3646908804
0.3842537337
0.410679394
0.4123359381
0.3858720743
0.3899461785
0.4001528524
0.4104204601
0.3995836983
0.4311140462
0.4221044617
0.4090704327
0.3763585106
0.3963333382
0.3971363155
0.3794206229
0.4090980843
0.442132509
0.4467164427
0.4328326418
0.4088996792
0.4294462035
0.4124566112
0.4035346561
0.4190097928
0.4368620439
0.4353039771
0.3979571832
0.4150394158
0.397780353
0.3851483448
0.3697609106
0.3946446497
0.4282602948
0.4201417862
0.4087709454
0.4222896775
0.4385877224
0.4033555192
0.4118978184
0.41347496
0.4271413356
0.3891732921
0.3926239969
0.3593899289
0.3614130958
0.3688017279
0.3781390231
0.390150182
0.4075621673
0.4055053131
0.427304254
0.437502002
0.4403319649
0.4182592357
0.4246414996
0.4117580532
0.4142122618
0.4216676549
0.4291768566
0.4314027592
0.4183518693
0.4386077454
0.423351393
0.4114606822
0.4591302082
0.4528848125
0.4517849713
0.4124078266
0.4131045681
0.3937141905
0.3826341516
0.4100045625
0.4164251199
0.4151013943
0.4055324046
0.3743107981
0.3975069154
0.4164051671
0.4224837547
0.4331907024
0.4010819483
0.4083392389
0.4291617477
0.4132896297
0.3948769979
0.381683109
0.3972718199
0.4091007373
0.406123735
0.4365266261
0.4108251896
0.4055888209
0.3932943415
0.3922369927
0.3946956338
0.4169371754
0.4421893502
0.4050062517
0.3977503079
0.4094515106
0.4384368667
0.446547252
0.4068642832
0.4005224705
0.3865651636
0.3840901
0.4099746551
0.3974081132
0.409039583
0.4234167317
0.3920444021
0.380492232
0.3747381442
0.3778118572
0.3720238339
0.3932359956
0.3883844329
0.3977111036
0.4204212039
0.4156535703
0.4231357732
0.4296543117
0.42315214
0.4109745981
0.4246191829
0.4201648549
0.4155384567
0.4269885865
0.3979505432
0.3858738394
0.3719167411
0.3663163906
0.3955649965
0.3959144711
0.4115624535
0.3885169103
0.4029788174
0.4218297999
0.4531335668
0.4610387595
0.4192871823
0.4180201608
0.4211271937
0.4268539499
0.4251161957
0.3958182136
0.3871640464
0.3761809597
0.3814170391
0.405367886
0.4076146781
0.3905088546
0.4283705975
0.4144560249
0.4282800673
0.4175721448
0.4290637341
0.4748627748
0.4108235938
0.4309557476
0.4177950546
0.4032958947
0.386885102
0.3901187386
0.4236759802
0.450518298
0.4478012178
0.4418156568
0.4242155215
0.4118898537
0.396239756
0.4126894567
0.407459757
0.3875650607
0.3645409234
0.4323496358
0.3990024074
0.3947831436
0.4109329315
0.4164560298
0.4142687673
0.4240502221
0.4250647293
0.4116083614
0.3880611017
0.4036975196
0.4189771331
0.4275394997
0.4287851628
0.429351609
0.4383333558
0.4217014364
0.4263866739
0.4214127255
0.4069920237
0.4076706817
0.4011902129
0.3889011985
0.4075657255
0.3994378167
0.413139474
0.4275518064
0.426305262
0.4119881098
0.4179677296
0.3966996778
0.4061132846
0.3695169172
0.3228614539
0.3622568741
0.3545363653
0.3691559043
0.3875262369
0.3765854784
0.421367321
0.379672301
0.3945015499
0.3908205725
0.3973560248
0.4308500967
0.4386680753
0.4100098489
0.4022154812
0.3928895923
0.3982778479
0.4245805014
0.4617497848
0.4461523551
0.4159109041
0.4199150273
0.3907379893
0.3820749612
0.4133110313
0.4266238843
0.3924452404
0.4806627829
0.4504980949
0.4501491673
0.4477218257
0.4334661742
0.4397109742
0.4163835848
0.4369419551
0.4478966997
0.4168754808
0.4062581188
0.4149980747
0.4556383386
0.4628452223
0.4421031958
0.4374407506
0.4139818006
0.400368767
0.4139092828
0.4576279071
0.4017718563
0.4319477484
0.4231811095
0.4276973223
0.4482410458
0.4496093143
0.4423039514
0.4094450993
0.3982085162
0.4121397347
0.4350399009
0.4389874353
0.4056146027
0.4266525657
0.4458114441
0.4281586497
0.4439659872
0.4230611515
0.4381947559
0.399342667
0.4018255623
0.3691505433
0.3781583807
0.413035792
0.4299225788
0.4380788177
0.4501221036
0.4437593611
0.4193499683
0.4137563632
0.4154650915
0.4422346216
0.4595297473
0.464081207
0.4235865057
0.4088151098
0.4023219072
0.4281512294
0.4097792461
0.4294560788
0.3732037399
0.3890453389
0.3889134793
0.3819206057
0.3875358541
0.4072708423
0.3926879707
0.4197292064
0.4407531633
0.4352675012
0.4432950694
0.4119679313
0.4067807784
0.4112192695
0.4197578497
0.3927705477
0.407974653
0.3889805517
0.410642109
0.4068458396
0.4193929313
0.4041126978
0.4085348824
0.4284095829
0.4195499451
0.402213223
0.4102190629
0.4095344558
0.4316895189
0.420733082
0.400086659
0.3895903118
0.3806784265
0.3789226778
0.3810379633
0.4043369065
0.4224800566
0.4095789654
0.4320908396
0.3889042924
0.3908734631
0.380220886
0.3854818314
0.4013454121
0.42019508
0.4209181043
0.4595957752
0.4444634354
0.423874821
0.4051363671
0.3887950055
0.3983072151
0.4214440805
0.3931670052
0.3950322026
0.3952050753
0.3838086267
0.3993564212
0.4101469372
0.3912986378
0.4398335155
0.3954467931
0.4198972822
0.4337534903
0.4352920926
0.4293647134
0.4020759946
0.412481255
0.4023845468
0.4080586043
0.377272067
0.3698887537
0.3380399877
0.3468189252
0.3722324548
0.390945052
0.3910951658
0.406831821
0.4170252793
0.4273088582
0.4168203878
0.4434378557
0.398892075
0.4015450279
0.4066856534
0.4075815245
0.3985576606
0.4188135701
0.4290132454
0.4061115582
0.4150477025
0.3895133161
0.391734519
0.4305005723
0.3995817711
0.3951259644
0.4076449861
0.4239664174
0.4299648448
0.4159800968
0.3978736394
0.3814016459
0.386974447
0.3989666457
0.4111575433
0.4355905212
0.4332331371
0.4202056755
0.4026893392
0.4430431371
0.4169995433
0.4170759215
0.3926091921
0.3987927452
0.3786053468
0.4153234611
0.4252854601
0.4269124968
0.4467366009
0.4095311983
0.3840164711
0.3986885499
0.387479576
0.3981675733
0.4004165819
0.4026996679
0.4116510192
0.4031767592
0.4389252097
0.4197823652
0.4176059484
0.4006210915
0.3872189641
0.3962265298
0.4007352174
0.412490094
0.4157899526
0.4412576802
0.4197351604
0.3939920419
0.4059536126
0.3997968911
0.4214603412
0.4112958464
0.4092738746
0.3830318567
0.3883552197
0.3999311138
0.3889851636
0.405484343
0.3982348637
0.4115382626
0.4036183401
0.4174605831
0.4091237519
0.414803458
0.4182679121
0.3994682974
0.4115279975
0.4118575308
0.4506909591
0.4628292954
0.3975378991
0.3750657029
0.3574887657
0.3820181786
0.3979282089
0.4176613003
0.3965967251
0.3520867446
0.3692646153
0.3979185538
0.4310938837
0.4213238329
0.3905548012
0.3870908261
0.3781358672
0.3578153053
0.366169014
0.4054596824
0.4160499857
0.4153624365
0.3888443141
0.4393535302
0.4330932214
0.4065606723
0.4089586357
0.4146227642
0.4126877344
0.4326748788
0.4193771721
0.4063720424
0.370878837
0.3846501029
0.4064737976
0.4101189847
0.4024981191
0.4222363482
0.4092705727
0.4053489433
0.3783223702
0.3909945309
0.3804753549
0.3900337605
0.3828765129
0.3911791914
0.3801131911
0.3965081534
0.4018016778
0.3964999126
0.3945120506
0.4087136023
0.4134794974
0.4047397105
0.3946391967
0.417605122
0.4041030856
0.3899599366
0.3962306198
0.4059700875
0.4027452108
0.4106374394
0.4205540955
0.4114334667
0.4232585117
0.4167786975
0.4287007021
0.4162717012
0.4085931609
0.3952569276
0.3661202532
0.3689187767
0.4002442438
0.392561013
0.3940754462
0.3983833033
0.4064359538
0.3965553305
0.4108510977
0.3980175236
0.4038971034
0.386805597
0.3993838305
0.4056450924
0.4132175503
0.4252833653
0.4190638627
0.423777218
0.4207383388
0.4154902768
0.430689973
0.4008809717
0.3814165826
0.3899040632
0.3888853724
0.4099118236
0.4181491417
0.4264390094
0.390025941
0.4072685801
0.4343945991
0.4518983465
0.4632645803
0.4488776419
0.4370530765
0.4119666477
0.4109797405
0.3917928969
0.4043072355
0.4135238669
0.4070903938
0.4080656835
0.4159648909
0.4084868388
0.4154873093
0.4019037882
0.3973172526
0.3842512104
0.4327272599
0.4081908438
0.4378157191
0.4358196287
0.4245385648
0.4121796871
0.3974164865
0.4196286015
0.4263216374
0.4417974132
0.452796075
0.4334986238
0.3999282366
0.4182885739
0.43410964
0.3950040856
0.3893880182
0.3826926231
0.4121872624
0.417325068
0.4014957335
0.4742900019
0.3770317824
0.4026976147
0.3940132892
0.4031120516
0.4133141383
0.41662031
0.4507889036
0.448902354
0.4459628783
0.4161141273
0.4306981864
0.3993065335
0.3919486383
0.4074329485
0.4101595728
0.4062901613
0.4060776398
0.403431494
0.3914093932
0.3531182072
0.4556050339
0.4228355225
0.436160432
0.4210203888
0.4133183225
0.3993109259
0.4294118658
0.403340915
0.3771066343
0.3905569466
0.41426112
0.42799587
0.4158234156
0.4315379118
0.443731218
0.452559295
0.4569500176
0.4480176745
0.4412927753
0.4542895688
0.4148102813
0.4418669363
0.4411639039
0.4460066195
0.3932588484
0.3843197382
0.3801896498
0.4059807974
0.3996154682
0.4293977513
0.4323258037
0.4244799437
0.4258292819
0.4328020671
0.4231196025
0.3887015575
0.3782425639
0.3873995986
0.4069953123
0.4039817498
0.4120644847
0.4543126803
0.4507522765
0.4222570413
0.397452111
0.3948962768
0.3915308768
0.4223763934
0.4296451577
0.4270936577
0.4219499603
0.4181997527
0.4026948401
0.3972958137
0.3872919088
0.3996175933
0.3942125636
0.3946400926
0.4088217541
0.4223313621
0.438229349
0.4679938949
0.4218312504
0.4046630182
0.4356218355
0.409570635
0.3987071155
0.3862796507
0.4079989257
0.4073889932
0.3999175289
0.3940715625
0.4051678158
0.4263781853
0.4157935086
0.3908868026
0.3838048133
0.4001175011
0.4067882147
0.4049243868
0.4624617693
0.4334431674
0.4674041309
0.4394233977
0.4115427284
0.4050463985
0.4391572987
0.4262756892
0.399908669
0.401472191
0.4112562077
0.4191828819
0.4108450263
0.4047082157
0.434795762
0.4213247279
0.4010652401
0.3785764928
0.3840533157
0.4339757665
0.4237485281
0.4187885352
0.4020684773
0.4101226127
0.4209602564
0.4232016964
0.4224263058
0.4480369825
0.4273967233
0.4431694517
0.4345128788
0.4331778756
0.4134187381
0.4115308112
0.4021007626
0.4167912745
0.4096580851
0.410130293
0.4195873554
0.4256701112
0.3793258644
0.3621449385
0.3794676569
0.4131034633
0.3989345023
0.3881639502
0.3922947785
0.3903371149
0.3864182702
0.3693114329
0.3890251487
0.4082884066
0.4202118104
0.4181023184
0.4030307529
0.4248450617
0.4341851848
0.4021698979
0.4016835134
0.3925435018
0.4175822836
0.4240994178
0.3908134984
0.4004182417
0.3909358647
0.4216683701
0.4017452717
0.418397787
0.4089045089
0.4153446563
0.4070049759
0.4149198044
0.4232998187
0.4030859892
0.4470374309
0.4469382394
0.4329425519
0.4345332239
0.4156549423
0.4192549435
0.4097990792
0.4262120549
0.4539258534
0.4381177098
0.4609672441
0.4301143043
0.4257852047
0.4121114463
0.4045404357
0.4159103808
0.4173856535
0.4010701988
0.394388932
0.4118541108
0.3974418047
0.3786099803
0.3830483564
0.408849159
0.4136596729
0.4289091658
0.4308789311
0.4271082863
0.4156732353
0.4229695815
0.4360909928
0.4323527003
0.396708674
0.3953878754
0.3944869103
0.4005370555
0.4121348547
0.4198891679
0.4119654101
0.3903644448
0.3761262655
0.3624170009
0.3947238554
0.3968518135
0.4028847203
0.4035712613
0.410189433
0.3867367556
0.4011704563
0.3948278459
0.40439471
0.4091596959
0.4243936085
0.4030589656
0.3845864307
0.3861611576
0.3809807889
0.3811205468
0.4052844922
0.4126048373
0.3982661905
0.3920617805
0.3993068852
0.4401177816
0.4288835626
0.4120729712
0.4496239451
0.4593284998
0.4496264183
0.4583169466
0.4419355079
0.4189740503
0.4113415986
0.3844427889
0.3772933041
0.3828370615
0.4179060719
0.4301879828
0.4179068632
0.4368669943
0.449502799
0.4544804806
0.4573733615
0.4153378172
0.3869639541
0.4000716865
0.4492657918
0.4384824617
0.4317979037
0.4367786115
0.42624951
0.4176001173
0.4523920297
0.460283911
0.454779555
0.4440232664
0.4163852249
0.3923139037
0.3950564205
0.4037979754
0.387354429
0.3974151802
0.4230495429
0.4255752957
0.401591208
0.4460643525
0.4005871248
0.4051413495
0.4102048052
0.4335235863
0.4279928927
0.4319363189
0.4141294978
0.4165971834
0.4396339968
0.4332842433
0.4573916451
0.4542704918
0.454416711
0.4119754583
0.4090506775
0.412083138
0.3945460674
0.3757948101
0.3650472959
0.3709125933
0.4179730098
0.4323524469
0.4295199643
0.4165574428
0.399287304
0.4231991216
0.4170929087
0.4053757535
0.4161401735
0.4175358361
0.4140386565
0.399864765
0.4145613169
0.4206834534
0.4130614367
0.4323373767
0.4328340549
0.441834187
0.4631618227
0.4490001112
0.3950928242
0.4009385517
0.3765866067
0.4016793132
0.4104365034
0.4152427122
0.4176009998
0.41401827
0.4008915975
0.3853268304
0.3515373402
0.3660555486
0.3930500038
0.3901584603
0.3976116901
0.3779281114
0.3720477996
0.3945302431
0.3829630897
0.3966406935
0.4273081323
0.4016039439
0.4165120646
0.4330655414
0.4005687704
0.3717320767
0.361904856
0.3479774738
0.3825981422
0.3874536779
0.4106108237
0.4039107662
0.4069834102
0.4051668092
0.4245325903
0.4512128706
0.4544957898
0.4291171932
0.4134572246
0.4272828051
0.4043429868
0.4226535304
0.4002051667
0.3929533601
0.4387682178
0.4346489802
0.4162195943
0.3919486126
0.4100423715
0.4182051653
0.4368387462
0.4441366408
0.4317629327
0.4312688153
0.4412526702
0.3989381546
0.4425954692
0.4372410564
0.4321019143
0.4173105508
0.3873457132
0.3767445446
0.401994872
0.4043913025
0.39280732
0.4047222561
0.4038117686
0.3899304877
0.4178586346
0.4049472469
0.4052335331
0.4160778444
0.4224995505
0.3954143912
0.4348271514
0.451803884
0.4321747911
0.4531136952
0.3983051437
0.3946002922
0.3687360448
0.3855909701
0.3929864192
0.4206725369
0.4399678096
0.4026690733
0.4130828905
0.4087161655
0.4094787417
0.4077929145
0.4483765482
0.4158546635
0.4106149798
0.4209555592
0.3988508403
0.4064429633
0.4065199113
0.4008940854
0.3951435702
0.3813871108
0.4037278014
0.4153123615
0.4131855614
0.4155532305
0.4141768567
0.4217173807
0.3932665455
0.376860884
0.4183217195
0.4455653679
0.4324995545
0.4277137002
0.4630627212
0.4536290336
0.4459176986
0.4337852819
0.4235684285
0.4382324305
0.4178827135
0.4110612374
0.3908388797
0.3972811367
0.3998330586
0.3716177411
0.375919622
0.3888060722
0.3898747652
0.4137646524
0.4219382276
0.4125859789
0.3928061546
0.4367027001
0.4595044605
0.4498372963
0.4540209388
0.4143846888
0.4116055451
0.3893362004
0.3900683551
0.3920467222
0.4353543529
0.4096566482
0.4214182937
0.4236072796
0.420318902
0.427305073
0.4125512676
0.4151389476
0.4119063539
0.4211890638
0.433496133
0.4261694191
0.4157593288
0.4113563129
0.4067462495
0.404333827
0.4118986599
0.4509289103
0.4260381661
0.4195986877
0.4353963903
0.4260747275
0.4282736928
0.4013042516
0.4011257332
0.3958285009
0.4132889693
0.4060397802
0.4116518257
0.4013738366
0.3893698445
0.3905330897
0.4105779392
0.406307541
0.4221204847
0.4223619567
0.4271265667
0.416996445
0.4199409006
0.4530643287
0.3799631158
0.3829745798
0.3935843771
0.3964519499
0.4156716203
0.413951906
0.4109073742
0.4319042008
0.4661714754
0.4377174507
0.4400546078
0.4016021185
0.4371872895
0.4276046813
0.4275505569
0.4171906443
0.4284900174
0.4213650012
0.4248850763
0.3852528243
0.4590541289
0.4449153727
0.380954162
0.3547673197
0.3771314242
0.3999270332
0.398728225
0.4216373161
0.419414314
0.398316352
0.4016193299
0.398317305
0.3958796279
0.3969214128
0.412558143
0.4021743266
0.3716968524
0.3639238979
0.3993094315
0.4451652076
0.391860782
0.4179221757
0.4267762486
0.4106827569
0.3990319886
0.3912167466
0.4010443578
0.3903095904
0.4245369734
0.4232685898
0.3780662635
0.3735298051
0.3740941143
0.3676224636
0.3734270903
0.3736647573
0.3854039251
0.4108843655
0.4430664116
0.4187232662
)
;

boundaryField
{
    xPeriodic_half0
    {
        type            cyclic;
    }
    xPeriodic_half1
    {
        type            cyclic;
    }
    yPeriodic_half0
    {
        type            cyclic;
    }
    yPeriodic_half1
    {
        type            cyclic;
    }
    zPeriodic_half0
    {
        type            cyclic;
    }
    zPeriodic_half1
    {
        type            cyclic;
    }
}


// ************************************************************************* //
