/*--------------------------------*- C++ -*----------------------------------*\
| =========                 |                                                 |
| \\      /  F ield         | OpenFOAM: The Open Source CFD Toolbox           |
|  \\    /   O peration     | Version:  2.4.0-MNF                             |
|   \\  /    A nd           | Web:      www.OpenFOAM.org                      |
|    \\/     M anipulation  |                                                 |
\*---------------------------------------------------------------------------*/
FoamFile
{
    version     2.0;
    format      ascii;
    class       volScalarField;
    location    "0.0008";
    object      p_N2;
}
// * * * * * * * * * * * * * * * * * * * * * * * * * * * * * * * * * * * * * //

dimensions      [1 -1 -2 0 0 0 0];

internalField   nonuniform List<scalar> 
5120
(
0.3055046283
0.3114746336
0.2876004362
0.2849625918
0.2973794866
0.311915745
0.334476504
0.3100688926
0.3184017299
0.3399826687
0.3523544714
0.3253417946
0.3326708559
0.3141525377
0.3168290815
0.3128556643
0.3001753752
0.3273157878
0.3256419046
0.3269911606
0.2895633568
0.315773036
0.3300481039
0.3326536593
0.3274855723
0.3279618612
0.3238782438
0.3347582326
0.3419980217
0.3335443694
0.3395434528
0.3518783906
0.3239723907
0.3134112012
0.3236582627
0.3356779343
0.3044721925
0.2903745221
0.2902256729
0.2831287236
0.2981076997
0.3138039365
0.3214888374
0.3083509429
0.2984986818
0.3077035277
0.3308326936
0.3448534775
0.32416563
0.3142117662
0.308585358
0.2869583499
0.29909038
0.3211643963
0.3182936684
0.3013842421
0.2904649284
0.2985477321
0.3161060883
0.3093644263
0.2971388278
0.2944199465
0.2844862271
0.3148039072
0.334185255
0.3476478481
0.3589674954
0.3577704621
0.3566193011
0.3391285586
0.3534515214
0.3278320343
0.3070617847
0.3078733584
0.3261691701
0.3299255698
0.3543481875
0.3496776696
0.314289671
0.297412916
0.2863740959
0.3059883867
0.3107393667
0.2822579229
0.284108134
0.3145058629
0.3253023958
0.3152841191
0.3125608962
0.3294412705
0.3185909888
0.3348278104
0.3201325253
0.3034085215
0.2830890418
0.2837727259
0.3147643916
0.3006727738
0.3045184539
0.3003909361
0.3119613676
0.2784505952
0.3027491309
0.2976820507
0.2908925085
0.268463531
0.2851179703
0.2968789985
0.3086795882
0.2905611711
0.3029875156
0.3018762819
0.3108323783
0.304540422
0.3323665587
0.3443449523
0.3105546018
0.3276192423
0.3123110983
0.3025343508
0.3271314605
0.3109894866
0.2904713945
0.2891806338
0.3058375324
0.3372958621
0.3132638922
0.3395015934
0.3401992119
0.3386576394
0.3182312458
0.3025362524
0.299201771
0.3088580646
0.3306506533
0.3395884475
0.3366362836
0.3361478257
0.3169385482
0.3061400217
0.3205947301
0.2950965011
0.306058193
0.3186219425
0.3220616676
0.3268994938
0.3494046485
0.3365935922
0.3193607144
0.3108964763
0.3231892041
0.3069893455
0.3123055602
0.3435046433
0.3344300283
0.3322891171
0.3200519397
0.3251789811
0.3373160035
0.3412191707
0.3544437841
0.3658625733
0.3645333722
0.3160986304
0.3172164413
0.315890303
0.2983019537
0.3331542882
0.3334328054
0.3241222082
0.3213312054
0.3363243128
0.307071091
0.3117672696
0.3225534027
0.3102918309
0.3129267398
0.3332309135
0.3367852756
0.3409024328
0.3126398275
0.3000969072
0.2991861775
0.2936068578
0.3156658423
0.3262598697
0.3216328036
0.3214939411
0.3368430748
0.3491721162
0.334537388
0.3028555845
0.2913419458
0.3051974035
0.3107363662
0.3040480774
0.3329726024
0.3218275949
0.3283372956
0.3521727014
0.3385901601
0.3428366941
0.3236823846
0.2952197356
0.283811478
0.3012171027
0.3040715537
0.309323585
0.3060059595
0.3042178671
0.3301932131
0.3416665694
0.3045218968
0.3033690331
0.3015557478
0.3444436823
0.3466014801
0.3497930684
0.3449763837
0.3193137947
0.3281374556
0.3385137139
0.33521749
0.3349341024
0.3224539133
0.3346048581
0.3292668115
0.3335982444
0.3284599601
0.3145679513
0.2877300443
0.2901532717
0.2927660059
0.3143972527
0.3184715668
0.3497399444
0.3573259727
0.3283257818
0.355992587
0.34559338
0.3052558813
0.3106353399
0.3273634643
0.3482608424
0.3656483646
0.3315275783
0.3412800243
0.3197208666
0.3105688383
0.3413703302
0.339588333
0.3405549279
0.3104192609
0.3175403035
0.3289985614
0.337896062
0.3171988367
0.3234654427
0.2965191589
0.2815203831
0.3294877471
0.3177997342
0.3079853853
0.3140694665
0.2979296958
0.3072434779
0.2970496049
0.2832365447
0.2843071984
0.2834935973
0.3127034075
0.3331953897
0.3347094135
0.3259203052
0.31833688
0.3332811585
0.3530178008
0.3447701631
0.3251353606
0.3381597521
0.3025161337
0.3177870275
0.3048828395
0.3065895576
0.2924722828
0.2733134565
0.299978723
0.293385197
0.2879806723
0.3228721713
0.3309870141
0.3318734476
0.3294924022
0.324178622
0.3362561963
0.3285074894
0.3215245851
0.314325631
0.2881396818
0.2977089703
0.2730021068
0.2692854779
0.2881494271
0.2877749226
0.2875978219
0.292204086
0.2974299433
0.3191597928
0.3121379025
0.290104005
0.3063954574
0.3345096511
0.3709040328
0.3837606758
0.349340398
0.3473249002
0.3274877914
0.3093337681
0.303215757
0.2934648527
0.3019401387
0.3182737864
0.3097706148
0.2985223178
0.3177296005
0.312867393
0.3328999898
0.3278785638
0.317396728
0.3084164316
0.3097436229
0.3150308049
0.333027463
0.3214863477
0.3498739466
0.3367035941
0.3435812308
0.3018690813
0.3301168698
0.2960342191
0.299091757
0.2838550747
0.3196885106
0.344579198
0.3264250483
0.3532092458
0.341886316
0.3357549519
0.3371900835
0.3216684452
0.303628901
0.2870750794
0.2918128616
0.3201012042
0.311139102
0.3135071634
0.3489171295
0.3764993908
0.3303390833
0.3221705493
0.3230116622
0.3257176568
0.3124313513
0.3007640041
0.3010950068
0.2917605232
0.300788381
0.2847769611
0.2923201578
0.2995985153
0.3079431148
0.313201863
0.3235665239
0.3055004751
0.2973613105
0.3217513121
0.3302720956
0.3172549428
0.3163851032
0.3073084036
0.318061886
0.3223220373
0.3354855579
0.3416818399
0.3303112022
0.3234523802
0.3256900304
0.3412126224
0.3410651392
0.355054205
0.3334295855
0.3424779092
0.3589548842
0.3637502366
0.3387976655
0.3229617551
0.2889776583
0.2891167115
0.3042043147
0.3047211383
0.3358452298
0.3356701398
0.342345952
0.3585420354
0.3627900076
0.3677374507
0.346284579
0.3368760958
0.3314616655
0.3190463931
0.3206754351
0.3136895554
0.3043475473
0.2903295621
0.303193684
0.3111299807
0.3134960849
0.3027027004
0.3210293088
0.3291862827
0.3517835246
0.3794868424
0.370764512
0.3835550893
0.3537075592
0.332917013
0.2977741449
0.2795105986
0.2874463122
0.2959193043
0.2871924173
0.3213282567
0.3342452872
0.3733581048
0.3618556223
0.3346620972
0.3282533501
0.328063297
0.3150723101
0.3284788109
0.3252458086
0.333463378
0.3424472673
0.3424327132
0.3284198323
0.3293446953
0.3334841892
0.3045950493
0.2901696551
0.3037255625
0.3352566749
0.3349614911
0.3353876747
0.3258882865
0.3261445102
0.3253956901
0.350186535
0.3269930984
0.3229368756
0.3198942647
0.3369299062
0.3548244625
0.3601349162
0.3658739189
0.340988016
0.3181845029
0.3291236755
0.3613124045
0.3595590743
0.3649319309
0.3770730511
0.3631436941
0.3643009979
0.3516093021
0.3372107091
0.3504121871
0.3472878367
0.3341505586
0.3635818043
0.3611954175
0.343524902
0.3284878092
0.3266701043
0.3411144435
0.3347983018
0.3607489599
0.3585534736
0.3257028683
0.3066411148
0.3029399259
0.3235650867
0.3447403497
0.3645451081
0.383284175
0.3612711151
0.355375013
0.35617636
0.355068189
0.369468771
0.3685928237
0.3229560161
0.3353761053
0.3377238633
0.3583585901
0.3230879264
0.3395092174
0.3520118772
0.3623252862
0.3333755507
0.3040886555
0.2916472144
0.3129301187
0.2911667907
0.2960120719
0.3101861456
0.309251763
0.3009004912
0.2992218074
0.3291798533
0.3109918863
0.3082220518
0.3115808894
0.3234533966
0.3137859563
0.3261072819
0.3037481796
0.3347680035
0.3473758058
0.3450496822
0.33741554
0.3133253137
0.2871358731
0.3020295138
0.3249449596
0.2974237681
0.3080054441
0.3142237338
0.313746586
0.3035943766
0.3219217492
0.3251237762
0.3145117586
0.297349607
0.3144478848
0.3182314369
0.3054404391
0.3183648464
0.331175437
0.3261690642
0.3281949135
0.311258143
0.3310011421
0.3308400773
0.3090332499
0.3064691279
0.2952385488
0.3103199116
0.2949552452
0.2997170919
0.3008815931
0.3383661835
0.3351759912
0.3243878941
0.3267032305
0.3306761625
0.3662410626
0.3317108662
0.3222190999
0.3252737022
0.3587219353
0.3495533379
0.3412029921
0.334565511
0.3245628472
0.3215257968
0.3115168354
0.3039902595
0.3075744028
0.3055372453
0.3226898817
0.3044211789
0.3051224698
0.3177549888
0.326953458
0.3262078564
0.288371404
0.3073180813
0.3207843443
0.3293688432
0.3302862406
0.3172161367
0.3336110018
0.3469038327
0.375698385
0.3529165413
0.303352228
0.30272362
0.3255891039
0.3415960063
0.3105261672
0.3032883734
0.2794240613
0.268784448
0.281472705
0.3072325061
0.3113532362
0.2833363121
0.2760898401
0.2774849668
0.2855601431
0.2831491381
0.3050843282
0.2903049312
0.2884519758
0.3006682924
0.3326395135
0.3494596864
0.3116926933
0.3075166668
0.3115431853
0.3191464221
0.3265849218
0.3308210878
0.338638924
0.3054378797
0.292369364
0.3037559395
0.3190943402
0.3082939963
0.310578087
0.3052078268
0.293311524
0.2897136034
0.27792607
0.2782720901
0.2803982045
0.3003561523
0.2938816812
0.2771500556
0.3039786269
0.3275801217
0.330822021
0.3366226517
0.3193141589
0.3338228731
0.3491749806
0.3379270158
0.3280207538
0.2989918711
0.3000823617
0.2923229886
0.3187177846
0.3129571198
0.2979498572
0.2953504757
0.2959859057
0.3046966607
0.3180416211
0.3147053512
0.3152700798
0.3373109521
0.3182297621
0.3177434965
0.3122042459
0.3003254053
0.3299686765
0.329819759
0.3296109541
0.3047665986
0.3006306706
0.3142456397
0.3311384326
0.3026634322
0.2984162267
0.3109394899
0.3090377471
0.3052818576
0.3105619757
0.3183244007
0.3325110415
0.3160811967
0.3403670131
0.3425040431
0.3381005561
0.3276749978
0.3370677756
0.3196344838
0.3086602327
0.2778932164
0.2991625601
0.2943913654
0.2968954029
0.2834780744
0.3248838439
0.3355019573
0.3324331275
0.3245013123
0.3169333285
0.3140689873
0.3178533843
0.3368105344
0.324675856
0.2951055011
0.2905656884
0.3102698088
0.3127376985
0.3010041882
0.2951692272
0.3072427529
0.2939578721
0.3159086459
0.3117899569
0.3166284282
0.323545591
0.3132795385
0.3036703904
0.3209354625
0.3190343327
0.3292339877
0.332888555
0.3461215256
0.3290364402
0.2945845859
0.3103105878
0.3229224918
0.310941399
0.3271521725
0.3182251804
0.2927595629
0.306285518
0.3007646039
0.300934261
0.2930390958
0.2899363358
0.3085969262
0.3118259256
0.3370467222
0.3562292936
0.3674305369
0.3517151396
0.343448045
0.3120896152
0.327639617
0.3222896637
0.3083420624
0.3014170163
0.3126436397
0.3170245132
0.3247162692
0.3142070159
0.3290030884
0.3212505042
0.3242302417
0.3343865336
0.323921339
0.3449691188
0.3447882879
0.3254754687
0.3386683641
0.3806308121
0.3425135576
0.3472073716
0.328777855
0.3163099519
0.3261591187
0.3152705892
0.3337819385
0.3188645453
0.3302087864
0.3210735151
0.3114020387
0.3264075598
0.3113499178
0.3062069835
0.3268753522
0.3082513906
0.3197477931
0.3324533653
0.322374657
0.3412495876
0.3952426416
0.3931081966
0.3729522721
0.3498927818
0.3300506088
0.311101944
0.3265585459
0.3315371967
0.3315526412
0.344662291
0.3195361078
0.3295175294
0.3073041132
0.3088824021
0.3329452128
0.3307784231
0.309531111
0.3219837395
0.3323175933
0.3401111323
0.312918473
0.3164435041
0.3072513488
0.3327874787
0.3412801943
0.3458985463
0.3346323407
0.3426943064
0.3271537506
0.3114333909
0.3230951775
0.3009497234
0.325209997
0.3455412662
0.3233567809
0.327543183
0.3390762865
0.3265437077
0.3346502724
0.3317003497
0.3443392028
0.330575354
0.3294076171
0.3419404219
0.3520952974
0.3372350289
0.2965998439
0.3067867813
0.3184825895
0.3271151598
0.3212607975
0.314808785
0.3197857722
0.2913031403
0.2959601152
0.3191569026
0.3182231914
0.3357129207
0.3288067244
0.326461547
0.3340701248
0.3005048894
0.3091710606
0.3315630846
0.3505238562
0.3534472082
0.3145768468
0.3008846923
0.3074899725
0.3398660936
0.3299905708
0.3410336096
0.3441698804
0.358098279
0.3375333247
0.3582810853
0.350199312
0.3186704546
0.3246362233
0.3410504425
0.2973403303
0.3519303931
0.3207780114
0.3133854215
0.3101494001
0.3397455916
0.3634827035
0.3668041586
0.3489990613
0.335911028
0.3321579603
0.3250240189
0.3154076426
0.2973805481
0.3166095453
0.2790963978
0.2842167157
0.2750286385
0.3032495765
0.3065071236
0.3411797397
0.3286535317
0.3027925192
0.3183327966
0.3082610372
0.3101965246
0.3252182204
0.3161336006
0.3135939713
0.3229822441
0.3405384936
0.3509792776
0.35895899
0.3713982544
0.3333090505
0.3303260364
0.309178992
0.3063295426
0.3070415295
0.3384459173
0.2848540037
0.2929207626
0.3126350674
0.3106490723
0.3014975668
0.3066906732
0.3252185515
0.3443703999
0.3325827881
0.3004496357
0.3406395654
0.3443884943
0.3332134251
0.3173638908
0.3391996145
0.3517814937
0.3344795178
0.3369479074
0.3208620666
0.2905852025
0.3186957946
0.3238862769
0.3095227452
0.3081604957
0.3009148275
0.3307647286
0.3173647193
0.299031742
0.2905819127
0.3111399696
0.3430242232
0.3152217222
0.2979913939
0.2977650112
0.2796363261
0.291825308
0.2862340409
0.2854210051
0.3103814724
0.3188061265
0.2987660232
0.3074385595
0.3144327143
0.3242384945
0.3258735809
0.316989429
0.3153992044
0.3134668829
0.2992386368
0.2959634994
0.2851694431
0.2731561106
0.254865286
0.2738704388
0.2758589785
0.2953900261
0.2931295269
0.3245584059
0.344879489
0.3357078075
0.329021701
0.3307306031
0.3308037427
0.3451433328
0.334491541
0.3375581816
0.3302220522
0.3349178795
0.3563811155
0.3736929744
0.3626054901
0.3410079191
0.3607284149
0.3330947171
0.3132854862
0.3253500179
0.3285727503
0.3107317534
0.3015539224
0.3141955946
0.3398791997
0.3414628446
0.3314943827
0.315095683
0.3038909911
0.2976366036
0.3139836212
0.3299264875
0.354295588
0.3561254242
0.331567627
0.3323204891
0.3295743294
0.3447507313
0.3167937871
0.2959527936
0.2986670662
0.3069805023
0.3106947309
0.339389783
0.3330429033
0.3471631602
0.3440698714
0.3262780138
0.3133630648
0.2933539481
0.3148245669
0.3300910547
0.3170604993
0.3329339188
0.3485927845
0.3261161852
0.312791482
0.3077698042
0.3296296451
0.3408594805
0.347136455
0.332794746
0.3386229241
0.3403675398
0.3231252229
0.3379059167
0.3480735493
0.3466161449
0.3197985018
0.2965271682
0.3131500736
0.3116998808
0.3408708069
0.3517710641
0.3315067451
0.3466836871
0.3355446474
0.3251166695
0.3232859048
0.3543876318
0.3533115151
0.3451915849
0.3239292294
0.3103391995
0.3299143329
0.310457115
0.3424660551
0.3548586401
0.3502299649
0.3265527217
0.3133636871
0.3009861555
0.3154076719
0.3055302228
0.3233633773
0.3153424915
0.3370312266
0.3588537781
0.3428722142
0.319914092
0.3025446637
0.2834034342
0.3222073758
0.3325934343
0.3336905677
0.3344877809
0.3248827966
0.3340526147
0.3535244978
0.353572178
0.313840905
0.3355006624
0.3297749222
0.3440304018
0.3450808718
0.3510829938
0.3510883859
0.3383174691
0.3489350236
0.3364690923
0.335051992
0.3739030174
0.3535288623
0.330283419
0.3093609044
0.3277973636
0.316856194
0.305831343
0.3127436906
0.3271812877
0.311147572
0.3180025876
0.3224400236
0.3242464263
0.3084200774
0.2942991171
0.3257849197
0.3072503378
0.2841420381
0.3072469832
0.323467177
0.3370222158
0.3318428999
0.3303862615
0.3092008942
0.2975760631
0.2924368722
0.3003770395
0.3379392374
0.3381591043
0.3484764359
0.3213886582
0.300849501
0.3093439546
0.3156545464
0.2996009952
0.3024739738
0.298674993
0.2924023708
0.2845689067
0.2922899456
0.2938623927
0.3000119603
0.3350086746
0.3306160196
0.330501963
0.3480669262
0.3141800438
0.2853780065
0.3053819913
0.2920054576
0.2737883363
0.2997316081
0.3265438843
0.3265573428
0.3218072657
0.3138872896
0.3113327566
0.3043593957
0.326108117
0.3391932036
0.3608888616
0.3409308542
0.3309452329
0.3017477844
0.2969016596
0.3141191276
0.3079067434
0.3187921116
0.310472505
0.3300419735
0.3387495435
0.3109324393
0.3036589095
0.2887238907
0.2775943843
0.2867157585
0.2799471568
0.3153521559
0.3078930946
0.3192006394
0.3160934568
0.3250246171
0.3101247254
0.3303946055
0.345852447
0.3666432638
0.330358763
0.328748343
0.3265962324
0.3036195486
0.2920090696
0.297850508
0.2842906275
0.3063120223
0.312124912
0.323093023
0.3187849089
0.3084749752
0.3372065434
0.3469634894
0.3300353009
0.3261828963
0.3164559068
0.3044929024
0.3154528867
0.3296579004
0.3446962754
0.3344634156
0.308656543
0.3242715539
0.3230064406
0.3186886607
0.3408785895
0.3651397478
0.3510882382
0.3474595427
0.3403665011
0.3369037566
0.3426488737
0.3156291776
0.30414438
0.29450132
0.2826748931
0.29382978
0.2939486049
0.3154334727
0.337082845
0.3541015144
0.3235791114
0.2999352107
0.29115187
0.3174598174
0.33694626
0.3111600137
0.3344382157
0.3089992418
0.3076403645
0.3001583938
0.2825486821
0.288122869
0.32393555
0.3211645898
0.3136173628
0.289959909
0.2963696317
0.3035765113
0.3075323643
0.3111732698
0.3361277014
0.370826396
0.3647924019
0.3393621533
0.3453655656
0.3135231439
0.3053448244
0.3050963422
0.3001870152
0.322004165
0.3098003164
0.304730114
0.2899240603
0.2927623364
0.2914351594
0.3291872171
0.3431396261
0.3193915117
0.2780336213
0.2759453609
0.2891444349
0.2686821713
0.2708082273
0.2945579002
0.278048713
0.295449174
0.3022462031
0.29996201
0.3075500168
0.33520185
0.3262802478
0.3222167387
0.3212547223
0.326530336
0.3309926017
0.3303710669
0.322017011
0.3427542482
0.3446365899
0.3358375817
0.3197697263
0.3263251626
0.3447566035
0.3550222048
0.3641376498
0.3337018907
0.2959429029
0.3043448736
0.3296379002
0.3218609817
0.3258541779
0.3327126388
0.3013220073
0.3146965467
0.3065883122
0.3500715513
0.3435622984
0.3542661597
0.3471228109
0.3439937708
0.3189787066
0.3226655051
0.3182133256
0.3048948969
0.3422214156
0.3387502192
0.3024774386
0.2986347387
0.3240487077
0.3079211238
0.3015306209
0.3139974366
0.3200870412
0.3428769494
0.3355649311
0.3434750164
0.3412206206
0.3306109652
0.3558858663
0.3710583255
0.3667442233
0.356449236
0.3634989746
0.3526002521
0.329878353
0.320870147
0.3320835632
0.3451927143
0.3172650221
0.3219543145
0.3323531871
0.3515461222
0.3320081239
0.3349849349
0.3378762264
0.3013633816
0.2967156354
0.2874664547
0.3362145608
0.3539353799
0.3365622825
0.3401306008
0.321946107
0.3455393876
0.3255335011
0.2904222637
0.3307612481
0.3149626497
0.3541448063
0.3670250764
0.3611908561
0.3295828238
0.3096824546
0.3249119224
0.309279033
0.3289857102
0.3110934847
0.2842251537
0.2745024027
0.2954995086
0.3244204506
0.3317074128
0.3434271368
0.3212960648
0.3432640679
0.3337784469
0.3214749904
0.3436142376
0.3450617453
0.369783944
0.3563566551
0.3506634717
0.363807298
0.3601364211
0.3250680012
0.3465287826
0.3205560661
0.2949251425
0.2857212468
0.2900715897
0.316808026
0.3194967729
0.3270295889
0.3061308644
0.3056819029
0.3219165964
0.3489979604
0.3452777052
0.348639033
0.3426647621
0.3328531152
0.3583100406
0.3473541863
0.3444537278
0.356467974
0.3042491076
0.3238036521
0.3383085183
0.3063770447
0.2832675203
0.3147160399
0.3746590225
0.3799926452
0.3564495838
0.3511003902
0.3271186181
0.307178373
0.3167189733
0.3410686952
0.3343995227
0.3175255029
0.3278239248
0.3072870894
0.3022054062
0.3065780181
0.3388996336
0.3233266826
0.3133943279
0.3435037023
0.3170130625
0.3326604066
0.3466410472
0.3393471325
0.3410338721
0.34189369
0.3540171053
0.315852153
0.3328025731
0.3357424825
0.3292057995
0.3307550986
0.3096659186
0.3025020488
0.3119471849
0.3219088353
0.3013178813
0.3192745977
0.3406252939
0.343546746
0.3515036736
0.3733570917
0.3561949254
0.3329912739
0.3270856245
0.330121311
0.324218168
0.3307974813
0.3281224453
0.3361701032
0.3118218802
0.2761372947
0.2712829787
0.3118549446
0.2839827616
0.3048923854
0.3378262108
0.3325430454
0.3360479419
0.3451530581
0.3614715078
0.3160566434
0.3080961641
0.3306993277
0.3455008655
0.3445120811
0.3223775602
0.3177190784
0.3225166531
0.3090274934
0.3437406141
0.3435773151
0.3365866868
0.306270582
0.307350411
0.312343879
0.3390160383
0.3542061875
0.2982867891
0.3026908141
0.3224446963
0.3437652519
0.3337759254
0.3401727812
0.3269367989
0.3210254922
0.3259356594
0.3475163093
0.3215644745
0.3403266677
0.3381906365
0.3419797326
0.3511166919
0.358030154
0.3685545488
0.3672719728
0.3165033596
0.302655086
0.2925576041
0.317376691
0.3132672835
0.3075308778
0.2930482378
0.309114721
0.3336729976
0.2987095686
0.3020557006
0.3153918188
0.3564978897
0.3885239115
0.3536856467
0.3141535673
0.2920657274
0.3136004177
0.3304828584
0.3234188023
0.3141009874
0.2861196309
0.2939423992
0.2868012649
0.3173663402
0.3354427
0.3273212327
0.3500678462
0.3360279484
0.3383205183
0.3520314126
0.3441379374
0.3379872755
0.3060228618
0.3047440394
0.2979488587
0.308487416
0.2807525264
0.2974698376
0.3025981609
0.3105023551
0.340725232
0.3367862479
0.2920913667
0.2901632072
0.3115778033
0.3308038729
0.3408431652
0.3611402262
0.3456332287
0.3384529186
0.3449369827
0.3375809833
0.3271297594
0.316484087
0.3204764773
0.3024517674
0.3053201201
0.2929449129
0.3052891697
0.3601230641
0.3330180938
0.3360478849
0.3464634
0.3277724835
0.3588467597
0.3545221738
0.3548980273
0.3394515955
0.3245373758
0.3081412086
0.3240961747
0.2934388968
0.3010563243
0.3066515102
0.3236396028
0.3323760754
0.3558868713
0.3571647343
0.3590167238
0.304854812
0.2984537584
0.3312961234
0.3242364874
0.3410188115
0.3362216524
0.3239401327
0.2919527579
0.2923573664
0.3124899723
0.3364885116
0.3270248866
0.3497401333
0.3601997287
0.3356160641
0.3347927419
0.3216805344
0.3182206894
0.3285312224
0.3159347582
0.3094260291
0.3121499861
0.3137808909
0.3294247473
0.3464430252
0.3680953761
0.3749687181
0.3355679338
0.2904056133
0.2830392868
0.3018806733
0.3454910347
0.3387881412
0.3357775567
0.3333329269
0.3290192512
0.3441369577
0.3372850919
0.3089716201
0.2968310503
0.3309790794
0.307574457
0.3080908481
0.2866673833
0.2955635852
0.2863951118
0.3135127694
0.3425209288
0.3535505728
0.3534200695
0.3386214339
0.3420337385
0.3257951312
0.3013255315
0.300314362
0.2722828782
0.2949886867
0.3183582476
0.3280036443
0.3526390413
0.3238401338
0.3253844263
0.3324844298
0.3287097371
0.3247068144
0.3122185449
0.3145808287
0.3352457707
0.3021773437
0.3238676628
0.3660559801
0.3487989374
0.3259327845
0.3384798995
0.3517810441
0.3189435899
0.3112577738
0.3192825849
0.3221824054
0.3213176014
0.3221685752
0.3018814754
0.3017309247
0.2824930244
0.2906473145
0.3109982334
0.3145937131
0.3039616769
0.2993344022
0.3193428201
0.3424575781
0.3471155573
0.3526833463
0.332704952
0.3147934629
0.2889085713
0.2897083538
0.2984365457
0.3242014798
0.3256260887
0.3042399761
0.3334289733
0.3354036177
0.320051294
0.2911986851
0.2823594279
0.2897668208
0.2830874734
0.3251114117
0.3230092129
0.3214843551
0.3270635849
0.3247602408
0.3350130191
0.3441736294
0.3429965288
0.3506944627
0.3172165522
0.2979281992
0.3081775325
0.2905038338
0.315887652
0.3380760284
0.3591275495
0.3635100961
0.3530055375
0.3596602946
0.3551465065
0.3501381565
0.3344242626
0.342591236
0.3478444659
0.3595740818
0.3534551458
0.3167487647
0.3404205343
0.3115205671
0.3121555699
0.3031173044
0.2995307514
0.3318867042
0.3165066923
0.3198507327
0.3209518879
0.3308733459
0.3070987938
0.2967176284
0.3136945547
0.3459819954
0.343196079
0.3198264539
0.3006909369
0.2905451006
0.2922179124
0.2997574515
0.2839249708
0.3062984477
0.3087656802
0.2960441189
0.2955510251
0.2994438698
0.3100008113
0.3061341992
0.306170514
0.3236906767
0.3355209283
0.3394441492
0.3322885835
0.3324384272
0.3451806995
0.3759184593
0.3787217148
0.3517289288
0.3387118231
0.3348102055
0.367236383
0.3622029451
0.3596411127
0.3606024281
0.3245412502
0.3393916942
0.3423663907
0.3551884107
0.3657010003
0.343024766
0.3314901394
0.3149252086
0.3223777474
0.3160389998
0.3296735813
0.3283360495
0.3376821786
0.3503596602
0.3347365502
0.3087458317
0.3074969756
0.319081644
0.3015109592
0.3276447204
0.3250742878
0.3451171739
0.3442304287
0.3489258728
0.3437146674
0.339984111
0.3183280983
0.3351300071
0.3348112476
0.3417411757
0.3326049313
0.3064090722
0.3130055064
0.3161433765
0.2899059524
0.2897085867
0.3057589392
0.3058733946
0.3047998323
0.3243917305
0.3256774496
0.3038895034
0.3032259077
0.2858652454
0.2673531712
0.3048705612
0.3129252377
0.3089414469
0.304795597
0.2948346431
0.2955555627
0.3105815824
0.3139732348
0.3143360005
0.3370938523
0.3211003671
0.3330125177
0.3597229243
0.3429304785
0.3189435262
0.298407726
0.3177958865
0.308561443
0.3269412324
0.3370946093
0.3001642927
0.3072067328
0.3136923585
0.307181919
0.3063927872
0.3159969287
0.3199575207
0.3008104065
0.3160818877
0.3044440347
0.2997205823
0.3005377747
0.2939943043
0.3005419678
0.3075536669
0.3166731009
0.3093923076
0.312904652
0.3279696514
0.3324939642
0.3377373669
0.3546096058
0.3635844754
0.3546023256
0.3271719139
0.327515884
0.3223442063
0.3022807239
0.321174211
0.3163864969
0.3488105789
0.3300920184
0.3179398635
0.2958489763
0.3011044763
0.3022795909
0.3486374869
0.3531918348
0.3444728064
0.3191997456
0.3135020248
0.3014764681
0.3180941226
0.3286529652
0.299184231
0.3144920484
0.323028307
0.331426012
0.3013481593
0.2808581657
0.2888129236
0.2888195534
0.2745478819
0.3026684841
0.3391249428
0.3505395144
0.2927265594
0.2977230171
0.3048149896
0.3202217741
0.3278791059
0.3199427401
0.3086901095
0.2988769911
0.3391173413
0.3560386634
0.3460163003
0.3176014616
0.334040645
0.3275988115
0.3015742562
0.3142258902
0.3221804685
0.3071975279
0.3083706667
0.3104782292
0.2810080167
0.2829685535
0.2944999152
0.3059441182
0.3010817707
0.2941916011
0.2915790138
0.3021667362
0.3037335977
0.3007154565
0.3080066539
0.3055118392
0.3108871182
0.3362295301
0.3349049054
0.3451642314
0.3325300197
0.3179020725
0.3194790775
0.3005520161
0.3204335945
0.3020352794
0.3223405001
0.3302933771
0.3523739957
0.3339303452
0.3191973409
0.3036930616
0.2995526377
0.3024771412
0.2921301128
0.309231155
0.3172779915
0.3086403055
0.2998462858
0.3234035528
0.3381661088
0.343109398
0.3390184168
0.3205325453
0.2712253937
0.2718170289
0.2907733833
0.3048631639
0.294766112
0.3100710279
0.3111593447
0.3103431355
0.3030288923
0.3011558114
0.2973143247
0.3002278132
0.2843779531
0.3139935301
0.3491076357
0.3676265113
0.344734488
0.3260899794
0.3006218047
0.2701624167
0.349369532
0.343673966
0.3153762836
0.3110744772
0.3379304714
0.3102695305
0.2988455427
0.3159263142
0.33210741
0.325346476
0.3045167138
0.3225431796
0.3216933247
0.3123692623
0.2944156967
0.3075684877
0.3236571609
0.3160308873
0.320291419
0.3330787612
0.3201268494
0.3372656227
0.3636731708
0.3607320458
0.3546707353
0.3603775987
0.3490330425
0.3495155985
0.2909283446
0.2855889544
0.2717015698
0.2820227441
0.3055444534
0.2867981246
0.3239697451
0.3145090244
0.3174937899
0.3497868222
0.3294770394
0.3218026175
0.3381567509
0.3277233222
0.330891691
0.3195319067
0.3403350891
0.3195045257
0.3052420145
0.3050503556
0.3311163834
0.3444448859
0.3519144588
0.3273218407
0.2964700208
0.297995574
0.2906031389
0.2897104428
0.2967788663
0.3111513283
0.313557103
0.3292725633
0.3373920079
0.3240850229
0.3159504839
0.3077369148
0.3065402235
0.3313782511
0.3477158715
0.3434599432
0.3214046091
0.3136896015
0.328146122
0.3418461076
0.3446105962
0.3446296756
0.3342195977
0.3175787061
0.2965111556
0.301181814
0.3086037022
0.316283773
0.3100860543
0.3316674787
0.3487194698
0.3473321786
0.3474449479
0.3231816313
0.3194904137
0.3546191708
0.3321162288
0.3364144303
0.3348574826
0.3232612739
0.3057255969
0.2984502127
0.3172406738
0.3286783876
0.3323489875
0.3528579306
0.3480099494
0.345105522
0.3378524988
0.358885235
0.3544468204
0.3728059965
0.337494928
0.3081317517
0.32400848
0.321966065
0.3456664467
0.3473285252
0.3346023927
0.3089829052
0.3258416012
0.3536854069
0.3608065262
0.3497832044
0.3364745313
0.331699663
0.3380328669
0.3401817461
0.311016036
0.3023089216
0.3145965797
0.3191272182
0.321215288
0.318817472
0.3144771613
0.3170090686
0.2938980695
0.3364833836
0.3675643746
0.3661198478
0.3446077009
0.340480228
0.3228320779
0.3355215282
0.3338795216
0.3421947286
0.3350323721
0.3222462816
0.3278473177
0.3220241402
0.3405473072
0.3564368708
0.3510331662
0.3124238172
0.3082296679
0.3331175085
0.3261380252
0.3112792312
0.2914322199
0.2982693075
0.2991756167
0.3307074024
0.3251163395
0.3231258578
0.314826488
0.3090426479
0.3087286215
0.3032227926
0.2916232374
0.2968113791
0.2941587356
0.3029962114
0.2956950359
0.304445129
0.3121367527
0.3241253015
0.3172047875
0.3106542144
0.3211772943
0.3084759708
0.3096330117
0.3095725091
0.3403447983
0.3424704085
0.3480733711
0.3610687396
0.3361363796
0.3093897302
0.3017646074
0.3253750224
0.3238257172
0.3066191499
0.3276198496
0.318749688
0.3139024755
0.315868082
0.3235190205
0.3260439662
0.3271427955
0.3358664212
0.3057785715
0.3163917132
0.3079003471
0.3067620932
0.3139457075
0.3091352214
0.3117377431
0.2927772998
0.3638291629
0.3516030852
0.3466448656
0.3365116155
0.3219900292
0.3228273615
0.3138993368
0.338398784
0.3218042778
0.2972127756
0.294259898
0.3108127822
0.3133853278
0.3196277365
0.3194805483
0.3100371964
0.3154479845
0.3300435034
0.3351821554
0.3473652135
0.2869638361
0.3058216122
0.3167934681
0.3332858484
0.3649698257
0.353049429
0.3213740604
0.3186451547
0.3425793572
0.335551317
0.3164764741
0.3085832341
0.326195971
0.3225631786
0.3192186653
0.3370184876
0.3543230957
0.3062677342
0.3013777405
0.3001271957
0.3561980818
0.3203353395
0.3286229714
0.3248465884
0.3112558923
0.3082511478
0.3375011161
0.3613014246
0.342148968
0.3335555005
0.3373339424
0.3890432203
0.3762335276
0.3336766089
0.3443065882
0.3383135895
0.3248717504
0.3352177585
0.3275997597
0.3419302021
0.354635948
0.3789704186
0.3825152376
0.3678872155
0.3256130715
0.3122699369
0.3143385324
0.3205224499
0.3160865875
0.3068364925
0.3236940021
0.3043776219
0.3080493359
0.3240198693
0.3328169107
0.3243173315
0.3447997133
0.3027099709
0.3091107933
0.3185835586
0.3115154965
0.3454549211
0.3267132805
0.3317529077
0.3280862733
0.335514326
0.3332318008
0.3404173689
0.3329061036
0.3350658576
0.3196389829
0.3256837633
0.3449497898
0.3261310292
0.3036470122
0.3100537827
0.3040194748
0.3105737385
0.3259749503
0.3398990691
0.3110542166
0.3191364867
0.3148191291
0.2956774468
0.312575577
0.3043022972
0.3241076316
0.3101426012
0.3314338635
0.3390242984
0.3656145286
0.3360860462
0.3427689792
0.3313405681
0.3099641935
0.3300836899
0.3082784255
0.2969615254
0.3064306168
0.3275080554
0.3045513217
0.3184930624
0.3150322171
0.3048445895
0.2999769439
0.3049345584
0.2907668961
0.3042189151
0.3107674364
0.3299998466
0.3021475521
0.2969973999
0.2894198958
0.3355813133
0.3162732589
0.3161177978
0.3476865602
0.3320278466
0.331188363
0.3142787853
0.3111246303
0.3332827884
0.3240809598
0.3232219782
0.3212780575
0.3298455614
0.3239928395
0.2886836221
0.2714349375
0.2657221587
0.2827737206
0.2858032485
0.3288630272
0.3233121863
0.3177865148
0.3172661038
0.3249505171
0.3087951243
0.3477265349
0.3309458052
0.3418903101
0.3114358506
0.3117289465
0.2952080345
0.3005572454
0.2971786034
0.2902901446
0.2969579722
0.2964489932
0.3143921588
0.3186649861
0.2964813272
0.2901436908
0.2936802045
0.3093486143
0.326162868
0.3157759841
0.3123978589
0.3086892677
0.3267183857
0.2703588022
0.2799852506
0.3063356931
0.3262296898
0.3364872843
0.3423241967
0.3517501691
0.3692907263
0.3527103219
0.3351854345
0.3410088163
0.3280489908
0.3149954237
0.3226465171
0.3158173574
0.3361410825
0.3157818553
0.2861374648
0.2905982358
0.2808723344
0.3348805193
0.3313958458
0.3078880006
0.29816545
0.3037434185
0.3221540518
0.3462360911
0.3347436014
0.3594876985
0.3572397572
0.355968261
0.3495960938
0.3612020854
0.3374539624
0.3330531744
0.319020498
0.2877598784
0.2966201835
0.3177264308
0.3157936558
0.3477061368
0.3583075074
0.3545709504
0.3135391247
0.3127224177
0.3208651903
0.3239414292
0.3394448901
0.3168071364
0.294593526
0.2865677061
0.3042733581
0.3246153296
0.327562146
0.3300363773
0.3540268913
0.3535863021
0.3372284503
0.3377709084
0.3484554871
0.3215959496
0.3059673048
0.3146934826
0.331849101
0.3551598125
0.3518055182
0.3615209741
0.3328131765
0.3438703382
0.346255958
0.3394031126
0.335082926
0.2980335824
0.2933692144
0.2932143627
0.2933179465
0.2871030595
0.3141614953
0.305868408
0.3185604698
0.3376672879
0.3359056904
0.3131948518
0.3035946939
0.3068962785
0.3191101225
0.3226790925
0.3264559279
0.3417679652
0.3221921532
0.326307319
0.3254793742
0.3231390353
0.3016819816
0.2910791954
0.2835777507
0.2851189489
0.3337711307
0.3423446163
0.3726185022
0.3222984553
0.3031439414
0.3006329691
0.3205998762
0.3293149947
0.3407320876
0.3208849129
0.3105504979
0.3130014861
0.3195616343
0.3146015109
0.3423339843
0.3755742998
0.3789096976
0.3749072329
0.3607509146
0.3165852845
0.300786159
0.3169441122
0.3140131998
0.3100623454
0.2941571228
0.3319579934
0.322371236
0.314355961
0.3262994735
0.3441401013
0.3046225094
0.2944663242
0.3078735789
0.344537292
0.3315928361
0.3224132018
0.2988372294
0.2895798601
0.2884108266
0.3059302215
0.300958232
0.2929450639
0.306196764
0.3282247922
0.3122400918
0.294872149
0.333876696
0.3540280922
0.3164184619
0.3124473689
0.3289772583
0.3590287547
0.3382456548
0.3040659526
0.3139650828
0.3430239057
0.3329601564
0.3107893352
0.3051970119
0.2924622237
0.2941714964
0.3159750323
0.3431756261
0.2896964759
0.2785641361
0.3083928077
0.3124484099
0.3124668828
0.3400229982
0.361735055
0.3396470295
0.3413574643
0.3317932673
0.3451748935
0.3333399589
0.3063528462
0.3183880279
0.3495915299
0.3318922019
0.3346841552
0.3339372231
0.3232794701
0.2857733111
0.3696595992
0.3590830225
0.3344474839
0.3145705132
0.3365056567
0.3056900589
0.3118323063
0.3256263172
0.3717109397
0.3520092591
0.3491848975
0.3182585548
0.3274763329
0.3061932393
0.3258323989
0.3156522951
0.3050869633
0.3245594624
0.3286419027
0.3424003971
0.3250802483
0.3120171305
0.3238867945
0.3034065556
0.3041002394
0.3205904345
0.3225893667
0.3171657406
0.2869877323
0.2914589233
0.3138782539
0.3246944811
0.3344935887
0.3577215725
0.3488278821
0.3579353374
0.3587500167
0.3548345506
0.3474546441
0.3381782572
0.3434627305
0.3295845354
0.3114483461
0.320652548
0.3107631607
0.3182543013
0.309004026
0.3113774499
0.3081569446
0.3179046969
0.3179268762
0.3349767752
0.305488709
0.2996363235
0.3239108156
0.3157983054
0.3206658778
0.342178656
0.3301626848
0.3278801944
0.3560588437
0.3376453735
0.3158780078
0.3118254922
0.2903249557
0.279031311
0.2633399281
0.3089668446
0.322668173
0.3201056693
0.3183326375
0.340541707
0.3211795434
0.340312571
0.3206495641
0.3132451334
0.3282153148
0.3049672556
0.3080783129
0.3161190606
0.3151181599
0.2655081263
0.2472506044
0.2725698087
0.3020340345
0.315223582
0.3330799949
0.3136956159
0.3093972175
0.2905491575
0.2893915397
0.2745013905
0.276110055
0.2834576914
0.3068263118
0.3031283302
0.2981299605
0.3260102704
0.3355460957
0.3322332702
0.3014513492
0.2936885951
0.3161674396
0.295946216
0.3018312807
0.3012602016
0.3054749663
0.3213876749
0.2814793104
0.2809656095
0.2932721934
0.2961518996
0.2909642181
0.3016988035
0.3042258634
0.2978297397
0.3167320729
0.3367471301
0.3239642975
0.3000995682
0.3158349979
0.3571628157
0.3538671119
0.3520796342
0.3215294213
0.3069542122
0.2944500816
0.2969140579
0.3121256758
0.3127703069
0.3396713675
0.3427343608
0.3570999866
0.3140273603
0.313177617
0.3291892383
0.3171378716
0.3207335682
0.3205012754
0.2925134905
0.2928606694
0.2938296596
0.2952535314
0.3202897399
0.333824139
0.3297290478
0.3114937371
0.3191861178
0.3181666976
0.3380011633
0.32966088
0.3199063322
0.3212513142
0.3439784699
0.3531948734
0.3239655348
0.3189581571
0.3351741946
0.3174825032
0.3012868852
0.336235826
0.3313455515
0.3293677621
0.3222520432
0.3154316346
0.3257624184
0.3333541493
0.3197319976
0.3170387854
0.3298036272
0.3465008124
0.329412662
0.3245217661
0.3250875433
0.331010474
0.3342445514
0.3422652693
0.3222985
0.306158115
0.3353048021
0.3173761969
0.2967744183
0.3172458291
0.3354425749
0.3301536231
0.3217178997
0.305615667
0.3100323819
0.2971679425
0.3026804219
0.3132460761
0.3304142401
0.3501864479
0.3218284884
0.2928680643
0.3002709337
0.3270788196
0.3395992823
0.3537915615
0.3447219351
0.3265817475
0.3224045397
0.3534557045
0.3458416028
0.3316330829
0.3381437672
0.343016529
0.3417565746
0.3205346643
0.3037613943
0.2939055175
0.298600603
0.2956578643
0.3244726915
0.3249053391
0.3315767175
0.3270401479
0.3279026343
0.3342061962
0.3362912582
0.3479606406
0.3626860704
0.3460104473
0.3187406624
0.3151988197
0.2890844907
0.2821217005
0.2954025115
0.3238943116
0.3254901926
0.3457464153
0.3497472353
0.3463231947
0.3307987534
0.3197462766
0.3355211871
0.3528925271
0.3428441493
0.3277228275
0.3306282733
0.3202022586
0.3185808778
0.3281778424
0.3150457654
0.3008706969
0.2937007202
0.2890923963
0.2878436128
0.2830722894
0.3047917861
0.3042607354
0.3211495202
0.3364424464
0.3599985181
0.385389427
0.3593426452
0.351446155
0.3452814692
0.316917352
0.3266244959
0.3391195319
0.3442458939
0.3306658456
0.3297610413
0.3466169462
0.3405580723
0.3279096604
0.3446611547
0.3318276753
0.3425014598
0.3273813367
0.3189703586
0.3168793772
0.2844086239
0.2769558348
0.3071206681
0.3139604965
0.3107530322
0.3253913078
0.3216856242
0.3121615274
0.3105559551
0.3266412338
0.3126008426
0.3072462519
0.3211295067
0.3136762131
0.3072901589
0.3135335096
0.3287765944
0.3571376445
0.3546223254
0.3167359439
0.3436801295
0.3386179508
0.3283335091
0.3184160951
0.3107025098
0.3204647883
0.3135191439
0.2764594874
0.2721430686
0.2906468956
0.3011976116
0.311818739
0.3121448552
0.3319094428
0.3492077263
0.3364111505
0.3474313915
0.3225123774
0.3233072227
0.3371844091
0.3114126033
0.3054509112
0.3232940043
0.3113362193
0.3306109212
0.3039390503
0.2849913521
0.2947991692
0.276948504
0.2952757277
0.3221821634
0.3399876645
0.3468060702
0.325077384
0.3276990342
0.2865000892
0.2602696815
0.2714649884
0.2855259233
0.3135536376
0.3093099159
0.323688395
0.358090202
0.3627477076
0.3233337984
0.3249370405
0.3181594424
0.3404942613
0.3491143675
0.3286717727
0.3109668185
0.3139104924
0.317043514
0.3191858671
0.2950555401
0.3020107729
0.3199620213
0.306763778
0.3073273307
0.3125245358
0.3256752469
0.3102644937
0.3235188737
0.3172736079
0.3197556165
0.3385684596
0.3314760967
0.3286057675
0.3075843202
0.302202385
0.3123808204
0.3148271976
0.2956745851
0.2897280302
0.2919337827
0.3075941333
0.3029231487
0.3061546332
0.2991703843
0.3224016856
0.2981253361
0.2983800788
0.2861433322
0.3085663072
0.321633567
0.3200199043
0.3339844115
0.2825650946
0.3121736859
0.3316838815
0.3211409162
0.3405083719
0.3346441597
0.3367980789
0.3072305294
0.3020642866
0.3159141363
0.3196704039
0.3412941628
0.3703843019
0.3318397378
0.3168612463
0.3238416857
0.3086959084
0.2941845442
0.2828477919
0.2982494729
0.2811748373
0.2923511616
0.3085219632
0.3070013152
0.274546366
0.2998226855
0.3115387341
0.3222647347
0.3478961312
0.3368741579
0.3314231064
0.3073802211
0.2750787751
0.2761247059
0.2676888965
0.2937840484
0.2915772751
0.2816484814
0.2775143997
0.2917528158
0.319589734
0.3060382962
0.2974328599
0.2988776447
0.2968515213
0.2834947404
0.3020764753
0.3172530527
0.3321470022
0.3314494095
0.3274849812
0.3206713303
0.302065162
0.3060360199
0.3116110802
0.3242501445
0.3297088346
0.3257478979
0.3350580448
0.3364258809
0.3414177393
0.3204148009
0.2949872443
0.289724042
0.3129056362
0.3313936729
0.3265477192
0.3269377962
0.3240351382
0.3197436606
0.3260034828
0.3346533018
0.3335664973
0.3416839542
0.3429067951
0.3380821006
0.3685551899
0.3423150016
0.3317836979
0.344590931
0.3073047745
0.3183229626
0.3165247598
0.3086593194
0.3110769437
0.331107349
0.3429250418
0.3249515456
0.329559535
0.330867173
0.3254311286
0.3172668001
0.3090198681
0.3072646726
0.3059486598
0.3171823291
0.3170037365
0.336036399
0.3462506167
0.327411042
0.334637731
0.3470710001
0.3300961324
0.3121780594
0.3063037534
0.3010532301
0.3322175755
0.3400901901
0.3327361608
0.3129439209
0.2866680106
0.2940295875
0.3305350971
0.3373465361
0.3452722337
0.3524281108
0.3332162735
0.3085916314
0.3178715992
0.3072259327
0.3328682948
0.3310216424
0.3221524689
0.3280523402
0.35177922
0.3539843532
0.300648079
0.2993409778
0.323812249
0.3275022109
0.3368093346
0.3246803802
0.2849028869
0.2718765589
0.2757073367
0.3088087053
0.3087474204
0.3275569977
0.3286327824
0.3280870509
0.3104473961
0.3357336932
0.3031654229
0.3265093272
0.3252854965
0.3071766134
0.3233990154
0.3291253574
0.3138003878
0.3395729502
0.326330598
0.2906977666
0.3069354316
0.3238394371
0.3253848614
0.3270608682
0.3312401717
0.3324795422
0.3199699188
0.3206921015
0.3445155612
0.326091511
0.3170345082
0.3390028391
0.3368453521
0.3273479062
0.3219044833
0.3152447449
0.3012188091
0.3229015613
0.3303645901
0.3653691747
0.3376332391
0.3503214271
0.3554272315
0.352326073
0.3525281777
0.3136292499
0.3590627959
0.3580994332
0.3512525737
0.3237699484
0.321016316
0.3274434915
0.348954525
0.3524198209
0.3543676234
0.3331114906
0.3427763604
0.3384426447
0.3176245396
0.3022592716
0.3092467697
0.299604561
0.3118998897
0.3157191533
0.3466534847
0.3747673953
0.338163212
0.3409298583
0.3255144312
0.3163155857
0.3495165363
0.3251872753
0.3428112008
0.3254070966
0.3328162022
0.3324486054
0.3292522985
0.3224384215
0.3292325131
0.3314009268
0.3172848547
0.3156443242
0.31938592
0.3023648963
0.3236831331
0.3245845014
0.3619300161
0.3470455159
0.3472783939
0.3585583736
0.3364033852
0.3386760081
0.2998624982
0.2994175957
0.3150220748
0.3439306103
0.3422219791
0.3426025599
0.3126337945
0.3178146744
0.3200313283
0.3055350401
0.3054313433
0.3044811234
0.3127693033
0.3276905058
0.3068841636
0.3068318526
0.2753621129
0.2823009733
0.2694003828
0.3062839172
0.3338852703
0.3173639041
0.3170528248
0.2894263064
0.3133090612
0.3164437407
0.3265113798
0.328979861
0.3271543933
0.3268865591
0.328395474
0.3242009299
0.316232436
0.314504264
0.2987722313
0.2842970974
0.2913526539
0.303438633
0.3269256709
0.3331066565
0.3232132783
0.3354744483
0.3241739112
0.3210639174
0.3267246067
0.3060692518
0.3121523218
0.3401985845
0.319456019
0.3068263848
0.3098475909
0.3334565992
0.2999288201
0.3052780372
0.2790292271
0.2791901092
0.3172114438
0.3039440397
0.2864943164
0.3062422897
0.3113088228
0.3079138176
0.2890769044
0.302995896
0.3181177509
0.3335344942
0.3268227929
0.3218395632
0.3395419167
0.3249491829
0.2953981488
0.2908749114
0.284146009
0.3008415795
0.3215175042
0.3233297821
0.2753634341
0.2649989673
0.2868825425
0.2846159302
0.3090217449
0.3257619667
0.3036001901
0.285807257
0.2734482709
0.2681936396
0.3009692898
0.3244147356
0.3098279685
0.3411032885
0.3616777238
0.3391502061
0.3075400535
0.2970463138
0.2920890387
0.2854396583
0.323087712
0.3263589647
0.3191516909
0.3185534911
0.3330766231
0.3060456124
0.3131749657
0.3470883141
0.345970395
0.3684223899
0.3766585339
0.3415955971
0.3284366899
0.3303087086
0.3232093915
0.3183236182
0.3253059507
0.3195261454
0.3170784189
0.2980947281
0.3297085846
0.3142407575
0.3082354108
0.3057835983
0.3044218587
0.3348381705
0.3390626921
0.345420482
0.3119238444
0.307659125
0.3096154803
0.3276131871
0.3263828491
0.3039609012
0.3269924812
0.3244208784
0.307771655
0.319265481
0.312006319
0.3130386814
0.3205549939
0.3562112596
0.3567407935
0.3362551824
0.3091579045
0.3066443816
0.3145695538
0.3144505772
0.3124473321
0.3134821114
0.3095488146
0.3179647848
0.3303475276
0.3085976996
0.3051893585
0.3138520603
0.3217474923
0.3350324159
0.3439033224
0.3213948887
0.3463056959
0.3247564653
0.330176937
0.3111593264
0.2923910651
0.2802047471
0.2705566085
0.298354784
0.3436692599
0.3243829818
0.3117940398
0.3022552009
0.304994677
0.3285295277
0.356433827
0.3410159128
0.3218346339
0.3258175306
0.3273595191
0.337399839
0.3385948991
0.3203164339
0.3184194588
0.313649757
0.3149095877
0.3250356835
0.3361309056
0.3234850288
0.3116560148
0.3232170291
0.3237949608
0.3217885762
0.3108703633
0.3032193899
0.3165291634
0.3381928549
0.3510247519
0.3496438696
0.358156327
0.3257357874
0.3251421778
0.3236623333
0.3666432306
0.3674175223
0.3574423275
0.3343991128
0.3225604302
0.3216865685
0.2913798257
0.3081011625
0.3219817665
0.3446248627
0.3355387356
0.3660748941
0.3667627628
0.3238920614
0.3116240552
0.3057040089
0.3221632089
0.3390158009
0.3064735371
0.3056944873
0.321496112
0.3195838182
0.3242341357
0.3239833532
0.3485840664
0.3264909561
0.3254960609
0.2801229814
0.2906280975
0.3155975597
0.3347664244
0.3484557753
0.3207959984
0.3172339974
0.3515438322
0.3120922703
0.3042924802
0.2989400046
0.3368029088
0.3234874156
0.3015025292
0.2750490117
0.287752282
0.3057901998
0.3204142644
0.3470569977
0.3620799938
0.3873454029
0.365770525
0.3494454519
0.3235707289
0.3122078089
0.318632108
0.2983331442
0.2786852324
0.2833313777
0.2879251625
0.3338716779
0.2858419343
0.2904557141
0.2854071698
0.3020926621
0.3119153374
0.3233583921
0.3425015826
0.3518426373
0.3424494574
0.3450596447
0.3447615083
0.3591525837
0.3708658101
0.3350668798
0.3193758845
0.2949743248
0.3233285313
0.3554171647
0.3121535624
0.2978965304
0.3116738662
0.330834877
0.3370744409
0.3386485332
0.3345642303
0.3332559845
0.3180609048
0.3109951041
0.3062552909
0.3074771625
0.3268947141
0.3180921477
0.328447579
0.3589144556
0.341724543
0.3451878893
0.3498457456
0.328111316
0.3281497305
0.3192789395
0.3317410812
0.3441034991
0.3304373805
0.3247890011
0.3265672535
0.3410313442
0.3516903563
0.3381521265
0.3320924682
0.2975818713
0.3289652056
0.3207328788
0.3272216052
0.3002493943
0.3204183009
0.3329481256
0.3066301679
0.3124251549
0.2948185107
0.3224493365
0.3015220533
0.3164539876
0.3192187525
0.3390740018
0.3510540067
0.3300952932
0.3232956112
0.3195838801
0.2969183203
0.3066779752
0.2919082649
0.3134185688
0.3156351295
0.3156924584
0.3172394158
0.2970444671
0.3024765873
0.3150837306
0.3117555373
0.308909767
0.3334652166
0.3204992292
0.3258906921
0.3191035935
0.3105427778
0.3082883122
0.3209429073
0.3551851408
0.3416590351
0.3373127746
0.3351014563
0.3051662621
0.2861273771
0.2964151064
0.3241495077
0.3293030526
0.3303550241
0.3233432732
0.3138248298
0.3337289075
0.377376098
0.377900919
0.3575520818
0.355870919
0.3391507896
0.3240043941
0.3043062046
0.3031730132
0.3147497389
0.3281627263
0.3270121098
0.3448889101
0.3400796602
0.3244641791
0.2940120658
0.2805136303
0.2968254152
0.2901851749
0.3119641533
0.3420427653
0.3002727344
0.3202756732
0.33411278
0.2981047069
0.2929040886
0.3094409075
0.3433117294
0.3333817893
0.3211611721
0.3316186576
0.3164123394
0.3044267127
0.3192631689
0.3270624655
0.3258621499
0.3027551337
0.3341107747
0.3338604757
0.3355567103
0.3158959026
0.306193428
0.2916928553
0.2935166012
0.347079139
0.3345509495
0.3266332064
0.31369298
0.3098747431
0.3129496535
0.3114327332
0.3265117862
0.30918131
0.306640392
0.313205948
0.3411176284
0.3729831249
0.3529036681
0.3266362665
0.3052427074
0.2995763675
0.3029690805
0.3036646353
0.3385950026
0.3462427201
0.3190815135
0.3173956307
0.3122132821
0.3324907771
0.3287661547
0.3207916319
0.3068056693
0.3140022085
0.3214725415
0.3237336948
0.3201429948
0.3076565313
0.3166098786
0.3076060471
0.2852589772
0.3074448926
0.3218519083
0.3204617659
0.2963107275
0.2948294951
0.2972961661
0.302627813
0.3152249587
0.2995926485
0.3026172961
0.3083477542
0.3132631089
0.2900382311
0.3000038507
0.3055260357
0.3156120665
0.3227171341
0.3287122592
0.3399607783
0.3501925702
0.3291111788
0.3388399899
0.3179037645
0.3354251177
0.3349194084
0.331145895
0.3230044188
0.2949835105
0.3072277717
0.3088053845
0.3096357305
0.286554368
0.307814609
0.3370791784
0.337136283
0.3058574591
0.339258768
0.3489511681
0.3531563212
0.3383062464
0.3401880464
0.2949413496
0.281197343
0.2734750183
0.3034536912
0.319795838
0.346971685
0.3743109318
0.3459333944
0.3520079519
0.3536174378
0.3601774081
0.3494411386
0.3514174791
0.3398051087
0.3222579017
0.3322546606
0.3294375508
0.3201393832
0.3223498142
0.3094314013
0.341026652
0.3443180759
0.3341532295
0.3514831093
0.3460820087
0.3235490398
0.3041679013
0.3308929548
0.3381232868
0.3375410498
0.3245937849
0.3362046593
0.3310080147
0.3316255761
0.3273505877
0.315878355
0.3279793681
0.3425720082
0.3340624737
0.3417538937
0.2888855067
0.2972958385
0.2866131589
0.2862221536
0.3231886667
0.3452457215
0.3225738625
0.3113576686
0.3066931549
0.3179581948
0.3442629326
0.3071613903
0.3228133605
0.307632398
0.3107867814
0.3267172342
0.3298944218
0.3377848492
0.3230193128
0.3195591513
0.3104822827
0.2912966322
0.2757137165
0.2786576768
0.3068147096
0.3033212644
0.3004150229
0.3057534915
0.3375263797
0.3416627317
0.3285063275
0.3296309552
0.3445989113
0.3347028592
0.3533738288
0.3576988882
0.3469941177
0.3115151536
0.3124554681
0.3037740353
0.3236869202
0.3141578614
0.3019792905
0.306967861
0.29683144
0.3094195846
0.2917875944
0.2818629711
0.2788095943
0.3029643534
0.3476944655
0.3459211812
0.3298224127
0.3322483091
0.3253704884
0.3203096248
0.3221174545
0.3145082082
0.2964715526
0.2933603692
0.2968982334
0.3007579573
0.3415740653
0.3171444814
0.3043801037
0.2768574324
0.2893884604
0.3025098248
0.3038167905
0.3174621348
0.3159888734
0.316642936
0.3242123799
0.3360907472
0.3564831666
0.3423704419
0.3269450923
0.3258716115
0.3355145913
0.3125702036
0.341923939
0.2956127972
0.3084845613
0.3095080422
0.3202692913
0.3411432561
0.3279346988
0.3217149202
0.331976286
0.3146703289
0.3172646231
0.3244256588
0.3093789929
0.2866642304
0.3320715833
0.3323295245
0.3297308095
0.3326329865
0.3396186732
0.3469556923
0.3186418625
0.3454741588
0.3420949682
0.3368653201
0.348075128
0.3236989184
0.3288772987
0.3306878896
0.3286454619
0.30443618
0.3004085427
0.3001416913
0.3045594667
0.3219391413
0.3205024155
0.3001982905
0.3055982712
0.3201146698
0.3329335093
0.3094705545
0.3719005755
0.3404830472
0.3334847711
0.3238175611
0.3093305647
0.3167797302
0.3132339259
0.315808093
0.3049087094
0.3298323771
0.3112728347
0.2750615509
0.3058129391
0.2915144926
0.2968604128
0.3239730289
0.3256946247
0.3156526334
0.3228861898
0.3750380692
0.3176433012
0.3022486677
0.3183665716
0.3259048935
0.3506992496
0.375829551
0.3465821848
0.3265613986
0.3430472895
0.3179746677
0.3278354916
0.3252259832
0.3175454534
0.317824786
0.2951138114
0.3038972145
0.3030249724
0.3358127803
0.3460472805
0.3198000861
0.3629261016
0.3478036492
0.3417603666
0.3190682601
0.3303774771
0.3460243295
0.3461533737
0.3488436144
0.3505016146
0.3425998074
0.3358217855
0.3308204392
0.3199575277
0.3351193529
0.2988879364
0.3343921596
0.3347219112
0.3223611043
0.3342893367
0.3531382015
0.3352130517
0.3229698647
0.3351942722
0.3364482583
0.3122164345
0.2994647373
0.3167012438
0.3276693405
0.3247573721
0.3090280372
0.31600886
0.312187207
0.3022304276
0.2957800216
0.3137864013
0.3101579537
0.2983442161
0.3104812331
0.3324171306
0.3451469426
0.3250175071
0.3310849549
0.328022202
0.3399754552
0.3307683663
0.3097862778
0.3251942402
0.3061205977
0.3046864373
0.3276122833
0.3208068731
0.3272167022
0.3057489663
0.3113383001
0.2882225582
0.2923110598
0.3151866903
0.329234182
0.362639743
0.3469245817
0.3184159844
0.3116294556
0.314835986
0.2902412213
0.316853166
0.3391178853
0.323750576
0.314483379
0.3091816854
0.2983292201
0.3146789363
0.3016762735
0.2960576391
0.3057553332
0.2915212915
0.3341919441
0.3200763038
0.3235192314
0.3514251256
0.3453156951
0.320226827
0.317761802
0.2942046526
0.2991708169
0.2986880299
0.307180738
0.3175507052
0.3452839144
0.3514653901
0.3275675181
0.3061722789
0.3265733685
0.3176955815
0.3312205987
0.3175432898
0.3204354857
0.3162735979
0.2999838898
0.2982895956
0.2923977518
0.3197868027
0.3404993507
0.3231285895
0.3192144464
0.3032279449
0.3213874206
0.3296869211
0.3264688776
0.3132587136
0.3226588052
0.3325796226
0.3186765113
0.3121823594
0.306874468
0.3265931648
0.318233591
0.3289518395
0.3511616818
0.3451266486
0.3557149325
0.3393703069
0.3493308585
0.3413232828
0.3407275175
0.3334597939
0.3284707437
0.3186360559
0.3152634542
0.3278557242
0.3471784011
0.3255060973
0.3333745425
0.3333142902
0.3376846933
0.3316602943
0.3350185621
0.3336184034
0.3248668477
0.3155176391
0.3312462441
0.2831879556
0.3267532804
0.3537695053
0.3458934352
0.3414451264
0.3183034475
0.3092944476
0.3184446067
0.3524873195
0.3296554732
0.3297320292
0.3324988259
0.3290882374
0.3340097864
0.3547925693
0.3392450493
0.3252989864
0.2871748153
0.3013658176
0.2740033602
0.3023316635
0.2877771155
0.2769181661
0.2923399851
0.2952180897
0.3009759993
0.3172975786
0.3279920391
0.3160477651
0.3243171403
0.3045889803
0.315954377
0.3262812595
0.3477587311
0.3363101815
0.3415305641
0.3308953725
0.3342530915
0.2977355101
0.3031948306
0.2911601498
0.2956297232
0.308518608
0.302311268
0.2781756413
0.2907406122
0.3124991928
0.3066240319
0.2850567337
0.2972418741
0.3103786874
0.3260734096
0.3082982249
0.3475420566
0.3381888581
0.3239779587
0.2933429937
0.3140878411
0.3019340188
0.2917967954
0.329068781
0.3447252743
0.347031948
0.3495106097
0.3277826837
0.3310341504
0.3246107144
0.3147631571
0.3156515086
0.3281431714
0.3366680264
0.3098482901
0.3234615824
0.3032217234
0.2899414284
0.2788047532
0.3169942555
0.347784301
0.3373593655
0.3342789961
0.3402082401
0.3640072361
0.3255739932
0.3271175623
0.3288398436
0.3321912358
0.2839653083
0.2928019512
0.2670298581
0.2749520766
0.2904659849
0.2961323714
0.2989921932
0.3071909522
0.2980931584
0.3212332029
0.3202473707
0.3411236366
0.3302184666
0.3468606542
0.314462641
0.3192549274
0.3263815616
0.335734003
0.3404166038
0.318968418
0.3321550853
0.3327172597
0.3346858288
0.3659345681
0.3377626861
0.3298873564
0.3023903036
0.3229777755
0.3142629256
0.3065118001
0.3354074741
0.3237210812
0.3198962711
0.3113586293
0.2941665628
0.3182857083
0.3199153936
0.3257381615
0.3226059727
0.2949539831
0.304338463
0.3262678799
0.3209978331
0.3037264377
0.2954345658
0.3185915308
0.3325496461
0.32124691
0.341158501
0.3340498596
0.3355058916
0.3065982462
0.3010287561
0.3087002077
0.3215212086
0.3511105358
0.3272018422
0.3184300494
0.3137594064
0.3423486067
0.3471008285
0.3102108465
0.3099876112
0.3035221073
0.3044845827
0.3144326483
0.3002865951
0.3251674724
0.3425262214
0.3210964358
0.3068663102
0.308441777
0.3028456888
0.2898288128
0.3195114432
0.3156947421
0.3205473366
0.329788168
0.3312217078
0.3311390548
0.3292284272
0.3358756862
0.3324310264
0.3396631157
0.3348403647
0.3402189363
0.3508674181
0.3217786283
0.3188295042
0.3041030193
0.2913531342
0.3044661448
0.30347708
0.3312258511
0.2917870424
0.3138383337
0.3317310818
0.3534106405
0.3485368995
0.3261437775
0.3377259559
0.3392041309
0.3396656133
0.3410298226
0.3114925315
0.3103339382
0.3173859051
0.3138835104
0.3261007025
0.3261871595
0.3019043053
0.3307294959
0.324283912
0.3310260338
0.3234526767
0.3403858442
0.3601280386
0.3060951126
0.3250239076
0.3221974741
0.3166081626
0.3047275483
0.3113809629
0.3358861576
0.3501862032
0.3414667563
0.3421025902
0.3341706394
0.3331478668
0.3205000849
0.3246388676
0.3161623167
0.2942868405
0.2726441838
0.3342196593
0.3038349523
0.3046861206
0.3125620251
0.3268369154
0.3198178975
0.3186719359
0.3164498342
0.306246532
0.3046245783
0.317246396
0.3276961336
0.3345374888
0.3385697091
0.330313718
0.3311518544
0.3288466219
0.3280729695
0.3326130135
0.3226424646
0.3086604055
0.3120389877
0.2997729631
0.318775735
0.3037691604
0.3215671951
0.325272292
0.329437161
0.3122763104
0.3105758358
0.3009944868
0.3204041491
0.2961301144
0.2538501491
0.2811033762
0.2707797195
0.2764737564
0.2898725806
0.2820162226
0.3153433696
0.2973515322
0.3099642945
0.3058675774
0.3190736527
0.3402678359
0.335629987
0.3168663277
0.3060855663
0.301877254
0.3177107515
0.3446094028
0.3678539291
0.3557636983
0.3234738257
0.3298647749
0.3045852064
0.2900435153
0.3192632181
0.3179768411
0.2963861698
0.3522933067
0.3350101675
0.3421784427
0.3410397614
0.3372298116
0.3398472798
0.3197394742
0.3484921325
0.3565554261
0.3337560375
0.3268113365
0.3216450739
0.3421010749
0.3514998163
0.3434947257
0.3445241485
0.3250255739
0.3137589161
0.3072019214
0.3347907047
0.3150565967
0.3303944122
0.3280356075
0.3314833973
0.3564380827
0.3597079767
0.3413145378
0.311162485
0.2958617542
0.2963255708
0.3165216885
0.325883108
0.3131169306
0.331967387
0.3455303586
0.3382860209
0.3364220612
0.3118635448
0.3440546614
0.3057736298
0.3085915108
0.2889239198
0.2882596318
0.3092552664
0.3306951446
0.341227511
0.345800482
0.3360349019
0.3040640754
0.3063196329
0.3108518072
0.3258538715
0.3304373508
0.341789606
0.3141581955
0.3073516222
0.307038002
0.3273723532
0.3176230322
0.3250674612
0.2768100126
0.3022439006
0.3074499521
0.2997819706
0.2971230068
0.319759104
0.3117551403
0.338518406
0.3577119604
0.3510871833
0.3538914608
0.3337152703
0.324517659
0.3186123127
0.3116730398
0.2903279498
0.301843803
0.2975355116
0.3234112355
0.3118304863
0.3102882029
0.2990873043
0.3054868238
0.3294724995
0.3241073835
0.3039731947
0.3087793803
0.3164278475
0.3424577357
0.3324914803
0.3166193538
0.3000290872
0.2965198896
0.2978514937
0.2978272451
0.3064198434
0.3245141536
0.3123564677
0.3393161888
0.3002329473
0.3172424348
0.2954324287
0.2938068157
0.2976381427
0.3103363871
0.3210450955
0.3502108769
0.3405127603
0.3236687988
0.3157008037
0.3037039215
0.3181550901
0.3387972639
0.3076179509
0.2981207068
0.298157336
0.2912251001
0.312576791
0.3120516849
0.3016686198
0.3329075267
0.3090650413
0.3406136565
0.3480450112
0.3365971204
0.3385932249
0.3173789664
0.3154647447
0.3077410899
0.3010632791
0.2724906906
0.276660342
0.2632314444
0.2710281011
0.2918494089
0.3024855866
0.2925310249
0.2955483127
0.3150468691
0.3259845895
0.3006415176
0.3267939223
0.285720395
0.2985013134
0.3167290639
0.3203437184
0.3095905994
0.326079264
0.3339845227
0.3092261274
0.3237868962
0.3015175306
0.2803171194
0.3200487192
0.3045833919
0.2935450987
0.2926066592
0.3153542095
0.337721828
0.3034463878
0.3163370396
0.3014811275
0.3040454949
0.3033341028
0.3139806342
0.3374542459
0.3386949494
0.3293367081
0.3037060647
0.3362434943
0.3155269093
0.3215992673
0.2979567432
0.2997369513
0.2901808943
0.3175906299
0.3345300306
0.3350261236
0.3426082809
0.3223365266
0.2918948297
0.2896420133
0.2861762123
0.3023402306
0.3170306969
0.303901897
0.3230570394
0.3135881657
0.3459074866
0.3336506373
0.3337185719
0.3182071045
0.3025041555
0.2996641216
0.3052715204
0.3200264579
0.3280682963
0.3537126768
0.342283381
0.312437498
0.3046345256
0.3041909823
0.3230134522
0.3210802475
0.3145273723
0.2963160052
0.3011973771
0.3088794572
0.3098505578
0.3246229299
0.3236183744
0.3319053399
0.3271228104
0.3418372873
0.3241628394
0.3230084144
0.3250663363
0.3036270132
0.300248162
0.3057535816
0.3535553931
0.3540047647
0.3095096179
0.2994791632
0.2989520968
0.3070615858
0.3174848815
0.3317243299
0.3156889805
0.2720689639
0.294304303
0.3067663208
0.3265894761
0.3138798453
0.2920456599
0.2957180635
0.2944429207
0.2857446209
0.2911411307
0.3190602251
0.3222320673
0.3203525752
0.3091540387
0.3467477095
0.3468980648
0.3116397441
0.3146639993
0.3223676436
0.3222086605
0.3512111084
0.3336684691
0.3185830313
0.2840432128
0.2862464828
0.2893800882
0.3030344034
0.3106185569
0.3291424945
0.3164062567
0.3173459226
0.2860491706
0.3009480722
0.2945141093
0.308120396
0.2982600897
0.3100607257
0.3052162156
0.3068588185
0.3052423034
0.2934101407
0.3044910742
0.3130683226
0.3281064956
0.3111135962
0.3017891032
0.3267048448
0.3099753172
0.2908908766
0.3003796111
0.3035769759
0.3184869587
0.3085028006
0.3175196537
0.3217529694
0.3392864109
0.3310346618
0.3406836807
0.3278436248
0.3200921912
0.3149517386
0.2916401943
0.2828343761
0.3063363672
0.3097954416
0.3265714396
0.3246886862
0.3409346594
0.3322752406
0.3426359002
0.3219795598
0.3254032123
0.305713221
0.3157269249
0.304343907
0.3129164291
0.3237655751
0.3283066627
0.3289117057
0.3300073607
0.3190845394
0.33206842
0.3110686577
0.3002399669
0.3104624957
0.3046235014
0.3345215532
0.3511614585
0.3459532028
0.3209245429
0.329347008
0.3369138688
0.3532486203
0.3643444308
0.3511155481
0.3457904027
0.3164421929
0.3221140538
0.3142412957
0.3317912147
0.3356088108
0.3250450765
0.3194344293
0.3189318805
0.3215200927
0.3284081534
0.3162061509
0.3092810509
0.2973985912
0.3390404507
0.3145273981
0.3408838361
0.3410431696
0.3336248983
0.3404368144
0.3206963995
0.3318237189
0.3389490959
0.3487438585
0.358090639
0.344976733
0.3147563312
0.3283362894
0.3340673359
0.2977392563
0.2818997459
0.2709296861
0.3058684384
0.3205874626
0.3102724121
0.3810807764
0.3063941668
0.3106388005
0.3023734795
0.308544502
0.3103866355
0.3162149904
0.3520236376
0.3451528026
0.3432706321
0.3186322332
0.3341944339
0.2990238806
0.3060461579
0.313610872
0.3195125792
0.3192957648
0.3080137481
0.3113279521
0.3024755959
0.2778275926
0.3447500466
0.3317405747
0.3449334056
0.3222853081
0.3074489932
0.2916868776
0.3212571265
0.2912124812
0.2710230593
0.2932147473
0.3284132621
0.3333789473
0.3193717746
0.3265178396
0.3232346132
0.3297420932
0.352071126
0.3440763967
0.3355178719
0.3374640495
0.3013698154
0.3226458484
0.3296243047
0.3490958992
0.3076697744
0.3024800879
0.306977717
0.3209649491
0.3097431313
0.3407618936
0.3371276488
0.3397122347
0.33311233
0.3348791718
0.3170694425
0.2800917351
0.2786110158
0.290234654
0.2997527733
0.2973992735
0.3207598247
0.3464963221
0.3400496905
0.3066031097
0.2977045957
0.3007486578
0.3009692784
0.3262767351
0.3479252182
0.3349317939
0.3186755636
0.3091571029
0.3035983881
0.3015929276
0.3134406654
0.3255889791
0.3099972426
0.3149435944
0.312919683
0.3218956757
0.3316439927
0.3498955356
0.308336487
0.2998927952
0.3445474751
0.322706397
0.3003751756
0.2883805202
0.3176321763
0.3313440738
0.320143168
0.3157591663
0.3079081966
0.3236007796
0.312487448
0.2901773115
0.2875186494
0.2941327829
0.3118650734
0.3047139813
0.3609151743
0.3342584849
0.3714710011
0.3362173386
0.3227085252
0.3253170747
0.3603237085
0.3540478528
0.3242414053
0.3324273164
0.328338207
0.3345170192
0.3355760062
0.3066324103
0.3218420239
0.3349199841
0.3217247474
0.2997533896
0.3073943976
0.3465799357
0.3341006179
0.3367623324
0.3220880449
0.3285014388
0.330060294
0.3397698519
0.3281325529
0.3538303801
0.3375160974
0.3478671076
0.3359013156
0.3282900359
0.3344838263
0.333915878
0.3293264768
0.3310383434
0.3182107006
0.3080533937
0.316965499
0.3282290958
0.3084907541
0.2951346105
0.2849486239
0.2984369756
0.2961107445
0.3112226161
0.317979257
0.3108299392
0.3084312693
0.2889660638
0.3091039436
0.3142738968
0.316860839
0.3358941111
0.3164161756
0.3449159867
0.3519701675
0.3217065828
0.3158293022
0.3112615144
0.3125102906
0.3187123512
0.3009412202
0.3115862308
0.3064713019
0.3291493218
0.3122025587
0.3255586963
0.3245402007
0.3356613371
0.3243972352
0.3275169504
0.3309778599
0.3084805419
0.3519221803
0.3505729346
0.340667158
0.3405697809
0.3217228514
0.3208093731
0.3169805405
0.340553731
0.366162108
0.347558185
0.3705704999
0.3520632535
0.348056951
0.3288418568
0.3147019279
0.3308612156
0.3167512563
0.3101353447
0.3130876123
0.3240757788
0.308284086
0.2810324678
0.2843939864
0.3039638618
0.3166015776
0.3348727855
0.3388983413
0.333433178
0.3185537782
0.3137170348
0.3203054836
0.3266302668
0.2941433902
0.2950376811
0.2970319476
0.2971841967
0.3142713632
0.3232017052
0.3128004729
0.2935579004
0.2832250384
0.2756474605
0.3046652471
0.300164878
0.3057096332
0.3166337715
0.3313383719
0.3115843417
0.3269249677
0.3201131946
0.307517436
0.3037645255
0.3053700859
0.2936605158
0.2940625051
0.2944147304
0.2873064197
0.2933644498
0.3122950353
0.3224074913
0.3165268772
0.3012242497
0.3022398649
0.3561661761
0.3470648738
0.3369283629
0.3560096151
0.3568285536
0.350345281
0.340308396
0.3368894952
0.3219548085
0.3345961673
0.3174302136
0.2995508019
0.3018282818
0.3232014715
0.3396903565
0.3206306687
0.3351494616
0.3417489554
0.349291661
0.3587934484
0.3338338236
0.2964788142
0.3171409601
0.3640284651
0.3612272718
0.3401047428
0.3388730999
0.3364694052
0.3313482473
0.3481510482
0.3687745936
0.3700466548
0.355441841
0.3336485168
0.3134204831
0.3202046375
0.3326618142
0.31035315
0.3308675256
0.33790544
0.3394592432
0.32960741
0.3656999163
0.3248961941
0.3290255287
0.3327384103
0.3513526278
0.3503658977
0.3583989637
0.3347861782
0.3360556969
0.3453265626
0.3528889443
0.3774320626
0.3673738423
0.3647079613
0.3208243527
0.3230407597
0.3245023552
0.3089376138
0.3018135202
0.2971347196
0.3002887755
0.334783603
0.3377660977
0.3373394309
0.3258546179
0.3143690908
0.3410751298
0.3488237593
0.3364935164
0.3424509855
0.3400903294
0.3393534952
0.3245268975
0.3282178719
0.3352070065
0.3166853329
0.3352375186
0.3473393132
0.3590616979
0.3731948921
0.3587579537
0.3213145691
0.3240946736
0.3017887093
0.3125483532
0.3157137117
0.3228923806
0.3144126163
0.3131383357
0.30550651
0.2961078274
0.2682624458
0.2814516517
0.2929731193
0.2998074002
0.3123489013
0.2820074191
0.2765477902
0.2812152717
0.2845797931
0.3168660162
0.3120446289
0.312051251
0.3190514543
0.3355079595
0.3127224985
0.303287997
0.2852321103
0.2667167267
0.3058996523
0.2987006318
0.3084866705
0.299779133
0.3193787735
0.3198390909
0.3211151897
0.3497326655
0.3478850866
0.3195960738
0.3088628418
0.3135002485
0.3106933539
0.322003596
0.3032276421
0.2988571339
0.3263870639
0.3263277354
0.3081416337
0.3008099511
0.3182312593
0.3300386733
0.349699494
0.3557585824
0.341075971
0.3346640565
0.3455999109
0.3135433412
0.3367668911
0.3374931607
0.3331398512
0.3193869576
0.3011043085
0.2761099499
0.3062926196
0.3074721102
0.3003199307
0.3085950569
0.3135370787
0.3103881701
0.3207325253
0.3153990478
0.300022701
0.3282570117
0.344251211
0.3215363408
0.3531256694
0.3667952295
0.3433670873
0.355101996
0.3087297056
0.3082603065
0.2828863774
0.3053415831
0.3134638087
0.3420422241
0.3611322778
0.3094524794
0.3148254916
0.3227435157
0.3281754622
0.3267120506
0.3551590305
0.3141096468
0.3155964235
0.3236128004
0.3115820736
0.3161971523
0.3103005778
0.3007978031
0.2968889405
0.285726728
0.3051287534
0.3178381521
0.3311901281
0.3280996361
0.322048945
0.3390086403
0.318354945
0.3034795073
0.3271465107
0.3449141463
0.3348612739
0.3462321958
0.3794847554
0.3673905928
0.3597640474
0.3456261417
0.3231153619
0.3394095584
0.3282056367
0.3015418692
0.2956471565
0.3043989872
0.3045840537
0.3018660417
0.3105943654
0.3080756238
0.3050283386
0.3200917202
0.3224750625
0.3246301288
0.3133831216
0.3527916881
0.3680136536
0.35848925
0.3405546152
0.3085688528
0.3094383649
0.3069725372
0.2965769433
0.2982620816
0.3375140577
0.3198906103
0.3283184343
0.3315678459
0.3262677122
0.3319997541
0.3227480832
0.3172235873
0.3231404959
0.3230897319
0.3351417129
0.3377410914
0.3249607629
0.3120431553
0.3140308369
0.3125255672
0.3227757477
0.3474601214
0.3448325369
0.3373332346
0.3413623286
0.3414098306
0.3478773982
0.3214383913
0.3314515947
0.3300944864
0.3319430673
0.3252648265
0.328096498
0.3286233194
0.3161174863
0.3174288671
0.3319252046
0.3331616606
0.3278653949
0.3224824176
0.3086493834
0.318898715
0.3180753492
0.347135284
0.2872231624
0.2937398916
0.3120126714
0.3044903225
0.3189516945
0.3300948382
0.3204126545
0.3446729311
0.3550254455
0.3220450022
0.3356747854
0.3208419488
0.3552174553
0.3339702297
0.3375797562
0.3308097446
0.3375699267
0.3262362377
0.3129220848
0.2873923435
0.3587758958
0.3369848991
0.288567455
0.2719305601
0.2869744058
0.3047142878
0.2999516523
0.324522768
0.3315673516
0.3119188611
0.3164644714
0.2997016847
0.2976120485
0.300424661
0.3181393354
0.3121640895
0.2935825553
0.293409778
0.3188104525
0.3546096176
0.3183273799
0.3237980292
0.3177710096
0.3192009903
0.3110278966
0.3105640102
0.3163609327
0.3031171726
0.3330059372
0.3338293483
0.2786837562
0.2871514265
0.2963078708
0.2925792785
0.3009742066
0.292707388
0.3043889535
0.317383752
0.347526562
0.33228585
)
;

boundaryField
{
    xPeriodic_half0
    {
        type            cyclic;
    }
    xPeriodic_half1
    {
        type            cyclic;
    }
    yPeriodic_half0
    {
        type            cyclic;
    }
    yPeriodic_half1
    {
        type            cyclic;
    }
    zPeriodic_half0
    {
        type            cyclic;
    }
    zPeriodic_half1
    {
        type            cyclic;
    }
}


// ************************************************************************* //
