/*--------------------------------*- C++ -*----------------------------------*\
| =========                 |                                                 |
| \\      /  F ield         | OpenFOAM: The Open Source CFD Toolbox           |
|  \\    /   O peration     | Version:  2.4.0-MNF                             |
|   \\  /    A nd           | Web:      www.OpenFOAM.org                      |
|    \\/     M anipulation  |                                                 |
\*---------------------------------------------------------------------------*/
FoamFile
{
    version     2.0;
    format      ascii;
    class       volScalarField;
    location    "0.0008";
    object      p_O2;
}
// * * * * * * * * * * * * * * * * * * * * * * * * * * * * * * * * * * * * * //

dimensions      [1 -1 -2 0 0 0 0];

internalField   nonuniform List<scalar> 
5120
(
0.08895971076
0.08674273482
0.07804286965
0.07776973869
0.07365814204
0.08832329003
0.08140803743
0.09221246861
0.08588084949
0.06973742761
0.07466064073
0.08720689763
0.1014556132
0.08510696241
0.09148296742
0.1077478945
0.1074846899
0.1084467274
0.08209330693
0.08049884458
0.08569705524
0.08802117835
0.08727577837
0.08958671474
0.09496557838
0.100181698
0.1000848895
0.1021537054
0.1001878354
0.1020852675
0.0873204952
0.0819815314
0.08574503409
0.09093203351
0.07743518113
0.08286756024
0.07208668914
0.07160867954
0.08921454909
0.09191988444
0.07506375323
0.07568204912
0.07655806623
0.07200215818
0.08027779173
0.09487586371
0.09053652441
0.07973960264
0.07636589826
0.0805609841
0.09570495935
0.09064578841
0.07667464927
0.08108730617
0.09646733631
0.08563679803
0.08645452977
0.08597544791
0.07865445185
0.07602271393
0.0868504211
0.08945876404
0.09325278395
0.09845284088
0.1033268701
0.076221693
0.06685432016
0.08265145217
0.09281365071
0.1008707798
0.09710744482
0.09928396117
0.096247261
0.115471354
0.1077794641
0.09251762134
0.09042033521
0.08652926123
0.09700700296
0.0895560853
0.1078084934
0.1048114361
0.09052812751
0.09000525778
0.09873330341
0.0980585226
0.09834873041
0.08926652051
0.09380301075
0.1128264615
0.1149955265
0.10436305
0.1043107259
0.08414456012
0.07450538233
0.08487645631
0.0826327931
0.09255047428
0.09694689457
0.1068372761
0.1088000086
0.1084227488
0.09725096286
0.09495146598
0.1025645528
0.1074583909
0.0965123985
0.0943021792
0.08750581961
0.08608717827
0.09209060539
0.1023247957
0.09146793951
0.09426515249
0.09320501859
0.09417039604
0.102397682
0.0926132765
0.08551751832
0.0973327291
0.0925463295
0.08806794256
0.09573384298
0.1059212479
0.09934804516
0.1060498985
0.1043114585
0.09759481504
0.1018344164
0.0971723595
0.08958892706
0.07630380383
0.08599807803
0.0993801862
0.1154006582
0.1132393373
0.09961121104
0.09402696419
0.09005184458
0.09140712401
0.07724022828
0.07929314569
0.07708892339
0.08351213152
0.0858303316
0.08848892125
0.1008464777
0.1044578944
0.09503958645
0.08220296594
0.0800547734
0.09007688121
0.108575889
0.09555439475
0.08096563848
0.07805207344
0.08323423205
0.07600524442
0.08340808932
0.0775525363
0.1055016496
0.09532877815
0.08393394232
0.08320000728
0.07967164538
0.08186727196
0.08987846814
0.09252628096
0.09568210512
0.09058713777
0.0912544141
0.09368129724
0.1099174411
0.1222575628
0.1176049295
0.1062621049
0.1067102104
0.09927961511
0.08784817071
0.1027440768
0.09026346074
0.08662352931
0.08886947395
0.08443927011
0.08359815656
0.08249117348
0.08090251869
0.08223638989
0.09284008274
0.09189266944
0.09086505284
0.09291293483
0.08149000603
0.07293779824
0.07437102495
0.09763559251
0.08918277564
0.09218435849
0.1025842263
0.09572196157
0.1031933908
0.09837031719
0.0886591706
0.09142155446
0.0964313562
0.09776826842
0.1031615228
0.09865387468
0.08827393785
0.078889384
0.08130726771
0.1058240428
0.1063192757
0.1059587533
0.09263110084
0.09014997007
0.09381688649
0.09791985521
0.08330926388
0.09906833274
0.09094428178
0.09827312206
0.08732374866
0.09610935671
0.089829015
0.1020526875
0.09397356022
0.08981434838
0.1031167808
0.09627776405
0.1008993652
0.09419534245
0.08431786491
0.08964319211
0.107298422
0.0842155066
0.08283769542
0.08391852318
0.08809515544
0.08469831778
0.08600126317
0.08609598181
0.08699672347
0.08402038729
0.07616626404
0.07615203559
0.08285667619
0.0970470594
0.1026398544
0.1141906344
0.1129269973
0.1026282403
0.1004756486
0.1073975246
0.09791076661
0.1037052966
0.1071326516
0.1079524218
0.1070098183
0.08663651143
0.07000090036
0.08163939205
0.08278532124
0.08677329227
0.09481141355
0.1125299919
0.1049484761
0.08551523141
0.08701192738
0.08779376459
0.09785972366
0.1016990991
0.09981202539
0.1044755417
0.09255364808
0.0941545506
0.1034568371
0.1018017182
0.08424431562
0.07527014731
0.08265326155
0.09389123923
0.1068542499
0.1107582559
0.1024565035
0.09019730966
0.08411723933
0.08422666676
0.09089383356
0.09066666421
0.09527905844
0.09599703509
0.09466834653
0.1108488576
0.1146320395
0.1013843459
0.1064204093
0.1113764531
0.09146353318
0.09008894779
0.09849603488
0.07403911623
0.0738698483
0.07751686175
0.08052069564
0.0796402172
0.08745978923
0.09217632886
0.0847348485
0.0887467098
0.07339753329
0.08586418463
0.08769797299
0.08294972045
0.1019403971
0.08905262194
0.08373684355
0.08265430263
0.105544135
0.1051456926
0.09748562319
0.096728528
0.09242414021
0.08659111687
0.09458400492
0.09411231417
0.08779812099
0.09189381276
0.09936030428
0.09701140641
0.08617750546
0.08373542458
0.08767021676
0.08900011724
0.09408616234
0.09390897806
0.09746506401
0.09836769669
0.1040140816
0.1106352114
0.08898613998
0.09249992204
0.1058548192
0.107201681
0.1003839657
0.1078187441
0.108538496
0.1097270824
0.09857002519
0.1032375909
0.1073429535
0.09635575653
0.0938901898
0.09195719135
0.1008400463
0.09675189416
0.08500786576
0.07816623596
0.08080124639
0.08171776367
0.07757221111
0.0853109797
0.0759809803
0.08608968127
0.09315306608
0.08512578849
0.08669000889
0.0888095066
0.08037898074
0.07367670709
0.08369064464
0.09036563505
0.09512049387
0.08927616935
0.07439239664
0.08051480839
0.08527360141
0.0898952535
0.09342856202
0.08900802158
0.08144457941
0.09023504643
0.08659798851
0.08022531879
0.0804515841
0.09288562051
0.09533944255
0.1021333702
0.1083115747
0.09806993323
0.07459610161
0.07656572084
0.08739651495
0.09125518257
0.09025008592
0.08815555343
0.07688233893
0.07662917081
0.07971589498
0.08725707311
0.08721326408
0.08987540443
0.09632306443
0.09746923793
0.08219324878
0.09823928025
0.09598158293
0.09200910052
0.08670448633
0.08121913023
0.08504726419
0.09302311873
0.09257258086
0.08101749608
0.08364104003
0.1013365493
0.1043820865
0.09239365271
0.08175232056
0.08173064331
0.08555865375
0.09010511161
0.08984219052
0.1000666322
0.09834098334
0.07090527927
0.07438047806
0.08049105728
0.0940628494
0.09255083726
0.08248200645
0.08919024962
0.08875531613
0.09741930868
0.1023370593
0.09420499558
0.09488712548
0.08399173148
0.09210754014
0.08933912256
0.07091415899
0.0655913588
0.07298890441
0.07798152942
0.08176434876
0.09962918154
0.09370456033
0.09391810738
0.08678471104
0.08726534036
0.1016196454
0.09886754244
0.08785338611
0.07492170475
0.06600618571
0.07598926807
0.07569880732
0.08585060402
0.09633744917
0.08949906315
0.09100077024
0.1084569748
0.1038802508
0.1083684245
0.1105309179
0.1079719463
0.1093021812
0.105020936
0.09496468083
0.1063454936
0.1003801289
0.08753362074
0.07789406867
0.07067408955
0.08528765128
0.08348953366
0.084891149
0.1042840211
0.09154636505
0.08535946162
0.09977851885
0.08720599004
0.08716579728
0.09220743061
0.1098355697
0.1183895538
0.1089609217
0.1000077835
0.1062070173
0.1020645501
0.09410126263
0.08327973024
0.08566227229
0.0854108571
0.09016733809
0.08174051826
0.08189583721
0.08139790416
0.09813318065
0.109781533
0.0983776726
0.1040191628
0.09797109639
0.09180259726
0.08752546258
0.08403733157
0.08931722797
0.0890010594
0.08308910358
0.07637004754
0.07704547629
0.07442940681
0.07987735156
0.08614704696
0.08953150831
0.08786767162
0.08747403603
0.1012488181
0.08299744465
0.0914035804
0.08314892328
0.08047308668
0.08716409958
0.08238212753
0.08855754643
0.08912081316
0.08139985737
0.0807722693
0.08377376577
0.09050791909
0.08847418649
0.09229517371
0.08712582724
0.08348036476
0.0823215023
0.08346260595
0.09381679875
0.08954954379
0.09158845283
0.09373539908
0.08682299305
0.09571532065
0.1011528855
0.1078733701
0.1009331111
0.09682678271
0.09177702554
0.0911051099
0.09164820114
0.09692930358
0.09455184606
0.08984126101
0.08904499027
0.08848348621
0.078038082
0.07513064988
0.0664839338
0.0752213494
0.07381040375
0.07671640966
0.1002789899
0.1032597312
0.08462704397
0.08731766487
0.09894097413
0.1052642525
0.1137641104
0.09754882521
0.09008665256
0.08354496561
0.08799495447
0.08633588685
0.08746357679
0.07912269883
0.0874803665
0.0933349766
0.08025891721
0.08939843512
0.09713894971
0.1041842524
0.1066152378
0.1003936582
0.1002836609
0.09599690361
0.09542031447
0.08469725746
0.07199558436
0.08776543015
0.08126287534
0.08766415176
0.08007915685
0.09854062691
0.108557296
0.08738094062
0.08912749937
0.09379690443
0.09827348335
0.09576165185
0.106540259
0.1083103074
0.07415156908
0.06750748207
0.06555065099
0.06503162447
0.0793490481
0.09531613898
0.1026887607
0.1024583307
0.10108741
0.09629277108
0.1025459811
0.1039174801
0.09894382543
0.08865014923
0.09105766788
0.09796898081
0.0892593963
0.08257342944
0.08090090081
0.08167656278
0.08762649401
0.09537357391
0.08724403924
0.08244673125
0.0682570673
0.07290920983
0.08307922217
0.08727800404
0.09111449285
0.09979801356
0.1034449929
0.1037197362
0.101500301
0.1023639023
0.09358563361
0.08806002767
0.08653999596
0.08554212048
0.09601348722
0.08979839076
0.09335600784
0.08398118622
0.09453308155
0.1050603493
0.100616061
0.09368843002
0.09905506174
0.08642781148
0.09620577255
0.1095210103
0.1044713338
0.1085751111
0.111595598
0.1097247305
0.1010912333
0.09386370119
0.08855930203
0.09328784674
0.08673641053
0.08484551473
0.1084272537
0.1026745171
0.09598274395
0.08574809149
0.08772672986
0.09069149724
0.09457777024
0.09671515883
0.07842305316
0.07198662336
0.06728833857
0.09640767842
0.1019895101
0.1096173312
0.1033002286
0.09469178825
0.08304337648
0.09472931871
0.09102340295
0.09036388936
0.1012516534
0.09322055751
0.1066787708
0.09577785949
0.1064615641
0.1109927786
0.09527679973
0.09991212301
0.1052661589
0.08686598057
0.08002921964
0.07616264242
0.07744029779
0.0796634676
0.07554656466
0.08515679894
0.09311856812
0.09411898914
0.0938385999
0.1025201136
0.1151575568
0.100842023
0.09676370338
0.1135999001
0.09755769894
0.09262065731
0.1004985642
0.09680531914
0.0869873661
0.08563848359
0.08304053523
0.08481775597
0.09419036548
0.09359525021
0.09900513927
0.09424377103
0.08834395526
0.09181963709
0.08668030764
0.1050344823
0.09558161269
0.09936844799
0.11395763
0.1004479459
0.1018668306
0.1080088986
0.1000660975
0.0873641606
0.08354748745
0.07833732198
0.08674158185
0.09197113296
0.08806464926
0.09591690408
0.08994288616
0.08638771309
0.08640460986
0.09456770062
0.09316388904
0.1012363797
0.09248283233
0.1007666909
0.107706661
0.1072950553
0.1037574524
0.09251146554
0.08963190238
0.08482805368
0.08530378606
0.08745511057
0.09809615964
0.09036157589
0.08053647081
0.084502439
0.09436564191
0.09078129537
0.08345342645
0.08244428148
0.07811193786
0.07998557895
0.08592391843
0.08625598314
0.08309354995
0.0778684652
0.07958315928
0.08876999003
0.08848094337
0.08501587084
0.09274822863
0.09118954403
0.08267010449
0.07748097617
0.08171050968
0.09435647416
0.09599653357
0.09881616576
0.1019867315
0.1014547352
0.09371749469
0.08698117018
0.114569475
0.09589101884
0.08174577804
0.07396675243
0.08608987029
0.09285227403
0.09417893248
0.08915023959
0.07997446147
0.08468123514
0.07063964621
0.09172801634
0.0923066431
0.09928812272
0.1145336553
0.1097765418
0.1004020966
0.08877350466
0.09208597181
0.1017428306
0.08207808383
0.1055291185
0.1161099181
0.1139688898
0.1044392389
0.1005197712
0.08961938539
0.08597535075
0.08037936252
0.09989395563
0.08191990787
0.07453723193
0.08690411857
0.07207435293
0.08710193193
0.08612736502
0.1019460922
0.100846991
0.1041808775
0.09483129192
0.0878448858
0.07755110183
0.08565584759
0.09805698432
0.1072548777
0.09603263579
0.08891342635
0.07699303977
0.08521543335
0.07982034886
0.0717895038
0.07833293858
0.08061614316
0.07438827502
0.07860866986
0.100784169
0.09549445494
0.08892208648
0.08233253513
0.0742706637
0.08879011819
0.08149689779
0.07416122733
0.08267395896
0.08957353471
0.08763077033
0.08167968802
0.09623445348
0.08895379691
0.08154971468
0.08569610023
0.08388282876
0.08847614701
0.08292648484
0.09727577398
0.08939397104
0.08038195964
0.08813945253
0.09857350453
0.09894224024
0.0822770342
0.0843067799
0.09043694082
0.09135079556
0.08404444914
0.08638121573
0.07818139897
0.08502291692
0.08336977171
0.09283519394
0.08508747055
0.08559840912
0.09136257285
0.0837261873
0.08613909649
0.08693241039
0.0907597937
0.09590416101
0.08468623602
0.09180693616
0.08650642192
0.1058629577
0.1192224286
0.1125425874
0.1097057526
0.09496379089
0.08166540669
0.088545113
0.09691623865
0.09119137657
0.0860827097
0.07905288634
0.08324363105
0.08976904933
0.09272096894
0.1034931643
0.107010561
0.08939237206
0.08306373981
0.08504183423
0.08405593251
0.08884329234
0.08263293698
0.09190474466
0.078010347
0.08702057067
0.09469928106
0.08948025364
0.08251989962
0.0861000329
0.07505202026
0.08046714305
0.08311972539
0.09000999798
0.07785565202
0.06806160773
0.06623545623
0.0651687738
0.08068962118
0.08756934643
0.07486592365
0.06940886397
0.07348165751
0.08992552275
0.1045231362
0.09736787048
0.08637476989
0.09816906272
0.08776407971
0.08212788403
0.0809024354
0.08670798621
0.08704518479
0.08578770788
0.08943320971
0.07450836254
0.07685150409
0.08044873017
0.07533245988
0.088863393
0.08466748735
0.09332457811
0.08106653375
0.07930402699
0.0787718689
0.0870067372
0.08157748986
0.08382016061
0.08259028049
0.08062318631
0.08104587677
0.09096105771
0.08308634541
0.07584935876
0.07625983461
0.07692990363
0.08226267554
0.07549770495
0.07421251317
0.08109081394
0.08554793672
0.07532912861
0.08095844067
0.08316060642
0.08851968934
0.09524924699
0.08740137423
0.09066005834
0.1029502456
0.09021458472
0.09722549372
0.08174466226
0.07304483613
0.08024549611
0.1004887344
0.1087846345
0.1047044426
0.09461527031
0.0940023847
0.09027656252
0.09235729941
0.08827081532
0.07634371018
0.08567677493
0.09746672148
0.09351321368
0.09115172613
0.09191375959
0.104092785
0.1126219571
0.1087382068
0.1122392883
0.1134959881
0.09950269052
0.08477963461
0.08548267375
0.09990016437
0.08883197185
0.1034187167
0.09371780939
0.1011472374
0.09872125706
0.08276202458
0.077715022
0.07579709186
0.08224270175
0.08554163946
0.08386131667
0.09288957451
0.1128176445
0.1265159219
0.1069107829
0.09969032381
0.107062544
0.1237432479
0.09256853116
0.08097551238
0.1002498025
0.09651057703
0.1036241714
0.1045334196
0.1131257266
0.1156914984
0.1062650592
0.1005882956
0.1044517694
0.09460430717
0.1015527241
0.1017418031
0.08850791574
0.08615624158
0.09669554876
0.09223764911
0.08550697237
0.08369614914
0.08577728495
0.1000749136
0.0967160313
0.1076538194
0.101225437
0.1029479855
0.09349890753
0.08502452113
0.09248026607
0.09370959887
0.1013445912
0.1001672655
0.1160253368
0.1036705934
0.1144921507
0.1122004318
0.09637179491
0.08426801479
0.07257050352
0.0818587852
0.08139698531
0.09612262054
0.1056759939
0.101388975
0.09827589867
0.1011960409
0.08392313063
0.09381865154
0.09822752348
0.09736235118
0.09360029169
0.09507779823
0.08812274563
0.08185648088
0.09241110563
0.1061087624
0.09423727514
0.09998750575
0.09813329149
0.09187312783
0.08169777211
0.07142059478
0.07140551997
0.08169786189
0.08781780542
0.07729674693
0.08566005345
0.08454984048
0.08971741925
0.09350682417
0.07655435765
0.07223613877
0.08449228583
0.08170107284
0.0846936946
0.08390114778
0.09997782888
0.09594270433
0.09430604351
0.09981198926
0.08899878302
0.08447993398
0.08843055395
0.0826586718
0.09367459402
0.09354538372
0.09584141028
0.1044434404
0.102268028
0.09866799862
0.09037855028
0.08398607846
0.09071613206
0.08554364988
0.07780297568
0.08110960577
0.08685893006
0.1003163295
0.0971433748
0.08144770187
0.07561463219
0.08381205323
0.08739505681
0.1054681231
0.1016047383
0.08094727074
0.08231454873
0.0848885207
0.08574109736
0.09424084124
0.08145342583
0.0927566924
0.08557508183
0.08879946327
0.08691848687
0.1052831132
0.1041499112
0.09978616928
0.1027321541
0.09026600885
0.09596716601
0.08728354242
0.07453317942
0.07680147512
0.07320390443
0.1025939829
0.09477986005
0.08054762474
0.08748733267
0.08967536237
0.09248210272
0.09471384832
0.0936102072
0.09242960598
0.1075809179
0.1114832545
0.1160711606
0.103969002
0.08830722256
0.08615048473
0.0904040453
0.09135946781
0.09587704355
0.09197078333
0.1077481166
0.09137999464
0.09468982112
0.0870945313
0.08118596962
0.06922916784
0.06833644716
0.07225764001
0.07814435414
0.09884617548
0.0939377143
0.09141826664
0.09909561602
0.09800306555
0.09721510324
0.09585830259
0.08085089701
0.08048497062
0.09204875517
0.09235697872
0.09063865877
0.09290543999
0.09020234466
0.07993538424
0.08311392866
0.08451614066
0.08445094978
0.08151630336
0.07946730164
0.1005111213
0.1095879778
0.1088366925
0.09503836903
0.09274241016
0.08717067792
0.08132071975
0.08820259393
0.08092369795
0.08461227886
0.08578301979
0.08162476765
0.07983658998
0.08910879981
0.099586088
0.1107902107
0.1042198051
0.09268114251
0.09777944194
0.08071669875
0.07178370405
0.06463367585
0.07498006653
0.08298209714
0.08925113587
0.08261386241
0.07584689082
0.07231060828
0.0732157655
0.07851485936
0.08118714148
0.07806948711
0.09048503504
0.08639125044
0.07451235691
0.0600612651
0.06054107085
0.07262978442
0.08717154891
0.08567382391
0.08527701849
0.0842790423
0.0873836832
0.09195637238
0.09141217497
0.09225915316
0.09897300875
0.1070510357
0.09663722701
0.1034506906
0.08375366372
0.07785559269
0.0823569049
0.0843490131
0.08324647665
0.08670192533
0.07754883503
0.08058970717
0.0779206593
0.07539193623
0.0775964432
0.07798591868
0.06793759914
0.07095630541
0.07530256792
0.07551593541
0.08038903792
0.08883580956
0.08516097711
0.08778383215
0.09742960986
0.08139747969
0.08437416643
0.08373069268
0.1014314285
0.1015337556
0.08645411364
0.08121044607
0.08339097018
0.07567709354
0.07755041372
0.08702235174
0.09712159897
0.08984771413
0.08723190289
0.09420561416
0.09833018833
0.09384414098
0.09763925753
0.1014564853
0.09357580532
0.08380178218
0.0904512854
0.08644211669
0.0855614349
0.09106940586
0.0880841779
0.09992535582
0.09102883725
0.08893149667
0.07609324192
0.07943078617
0.07269268606
0.08627202754
0.0874255754
0.08465110672
0.08602600913
0.09156188011
0.09824990629
0.09508489136
0.09310465141
0.09402488543
0.09299545597
0.0911325008
0.1059875589
0.09590123986
0.07677593852
0.08986585657
0.0904647577
0.09363661377
0.09852791217
0.09993079736
0.09955997635
0.09742274917
0.09327730227
0.100063391
0.09522722818
0.0987547726
0.1030276403
0.1087381333
0.1053250841
0.09530314826
0.1049664424
0.09602571621
0.0889568028
0.0952688253
0.09430111791
0.09938936027
0.08246657298
0.09691255334
0.09978571912
0.107790724
0.1010521579
0.1064688143
0.1230894796
0.09747290761
0.1023214311
0.1195550674
0.1075570368
0.08802696628
0.08569291209
0.08288830759
0.09312264308
0.09647606334
0.1042078532
0.09349180575
0.1091622906
0.1063123034
0.1094558342
0.08377033348
0.08856164911
0.08855508158
0.08688257933
0.07737856729
0.08678982177
0.09526832565
0.1051872302
0.1038882339
0.1131852586
0.1004643507
0.1137425874
0.09841577888
0.09822675131
0.1047942944
0.09374982699
0.08645505842
0.09421051652
0.099655543
0.1061455427
0.1205995773
0.1346125751
0.1204735379
0.1146875392
0.1200357444
0.1154997969
0.09418210511
0.08725095337
0.09569787417
0.09515141211
0.09372649866
0.09087395407
0.096538387
0.08982582784
0.0985025359
0.08556030285
0.09397993589
0.09244980272
0.09128390542
0.08775246116
0.08826557137
0.08191335507
0.07829176773
0.08639879539
0.09053079977
0.08946474295
0.09102553753
0.09339811734
0.09216645116
0.0958942372
0.1047390604
0.1068685788
0.08971990155
0.0776480886
0.06557049984
0.07778865557
0.0897016173
0.08792854437
0.1000300003
0.08853981556
0.08343502457
0.09025989546
0.09217878481
0.08386564802
0.08994443407
0.09202641321
0.09392021033
0.09239190099
0.086510247
0.09472550616
0.08181029041
0.0802815021
0.07243572269
0.09381694305
0.1007326572
0.09645071269
0.09520308489
0.09493926221
0.08424004799
0.08116776856
0.08524012074
0.08600908687
0.09195337491
0.1000317113
0.1086256243
0.1114438873
0.1170134221
0.1050565353
0.09911681518
0.08091119385
0.07737222242
0.08019429422
0.09148388427
0.09391132986
0.08458556841
0.07950376273
0.07327334775
0.06988804939
0.07560191788
0.08147277076
0.09362714179
0.09174946734
0.09277324194
0.09508278551
0.1032824131
0.1112472068
0.09785155709
0.1020076005
0.09938155206
0.1079672388
0.1021857022
0.09501529559
0.09729756699
0.08162116399
0.0915220789
0.104932771
0.09256787369
0.09030287695
0.0836439753
0.08894910674
0.09831382924
0.09555268898
0.09065113011
0.1045147529
0.1026802401
0.0945218941
0.08982776097
0.07897123686
0.07026290135
0.07966128991
0.08687227363
0.07963043423
0.07323025581
0.09260456811
0.0894349987
0.0952974206
0.1053000883
0.09890090502
0.09483974961
0.1094480575
0.1018641804
0.08359342536
0.09137101587
0.08716896522
0.0831205292
0.09360985052
0.09383033059
0.1041551213
0.09749971246
0.08482853376
0.07955100308
0.08792505808
0.08335587869
0.1033462819
0.0867250187
0.09242403039
0.0954787749
0.09703392886
0.102300934
0.09981353969
0.1093189929
0.09586859114
0.08953975374
0.08649348722
0.08700453198
0.09128367327
0.08520976238
0.09403531616
0.09412258985
0.1075537823
0.1039078074
0.09705750997
0.1007293147
0.09311593039
0.08476244728
0.08849768385
0.09734438834
0.08666808697
0.1020987967
0.0995932709
0.08208411342
0.08025735482
0.08578347667
0.07562629217
0.0715737644
0.09114675049
0.08665227327
0.09424011051
0.09807860583
0.09495418986
0.1009561052
0.1071108016
0.09340136737
0.08540811913
0.09667360964
0.08947990912
0.08392721934
0.07648312956
0.07338128855
0.0672662979
0.0769588454
0.08078227614
0.0799031159
0.09002378669
0.08283095957
0.074442766
0.07290310436
0.08118461469
0.09247745317
0.09898551044
0.08859800425
0.09409907624
0.08099474243
0.1162871143
0.1025034022
0.09609859997
0.1010009679
0.09960303693
0.1057386992
0.1016825046
0.08947902268
0.09312141161
0.1017623677
0.09348421928
0.1024083575
0.09291756647
0.0952376446
0.08869380896
0.09834026429
0.1138664571
0.1023938492
0.09547143512
0.1060563248
0.09512847736
0.1063053153
0.1178861398
0.1002980732
0.109281772
0.09523371206
0.09486213893
0.08435683791
0.07997963945
0.08393828481
0.09024807655
0.09677820848
0.09351776105
0.08097147724
0.07845320396
0.08874785309
0.09102165045
0.1014251397
0.1063473212
0.09874970641
0.08608270795
0.09514775819
0.08961597501
0.09755719281
0.09091900692
0.08787291758
0.08797979133
0.1082689788
0.1037288504
0.1092105863
0.09727051538
0.06884456602
0.06968140276
0.08447687868
0.1029711089
0.1197735338
0.09765874186
0.09955665848
0.100094356
0.1007687774
0.07712956698
0.07438732576
0.08094875506
0.09028593517
0.08946671879
0.08620473701
0.0987283753
0.1072914448
0.09078216618
0.09093144503
0.07496141973
0.08339953688
0.07965925563
0.08967399468
0.0829300917
0.07341183249
0.07932624316
0.08077309551
0.08632869427
0.07664123746
0.08797839649
0.08104145308
0.08530274529
0.08298886629
0.09073914668
0.0946174407
0.09983015947
0.08751048374
0.0880924719
0.1007726723
0.1011920881
0.1152644665
0.09521452859
0.09628258587
0.08708281305
0.08461354123
0.07485764724
0.07167831302
0.07350094153
0.0746859963
0.08604942106
0.0939030224
0.1004347261
0.1026972464
0.1140555957
0.1208585719
0.1141331041
0.1095915962
0.08987041714
0.0838307128
0.08951424235
0.08188364244
0.08931274419
0.09166170946
0.09903170811
0.08541439101
0.08950193574
0.09947185513
0.09243414485
0.08244088378
0.08682746239
0.09439480902
0.1123537848
0.1214027168
0.1145357166
0.103586089
0.09722311183
0.08617384044
0.08152183277
0.09993183313
0.100975819
0.09495905384
0.09459040092
0.09759396291
0.1028785795
0.1003093941
0.08889675343
0.08839446164
0.09402670541
0.09339182276
0.129635327
0.1314302946
0.1090541758
0.09690859834
0.1011598009
0.1039855067
0.1019213111
0.08972881518
0.1016647518
0.09715486141
0.09440625219
0.09394550188
0.08956206022
0.08747560433
0.1025640833
0.1070894723
0.1118770031
0.1096682244
0.1124090638
0.1186696364
0.08178087354
0.08308855551
0.08560420302
0.09544447372
0.09493475493
0.09958513173
0.1032317845
0.1165115117
0.10640779
0.1100390419
0.09625711994
0.09129574214
0.08613722745
0.09387075457
0.1015794059
0.1047335887
0.1041856748
0.1055299407
0.1031811001
0.1015274202
0.09699230124
0.09549330025
0.08228262895
0.08018809175
0.0901447313
0.07810310366
0.090429478
0.08623415441
0.09355229789
0.09305845607
0.1024504037
0.105272853
0.09055030677
0.09206031912
0.09534532997
0.09219620928
0.0963888034
0.11651738
0.1066718465
0.1044499942
0.09153133438
0.09534127144
0.08684276017
0.09369548902
0.08765194734
0.08847030266
0.09368578293
0.08714835111
0.09397831449
0.09494545498
0.1020069361
0.09377644209
0.09314925101
0.1089583549
0.1135787911
0.1115281816
0.1091751924
0.106542142
0.1002488665
0.09755090222
0.09056122074
0.09132410247
0.09547834038
0.08783246842
0.08664367805
0.09675369607
0.1012598117
0.0975556788
0.0871566521
0.08677078925
0.07817980985
0.06861332164
0.07520521703
0.07538218745
0.07214064217
0.08113883703
0.07939199116
0.07878620898
0.08839008296
0.08449616052
0.07727516241
0.08444077589
0.0869606934
0.1034445891
0.1115045187
0.09235286952
0.0853991273
0.07463452532
0.07303628222
0.07899303632
0.08198963387
0.06958506512
0.08056908595
0.08559555531
0.07986546736
0.07546654679
0.07439402787
0.07436320898
0.08557200549
0.08393183036
0.08111166159
0.09147994612
0.0884380019
0.08552862704
0.08235177531
0.08437847682
0.09200077686
0.08395483241
0.08414114797
0.08420631785
0.08341833912
0.08348229395
0.08069257838
0.06756048657
0.06461154005
0.07070584544
0.08783031754
0.09375645281
0.09400219405
0.09803730383
0.1059025854
0.09514119183
0.0803777425
0.08109246443
0.08108762488
0.08042585951
0.07968152257
0.08042118665
0.08356507891
0.08085039675
0.08718410933
0.08240816057
0.08644282741
0.1089370325
0.111930889
0.09791243218
0.08216188577
0.08276789209
0.09504964481
0.1147703735
0.09413172444
0.08575639547
0.09839059267
0.1072832267
0.09605344599
0.1067181092
0.1131230373
0.113700241
0.1080289799
0.09784219087
0.09260984981
0.09346252295
0.08290983987
0.08848088933
0.09045787381
0.08593814615
0.09076039737
0.07761035699
0.08463327606
0.0842987725
0.0733413705
0.09393738692
0.08723051246
0.09108523729
0.09077233325
0.09653334345
0.1039955632
0.1094328824
0.1044714829
0.08653762911
0.1000582658
0.1064496558
0.1065094067
0.1066374374
0.09860510945
0.08884283797
0.07492982651
0.09483016871
0.1011687525
0.09346672767
0.1072933381
0.08032099437
0.08232623686
0.0977600232
0.07540411984
0.07402230726
0.06749860534
0.07800953929
0.08365355469
0.07703576435
0.08726845366
0.09285621746
0.09339455398
0.09376367701
0.0788221513
0.07656821185
0.08158961397
0.08887616031
0.09935946337
0.1018447347
0.09882163994
0.09611043352
0.0886680379
0.09634447511
0.08513649672
0.08565098063
0.08483674075
0.09512478087
0.09986827948
0.1005798252
0.1053252178
0.1028869013
0.09103453646
0.08573482032
0.0823342258
0.09332708216
0.09622761835
0.09489789074
0.09835504121
0.08765129141
0.1077159427
0.09764908851
0.0874813621
0.08509748034
0.09391134726
0.09521087826
0.08797796952
0.08993643536
0.08564735169
0.0891674949
0.09381830918
0.09405654874
0.09307888345
0.08018174016
0.08737316572
0.08661538778
0.09369082105
0.08863111501
0.09916092526
0.09658943308
0.08366041485
0.09131809102
0.08300617759
0.08250970242
0.09162551085
0.09632267666
0.1025939104
0.0986579824
0.09235148687
0.0839633029
0.08408950334
0.08230805841
0.09035642108
0.1044159681
0.100010019
0.08135957401
0.07932136813
0.07314977092
0.07548917011
0.08192305605
0.08445940175
0.08921262673
0.08467824277
0.08943802945
0.09767720369
0.09489950615
0.08695081076
0.08143688937
0.08403368355
0.08273455102
0.09144140412
0.08901091527
0.1051992447
0.08850205143
0.07866275229
0.08482315709
0.09327591989
0.0902206311
0.08998000496
0.09555519017
0.0960722497
0.09415186564
0.09254101361
0.1020917006
0.1029692939
0.09909944307
0.1014433248
0.1076252034
0.110387002
0.09137726061
0.08321739769
0.09100855872
0.07990961602
0.08171109986
0.09994566934
0.1069152958
0.1071092014
0.106883748
0.1057879537
0.0948065001
0.09447278166
0.1010579551
0.1068699753
0.1073613034
0.109775855
0.1042499237
0.1032657942
0.09916662446
0.09459498959
0.09087243536
0.08524861515
0.08579124478
0.08937661217
0.07782724719
0.07387804574
0.06919706133
0.0808941369
0.08288736866
0.08641402453
0.09188274998
0.10319453
0.09114752295
0.08748763259
0.08975617443
0.09057768712
0.1132741658
0.09612919401
0.09935315311
0.09201149493
0.08490382905
0.1015366068
0.1130085427
0.09631895984
0.103341661
0.08953464239
0.07815161454
0.08890194115
0.09644253593
0.09836868123
0.1049202121
0.09228600111
0.09323658231
0.09564183096
0.07992405971
0.08144588267
0.08940515474
0.09872984136
0.1072216158
0.09857327891
0.09488750219
0.07706380774
0.06249202212
0.08778676378
0.09954978212
0.09473839366
0.09603326249
0.08184561726
0.09156991595
0.09043457364
0.08669249414
0.1001301876
0.09369641864
0.09922349151
0.1090342356
0.1047169109
0.08742751545
0.09197703447
0.08758907533
0.08528841415
0.09521845212
0.09558028947
0.102340193
0.1014556726
0.09386434061
0.08177086069
0.1000315927
0.1060350669
0.1057059257
0.1039606077
0.1026361247
0.1174812745
0.1061138863
0.09996328491
0.11270966
0.1022296787
0.100440256
0.08700304616
0.08664928538
0.1092720349
0.09788696518
0.1020329328
0.1036732799
0.0968115096
0.09084168618
0.08982577608
0.07994366509
0.0877365501
0.08385845437
0.07585887843
0.09462146899
0.08812283615
0.07623893095
0.08108347262
0.07150282274
0.08075158393
0.08457983191
0.08928715365
0.09221886251
0.08482123527
0.09151441644
0.08868139131
0.09031727039
0.08651685673
0.08843558013
0.1119994182
0.1043033691
0.09187153847
0.09070799056
0.09137014861
0.08298152996
0.07075719759
0.09662530805
0.1196429426
0.1111373218
0.1070084548
0.1096830907
0.1102848423
0.09722840935
0.08701051885
0.08104173425
0.06756548643
0.07562874717
0.08977594199
0.09582727379
0.1009465834
0.08674500894
0.0783064432
0.08405142511
0.09483595716
0.08184526915
0.09857172834
0.09582097555
0.09599251169
0.1034789865
0.08951336424
0.07979726003
0.07423350707
0.09912858198
0.09673011195
0.1097761555
0.1000505703
0.09489196742
0.1072718271
0.1129591027
0.09193132182
0.09667724669
0.1123198137
0.1283258564
0.1069889156
0.1088245326
0.1072198666
0.1066423693
0.08697964625
0.09561629884
0.09917643606
0.084457047
0.07717029581
0.07403569201
0.08087546913
0.08371351412
0.08651627959
0.0917449114
0.08536025037
0.07807821014
0.07454653345
0.08112211228
0.09068433156
0.07467209206
0.08880282815
0.1045239154
0.09205710655
0.08912295505
0.08669241298
0.09806429557
0.0980053308
0.09138644483
0.08351077847
0.08172099068
0.08374913304
0.1022405063
0.1105350431
0.09127795584
0.09245368943
0.08886195211
0.08087171608
0.07830207132
0.07752756086
0.08695596749
0.07958794374
0.09337123782
0.09566801717
0.1038905766
0.1166089164
0.0947756451
0.09133426819
0.09966022461
0.09090008349
0.08047851529
0.07062530645
0.07593072562
0.07822828424
0.08810017026
0.08448078619
0.09124367372
0.0960208738
0.08892783618
0.08987061811
0.06887577843
0.0705972225
0.08977002288
0.09685813976
0.08915488534
0.09667578314
0.09897256778
0.09672440109
0.09174111955
0.09608319877
0.09241863288
0.08783020516
0.08225787809
0.0859778415
0.08878076021
0.1023993939
0.09769605431
0.09342046499
0.0985161107
0.08874607375
0.08594784563
0.08271063084
0.0831553086
0.0927824699
0.1068114787
0.1055591812
0.1027633283
0.08602132252
0.06703674168
0.06741591665
0.06318581239
0.07877032214
0.09235347028
0.104036213
0.1102026406
0.1069979049
0.1011510975
0.09642562313
0.1085607713
0.1143052377
0.1146387131
0.1240414245
0.1112296668
0.08562301811
0.08264586487
0.07300744977
0.07137564264
0.07705131258
0.09582684238
0.09437787777
0.09922071938
0.09309595323
0.1005601911
0.08792535595
0.08994044987
0.08734315558
0.08432374669
0.08246514337
0.08088277946
0.08499366062
0.09244113725
0.09266714993
0.08899426199
0.09003786352
0.08741791907
0.09067505903
0.0944485466
0.0845030232
0.08756854301
0.1024626161
0.1149187998
0.1304089906
0.1335092505
0.1222856021
0.1156540048
0.1028625699
0.1109900876
0.09713197369
0.1067234111
0.08223160997
0.08771822021
0.08623398963
0.07825071178
0.09590271139
0.10063106
0.09796687887
0.09577308198
0.1138098383
0.1213917322
0.1159648073
0.1268465897
0.104183587
0.08758955738
0.08411878057
0.08216907005
0.08275642601
0.08808598471
0.09341573348
0.09176300293
0.08993620955
0.09188686602
0.09955293586
0.09731597972
0.1235652329
0.1221735962
0.122302697
0.1147705182
0.1128014687
0.1061875344
0.0933336355
0.08087466179
0.08531270883
0.08046412343
0.08729892744
0.0876035156
0.072053997
0.08125755187
0.08667924768
0.09643295974
0.105844339
0.1247988867
0.1330612167
0.1339937613
0.09873983378
0.1146811106
0.1099480195
0.1059854897
0.1013230603
0.09442471168
0.1029767835
0.1016315844
0.1057015503
0.1096965211
0.1069150997
0.1056463958
0.1040609908
0.09630864142
0.1089853135
0.1183275758
0.1177359262
0.1082326577
0.09035173935
0.08383529725
0.09793793148
0.09626870469
0.1081907156
0.1102380461
0.1126593125
0.1028886253
0.09495477043
0.07972894206
0.09764010317
0.1072347905
0.1267137428
0.1220583392
0.1053392064
0.1166980119
0.1142727547
0.1144721522
0.1094486625
0.104315274
0.1018920569
0.1004987303
0.0987888541
0.1001071399
0.08427804116
0.0788144357
0.09216976815
0.09492009336
0.09533159705
0.1036353476
0.08705062775
0.07659444187
0.08177994109
0.09771334315
0.09555380282
0.09362073962
0.09081897018
0.09347913728
0.09103831717
0.0965392919
0.09829439256
0.09489133371
0.09171695924
0.1042910027
0.1086360118
0.1183328654
0.1080850495
0.114214522
0.09859159842
0.09929013787
0.1006857086
0.1150280362
0.1011018844
0.08910901396
0.08238586911
0.07354186924
0.08104764248
0.1048697954
0.1043848936
0.09555832151
0.09889987452
0.08968303685
0.07791002342
0.09250812594
0.09001726318
0.08313469989
0.09571097586
0.1012692618
0.1038040891
0.09636539965
0.08052308553
0.08613417052
0.08469054661
0.08911923035
0.09444260739
0.100517809
0.08458451366
0.08774428973
0.09748671545
0.09441178843
0.08879115511
0.08086483634
0.1011684666
0.1022370517
0.08774040094
0.08674249031
0.0918383204
0.0853661813
0.09004655856
0.09482342341
0.09365539617
0.08598312479
0.08625488109
0.09446101348
0.08597114298
0.0786818709
0.08561816728
0.08042181711
0.08101141714
0.09434068944
0.08900866335
0.09258394767
0.08272039239
0.08031229438
0.07973005363
0.0787757411
0.07834700635
0.08374215728
0.09211119586
0.08172878788
0.08715548636
0.09406415684
0.1068823842
0.1129014731
0.1084480293
0.09769006243
0.09359947344
0.09957531779
0.09081480348
0.0737973883
0.07021832855
0.08301884373
0.07512599153
0.08123667138
0.0741454314
0.07258994559
0.07890082606
0.0858131357
0.07667799663
0.08698911477
0.08585538688
0.07229334454
0.08553848891
0.08774892827
0.08143912076
0.09591140234
0.09483322778
0.0796093182
0.08721595218
0.1011472993
0.08890544705
0.0666595031
0.06628141558
0.0717032645
0.09413404213
0.0910329428
0.0973285732
0.09980143488
0.0948755173
0.09430744835
0.08642246678
0.08223555702
0.07160234325
0.07182819751
0.07425233226
0.09438568216
0.09893353698
0.1001260939
0.08709780839
0.09521995329
0.1056396722
0.07659097771
0.08264306729
0.07811969715
0.08163745364
0.08672844847
0.08567996861
0.1007710571
0.09716092059
0.09237603647
0.09433518304
0.09489542074
0.1043772547
0.08672044888
0.09483862967
0.09555846726
0.09324719467
0.08163928964
0.0859990898
0.08200509961
0.08706801403
0.07996974333
0.09043231649
0.09890503892
0.08935832768
0.07574355056
0.08617454994
0.09083488052
0.09278386335
0.09451153117
0.092860056
0.09411200859
0.09659970379
0.09554189635
0.08096678794
0.08879753462
0.08822279055
0.08888866036
0.08830038024
0.09954406244
0.08389280969
0.08125145885
0.1139713718
0.1088965826
0.1022356516
0.1041495145
0.1024633537
0.09358313309
0.09247991665
0.09450786679
0.09701012462
0.09027746613
0.08905794697
0.085397209
0.0970253361
0.09459398992
0.1140832289
0.102877036
0.09037446213
0.09597832921
0.09514964904
0.1109121345
0.09475423669
0.1032457319
0.09639763288
0.08412323446
0.09047327715
0.09288994505
0.0959781265
0.09046871472
0.09456899366
0.1027369198
0.1103798335
0.1071436341
0.09744170303
0.1008590638
0.1076302872
0.09987340946
0.1054350459
0.094955731
0.09031022217
0.09225303687
0.09461933564
0.09986372706
0.1137338871
0.1072735251
0.09481111063
0.09242791715
0.0831817382
0.09297145328
0.0998534465
0.0933681637
0.08801077052
0.08612364994
0.1047505632
0.1107178959
0.1119266762
0.09336044491
0.09595150684
0.09601297934
0.08078014267
0.09176539375
0.09377365448
0.09247205886
0.09928717512
0.1054093981
0.09612921003
0.08629215947
0.09151479634
0.08674267025
0.0817839851
0.09284927079
0.0951714423
0.0935649464
0.1016626022
0.103447657
0.08102939578
0.09860807864
0.110482305
0.09551399252
0.09101556245
0.08865282328
0.09968276442
0.1089603287
0.08620374722
0.09495445758
0.0924193122
0.09346161224
0.09064839996
0.09227913508
0.1034161976
0.1014898468
0.1010331126
0.09818121792
0.1146816482
0.1016859652
0.09584847678
0.08428430027
0.07607376858
0.09101825839
0.09725668891
0.09626693776
0.1030919203
0.09992873553
0.09213406596
0.09568601205
0.09426020288
0.08903694112
0.09384440301
0.09491153432
0.09416975096
0.08751052999
0.09639456406
0.0970577248
0.09089843489
0.1068034153
0.1092222275
0.09901646332
0.09655048047
0.09237733303
0.1072546768
0.1113045191
0.1106237712
0.1154692527
0.1108777082
0.1065742898
0.1077551998
0.1108912783
0.0987969723
0.09740552379
0.08778136542
0.08513167248
0.08807951227
0.1047761467
0.1156805295
0.1095289245
0.106590699
0.0971082323
0.101025436
0.09811319723
0.1046516132
0.1060223017
0.0934234877
0.09348978636
0.096020783
0.09734214759
0.1013700012
0.1122683196
0.09621994238
0.1096999689
0.103925341
0.1164797872
0.1050266676
0.08425444154
0.09006702701
0.09929365722
0.09702776612
0.100407403
0.1024615437
0.111667544
0.0895563863
0.08858211345
0.09526646484
0.09213623422
0.08516412746
0.08142183771
0.08174284147
0.09317194959
0.09642429025
0.1055871712
0.1109590933
0.105997803
0.1130882669
0.1191162922
0.1105619022
0.1142417642
0.1176529419
0.101834659
0.08983665786
0.08300347878
0.09118954085
0.1029099713
0.07820394857
0.07779337813
0.07774169854
0.07764194153
0.06998329192
0.07727381146
0.08247557292
0.08916215458
0.1044477912
0.09711372742
0.09389297005
0.09183482393
0.09371551476
0.09489330128
0.08723261049
0.08771206257
0.07995553636
0.09025240146
0.0945345499
0.08964728689
0.1012418913
0.09148160787
0.07675309624
0.0919817942
0.09607068929
0.1025610344
0.1113331115
0.103107515
0.1029978937
0.1044943747
0.1014254789
0.1196377031
0.1017186119
0.1093511681
0.1101136247
0.1096247972
0.1070483747
0.09761069022
0.09743182093
0.09569732609
0.09049234372
0.08914816558
0.1059330919
0.09310799123
0.09804492093
0.0836149006
0.09933316719
0.0922292933
0.08278596323
0.09108639702
0.08780996825
0.09235762808
0.09895712465
0.1172110121
0.1148112831
0.09054054187
0.09521357956
0.09451455072
0.08765905929
0.09829199182
0.1012616949
0.091594022
0.09416455564
0.09198075104
0.09225245895
0.09419270336
0.08976935233
0.09245786392
0.08939851836
0.09075210965
0.1023025081
0.1001163984
0.08476275502
0.07612198946
0.07800661899
0.07528889265
0.0710013914
0.07106344594
0.09127977496
0.1060903666
0.08197929429
0.07500878372
0.06966114261
0.07191389188
0.0677790235
0.07558957039
0.09541281757
0.1052517435
0.09872827522
0.09405804699
0.09065363632
0.08122565798
0.08508128134
0.08317009073
0.09379273331
0.1146013159
0.1316284383
0.1153946598
0.09770996928
0.09059686454
0.07217567114
0.06221021197
0.06673998216
0.07376235019
0.07781391813
0.08487628235
0.08146005887
0.0755373278
0.0869629715
0.08284905381
0.0750736973
0.08167907202
0.09891756538
0.1026299771
0.1005980685
0.1039208203
0.09879747736
0.08920499888
0.08176608056
0.08400826619
0.09331155293
0.07797816402
0.07835946888
0.09546379211
0.0921422325
0.08189629822
0.08801329082
0.08652579591
0.08269456323
0.08351388388
0.0951654037
0.0991920497
0.1017910615
0.09299798923
0.08661457133
0.08470942778
0.08633482748
0.07630886503
0.07969534485
0.08985415006
0.08898197486
0.1093792882
0.1133372424
0.1172068163
0.1148957729
0.1050178549
0.08840065602
0.08780727527
0.09053556014
0.09026089858
0.09041644721
0.09394404282
0.08555243141
0.08438318936
0.08219805232
0.08386773662
0.0881201289
0.08898430506
0.09193756265
0.09539165586
0.112115867
0.09860467263
0.09982146064
0.1088841944
0.09847969945
0.104510085
0.1040195168
0.1032464474
0.103211735
0.08825649457
0.08732714359
0.08700891455
0.1021905031
0.09965537481
0.09917417561
0.09805797487
0.1001818141
0.09616918276
0.1076079861
0.1034551384
0.08074360781
0.09652395762
0.08560531012
0.08444809097
0.0924890943
0.09063522706
0.1017330184
0.08879120334
0.09602223066
0.09085321012
0.1036035575
0.107202159
0.1033464998
0.0943832336
0.0939015403
0.09462740538
0.09570187559
0.1038311455
0.1084526651
0.09172551615
0.09861568843
0.08089024885
0.0777158279
0.08598655435
0.09310599824
0.09426446545
0.0779291528
0.08500558464
0.08255531892
0.09808303789
0.1074574307
0.1120730073
0.09780585231
0.1003852553
0.09892421639
0.1047882995
0.1045199597
0.1128154258
0.1055161248
0.103432872
0.08100913457
0.08766047625
0.1011572305
0.09900965133
0.1043559654
0.09449120234
0.1012322813
0.08643211511
0.09072691965
0.09865683905
0.100028399
0.104157343
0.1045719026
0.08956047736
0.09229830688
0.09505303235
0.09385005215
0.09418416814
0.09307646005
0.087455886
0.09046043704
0.09875596659
0.1172175329
0.09846912943
0.09634478681
0.09479201034
0.09071898814
0.1063001968
0.09274206613
0.1016949009
0.1124127893
0.0990051174
0.08845017646
0.09682536477
0.1031604776
0.09946339773
0.1036271647
0.1053167684
0.08368915545
0.08690973859
0.1220387858
0.1112067607
0.0973144595
0.1039468846
0.09504281969
0.09380459278
0.09744689902
0.09773576671
0.1089630295
0.1097193131
0.09967597221
0.09982517472
0.09611472765
0.09273838498
0.08280377232
0.08849899112
0.08142333882
0.08052172504
0.09108080168
0.1014452396
0.09663943364
0.1016300301
0.1030920186
0.1050198065
0.1102021507
0.09972318012
0.1092087514
0.1060837619
0.1071825903
0.09858607245
0.09537539068
0.09052416793
0.1008753008
0.09883910489
0.1159554947
0.1203902232
0.1114721661
0.09900250597
0.1000800794
0.09908527389
0.09882401675
0.0912979957
0.09520093423
0.09440322659
0.09910587106
0.1168414996
0.1168741433
0.1040141618
0.08691294977
0.08933102915
0.08483966736
0.09272897715
0.09211936449
0.09214697207
0.09042796926
0.09577867129
0.09876580848
0.09327682376
0.1023395237
0.1035261395
0.09611231061
0.1002224963
0.1095463744
0.09545346946
0.08058698029
0.07951618342
0.08022436404
0.09973794985
0.10389735
0.09461075261
0.09284831365
0.1015484835
0.09926827742
0.09601192571
0.109853241
0.1050238872
0.1060525956
0.1072308973
0.1116840736
0.1019855445
0.1128471199
0.1023450634
0.1018238712
0.09055249892
0.09892700949
0.09702673132
0.1023795469
0.09194437614
0.09917463863
0.11107301
0.103537308
0.09128437615
0.0970930629
0.0945139815
0.09448356434
0.09003626343
0.09826013373
0.1083352965
0.1107245545
0.1075101662
0.07442447214
0.08527013197
0.09829953876
0.09889407661
0.09251173691
0.08398024394
0.08983041446
0.07932430077
0.08234473644
0.09003935088
0.09920879396
0.09522708943
0.09182835703
0.09694496357
0.1023795941
0.1023110371
0.1011262395
0.101534832
0.1035363339
0.0771328271
0.1032333396
0.09246460454
0.08626234845
0.09117155637
0.1050916792
0.09265350778
0.1001769095
0.1177707051
0.1190652429
0.1035261717
0.0893020072
0.0911469733
0.09112314881
0.09012252931
0.07786710616
0.08514126589
0.08962278115
0.09623204241
0.08769069146
0.0880067153
0.07803815528
0.09019259931
0.08595627454
0.08074767386
0.07963524858
0.07853797507
0.08657019569
0.08700781721
0.08282035998
0.09642782797
0.1108950544
0.09618477568
0.09458624874
0.07920859139
0.09055324543
0.09811547285
0.09492211183
0.08817811915
0.08367746626
0.08282786677
0.0793286942
0.08256816105
0.08237579392
0.08482515485
0.08679109269
0.08931974498
0.08343275061
0.08206653093
0.08982448702
0.09347147652
0.08992803396
0.09879034179
0.09565266473
0.1046320014
0.1039328957
0.08750653998
0.08775480249
0.08466251015
0.09587085862
0.0885428312
0.07863834788
0.08489829328
0.09011251863
0.08878409099
0.0974098349
0.09408553385
0.08775571733
0.09463215745
0.09701093512
0.09185298322
0.08608025053
0.07985149043
0.09148216557
0.109265031
0.09794002454
0.08394130956
0.0714294761
0.08717394703
0.09143876823
0.08574415424
0.1030590047
0.09632738741
0.09846632068
0.09692274565
0.08130847069
0.08527593223
0.09563297094
0.101123846
0.1053652713
0.09795792046
0.0877622385
0.07405718256
0.06380152534
0.07003243222
0.06872778182
0.08710962282
0.09823770791
0.1081608702
0.1022578934
0.09655121338
0.1010326528
0.09065590129
0.08355916211
0.08406302081
0.0979732098
0.09742183587
0.1028307677
0.09860437415
0.07245594461
0.07589628273
0.08538460902
0.101691457
0.09483804571
0.08508860765
0.08663156611
0.08295278812
0.09580793209
0.09539402653
0.1033297948
0.1215368841
0.1091179754
0.1011445326
0.09353336925
0.09846250916
0.09587554888
0.09750142899
0.07750007566
0.0802985181
0.09541337912
0.0997807802
0.08461413961
0.09818768648
0.09806410095
0.09634046991
0.1106997627
0.1259657235
0.1052359404
0.09952222017
0.1050441637
0.1064898205
0.1037194496
0.1059801668
0.1072620745
0.1040421197
0.101937291
0.09112760362
0.09742644092
0.09795332107
0.09134036907
0.07969195836
0.07626075722
0.07445444367
0.09342441361
0.08712252129
0.08466450879
0.100697757
0.1128771769
0.113455231
0.124328373
0.123588514
0.106487642
0.09887653249
0.08752222381
0.09022313126
0.08445143479
0.08062552719
0.1058826872
0.1104489454
0.1134177678
0.09373968293
0.09163392958
0.08769408721
0.08570013634
0.08278525359
0.08306313792
0.08612458481
0.09118231439
0.0960490982
0.09087360539
0.0804624404
0.09456545965
0.08942197334
0.08896101212
0.1000005234
0.1253296008
0.1199516256
0.1036344011
0.09441979202
0.07271669965
0.05540838949
0.05573990691
0.06390386018
0.07084679202
0.07787997132
0.08140603012
0.09943051562
0.09514948484
0.1009475419
0.1073099917
0.1089098088
0.07224190195
0.09782286551
0.106446555
0.1067558656
0.1045566165
0.1196288903
0.1161008376
0.09711603192
0.09286884221
0.08872994594
0.09258481876
0.0843198346
0.08794847214
0.09066487668
0.08872173627
0.09216777459
0.09052844848
0.0858673118
0.09654047074
0.0853471225
0.114857452
0.1075556731
0.09170075074
0.0729630968
0.07318617697
0.07068213824
0.06938728933
0.08034155786
0.09493276638
0.09135466788
0.09438175754
0.09554368682
0.1019039989
0.09602674792
0.09645223369
0.08278044216
0.08780471953
0.09141291663
0.09593027192
0.1077952043
0.1033383313
0.1010017668
0.1024329737
0.1186008492
0.125524827
0.1180626805
0.1052605375
0.1004035804
0.1138746324
0.1108959785
0.09817507877
0.09855554862
0.1050761999
0.1069357643
0.1038658148
0.09650869781
0.09605853372
0.1097416272
0.09875644353
0.09818044351
0.08981426566
0.09168726196
0.1079216036
0.1144278017
0.103342012
0.1077989032
0.09671430569
0.1018214043
0.09866928959
0.08645906228
0.08849164889
0.07903372194
0.08846782946
0.1026564169
0.09506983047
0.08450872523
0.08397093096
0.07421298146
0.08145761613
0.07835964819
0.1190698113
0.1037488658
0.0912354778
0.08225541263
0.09956746022
0.09572091396
0.0930364779
0.09074804937
0.0880534188
0.09821691515
0.09580052982
0.09195772539
0.0996877955
0.08539822261
0.07930155387
0.07887924112
0.08302159546
0.09165551153
0.09418385941
0.1118676859
0.09788718335
0.09743012408
0.09428526894
0.09540131325
0.09956255874
0.09678260623
0.08565698764
0.08534335318
0.0829831855
0.08839381788
0.08478839408
0.09643171021
0.1025221016
0.1075685281
0.09749802019
0.1022461258
0.09873724445
0.09459487245
0.08461812905
0.09704137938
0.07039392308
0.09044930941
0.0996430111
0.09694048531
0.09086051057
0.09431892565
0.1029279124
0.08679261531
0.09148001156
0.08715865998
0.07834272342
0.06460387981
0.07071755767
0.06845288
0.07913288832
0.0891903818
0.08167025173
0.10302326
0.09503231994
0.07568536149
0.100522915
0.09169702034
0.08910695436
0.09263954548
0.1044349375
0.1024869023
0.09605026219
0.1014714528
0.09967113305
0.104459288
0.1002764818
0.09818754203
0.08907562532
0.09682712032
0.09686203608
0.08389237769
0.08677895681
0.08779093668
0.09683853855
0.09543657603
0.105613126
0.09384015068
0.09898510072
0.09089170111
0.08180243159
0.088877202
0.08884721165
0.09268879471
0.09343564729
0.09943076918
0.09700229
0.1041471903
0.08857652874
0.07506604469
0.06721261914
0.07752938124
0.07317962207
0.07720620077
0.07768966858
0.0914358314
0.08650274551
0.08210028844
0.08466090172
0.08405380709
0.07172268451
0.08866545977
0.09639462291
0.08559621024
0.09565268335
0.1092091844
0.1102491229
0.116904641
0.1152380944
0.103090259
0.09573471835
0.08027709156
0.07424012704
0.08581931156
0.08711664887
0.07992205686
0.08094517914
0.07967345736
0.07803354986
0.08550685962
0.1018537343
0.1163812625
0.1196056252
0.1012388259
0.09542146982
0.09541707194
0.09292669507
0.08445520649
0.09131035604
0.1038048461
0.1046277454
0.1134313642
0.1014606969
0.08699666804
0.07095673031
0.07447895987
0.1123095765
0.1011352367
0.09681649715
0.09238269322
0.08825114561
0.09584876384
0.08164545167
0.08478087792
0.08715781658
0.08157123363
0.08329421608
0.08378591651
0.09101367711
0.1006111136
0.08489350251
0.08712558645
0.08836193855
0.09618257041
0.0963060708
0.1008212412
0.110398428
0.1149508141
0.1369509835
0.1393807407
0.122133356
0.1016894118
0.0987341635
0.09134532603
0.09099064578
0.09551588714
0.09312221229
0.08303044562
0.08125762567
0.07816130036
0.08679310302
0.07762679661
0.08232792102
0.1015215538
0.1059018792
0.1003116441
0.08667792161
0.0864524336
0.08664596299
0.07819957412
0.0897558035
0.09022064924
0.1072559537
0.109240293
0.1068107228
0.1212942776
0.1175143351
0.1219399588
0.09578627704
0.09698278939
0.09190790246
0.08560365139
0.08587944838
0.0887475422
0.09110441178
0.08756630934
0.1079693918
0.1090100435
0.09153557465
0.0897168245
0.09450736886
0.09037761586
0.08068483541
0.08471195339
0.08963535076
0.1067833027
0.1125351086
0.09229307927
0.08659193857
0.09469494164
0.0847499436
0.0909403408
0.08744710143
0.0852137141
0.1000350315
0.1159766156
0.1010503249
0.09776240569
0.09354893393
0.09334627666
0.0910794615
0.09727289713
0.08402200429
0.08220083982
0.08355557718
0.07813147519
0.06465147252
0.07331929337
0.08352336737
0.09476133467
0.09400821037
0.09792821674
0.1044658837
0.1034609621
0.09972228965
0.1042949293
0.09660188446
0.0992733008
0.09311788372
0.09488675094
0.1039513376
0.1052219736
0.0961447318
0.07414391517
0.08569669719
0.08529483711
0.1003015624
0.1149401331
0.1064559027
0.09215362658
0.09358049907
0.08651869293
0.09652708358
0.1045106312
0.09839493595
0.0992065325
0.0864559015
0.08187562469
0.09233200996
0.08624589848
0.07632790124
0.07097322475
0.07661738796
0.09970216595
0.1082077017
0.1073894784
0.1118712682
0.1199026977
0.1063275705
0.0986943954
0.09496869301
0.0955770974
0.08174744617
0.07449090919
0.07465209558
0.07941929352
0.08626198186
0.08184032751
0.08513774057
0.09853491951
0.1100728391
0.1087150935
0.1055849653
0.1044582485
0.1058580493
0.100920409
0.1056492993
0.08932183555
0.08539326462
0.09732458684
0.1067046933
0.1106070935
0.1090656508
0.09384118473
0.09791820739
0.086206005
0.07556233134
0.09326569393
0.09082094466
0.07735476111
0.06997128227
0.08055415337
0.08662370965
0.0973156146
0.09328080943
0.100213893
0.1076260727
0.1026813032
0.09963521699
0.09266620259
0.08533384682
0.1102238487
0.1163963287
0.104818122
0.09012294231
0.08260887571
0.09794706492
0.09675682588
0.1078974667
0.09913276408
0.0866180117
0.07452124855
0.08193763416
0.09421019388
0.09336884695
0.09950222179
0.0910918329
0.09276429244
0.07686329138
0.08764883277
0.0979305022
0.1049723682
0.1072402093
0.08314025168
0.08852975261
0.08767192628
0.08314862463
0.08717193522
0.08919783501
0.09991913664
0.09187162943
0.08869046321
0.08515311917
0.08582492886
0.07943999799
0.07027173549
0.06752246239
0.0809545801
0.09949539207
0.09978819944
0.09529649216
0.09227989779
0.09806379911
0.08727484898
0.09557696716
0.0932228053
0.09814113349
0.09101586059
0.08710918233
0.08719708208
0.07236480838
0.08598762228
0.08168343241
0.0823906662
0.07368305297
0.06399719456
0.07259301085
0.08059391723
0.07229698039
0.07600478192
0.08400130341
0.08368506836
0.08549374342
0.08849591824
0.08481776737
0.08934382726
0.105728497
0.1019242757
0.09067279386
0.1023074444
0.1092450089
0.09728389618
0.09420491637
0.08667228487
0.08818116867
0.07821822524
0.07197735213
0.07444917447
0.06922135552
0.08972133679
0.08412368794
0.09553332789
0.1117532818
0.1123856408
0.1196095694
0.1155425883
0.06351906834
0.07458578447
0.07073213254
0.08080850943
0.09126263079
0.0836162257
0.08700240051
0.08991983514
0.09252278617
0.09939627353
0.07851369338
0.08319971964
0.08324408126
0.09425112111
0.0923945817
0.09298806559
0.09208447795
0.07461401221
0.06727096204
0.07545894103
0.09267264474
0.1029514554
0.0958902646
0.09137012538
0.1019409873
0.08995240328
0.07429155328
0.08004692785
0.08288316357
0.08775994072
0.09456094115
0.09920751372
0.09672773928
0.08173216678
0.0839103729
0.0917394381
0.09974411301
0.1086164194
0.1052392926
0.1003153176
0.07124899782
0.08111949273
0.09216231243
0.09839347512
0.08806117983
0.07735776206
0.07172824867
0.08488648391
0.08432054106
0.08198884748
0.06757164536
0.0657645178
0.07075630028
0.07876461136
0.0970508632
0.09368476654
0.0896107099
0.07802351029
0.07931726619
0.07672023677
0.09997739283
0.09733458356
0.09954468438
0.09514833812
0.09179461217
0.08443663955
0.09097487155
0.0993423549
0.08360218394
0.08638907277
0.08094912352
0.08911338182
0.09519497334
0.09193144868
0.09558116715
0.08911800532
0.1028068487
0.1027199177
0.09748650733
0.09655487987
0.0879529502
0.0975306892
0.111198486
0.1052687427
0.09810836105
0.09948454715
0.1056353873
0.1038028505
0.1033051945
0.1051326019
0.1008483931
0.09383354813
0.1008909275
0.1131104623
0.1000479616
0.09839758375
0.09212559806
0.07421655934
0.07306769949
0.07262767658
0.09236187673
0.09365844956
0.07732425869
0.07926917792
0.09012356796
0.09909832193
0.104485593
0.1037762216
0.09370640168
0.1093250498
0.1356934009
0.1429055806
0.1292789404
0.1031173798
0.0957035057
0.09563183389
0.09284797765
0.1017917977
0.1017581544
0.09044120066
0.09624354225
0.1150420995
0.1189553559
0.1103942311
0.1011507408
0.09079320755
0.09858922906
0.09348790291
0.09848078705
0.08732432556
0.09373593638
0.1086151346
0.1132897431
0.1007531881
0.09955933752
0.1002019559
0.1077488895
0.1098404759
0.1129657175
0.1202128578
0.1016962772
0.09045355544
0.08866635959
0.08947140486
0.08572150785
0.09274459356
0.09706043552
0.1042428659
0.09950985385
0.09251201994
0.0897283057
0.08425458052
0.08987990072
0.08272889127
0.0837163053
0.08439698737
0.08255030363
0.08092484242
0.09287852411
0.08617939441
0.07973274057
0.096321825
0.09934235404
0.08313210616
0.08032548675
0.09771102254
0.08760337893
0.08804261166
0.1025613182
0.108587902
0.09836905594
0.08745030928
0.09074066648
0.09399875276
0.09497237743
0.09094743772
0.07716553962
0.0796459937
0.08253699792
0.07424190791
0.07986048272
0.07369602807
0.07777397991
0.08451658648
0.08397837982
0.09489792752
0.1045633906
0.0990798977
0.09174941338
0.08630750233
0.07769888049
0.08000571863
0.09031827257
0.1001621215
0.1073013437
0.1057715837
0.1166719782
0.09857731429
0.0863147003
0.07691188362
0.09711070336
0.09405401473
0.09425351828
0.09280542096
0.09035812287
0.09770689757
0.104687874
0.09033571052
0.07637432205
0.09135910096
0.1142169484
0.1215858932
0.1096386935
0.08985247031
0.07930443406
0.07603691249
0.0740993696
0.09183486305
0.0948769292
0.09412532547
0.07984125612
0.07916851749
0.09635894808
0.09604183733
0.108939584
0.1043575597
0.1027525343
0.1002843597
0.09095407221
0.09091371362
0.08618159644
0.07838084536
0.07634332469
0.08480215341
0.09514490475
0.07649574985
0.06932515209
0.0858948503
0.08993778448
0.08560988411
0.09321528819
0.08941227724
0.07591466164
0.07838625712
0.0946227392
0.09464364196
0.09900466397
0.09578206171
0.09003155427
0.0824002935
0.07860178734
0.09437447111
0.09637150157
0.08240581227
0.07994436933
0.07034359718
0.07194353821
0.06419118229
0.07428342647
0.08061095187
0.0727366537
0.07201386293
0.07701799578
0.09006218756
0.08315032571
0.09140923132
0.09890374546
0.08578766643
0.07819977018
0.08471133568
0.08517838205
0.07521705818
0.07566948188
0.07562231313
0.06688462203
0.0672286779
0.07375859122
0.09032012218
0.09120178665
0.07858842904
0.09635225647
0.08890317719
0.08944419893
0.09935019485
0.1119365784
0.09292416011
0.08004302367
0.08147583888
0.08581897365
0.08121741323
0.0814119714
0.07535498886
0.05832408027
0.06529484462
0.07790584524
0.08118733111
0.08852071492
0.09740543042
0.09011038595
0.0970846402
0.09384874583
0.08758413671
0.1131201928
0.1043269321
0.1045573988
0.09420657689
0.08539223507
0.08074217876
0.0775699543
0.08580980476
0.0992154076
0.1054065556
0.09933555133
0.08931877794
0.07718261079
0.07318789026
0.08666217904
0.09088924072
0.09310223644
0.09143300106
0.09788523039
0.09513127206
0.08923698551
0.09782697343
0.08880071613
0.09285505743
0.1046835976
0.1081215688
0.1050174512
0.08317461241
0.08633706331
0.09086042423
0.09230456562
0.09006701808
0.09791540757
0.1057842873
0.09140367198
0.09808128004
0.08823430684
0.08394264232
0.09830736992
0.08852744192
0.08861775074
0.08824787196
0.09417689773
0.08929343291
0.1006439168
0.09479573299
0.09919412778
0.1070841503
0.09526742109
0.08492648624
0.07246482568
0.06850864525
0.08076836482
0.08333876323
0.09234098747
0.09655190826
0.09357727011
0.1047090965
0.08210972742
0.08335001176
0.08279951226
0.07599963276
0.08892282844
0.1022157004
0.0928885836
0.09574021324
0.09007076768
0.07983779787
0.07967875887
0.09333644504
0.08903149444
0.09196969052
0.08959148608
0.08472548047
0.09127107872
0.09389155448
0.108427169
0.09581791934
0.1271819796
0.1152334263
0.1078391549
0.10608854
0.09528584265
0.09870349412
0.09604946228
0.08824737329
0.0907430116
0.08253946183
0.07816488561
0.09220482573
0.1120898928
0.1105354452
0.09830142046
0.09244575035
0.0879388197
0.08525909449
0.106463956
0.1220650068
0.08553533502
0.101354115
0.09458834012
0.09607525005
0.09173569263
0.08947869449
0.1006123005
0.09765571549
0.1012526916
0.1139839202
0.1182240664
0.1129629407
0.09234768402
0.09407412973
0.09944551496
0.08932339427
0.1069993474
0.1102532832
0.0928411829
0.09245733687
0.09293536191
0.07865355632
0.08742338723
0.1002292927
0.09594466235
0.09549069928
0.1037948368
0.1076147421
0.1145530988
0.106342005
0.1030438477
0.1145584219
0.1282404805
0.1214574836
0.1088587036
0.1008385838
0.09396482572
0.09922208974
0.0917140018
0.1038815498
0.09621330472
0.08666254903
0.0809265835
0.08076228952
0.08902694023
0.08683883233
0.08035106155
0.08017346621
0.08127505835
0.0836244953
0.08931283663
0.07806621951
0.08178051825
0.09118483347
0.1057361648
0.1010853502
0.1045689243
0.09100641182
0.08707540832
0.09459497413
0.1085307097
0.1042401478
0.1022435206
0.09817164604
0.09412916974
0.09667095849
0.1006450133
0.09273539892
0.08850919042
0.0873049236
0.0823439522
0.08904310917
0.08356659636
0.07989642277
0.082091097
0.09733420184
0.09787944317
0.096966206
0.09191302595
0.08828649166
0.07038635374
0.08098684087
0.08956529689
0.1027472137
0.1091827763
0.09867550327
0.1075741624
0.1026927415
0.09955904669
0.08909057206
0.08484375132
0.0788630134
0.08221749092
0.08509819487
0.09686666968
0.09694682895
0.09183627615
0.08636111214
0.09803471092
0.08932067394
0.1061089172
0.08418112997
0.0777842376
0.08437143982
0.09626525843
0.08925531695
0.08362452808
0.09576401111
0.09428232082
0.1067361282
0.1045122864
0.09274060734
0.07455766452
0.07473651002
0.07933110089
0.08790476812
0.09691661939
0.1088215499
0.1004177354
0.09985421998
0.1148459281
0.1145039004
0.112194204
0.1028625206
0.089288862
0.08644141113
0.0879660413
0.09185738126
0.09478835668
0.09664425819
0.09088282788
0.08718867062
0.110823041
0.1095274911
0.09433804236
0.1012959314
0.1148400038
0.1082496555
0.09178866854
0.1112340977
0.08135738401
0.078715114
0.08116327086
0.09477658944
0.097043465
0.09781842338
0.09272090046
0.09005186898
0.09844570585
0.1066754974
0.1011190336
0.09537458031
0.09390074833
0.09888198068
0.08829222165
0.09721891394
0.09047903852
0.09127398094
0.1030235564
0.0869581732
0.09145222556
0.1085930817
0.1011901891
0.09521029356
0.08252346622
0.09867895924
0.08847669197
0.08908516255
0.09162833135
0.08538930028
0.08365368148
0.08207762341
0.0834245577
0.09590311664
0.09512767341
0.09201156461
0.08743114962
0.08718451773
0.07617549103
0.08006046437
0.09923984811
0.09357712995
0.09790117961
0.089668747
0.09440519696
0.08661152959
0.08627532737
0.08967524994
0.07819817109
0.0797173724
0.07418980359
0.07903339668
0.07589538724
0.07537316146
0.08421169827
0.09092919472
0.09087223407
0.09298753244
0.1085714414
0.1042321539
0.09686053554
0.1085353505
0.08738022271
0.07453399487
0.05828109211
0.07391437659
0.08003844658
0.08553419815
0.08056347867
0.07868205478
0.07327823441
0.09022632715
0.1040611818
0.106478445
0.09719398082
0.09052513846
0.08312568182
0.07186931722
0.07424350552
0.08621730477
0.09127076447
0.09310638813
0.07902676335
0.09234290049
0.08547667755
0.09409020581
0.09326593866
0.09140456506
0.08996806048
0.08046985131
0.08459334635
0.0863792921
0.08624190183
0.09769879891
0.1159572239
0.1062100977
0.0904388345
0.09049763771
0.09080752895
0.08483248833
0.09215963968
0.08970535522
0.08474329386
0.08095089277
0.08450395736
0.08096051173
0.07385950084
0.08943914845
0.09626652901
0.1027188021
0.08957383299
0.09453854867
0.08503194012
0.09334802453
0.09238449774
0.09057888295
0.09345901055
0.09827562346
0.09512269995
0.1012991503
0.0833612991
0.1013358615
0.1028818912
0.08934762361
0.08350653224
0.08506829869
0.08766763911
0.08806759204
0.08838241011
0.07987787581
0.07425590291
0.08587432098
0.09256409557
0.08195016955
0.06719778033
0.07329311628
0.06519555417
0.06361379172
0.06657286163
0.07415660973
0.07760734792
0.08065213085
0.08276963262
0.09876561022
0.09841098079
0.1011466787
0.09066513708
0.09463086983
0.08984214834
0.095581714
0.09799139461
0.08870674381
0.07929921692
0.07691935998
0.08286495762
0.07501883797
0.06646454993
0.08007806958
0.0681450512
0.07648545741
0.09618695854
0.0971657755
0.0969110892
0.09521462553
0.08977055257
0.09450628275
0.08820563323
0.07672113283
0.07040379667
0.07700324664
0.08193761418
0.08763152244
0.09440427123
0.08509068513
0.08668009514
0.08537800256
0.08772558958
0.08583679137
0.09221933877
0.09329891043
0.09650375147
0.09415593155
0.09057509542
0.07157808523
0.07572353546
0.08643730185
0.0862362107
0.09207620991
0.09429694743
0.08810653672
0.0847427999
0.08862761421
0.0998598465
0.09682543869
0.1070873906
0.1116070995
0.1055483777
0.09641668415
0.09093448641
0.09297265211
0.07055034672
0.09184850039
0.09069216104
0.09433810998
0.1023395532
0.09990930025
0.09856406347
0.1034232865
0.1012763985
0.09612902907
0.09616867941
0.09917392016
0.08446688801
0.09187863632
0.08878408569
0.08601777207
0.09694594298
0.09159964018
0.087489574
0.07495295929
0.10910172
0.09081302019
0.09098759935
0.09832513834
0.1057963139
0.1069835826
0.1070416558
0.1095562181
0.1041936313
0.09615447678
0.08505921598
0.09303956124
0.09499238841
0.104111928
0.1192639039
0.1224141165
0.1042747382
0.1036743165
0.1047351237
0.1152205265
0.111132534
0.1163042616
0.1086421294
0.0955019744
0.08399163781
0.08084347793
0.07221105255
0.08407367062
0.08907136631
0.08822982472
0.09392586114
0.08442258651
0.09254392403
0.09787957211
0.1059561874
0.1080835055
0.09938640189
0.09656763729
0.1066974989
0.1053503384
0.09107850958
0.1074825829
0.1103207579
0.1155055886
0.09925917028
0.09318536406
0.08995077017
0.09554362366
0.0813733488
0.09205851673
0.1028626915
0.1076614533
0.09772442597
0.09419876906
0.072503479
0.07331584474
0.08396438663
0.0795965925
0.09558560515
0.1000594874
0.1063947778
0.1177613997
0.1117378281
0.1034948814
0.09075052613
0.08636517256
0.09756907985
0.09677362141
0.08803683311
0.07392110885
0.07915174039
0.07801272797
0.09670574527
0.1018837782
0.101962428
0.0996461278
0.09557821565
0.1050751027
0.09439026909
0.09994115657
0.1006956204
0.0990294873
0.09507725375
0.1020787257
0.08768671316
0.0790166875
0.07806614585
0.07200999176
0.07515275331
0.06845302817
0.08150816857
0.08422649004
0.07403898453
0.09578029998
0.1125146725
0.086039324
0.07833082692
0.07733401643
0.07537554161
0.08579270927
0.08941790008
0.07981854826
0.07927065769
0.0809651061
0.0905961357
0.08275109764
0.09336042917
0.09191714535
0.08929416669
0.09456099543
0.09794947311
0.1048486844
0.07846222258
0.07681719427
0.07120002521
0.08406011754
0.08988188499
0.1010918669
0.1022808574
0.09701294896
0.0695977805
0.06641834837
0.09428222191
0.1135621881
0.1008154306
0.07633885116
0.07362555178
0.0789601159
0.07773217812
0.07917300675
0.07953410726
0.09381554846
0.1032383936
0.08204637762
0.0859729573
0.07921283308
0.08135865607
0.07995082955
0.08561278381
0.08107461007
0.1028160599
0.1032174293
0.08832809553
0.0879808115
0.08431296393
0.09197377336
0.08877501935
0.09229749707
0.08349091579
0.07947252288
0.08205908294
0.08710357158
0.09199307068
0.09376179317
0.09488502656
0.09553167501
0.09143880882
0.09308712034
0.09314875038
0.09708925385
0.09224533301
0.08514693873
0.08720459225
0.09023953258
0.08979026891
0.07742928876
0.07760442574
0.08279982415
0.08921792076
0.08436455859
0.1004928987
0.09021598206
0.08044138647
0.08742234851
0.08849237379
0.09750192256
0.09841594589
0.1043586449
0.09670046708
0.09373463307
0.09105059518
0.09240830052
0.09561354682
0.1091315042
0.1153670998
0.1047012669
0.1012705482
0.09992092674
0.09674529924
0.1025672685
0.09601295589
0.09569969792
0.09868040743
0.09629452469
0.09270653546
0.0866307679
0.08967177877
0.09626612365
0.0964595194
0.08566559873
0.0785651677
0.0739055338
0.07371247164
0.0744030965
0.09563350432
0.1034593243
0.1179050611
0.1090367699
0.09029191584
0.09154865745
0.09356877292
0.0874394374
0.09222622767
0.0898342517
0.08153544447
0.09018448629
0.0961752229
0.08271468418
0.08039654487
0.07473274091
0.0924195034
0.1014071837
0.0989708417
0.1169079766
0.1043701119
0.09694187277
0.07545133359
0.06596598164
0.07717666789
0.08068329111
0.09442158218
0.08991223095
0.09642586151
0.1001673097
0.1068350717
0.1041832641
0.0983908424
0.08115503654
0.09010306265
0.08263495713
0.08512178676
0.07647759267
0.09020713985
0.09759648617
0.08919091234
0.08604125941
0.1040815207
0.0910031129
0.08448799314
0.08799195786
0.08181737491
0.07740681493
0.07425215405
0.0708092476
0.07679950148
0.06631923214
0.08506922264
0.08594436576
0.07188586302
0.08003082833
0.07492320803
0.07581877012
0.07732561134
0.08105969177
0.07631013577
0.07310627624
0.07917068287
0.08003311102
0.0935328251
0.07901967694
0.07952898928
0.08655295462
0.08926667158
0.09025423678
0.08564255281
0.08753046349
0.08533217558
0.07387925526
0.06772054613
0.07050080711
0.08289606905
0.09445956326
0.09197552545
0.08872119219
0.08277602982
0.08168167843
0.06798218373
0.06710866955
0.07310722133
0.07549030218
0.07404594881
0.07524939588
0.08600978153
0.08531702262
0.09613354572
0.0957247163
0.08423807312
0.08237036156
0.08950114027
0.08992050886
0.07278104979
0.07661152932
0.07443280259
0.08901007638
0.09454829048
0.09229229364
0.1030809195
0.100857189
0.0948593691
0.08746900367
0.08175885594
0.08257712304
0.0979268829
0.08890616976
0.0844766966
0.09353479659
0.09168183286
0.110272916
0.0976182993
0.07937945878
0.1142763201
0.08876772447
0.09709774003
0.09648698916
0.08723318936
0.06808584082
0.07488478342
0.0801436181
0.07515103914
0.08706024165
0.1010670831
0.1034058645
0.08685061634
0.08489507002
0.1026507412
0.1012391151
0.1065720195
0.1085753762
0.1019734591
0.1110174956
0.09295790987
0.1003700009
0.0961948917
0.09395790025
0.1116740924
0.1078436471
0.1080434162
0.09058077763
0.0900904945
0.08609698172
0.08537980784
0.08761152745
0.09033391265
0.09529372471
0.09425633687
0.08488738429
0.1055954908
0.09966887162
0.09848701199
0.09719611545
0.08528415353
0.09956342453
0.09510194993
0.09689231745
0.09217507535
0.09563133259
0.09013803112
0.07853422434
0.09625760966
0.08816373965
0.1034759079
0.08517367477
0.07660662074
0.07353739849
0.08113099559
0.08397510379
0.08875445919
0.09781547755
0.08813883722
0.08452112397
0.08545942445
0.08000990056
0.07932077223
0.07845620246
0.07836967291
0.09241274563
0.09699259968
0.08428063035
0.0791219153
0.08066152174
0.09314748093
0.1014816587
0.09487018722
0.09703317295
0.08688958477
0.08995373076
0.09544536948
0.09946505683
0.09816564032
0.09476883725
0.09809456668
0.09690642959
0.08121529772
0.08661669394
0.09166514386
0.08258009973
0.07451081592
0.07311352382
0.09060633365
0.1002927688
0.09717452846
0.08087313721
0.08160342183
0.08532264338
0.08363098629
0.08580346293
0.09987305501
0.09833095646
0.08906383397
0.1089056584
0.09429345222
0.09232043089
0.09469718692
0.0692121771
0.06418968037
0.07943450861
0.08375806316
0.0917772772
0.09662006842
0.0862935956
0.07900980428
0.08307823219
0.09033702116
0.09119152914
0.1123284778
0.104202781
0.1005660303
0.08196684923
0.09313415669
0.0936268371
0.09774789892
0.08940719299
0.09298561777
0.09134614237
0.09278414575
0.0925453325
0.08865985085
0.09780644918
0.08825653715
0.09631924718
0.09741208848
0.08720620653
0.09038738633
0.09850765582
0.09190092199
0.09083915381
0.08844409686
0.1030893998
0.08067534434
0.08192599493
0.09392215438
0.08393930749
0.08011873277
0.07962891138
0.06940124264
0.06494457453
0.08097006801
0.08021022015
0.08350777923
0.07251390491
0.07301679107
0.07301366449
0.07751354198
0.07199656648
0.09371994905
0.09781019703
0.1165399697
0.09616319852
0.1011257607
0.1056421143
0.09151403121
0.08867819745
0.07978961277
0.09060523924
0.09568893458
0.08280645145
0.08866316959
0.08686282462
0.1106869048
0.1151196394
0.1025145858
0.07997505415
0.08186455964
0.09310978602
0.08916363841
0.08512185946
0.09020889706
0.09477728927
0.1115250537
0.09744392257
0.09952876846
0.1077488745
0.09184690118
0.08112171415
0.08946355643
0.0945245825
0.09850494417
0.09688052964
0.08779249228
0.0860011585
0.08473085882
0.09802049674
0.09638742213
0.0942207212
0.09173288059
0.08823030423
0.07676036489
0.06845104601
0.07979960002
0.09022394936
0.07282267766
0.09206351532
0.1066144118
0.09128730126
0.08764143432
0.08041637632
0.08441951772
0.08662143812
0.09132234796
0.08915099224
0.09934068834
0.08628526339
0.07705101284
0.0734329589
0.07054475299
0.08020082633
0.08053387904
0.09327316796
0.09542864684
0.08601251974
)
;

boundaryField
{
    xPeriodic_half0
    {
        type            cyclic;
    }
    xPeriodic_half1
    {
        type            cyclic;
    }
    yPeriodic_half0
    {
        type            cyclic;
    }
    yPeriodic_half1
    {
        type            cyclic;
    }
    zPeriodic_half0
    {
        type            cyclic;
    }
    zPeriodic_half1
    {
        type            cyclic;
    }
}


// ************************************************************************* //
