/*--------------------------------*- C++ -*----------------------------------*\
| =========                 |                                                 |
| \\      /  F ield         | OpenFOAM: The Open Source CFD Toolbox           |
|  \\    /   O peration     | Version:  2.4.0-MNF                             |
|   \\  /    A nd           | Web:      www.OpenFOAM.org                      |
|    \\/     M anipulation  |                                                 |
\*---------------------------------------------------------------------------*/
FoamFile
{
    version     2.0;
    format      ascii;
    class       volScalarField;
    location    "0.0008";
    object      rhoM_mixture;
}
// * * * * * * * * * * * * * * * * * * * * * * * * * * * * * * * * * * * * * //

dimensions      [0 -3 0 0 0 0 0];

internalField   nonuniform List<scalar> 
5120
(
4.7153632e-06
4.5745584e-06
4.3790128e-06
4.3535408e-06
4.3524816e-06
4.47944e-06
4.6378368e-06
4.6718208e-06
4.7334848e-06
4.6787952e-06
4.7335104e-06
4.6234736e-06
5.0023072e-06
4.9061552e-06
4.934288e-06
5.0054592e-06
4.9725088e-06
5.135608e-06
4.8779712e-06
4.9231536e-06
4.4752032e-06
4.7425008e-06
4.6930816e-06
4.7053008e-06
4.7265488e-06
4.8259168e-06
4.9290048e-06
4.9858384e-06
4.9704416e-06
5.0953072e-06
5.0921552e-06
5.136808e-06
4.8280608e-06
4.6309136e-06
4.71544e-06
4.7356416e-06
4.5491376e-06
4.4306272e-06
4.436944e-06
4.4172592e-06
4.565568e-06
4.5273472e-06
4.6963488e-06
4.8121856e-06
4.7579616e-06
4.9497232e-06
4.9348688e-06
5.05604e-06
4.7893104e-06
4.6208384e-06
4.7775568e-06
4.4284448e-06
4.3684464e-06
4.5788592e-06
4.6144064e-06
4.4358848e-06
4.3854064e-06
4.3381056e-06
4.446024e-06
4.6171312e-06
4.6075216e-06
4.6633344e-06
4.5501456e-06
4.7563216e-06
4.9114768e-06
4.7452256e-06
4.796272e-06
4.939712e-06
5.0597728e-06
5.1437056e-06
5.0831008e-06
4.8317424e-06
4.7105712e-06
4.7854624e-06
4.9374528e-06
4.862032e-06
4.9720432e-06
4.9481472e-06
4.7573552e-06
4.7169904e-06
4.5282784e-06
4.5447856e-06
4.5453664e-06
4.425784e-06
4.4528448e-06
4.729184e-06
4.7509616e-06
4.7690448e-06
4.8248192e-06
4.9858256e-06
5.0692416e-06
5.0730128e-06
4.9189296e-06
4.699488e-06
4.3764288e-06
4.3492912e-06
4.5581408e-06
4.4486592e-06
4.5107888e-06
4.5989584e-06
4.8561168e-06
4.5659696e-06
4.409768e-06
4.4831088e-06
4.5442176e-06
4.4703344e-06
4.4592e-06
4.5463744e-06
4.4969936e-06
4.4220768e-06
4.5687328e-06
4.5612928e-06
4.732904e-06
4.6096144e-06
4.8375808e-06
4.8604304e-06
4.7551728e-06
4.8136592e-06
4.6962336e-06
4.6733584e-06
4.7780864e-06
4.5836128e-06
4.6755024e-06
4.791856e-06
4.7924112e-06
5.0889392e-06
5.064488e-06
5.0852704e-06
5.10812e-06
5.0841856e-06
4.9704672e-06
4.780256e-06
4.9120064e-06
5.068712e-06
5.1515856e-06
5.0559632e-06
4.951312e-06
4.98e-06
4.8407968e-06
4.603272e-06
4.8982496e-06
4.8216928e-06
4.658568e-06
4.8047072e-06
4.7919584e-06
4.94444e-06
5.0475408e-06
5.2015984e-06
5.0544384e-06
4.7350864e-06
4.842992e-06
4.7855776e-06
4.833344e-06
4.9131168e-06
4.866384e-06
4.8855008e-06
4.7382896e-06
4.901944e-06
4.8514656e-06
4.9200272e-06
5.3934496e-06
5.31644e-06
5.2595936e-06
5.0029008e-06
4.8865344e-06
4.8891824e-06
4.752576e-06
4.952384e-06
4.9220688e-06
4.7786032e-06
4.9597472e-06
4.9693184e-06
4.9209456e-06
5.098408e-06
5.0495312e-06
4.9640224e-06
5.010264e-06
5.1282704e-06
5.154336e-06
5.2441072e-06
4.7371792e-06
4.7286288e-06
4.7568e-06
4.7143168e-06
4.9029776e-06
4.872688e-06
4.7542032e-06
4.8307216e-06
5.0251824e-06
5.1351936e-06
4.9120448e-06
4.7563088e-06
4.5193136e-06
4.5661104e-06
4.6500688e-06
4.7823488e-06
5.0342496e-06
4.9656752e-06
5.0384736e-06
5.1676272e-06
5.0198736e-06
4.9507824e-06
4.7897888e-06
4.7057664e-06
4.6993728e-06
4.9183232e-06
4.9789024e-06
4.7520464e-06
4.7478096e-06
4.5522768e-06
4.6038528e-06
4.9353728e-06
4.6802816e-06
4.7897632e-06
4.575656e-06
4.8291584e-06
4.9481856e-06
4.9705056e-06
4.8886912e-06
4.8152864e-06
4.875904e-06
4.875904e-06
4.7207616e-06
4.8243408e-06
4.786624e-06
5.008184e-06
5.0198992e-06
4.9130784e-06
4.9072144e-06
4.8237728e-06
4.7738112e-06
4.8179344e-06
4.6511024e-06
4.7132704e-06
4.960328e-06
4.8578592e-06
4.8052752e-06
4.7106736e-06
4.8270784e-06
4.9790304e-06
4.69356e-06
4.8615024e-06
5.0681952e-06
5.0666448e-06
5.2749648e-06
4.9879952e-06
4.9003296e-06
4.7860432e-06
4.6765744e-06
4.8752976e-06
4.7472288e-06
4.5979248e-06
4.5081152e-06
4.596336e-06
4.6766e-06
4.8365216e-06
4.6595632e-06
4.642552e-06
4.6828912e-06
4.4815456e-06
4.5671952e-06
4.6856288e-06
4.5331344e-06
4.6069536e-06
4.573448e-06
4.7190192e-06
4.6749472e-06
4.5326048e-06
4.4683184e-06
4.5921248e-06
4.726536e-06
4.8705568e-06
4.7850096e-06
4.936936e-06
4.868968e-06
4.8557024e-06
5.1033152e-06
4.9843008e-06
4.817456e-06
4.702704e-06
4.432216e-06
4.7106224e-06
4.8041136e-06
4.8901904e-06
4.5416208e-06
4.3880544e-06
4.4736272e-06
4.4672336e-06
4.5841296e-06
4.816384e-06
4.8163968e-06
4.9561168e-06
4.9895712e-06
4.9411984e-06
4.9619168e-06
4.7382128e-06
4.7754e-06
4.8795472e-06
4.5257072e-06
4.6043824e-06
4.7280864e-06
4.374776e-06
4.3402368e-06
4.19836e-06
4.4151408e-06
4.5575472e-06
4.6882768e-06
4.8014784e-06
4.6170672e-06
4.6903952e-06
4.6681136e-06
4.9109472e-06
5.0135312e-06
5.0390416e-06
5.0873504e-06
5.044312e-06
4.9821568e-06
4.8248576e-06
4.8503168e-06
4.7913008e-06
4.8891184e-06
5.0374016e-06
4.9258144e-06
4.7695872e-06
4.7616048e-06
4.8344288e-06
4.9178576e-06
4.859384e-06
4.8439616e-06
4.7934704e-06
4.7366496e-06
4.9826864e-06
5.1532384e-06
5.0698224e-06
5.2590128e-06
5.237752e-06
5.3291248e-06
5.004968e-06
5.1952176e-06
4.945448e-06
4.562352e-06
4.43108e-06
4.7711248e-06
4.98952e-06
5.0006928e-06
5.1755328e-06
5.1117632e-06
5.0841344e-06
5.2132752e-06
5.0368336e-06
4.8147056e-06
4.6212784e-06
4.679248e-06
4.8025376e-06
4.82376e-06
4.8795728e-06
4.9630272e-06
5.0326864e-06
4.8211504e-06
4.7084912e-06
4.6054672e-06
4.7568768e-06
4.6575088e-06
4.422632e-06
4.5166656e-06
4.3886224e-06
4.5065904e-06
4.4613952e-06
4.5969168e-06
4.6272192e-06
4.8291456e-06
4.7956656e-06
4.9157392e-06
4.69148e-06
4.4954432e-06
4.6208384e-06
4.716448e-06
4.7435344e-06
4.6330192e-06
4.5087088e-06
4.6894128e-06
4.7361584e-06
4.8344672e-06
4.8589184e-06
4.8541648e-06
4.8126768e-06
4.804152e-06
4.842928e-06
4.7493856e-06
4.8137104e-06
4.6193008e-06
4.782968e-06
5.0396096e-06
5.0709456e-06
5.006104e-06
4.7898144e-06
4.5135136e-06
4.4189376e-06
4.645832e-06
4.6665376e-06
4.828616e-06
4.9194976e-06
5.0645904e-06
5.2532e-06
5.1225088e-06
5.1803888e-06
5.0103408e-06
4.9386016e-06
4.8248832e-06
4.4811056e-06
4.5262624e-06
4.4810544e-06
4.413552e-06
4.3604256e-06
4.465128e-06
4.7425264e-06
4.8732048e-06
4.6968016e-06
4.65964e-06
4.68196e-06
5.0708944e-06
5.2372096e-06
5.0432528e-06
5.1485104e-06
5.0220304e-06
4.4874992e-06
4.2478432e-06
4.2387632e-06
4.4905872e-06
4.6701936e-06
4.5968784e-06
4.9290048e-06
5.1612336e-06
5.4906992e-06
5.3248624e-06
4.9789408e-06
5.0676912e-06
4.820104e-06
4.7966992e-06
4.976848e-06
4.698984e-06
4.6681904e-06
4.8998384e-06
4.8998128e-06
4.902448e-06
4.940656e-06
5.0389904e-06
4.8365472e-06
4.6920352e-06
4.7074448e-06
4.8487664e-06
4.8668496e-06
4.5608144e-06
4.3711328e-06
4.491232e-06
4.650624e-06
4.716008e-06
4.785048e-06
4.9099008e-06
4.9178448e-06
5.2026704e-06
5.5719328e-06
5.5602688e-06
5.6537728e-06
5.3827552e-06
5.2036912e-06
5.3290736e-06
5.3073472e-06
5.2956704e-06
5.4832208e-06
5.648528e-06
5.3817856e-06
5.2000864e-06
5.2431248e-06
5.101184e-06
5.0602896e-06
5.2058864e-06
5.2913824e-06
5.3249136e-06
5.2808416e-06
4.885424e-06
4.7589824e-06
4.809448e-06
5.0135184e-06
5.1372992e-06
5.4497408e-06
5.4454912e-06
5.3631088e-06
5.2403488e-06
5.1500096e-06
5.2265408e-06
5.1017136e-06
5.2499584e-06
5.3403104e-06
5.2691008e-06
5.1522304e-06
4.9673152e-06
4.7807984e-06
5.1165936e-06
5.1096704e-06
4.8949824e-06
5.1718512e-06
5.0969216e-06
5.188888e-06
4.7478352e-06
4.8414032e-06
4.8844416e-06
4.8695488e-06
4.6325408e-06
4.4481424e-06
4.41992e-06
4.5304736e-06
4.6223888e-06
4.6196896e-06
4.60428e-06
4.5803968e-06
4.5671312e-06
4.6005728e-06
4.6192496e-06
4.5873328e-06
4.513488e-06
4.6389088e-06
4.7249856e-06
4.761152e-06
4.9295856e-06
4.8254e-06
4.9529392e-06
4.9476304e-06
5.0076672e-06
5.0523072e-06
4.8408352e-06
4.6856544e-06
4.6086448e-06
4.783976e-06
4.6761216e-06
4.811088e-06
4.7738624e-06
4.8206208e-06
4.5724656e-06
4.6500432e-06
4.956104e-06
4.8684128e-06
4.762664e-06
4.7924112e-06
4.632464e-06
4.5107888e-06
4.5453536e-06
4.8349456e-06
4.9300896e-06
4.9794576e-06
4.9013248e-06
4.9438848e-06
4.9470624e-06
4.7658672e-06
4.5065776e-06
4.4242336e-06
4.6336512e-06
4.6197792e-06
4.6186944e-06
4.6983776e-06
4.9625232e-06
4.8599648e-06
4.7276848e-06
4.895576e-06
5.0018288e-06
5.1734528e-06
5.0140096e-06
4.8270144e-06
4.7276592e-06
5.00932e-06
4.9035584e-06
4.8424368e-06
4.816384e-06
4.6256176e-06
4.786624e-06
4.7175072e-06
4.6171056e-06
4.7435856e-06
4.8631424e-06
4.964112e-06
5.0319904e-06
5.030944e-06
4.8959776e-06
5.0495696e-06
4.8439744e-06
4.5756304e-06
4.5326432e-06
4.699992e-06
4.8158544e-06
4.9141248e-06
4.7594992e-06
4.9146288e-06
5.104336e-06
5.0640224e-06
4.94072e-06
4.6415056e-06
4.7891952e-06
4.7700784e-06
4.9879056e-06
5.057488e-06
4.4109808e-06
4.249432e-06
4.0815152e-06
4.213808e-06
4.4991376e-06
4.5926288e-06
4.4549504e-06
4.5575088e-06
4.4517856e-06
4.4480912e-06
4.482088e-06
4.6069536e-06
4.5086704e-06
4.406112e-06
4.5825408e-06
4.7988048e-06
4.9173536e-06
4.6505984e-06
4.561344e-06
4.6336128e-06
4.8163584e-06
4.8126256e-06
4.9582864e-06
4.897152e-06
4.5698304e-06
4.6888448e-06
4.826976e-06
5.0087136e-06
4.9263056e-06
5.0314864e-06
4.8896096e-06
4.7742768e-06
4.7217056e-06
4.624456e-06
4.495896e-06
4.383792e-06
4.4667168e-06
4.4220896e-06
4.4358592e-06
4.562352e-06
4.9778816e-06
4.9136208e-06
5.0661024e-06
5.1139072e-06
5.1590768e-06
5.0331648e-06
4.9231536e-06
4.6962592e-06
4.5947472e-06
4.815248e-06
4.8625616e-06
4.9799872e-06
4.9247296e-06
4.8891056e-06
4.7955632e-06
4.7583888e-06
4.7621216e-06
4.7801792e-06
4.6866752e-06
4.8631168e-06
5.106984e-06
5.0368208e-06
4.8476816e-06
4.6394e-06
4.7058048e-06
5.0326224e-06
5.0565184e-06
5.0809312e-06
4.8317552e-06
4.5926544e-06
4.6304352e-06
4.9640992e-06
4.8625616e-06
4.8933552e-06
4.9741104e-06
4.8359664e-06
4.8306832e-06
4.9518288e-06
5.1192288e-06
5.0501632e-06
4.8960288e-06
4.9794704e-06
5.2552288e-06
5.127728e-06
5.1250544e-06
5.2616096e-06
4.9290048e-06
4.8014656e-06
4.6457296e-06
4.7430432e-06
4.6442048e-06
4.5321264e-06
4.473136e-06
4.7250368e-06
4.589528e-06
4.6692112e-06
4.62988e-06
4.6048992e-06
4.681896e-06
4.8614896e-06
4.9890416e-06
4.866824e-06
4.7743408e-06
4.808312e-06
4.6861456e-06
4.6319728e-06
4.7201552e-06
4.7313408e-06
4.7223376e-06
4.5219744e-06
4.5937136e-06
4.6622624e-06
4.83284e-06
4.9752336e-06
4.9433296e-06
4.7695744e-06
4.8375936e-06
4.8620448e-06
4.8073424e-06
4.901376e-06
4.8530544e-06
4.7712144e-06
4.8221584e-06
4.8094352e-06
4.9518672e-06
4.8780096e-06
4.9173408e-06
4.7738624e-06
4.5086832e-06
4.5963872e-06
4.4847744e-06
4.4454432e-06
4.3487104e-06
4.3306528e-06
4.5501328e-06
4.588392e-06
4.7180624e-06
4.8073424e-06
4.946584e-06
4.8939744e-06
5.0485744e-06
4.9358896e-06
4.9135568e-06
4.7647568e-06
4.5596784e-06
4.4544592e-06
4.6521616e-06
4.698416e-06
4.7882384e-06
4.6426288e-06
4.9572016e-06
4.844e-06
4.8429536e-06
4.8753488e-06
4.916256e-06
4.9949056e-06
5.0017904e-06
4.8785392e-06
4.98164e-06
5.1979168e-06
4.8302176e-06
4.9763568e-06
4.7558176e-06
4.6904592e-06
4.7706848e-06
4.8965968e-06
5.005536e-06
4.865752e-06
4.9337712e-06
4.8875552e-06
4.7360944e-06
4.8535712e-06
4.8307216e-06
4.7817936e-06
4.956608e-06
4.8986896e-06
5.0161024e-06
5.0793552e-06
4.84608e-06
4.807368e-06
5.5150736e-06
5.3111056e-06
5.0071888e-06
4.8956144e-06
4.895072e-06
4.8243664e-06
4.8716544e-06
4.8604944e-06
4.8477712e-06
4.9046304e-06
4.6341808e-06
4.952952e-06
4.727104e-06
4.7542288e-06
4.9396352e-06
5.0884096e-06
4.8189808e-06
4.7977584e-06
4.974704e-06
5.1558736e-06
4.7542416e-06
4.8833312e-06
4.9406688e-06
4.9194208e-06
4.9199632e-06
4.9258016e-06
4.714872e-06
4.8206208e-06
4.5878752e-06
4.7392464e-06
4.6994112e-06
4.5400064e-06
4.780192e-06
4.8583632e-06
4.9497232e-06
4.9359024e-06
5.042672e-06
5.0384224e-06
5.064488e-06
4.9237088e-06
5.0347792e-06
4.6798288e-06
4.8668624e-06
5.0087264e-06
5.0899984e-06
4.943368e-06
4.5995648e-06
4.582592e-06
4.625088e-06
4.5517728e-06
4.5969424e-06
4.5384688e-06
4.5740672e-06
4.3514096e-06
4.4422656e-06
4.7886656e-06
4.8269504e-06
4.7839376e-06
4.824328e-06
4.8291584e-06
4.6776976e-06
4.3997824e-06
4.4577136e-06
4.620296e-06
4.6920352e-06
4.7255152e-06
4.397664e-06
4.4512944e-06
4.5884048e-06
4.7893104e-06
4.780256e-06
4.7930176e-06
4.8775056e-06
4.982208e-06
5.0448672e-06
4.914176e-06
4.9078592e-06
4.8599648e-06
4.9290432e-06
4.939648e-06
4.4954048e-06
4.6665504e-06
4.4810928e-06
4.4662e-06
4.4582304e-06
4.7244816e-06
4.9269632e-06
4.9684128e-06
4.8159056e-06
4.7882512e-06
4.61664e-06
4.7430944e-06
4.781328e-06
4.7345696e-06
4.849864e-06
4.6808496e-06
4.7270656e-06
4.5187456e-06
4.445456e-06
4.526728e-06
4.8174688e-06
4.8476944e-06
4.7105584e-06
4.6696512e-06
4.62288e-06
4.5671312e-06
4.49596e-06
4.6808624e-06
4.8476944e-06
4.9067104e-06
5.0858128e-06
5.034288e-06
5.01304e-06
5.086872e-06
4.8992704e-06
5.1107296e-06
4.8593584e-06
4.8041392e-06
4.641544e-06
4.8413648e-06
4.3482448e-06
4.4847872e-06
4.6654784e-06
4.6442048e-06
4.655352e-06
4.8030672e-06
5.0995568e-06
5.1346384e-06
4.908816e-06
4.7732816e-06
4.8498512e-06
4.8270016e-06
4.6888704e-06
4.6224272e-06
4.6575472e-06
4.59804e-06
4.6410912e-06
4.5954048e-06
4.4784576e-06
4.3732e-06
4.3807296e-06
4.5417232e-06
4.5517984e-06
4.7844928e-06
4.726032e-06
4.8769376e-06
4.6718464e-06
4.537888e-06
4.5097424e-06
4.4900832e-06
4.7021488e-06
4.7781376e-06
4.5868416e-06
4.7239648e-06
4.6686816e-06
4.5013328e-06
4.2127744e-06
4.1622832e-06
4.2643504e-06
4.3663536e-06
4.6596144e-06
4.7621216e-06
4.6388704e-06
4.6006368e-06
4.7515296e-06
4.6457808e-06
4.568216e-06
4.6304096e-06
4.5151024e-06
4.377992e-06
4.2244128e-06
4.2142864e-06
4.0617664e-06
4.0559664e-06
4.0862688e-06
4.2180704e-06
4.3625824e-06
4.5831344e-06
4.8551984e-06
4.7536864e-06
4.9120192e-06
4.8987536e-06
4.9816656e-06
5.057112e-06
5.0539216e-06
5.0576288e-06
4.9779328e-06
5.0092688e-06
5.3806752e-06
5.4019616e-06
5.3679648e-06
5.0927488e-06
5.1645264e-06
5.0645904e-06
5.0469856e-06
5.0910448e-06
5.0384608e-06
5.0315504e-06
4.9034816e-06
4.8838352e-06
4.8912624e-06
4.956104e-06
4.8562192e-06
4.9560784e-06
4.9342624e-06
4.7716672e-06
4.8572528e-06
5.052824e-06
5.141032e-06
5.2085088e-06
4.9863552e-06
4.9310848e-06
4.923632e-06
5.0538576e-06
4.8710864e-06
4.6952e-06
4.7217568e-06
4.6064624e-06
4.746712e-06
4.8243152e-06
5.2531232e-06
5.1399472e-06
4.9736704e-06
4.9593072e-06
4.795136e-06
4.7382512e-06
4.915752e-06
4.9673024e-06
4.96304e-06
5.2366416e-06
5.2849888e-06
5.003896e-06
4.9284496e-06
4.7573296e-06
4.9523584e-06
4.957176e-06
4.9609216e-06
5.1207664e-06
5.1962384e-06
5.1840448e-06
5.05276e-06
5.3211168e-06
5.2047504e-06
5.0549168e-06
4.9715008e-06
4.7764848e-06
4.859952e-06
4.8881104e-06
5.0841984e-06
5.085296e-06
5.0305424e-06
5.1267328e-06
5.0231024e-06
4.858376e-06
4.8583504e-06
4.946584e-06
5.0894688e-06
5.1505776e-06
5.0766688e-06
5.043176e-06
4.8099904e-06
4.58896e-06
4.6777104e-06
4.9184e-06
4.927416e-06
4.8917664e-06
4.8083248e-06
4.9161664e-06
4.8285264e-06
4.8556e-06
4.9975152e-06
4.945448e-06
4.9423088e-06
4.9561424e-06
4.9715136e-06
4.8721712e-06
4.7849968e-06
4.5554032e-06
4.6930816e-06
4.7722736e-06
4.991728e-06
4.811088e-06
4.868968e-06
4.9625104e-06
5.2558224e-06
5.3377008e-06
5.073568e-06
4.9476688e-06
4.8312768e-06
4.9917536e-06
5.1628096e-06
5.2228848e-06
5.2265792e-06
5.074072e-06
5.0592432e-06
4.9274544e-06
4.8488176e-06
4.93864e-06
4.8902672e-06
4.8504064e-06
4.6176352e-06
4.8163584e-06
4.67288e-06
4.636752e-06
4.6819472e-06
4.6007008e-06
4.6060096e-06
4.7855904e-06
4.8142912e-06
4.7287312e-06
4.70428e-06
4.6245072e-06
4.8083632e-06
4.7647952e-06
4.7339376e-06
4.78448e-06
4.852512e-06
5.040088e-06
4.8546176e-06
4.8466224e-06
4.6664736e-06
4.7318064e-06
4.6845184e-06
4.7865472e-06
5.0910704e-06
4.9927872e-06
5.0029008e-06
4.79936e-06
4.612288e-06
4.6659824e-06
4.7085168e-06
4.5820496e-06
4.6277616e-06
4.5958576e-06
4.3849152e-06
4.4051168e-06
4.4885328e-06
4.5793632e-06
4.6489328e-06
4.8609728e-06
4.7611648e-06
4.6097168e-06
4.6984288e-06
4.5129584e-06
4.257312e-06
4.2339456e-06
4.4363376e-06
4.2870464e-06
4.5059712e-06
4.6059072e-06
4.779624e-06
4.6350864e-06
4.6824e-06
4.9023712e-06
4.7366368e-06
4.9040496e-06
4.9322464e-06
4.9083888e-06
4.9152736e-06
4.8058048e-06
4.5245328e-06
4.4002224e-06
4.49804e-06
4.5862352e-06
4.5973824e-06
4.4990608e-06
4.5920352e-06
4.7456272e-06
4.7195872e-06
4.7578208e-06
4.6377216e-06
4.6775824e-06
4.54104e-06
4.4571328e-06
4.571936e-06
4.636752e-06
4.6994496e-06
4.5851632e-06
4.5894256e-06
4.5287952e-06
4.5756816e-06
4.7462208e-06
4.6681392e-06
4.4933248e-06
4.414184e-06
4.522064e-06
4.4380544e-06
4.5198944e-06
4.5836256e-06
4.3939184e-06
4.5735376e-06
4.733472e-06
4.6819344e-06
4.6404464e-06
4.5469168e-06
4.6596272e-06
4.748352e-06
4.5836256e-06
4.5171952e-06
4.371624e-06
4.6213296e-06
4.8169008e-06
4.7781376e-06
4.873256e-06
4.7606096e-06
4.6484544e-06
4.7181008e-06
4.7600416e-06
4.814176e-06
5.0703136e-06
5.2265408e-06
5.1096448e-06
5.1293424e-06
5.105976e-06
5.0613616e-06
5.1176912e-06
4.921616e-06
4.8652736e-06
4.7712144e-06
4.524648e-06
4.5947472e-06
4.6308752e-06
4.9204672e-06
5.0862528e-06
5.1920144e-06
5.0049808e-06
4.8407584e-06
4.5591488e-06
4.5703472e-06
4.6150128e-06
4.5187968e-06
4.599552e-06
4.612792e-06
4.5023024e-06
4.409328e-06
4.3466176e-06
4.2929744e-06
4.5650384e-06
4.6516448e-06
4.6760576e-06
4.4332112e-06
4.4045232e-06
4.4338048e-06
4.3562528e-06
4.3801744e-06
4.725024e-06
5.1341856e-06
5.1389904e-06
5.053392e-06
4.9125744e-06
4.6898784e-06
4.6888064e-06
4.6547584e-06
4.5091744e-06
4.6590336e-06
4.7307344e-06
4.7232944e-06
4.7764336e-06
4.6202832e-06
4.5698176e-06
4.8211248e-06
4.8976944e-06
4.6064752e-06
4.2254464e-06
4.1925216e-06
4.2552064e-06
4.2174512e-06
4.0718672e-06
4.3614976e-06
4.420488e-06
4.3859744e-06
4.400312e-06
4.3875504e-06
4.3854192e-06
4.5878624e-06
4.6425904e-06
4.8615152e-06
4.819536e-06
4.8444912e-06
4.9242128e-06
4.6787056e-06
4.6000816e-06
4.893368e-06
4.7907968e-06
4.686688e-06
4.6766256e-06
4.6840528e-06
4.6824512e-06
4.722312e-06
4.8652352e-06
4.8328016e-06
4.476288e-06
4.4093536e-06
4.7398912e-06
4.6346592e-06
4.6038528e-06
4.610208e-06
4.5432224e-06
4.6452512e-06
4.485304e-06
4.878048e-06
4.759576e-06
4.7781504e-06
4.858376e-06
4.7781248e-06
4.6744688e-06
4.5506752e-06
4.5777872e-06
4.4609168e-06
4.5374736e-06
4.545456e-06
4.4120144e-06
4.4858464e-06
4.6192496e-06
4.5140432e-06
4.6468784e-06
4.715944e-06
4.7807728e-06
4.9311488e-06
4.7350992e-06
5.1282704e-06
5.1638688e-06
5.1394048e-06
5.1075776e-06
5.1697968e-06
5.2000352e-06
5.076784e-06
5.0539344e-06
5.1623184e-06
5.0076288e-06
4.8333184e-06
4.8232432e-06
4.8673792e-06
4.7584272e-06
4.9789536e-06
5.0931888e-06
5.1431504e-06
5.0846896e-06
5.1032768e-06
5.0974384e-06
4.9300256e-06
4.7727648e-06
4.6563856e-06
5.0065952e-06
4.9449824e-06
4.9810848e-06
4.8169136e-06
4.7536224e-06
4.8742256e-06
4.8704928e-06
4.7928896e-06
5.1898576e-06
5.2434752e-06
5.3652272e-06
5.4438768e-06
5.5001552e-06
5.1207536e-06
4.9501888e-06
4.8641376e-06
4.738768e-06
4.9290304e-06
4.6941152e-06
4.5319984e-06
4.246656e-06
4.4273216e-06
4.6446704e-06
4.8784752e-06
4.8758528e-06
4.8030544e-06
4.8434832e-06
4.7510256e-06
4.6298928e-06
4.87004e-06
4.9151968e-06
5.2584448e-06
5.17716e-06
5.22552e-06
5.153832e-06
5.4407248e-06
5.1102256e-06
4.9082864e-06
4.9417664e-06
4.6117968e-06
4.5958576e-06
4.549616e-06
4.7589568e-06
4.8987024e-06
5.0899728e-06
5.12552e-06
4.9608192e-06
4.9507568e-06
5.1952176e-06
5.0985104e-06
4.9922832e-06
4.9482112e-06
4.7563472e-06
5.0023968e-06
5.012472e-06
4.8227264e-06
4.9343264e-06
4.5060224e-06
4.5734992e-06
4.5836384e-06
4.4938288e-06
4.4087856e-06
4.6160336e-06
4.8844288e-06
4.9689424e-06
4.8743536e-06
4.8897632e-06
4.6633472e-06
4.4608912e-06
4.4523664e-06
4.709576e-06
4.5947856e-06
4.6043568e-06
4.837632e-06
4.5788208e-06
4.5495776e-06
4.4985952e-06
4.5873712e-06
4.4673104e-06
4.5151152e-06
4.8684768e-06
4.7180752e-06
4.8211504e-06
4.7064112e-06
4.8078976e-06
4.9476304e-06
5.0480576e-06
5.0199248e-06
4.683536e-06
4.8535968e-06
4.7685664e-06
4.584168e-06
4.6112544e-06
4.4954048e-06
4.3987104e-06
4.475784e-06
4.5108912e-06
4.525656e-06
4.761592e-06
5.052824e-06
5.0140352e-06
5.0847024e-06
5.1001504e-06
4.9162816e-06
4.9316528e-06
4.9210352e-06
4.8806448e-06
4.8492576e-06
5.033656e-06
4.9618784e-06
5.1032128e-06
5.0102256e-06
4.7896864e-06
4.4443584e-06
4.40296e-06
4.2413984e-06
4.5283296e-06
4.998096e-06
4.9699632e-06
4.8498768e-06
4.8929536e-06
4.915312e-06
4.7925136e-06
4.7244816e-06
5.0039344e-06
5.0804528e-06
5.0262416e-06
4.9268608e-06
5.0495952e-06
5.1510816e-06
4.8205696e-06
5.0639328e-06
5.0798592e-06
5.1154448e-06
4.9868592e-06
4.9502272e-06
4.9071888e-06
4.909384e-06
5.109192e-06
4.8030672e-06
4.7913776e-06
5.0204032e-06
4.9848176e-06
4.978424e-06
4.9640608e-06
4.8306704e-06
4.8652096e-06
5.1957088e-06
5.2281168e-06
5.0362912e-06
5.1213472e-06
5.002888e-06
4.9093968e-06
5.034792e-06
5.1517136e-06
5.0927488e-06
4.99444e-06
4.8673536e-06
4.7982624e-06
4.67124e-06
4.9369232e-06
5.000176e-06
4.8758528e-06
4.887504e-06
4.7456656e-06
4.8541008e-06
4.6330064e-06
4.6749984e-06
4.6755536e-06
5.0916128e-06
5.234032e-06
5.2568304e-06
4.8795472e-06
4.59104e-06
4.74728e-06
4.8742896e-06
4.8897248e-06
5.0947776e-06
4.6994752e-06
4.7265616e-06
4.691984e-06
4.937504e-06
5.0820416e-06
5.0947776e-06
5.1946752e-06
4.9157136e-06
4.954528e-06
5.0528496e-06
5.026784e-06
4.9454992e-06
4.77704e-06
4.834416e-06
4.7706208e-06
5.0219408e-06
4.8800768e-06
4.9720176e-06
4.9778688e-06
4.8274672e-06
4.97256e-06
4.930064e-06
4.7180112e-06
4.659576e-06
4.882208e-06
4.9884992e-06
5.0746528e-06
5.0603152e-06
5.0172384e-06
4.9061808e-06
4.916824e-06
4.9932912e-06
4.999168e-06
4.9284624e-06
4.952384e-06
4.7222864e-06
4.789208e-06
4.773256e-06
4.6505216e-06
5.229808e-06
5.1558992e-06
5.0544e-06
5.2962128e-06
4.9407456e-06
4.9195104e-06
4.9195232e-06
4.9874912e-06
4.8615152e-06
4.9013376e-06
4.9220304e-06
4.966192e-06
4.6893616e-06
4.7361712e-06
4.777608e-06
4.8668624e-06
4.9423216e-06
4.8982496e-06
5.1288512e-06
4.9641504e-06
4.945952e-06
4.8312e-06
5.075648e-06
4.997528e-06
4.9932656e-06
4.9146544e-06
4.7849968e-06
4.579376e-06
4.7281504e-06
4.9040368e-06
4.9221328e-06
4.9093456e-06
4.8929024e-06
4.9949056e-06
4.9098752e-06
4.8142016e-06
4.8848304e-06
4.7275952e-06
4.8301664e-06
4.7812512e-06
4.9162816e-06
4.9358896e-06
4.8790176e-06
4.8317936e-06
5.0236064e-06
5.1277792e-06
5.1936672e-06
4.8647568e-06
4.5485568e-06
4.474144e-06
4.6686432e-06
4.917328e-06
4.9444656e-06
4.6511792e-06
4.5815584e-06
4.7271552e-06
4.7430816e-06
4.9699504e-06
4.9321824e-06
4.8987024e-06
4.9662176e-06
4.771176e-06
4.7494112e-06
4.6154656e-06
4.7036736e-06
4.5617712e-06
4.7488304e-06
5.124008e-06
5.0709072e-06
5.1474e-06
4.8827888e-06
4.6537888e-06
4.5225296e-06
4.5384176e-06
4.5947216e-06
4.4480144e-06
4.469856e-06
4.6016576e-06
4.799864e-06
4.898728e-06
4.6235248e-06
4.638392e-06
4.7048096e-06
4.8695104e-06
4.8360432e-06
4.7903568e-06
4.848224e-06
5.1627584e-06
4.87584e-06
4.8455888e-06
4.8573424e-06
4.7988944e-06
4.7154528e-06
4.7271552e-06
4.8159056e-06
4.5704112e-06
4.686752e-06
4.7483904e-06
4.7781632e-06
4.7064368e-06
4.5915824e-06
4.542176e-06
4.6537248e-06
4.4613696e-06
4.4565648e-06
4.5915568e-06
4.6797776e-06
4.5480144e-06
4.5543696e-06
4.8343776e-06
5.042672e-06
5.179744e-06
5.0580944e-06
5.018776e-06
4.7525888e-06
4.6904336e-06
4.58524e-06
4.5416976e-06
4.7558432e-06
4.7164864e-06
4.5714192e-06
4.8551728e-06
4.8078976e-06
4.8668496e-06
4.79772e-06
4.6239392e-06
4.5942048e-06
4.4895024e-06
4.7456912e-06
4.6845824e-06
4.8237856e-06
4.6192368e-06
4.6245328e-06
4.6973312e-06
4.925272e-06
4.7877088e-06
4.9077824e-06
4.7143296e-06
4.4869056e-06
4.4120144e-06
4.4853296e-06
4.6989328e-06
4.9019056e-06
5.0910704e-06
5.2441328e-06
4.9896224e-06
5.0326736e-06
4.908312e-06
4.867392e-06
4.9465072e-06
4.9247296e-06
4.9146544e-06
5.0379696e-06
4.979496e-06
4.6335104e-06
4.77912e-06
4.6106992e-06
4.5820368e-06
4.441232e-06
4.5070944e-06
5.2578512e-06
5.2445216e-06
5.1643088e-06
5.0309568e-06
5.1287104e-06
5.0022688e-06
4.947024e-06
4.841352e-06
4.89236e-06
4.732968e-06
4.6787696e-06
4.5607632e-06
4.5931712e-06
4.413048e-06
4.6207744e-06
4.6042672e-06
4.7615408e-06
4.7716544e-06
4.7998256e-06
4.9209712e-06
4.4534256e-06
4.5900192e-06
4.6367648e-06
4.6144448e-06
4.6367904e-06
4.6298544e-06
4.6744944e-06
4.858816e-06
4.882208e-06
5.09368e-06
5.1723936e-06
5.3615712e-06
5.2005648e-06
5.2287104e-06
5.2170208e-06
5.3185328e-06
5.1989632e-06
5.1888624e-06
5.0575904e-06
4.7754128e-06
4.8822208e-06
4.906672e-06
4.8541264e-06
4.9742128e-06
4.8886144e-06
4.8195872e-06
4.9529264e-06
4.9651584e-06
4.8673792e-06
4.9045664e-06
4.8588416e-06
4.8381232e-06
4.7504832e-06
4.6442048e-06
4.5830704e-06
4.5697792e-06
4.6861328e-06
4.8391184e-06
4.9390416e-06
4.8444656e-06
4.9662304e-06
4.9104176e-06
4.8769376e-06
4.8561808e-06
4.7913776e-06
4.7180368e-06
4.834416e-06
4.6797904e-06
4.8450592e-06
4.927416e-06
4.7520208e-06
4.6664992e-06
4.8322848e-06
4.9241488e-06
4.987376e-06
4.8816016e-06
4.9719408e-06
4.8125488e-06
4.8811488e-06
4.9125104e-06
4.8541008e-06
4.8386656e-06
4.7440512e-06
4.5830448e-06
4.4932736e-06
4.6213168e-06
4.6760448e-06
4.7307984e-06
4.656424e-06
4.6479632e-06
4.7856032e-06
4.5539552e-06
4.66872e-06
4.7983776e-06
4.678808e-06
4.9683872e-06
4.8328912e-06
4.8365856e-06
4.7876832e-06
4.7552752e-06
4.6962592e-06
4.7764848e-06
4.7626896e-06
4.9608704e-06
4.8024736e-06
4.634608e-06
4.6548224e-06
4.520424e-06
4.5523152e-06
4.6065264e-06
4.5725296e-06
4.4535152e-06
4.4598576e-06
4.4295424e-06
4.3950032e-06
4.3376144e-06
4.2961776e-06
4.351952e-06
4.4895408e-06
4.6659568e-06
4.6437136e-06
4.8519696e-06
5.0066464e-06
5.1007056e-06
4.9907328e-06
5.1320544e-06
4.8636848e-06
4.9088288e-06
4.6771296e-06
4.6867136e-06
4.6261344e-06
4.5416464e-06
4.73404e-06
4.5204624e-06
4.5932864e-06
4.5534256e-06
4.572e-06
4.5772832e-06
4.597472e-06
4.5698304e-06
5.05812e-06
4.9556256e-06
4.7776208e-06
4.5374096e-06
4.3556848e-06
4.3211328e-06
4.4885328e-06
4.444952e-06
4.3137056e-06
4.5236016e-06
4.586312e-06
4.5783552e-06
4.5310288e-06
4.688768e-06
4.7174688e-06
4.6765872e-06
4.4512816e-06
4.5655424e-06
4.9470752e-06
5.1930608e-06
4.5421632e-06
4.6069792e-06
4.648416e-06
4.8333184e-06
4.8758528e-06
5.144184e-06
5.0362912e-06
4.773256e-06
5.0017904e-06
5.0299744e-06
4.9885376e-06
4.7036864e-06
4.7244432e-06
4.8960544e-06
4.7281248e-06
4.775968e-06
4.8652352e-06
4.705856e-06
4.7154144e-06
4.7058688e-06
4.6489968e-06
4.7233328e-06
4.5431968e-06
4.6239648e-06
4.6484032e-06
4.5570176e-06
4.661152e-06
4.8774288e-06
4.767456e-06
4.5044464e-06
4.5485568e-06
4.7132576e-06
4.757368e-06
4.9709968e-06
5.0623952e-06
4.9375424e-06
4.7824e-06
4.7913904e-06
4.8971264e-06
4.8509104e-06
4.6750112e-06
4.4449648e-06
4.8020848e-06
4.960392e-06
4.8669136e-06
4.7877216e-06
4.5507264e-06
4.4847744e-06
4.4858336e-06
4.5134752e-06
4.6000304e-06
4.7812384e-06
4.8763312e-06
4.6754896e-06
4.5049504e-06
4.6181776e-06
4.8976944e-06
4.9003168e-06
4.839208e-06
4.7042416e-06
4.129256e-06
4.2578544e-06
4.4348256e-06
4.5926416e-06
4.4970192e-06
4.6394384e-06
4.6580384e-06
4.6702192e-06
4.8205824e-06
4.7158928e-06
4.5841168e-06
4.6734096e-06
4.4492016e-06
4.7345824e-06
4.9907328e-06
5.1681568e-06
4.9587648e-06
4.7770016e-06
4.545832e-06
4.1542496e-06
4.8918304e-06
4.8695232e-06
4.7727776e-06
4.5235888e-06
4.7249856e-06
4.3949904e-06
4.325408e-06
4.4109552e-06
4.3811952e-06
4.6261472e-06
4.7074192e-06
4.7966864e-06
4.8014528e-06
4.5830576e-06
4.465064e-06
4.5187584e-06
4.5065392e-06
4.4289616e-06
4.7185408e-06
4.7876704e-06
4.9566464e-06
4.9332672e-06
5.0470368e-06
4.890784e-06
4.9327376e-06
4.9842368e-06
4.9305552e-06
4.9093328e-06
4.543184e-06
4.4767664e-06
4.242936e-06
4.2514608e-06
4.4725168e-06
4.51872e-06
4.8402544e-06
4.5288976e-06
4.7829424e-06
5.0826352e-06
4.8440512e-06
4.9285392e-06
4.8259296e-06
4.7116816e-06
4.6383664e-06
4.712224e-06
4.8790688e-06
4.8636464e-06
4.7701168e-06
4.6096912e-06
4.811088e-06
4.8169392e-06
4.9232176e-06
4.6904464e-06
4.6563728e-06
4.5358208e-06
4.3886096e-06
4.3859104e-06
4.513992e-06
4.7483392e-06
4.789776e-06
4.9114512e-06
4.9411984e-06
4.8205824e-06
4.72496e-06
4.7716928e-06
4.7047584e-06
4.8169008e-06
4.8248704e-06
4.866824e-06
4.8901776e-06
4.7637488e-06
4.9561296e-06
5.0804656e-06
5.0916128e-06
5.0804656e-06
5.2037296e-06
5.0039088e-06
4.7477712e-06
4.7472416e-06
4.8577696e-06
4.8657392e-06
5.0081584e-06
5.1160128e-06
5.3439536e-06
5.2552288e-06
5.167008e-06
5.0942096e-06
5.0075904e-06
5.1239952e-06
4.804088e-06
4.7238752e-06
4.6053904e-06
4.6048608e-06
4.4868928e-06
4.5687584e-06
4.688832e-06
4.6766256e-06
4.9290176e-06
5.1065184e-06
5.2372352e-06
5.1569712e-06
5.0129376e-06
5.1229488e-06
4.9029776e-06
5.0437568e-06
4.7663712e-06
4.6159312e-06
4.6350992e-06
4.6680368e-06
4.8094352e-06
4.7951104e-06
4.9135824e-06
4.7929024e-06
4.839208e-06
5.0932144e-06
5.0464816e-06
4.8413904e-06
4.7760064e-06
4.8848944e-06
4.8423728e-06
5.0596832e-06
4.5612928e-06
4.4831728e-06
4.7568384e-06
4.6888448e-06
4.6123392e-06
4.6638384e-06
4.7079104e-06
4.7807088e-06
4.5575344e-06
4.7881872e-06
4.9737216e-06
4.7792608e-06
4.8243536e-06
4.8657776e-06
4.7562832e-06
4.8795856e-06
4.7414416e-06
4.6999792e-06
4.7329168e-06
4.6473696e-06
4.843432e-06
4.9039984e-06
4.9991168e-06
5.2100848e-06
5.1936032e-06
4.7451488e-06
4.7711632e-06
4.910392e-06
4.9194336e-06
4.8348944e-06
4.609576e-06
4.7790816e-06
4.650496e-06
4.6755152e-06
4.534736e-06
4.6489712e-06
4.766384e-06
4.7360944e-06
4.7265104e-06
4.5809008e-06
4.8167856e-06
4.7126896e-06
4.7552368e-06
4.866256e-06
4.6962464e-06
4.7392976e-06
4.7058304e-06
4.7712016e-06
4.9438208e-06
4.707936e-06
4.8971008e-06
4.825904e-06
4.6771296e-06
4.7116688e-06
4.719664e-06
4.7016064e-06
4.7340016e-06
4.8976816e-06
4.6479248e-06
4.632464e-06
4.7483136e-06
4.8923728e-06
4.7483776e-06
4.7526272e-06
4.9720816e-06
4.846144e-06
4.715944e-06
4.7796752e-06
4.7818192e-06
4.9454608e-06
4.898728e-06
5.0028752e-06
4.9104176e-06
4.9444016e-06
5.0618016e-06
5.0262032e-06
5.0203648e-06
4.8997488e-06
4.9884736e-06
4.8673408e-06
4.91424e-06
5.0799488e-06
5.3174096e-06
5.2228208e-06
5.0022816e-06
4.9491552e-06
4.9454096e-06
4.9619296e-06
4.696272e-06
4.5719488e-06
4.4710176e-06
4.6086192e-06
4.6622496e-06
4.7796496e-06
5.0049424e-06
4.8971008e-06
4.9242384e-06
4.9981216e-06
4.9598496e-06
4.9492704e-06
4.462416e-06
4.4810416e-06
4.5618096e-06
4.7945296e-06
4.9688784e-06
4.8503936e-06
4.7462464e-06
4.9417024e-06
5.102192e-06
5.0240336e-06
4.7604944e-06
4.7716544e-06
5.0378416e-06
5.0107424e-06
4.7621088e-06
4.980504e-06
5.2249392e-06
4.9676912e-06
4.785488e-06
4.7822976e-06
5.228672e-06
5.084664e-06
4.8796112e-06
4.9561168e-06
4.9667216e-06
4.8349456e-06
4.9274416e-06
4.9689168e-06
4.909384e-06
4.820104e-06
4.9911984e-06
5.3377008e-06
5.3053056e-06
5.1092304e-06
5.101816e-06
5.0698992e-06
4.873256e-06
4.8058176e-06
4.9194592e-06
5.1733888e-06
4.9960032e-06
5.051816e-06
5.3547376e-06
5.30156e-06
4.89028e-06
4.772312e-06
4.662288e-06
4.6532336e-06
4.621872e-06
4.688264e-06
4.8933552e-06
4.652704e-06
4.7042416e-06
4.6574832e-06
4.7845184e-06
4.788768e-06
4.9768864e-06
4.7085296e-06
4.6415952e-06
4.7956656e-06
4.7759552e-06
5.00976e-06
4.8959776e-06
4.729688e-06
4.8290688e-06
4.909824e-06
4.8875424e-06
4.9646416e-06
4.8259552e-06
4.9067232e-06
4.7728288e-06
4.75264e-06
4.761152e-06
4.6059456e-06
4.470928e-06
4.4475744e-06
4.5612928e-06
4.5831344e-06
4.7000304e-06
4.9417792e-06
4.6298288e-06
4.6829808e-06
4.6670288e-06
4.7180112e-06
4.9523328e-06
4.824832e-06
4.8795344e-06
4.8094096e-06
4.7669392e-06
4.8169136e-06
5.1585728e-06
5.0708816e-06
5.2292144e-06
5.1569456e-06
4.9104048e-06
5.0921424e-06
4.867392e-06
4.7892592e-06
4.8025888e-06
4.7813152e-06
4.8790816e-06
4.914112e-06
4.8089184e-06
4.6659824e-06
4.4890752e-06
4.3791536e-06
4.2988768e-06
4.3446144e-06
4.569352e-06
4.6203216e-06
4.5156064e-06
4.5246096e-06
4.5310032e-06
4.7127664e-06
4.6755408e-06
4.81052e-06
4.9141248e-06
4.9104048e-06
4.9879824e-06
4.8189936e-06
4.682464e-06
4.8477584e-06
4.6644576e-06
4.5565904e-06
4.84564e-06
5.0204416e-06
4.9072528e-06
4.7461952e-06
4.5719104e-06
4.4496928e-06
4.5602464e-06
4.6867264e-06
4.8902544e-06
4.8466736e-06
4.7605968e-06
4.8939488e-06
4.9848176e-06
4.8472032e-06
5.0831392e-06
4.8966224e-06
4.8822848e-06
4.6803328e-06
4.8487664e-06
4.6877344e-06
4.5655808e-06
4.54432e-06
4.5134496e-06
4.7020464e-06
4.8507824e-06
4.8927616e-06
4.7854496e-06
4.858248e-06
4.6802432e-06
4.6355776e-06
4.6499664e-06
4.7068128e-06
4.4943072e-06
4.5676352e-06
4.5570176e-06
4.5517472e-06
4.2094176e-06
4.39224e-06
4.7084272e-06
4.9427616e-06
5.3332848e-06
5.4172304e-06
5.4002576e-06
5.5208864e-06
5.3743072e-06
5.0788896e-06
5.0098496e-06
4.7053648e-06
4.4077776e-06
4.487448e-06
4.5134624e-06
4.7780992e-06
4.7026272e-06
4.5532848e-06
4.4523024e-06
4.3922272e-06
5.4049984e-06
5.34336e-06
5.1148768e-06
4.9485488e-06
4.7923216e-06
4.905536e-06
4.9364064e-06
4.8460928e-06
5.0645008e-06
4.9784368e-06
5.0761776e-06
4.9906304e-06
5.016696e-06
5.0459008e-06
5.0256992e-06
5.0755968e-06
4.9475408e-06
5.0165552e-06
5.220032e-06
5.3321488e-06
4.8593968e-06
5.11972e-06
5.1648896e-06
4.8635824e-06
4.9587264e-06
5.001248e-06
5.1229104e-06
5.0639328e-06
5.0336048e-06
4.9097856e-06
4.823696e-06
4.9273392e-06
5.0575264e-06
5.0490528e-06
5.1840064e-06
5.2536144e-06
5.2950384e-06
5.0118528e-06
4.8493088e-06
4.84772e-06
4.714304e-06
4.5070816e-06
4.5942176e-06
4.6834976e-06
5.0756224e-06
5.0841344e-06
5.1372992e-06
4.859384e-06
5.0092176e-06
5.2557456e-06
5.1770576e-06
5.1255072e-06
4.8268736e-06
4.8215136e-06
4.6477584e-06
4.7173792e-06
4.708376e-06
4.8885504e-06
4.815752e-06
4.785488e-06
4.8992576e-06
4.9651328e-06
4.6893616e-06
4.6224144e-06
4.6888064e-06
4.833344e-06
4.8030672e-06
4.7546816e-06
4.7664224e-06
4.6755536e-06
4.848792e-06
4.83492e-06
4.7562704e-06
4.6770912e-06
4.5787824e-06
4.5192752e-06
4.491104e-06
4.7897632e-06
4.835488e-06
5.0299872e-06
4.6558688e-06
4.7137232e-06
4.8077696e-06
4.8354112e-06
4.8635824e-06
5.1223424e-06
4.9927104e-06
4.854024e-06
4.9305424e-06
4.9331648e-06
4.75308e-06
4.9332544e-06
4.957744e-06
5.0624336e-06
5.1278176e-06
5.2478656e-06
4.9279456e-06
4.7456656e-06
4.8588672e-06
4.6819088e-06
4.867392e-06
4.81052e-06
5.1325584e-06
4.9375424e-06
4.9821184e-06
5.0288896e-06
5.2138048e-06
4.9013248e-06
4.6558816e-06
4.6399552e-06
4.7435728e-06
4.7621472e-06
4.7865728e-06
4.6861328e-06
4.5809392e-06
4.4911424e-06
4.73076e-06
4.6712656e-06
4.721744e-06
4.8121088e-06
5.1239824e-06
5.1106912e-06
4.7355648e-06
4.82912e-06
4.8487664e-06
4.6468528e-06
4.6314432e-06
4.6978736e-06
5.0002528e-06
4.8153376e-06
4.6134112e-06
4.6346336e-06
4.7499536e-06
4.7419968e-06
4.6569536e-06
4.6776848e-06
4.7446192e-06
4.9337712e-06
4.9943504e-06
5.2154192e-06
4.3657472e-06
4.3758224e-06
4.6452512e-06
4.6654528e-06
4.680888e-06
4.8519696e-06
4.9258272e-06
4.8349712e-06
4.8620704e-06
4.8779968e-06
4.9619296e-06
4.9837072e-06
4.9088032e-06
4.6404848e-06
4.8509232e-06
4.8673664e-06
4.7557792e-06
4.5799184e-06
4.4077648e-06
4.3487232e-06
5.1325584e-06
5.0496464e-06
4.8748576e-06
4.7196896e-06
4.8429408e-06
4.6372816e-06
4.587888e-06
4.8689424e-06
5.1819648e-06
5.0018544e-06
5.0331904e-06
4.911464e-06
4.7371792e-06
4.7174816e-06
4.7084528e-06
4.5543824e-06
4.5453536e-06
4.8104688e-06
4.7727648e-06
4.7893104e-06
4.7282144e-06
4.6814432e-06
4.9141376e-06
4.781832e-06
4.8928512e-06
4.9805424e-06
4.8642016e-06
4.7504832e-06
4.45132e-06
4.524144e-06
4.54968e-06
4.701632e-06
4.9471264e-06
5.2441328e-06
5.2133008e-06
5.2111696e-06
4.9657136e-06
5.0411856e-06
4.965184e-06
4.797848e-06
5.0146288e-06
4.8026016e-06
4.770168e-06
4.8073552e-06
4.7935216e-06
4.763736e-06
4.7504576e-06
4.6574832e-06
4.6234352e-06
4.561784e-06
4.5968144e-06
4.5565008e-06
4.3784832e-06
4.3115744e-06
4.5820624e-06
4.4587984e-06
4.6282784e-06
4.6963104e-06
4.7680368e-06
4.8163968e-06
5.2600848e-06
5.1862016e-06
5.0060912e-06
4.8009872e-06
4.6383536e-06
4.5703088e-06
4.629816e-06
4.9130528e-06
5.021992e-06
4.9141376e-06
5.0034048e-06
5.1234912e-06
4.9253104e-06
4.9598112e-06
4.7520336e-06
4.7281376e-06
4.690976e-06
4.6686176e-06
4.7122368e-06
4.83284e-06
4.9587136e-06
4.631896e-06
4.4794144e-06
4.6218208e-06
4.8056896e-06
4.9252592e-06
4.8833184e-06
4.745136e-06
4.8816912e-06
4.7206976e-06
4.5809776e-06
4.4205008e-06
4.4486208e-06
4.5634112e-06
4.7270272e-06
4.5447984e-06
4.5299568e-06
4.8456016e-06
4.8099904e-06
4.9236704e-06
4.5745712e-06
4.6510768e-06
4.7844928e-06
4.7079872e-06
4.6484672e-06
4.671304e-06
4.7674816e-06
4.8142528e-06
4.569792e-06
4.59476e-06
4.861464e-06
4.8598752e-06
4.7754128e-06
4.854592e-06
4.9348176e-06
4.8126128e-06
4.9231408e-06
4.8657648e-06
4.7552368e-06
4.6362096e-06
5.0299872e-06
5.3254176e-06
5.2334768e-06
5.23296e-06
4.8891696e-06
4.7664352e-06
4.5570688e-06
4.6335488e-06
4.873192e-06
4.8833056e-06
4.9077952e-06
5.0082224e-06
5.1442352e-06
5.020856e-06
4.9900496e-06
5.1378032e-06
4.9326992e-06
4.923128e-06
4.8652736e-06
4.8641888e-06
4.6314688e-06
4.646336e-06
4.7339888e-06
4.9598112e-06
4.9470624e-06
4.8338992e-06
4.941224e-06
4.8753488e-06
4.7520848e-06
4.98164e-06
4.8508976e-06
4.800432e-06
5.060768e-06
5.0230512e-06
4.8297008e-06
4.8918304e-06
4.9848048e-06
5.0236192e-06
4.96304e-06
4.8084016e-06
5.0469728e-06
5.0336304e-06
4.8626e-06
4.8599136e-06
4.8439744e-06
4.943872e-06
5.0070992e-06
4.9794704e-06
4.9571504e-06
5.0405792e-06
5.1803376e-06
5.063416e-06
5.11972e-06
4.9986e-06
4.9603408e-06
5.0002272e-06
5.0454352e-06
5.0273264e-06
4.969912e-06
5.0097984e-06
4.9693568e-06
4.8864704e-06
5.0788768e-06
5.3127072e-06
5.116632e-06
5.05976e-06
4.8131936e-06
4.9316656e-06
4.711656e-06
4.6675712e-06
4.8705312e-06
5.0155856e-06
5.0480064e-06
4.9321056e-06
4.6382512e-06
4.5490096e-06
4.7477712e-06
4.8944272e-06
5.1776384e-06
5.0957984e-06
5.0671232e-06
5.0336176e-06
5.2025936e-06
5.1011328e-06
5.1377904e-06
5.1675376e-06
5.0310336e-06
4.9263824e-06
4.7515936e-06
4.5284064e-06
4.6245456e-06
4.7865856e-06
4.9799872e-06
5.0220048e-06
5.2446368e-06
5.1808928e-06
5.1633264e-06
5.0910704e-06
4.9863936e-06
5.111272e-06
5.204776e-06
5.1628096e-06
4.8705568e-06
4.7871024e-06
4.8094224e-06
4.7111008e-06
4.6016704e-06
4.7807088e-06
4.8763696e-06
4.9592432e-06
4.8317552e-06
4.8158544e-06
4.8471776e-06
4.8641504e-06
4.84236e-06
5.0602256e-06
5.1850912e-06
5.2870816e-06
4.9720432e-06
4.9948928e-06
4.6574576e-06
4.4513072e-06
4.6287952e-06
4.4949008e-06
4.576224e-06
4.6830064e-06
4.7031568e-06
4.8014016e-06
4.9209584e-06
5.1037424e-06
5.1420016e-06
5.2556944e-06
5.3024912e-06
5.3402592e-06
5.4863984e-06
5.2276256e-06
5.0554848e-06
4.8312512e-06
4.633536e-06
4.8136464e-06
4.7325024e-06
4.9142272e-06
4.9843648e-06
4.9726496e-06
5.1017776e-06
5.24576e-06
5.1522176e-06
5.2425568e-06
5.1213472e-06
5.1474128e-06
5.062912e-06
4.9481088e-06
5.016632e-06
4.8247936e-06
4.8046176e-06
4.8646928e-06
4.7738752e-06
4.7839632e-06
4.70428e-06
4.7032592e-06
4.9512608e-06
4.7227776e-06
4.7791584e-06
4.9029392e-06
4.8837712e-06
5.021928e-06
5.1111952e-06
5.044248e-06
5.0012224e-06
5.0145008e-06
5.2201728e-06
5.4029184e-06
5.0937056e-06
5.3402848e-06
5.3530208e-06
5.173376e-06
5.0495696e-06
4.759448e-06
4.9704032e-06
5.0134416e-06
4.45712e-06
4.4401472e-06
4.6377856e-06
4.6388704e-06
4.8126e-06
4.7419584e-06
5.0809824e-06
5.1623184e-06
5.15648e-06
5.2346e-06
4.7669648e-06
4.7494112e-06
4.9848048e-06
4.9480576e-06
4.7503552e-06
4.8736832e-06
4.8099264e-06
4.9427616e-06
4.6377856e-06
4.5197792e-06
4.5872816e-06
4.3837536e-06
4.5851504e-06
4.688264e-06
4.8253872e-06
4.9470752e-06
4.9029904e-06
4.8248704e-06
4.5543952e-06
4.4587344e-06
4.669664e-06
4.7228032e-06
4.756864e-06
4.6670928e-06
4.6819728e-06
4.78404e-06
4.7547968e-06
4.7457424e-06
4.9396736e-06
4.8742512e-06
4.9333184e-06
4.94608e-06
4.6261472e-06
4.5655552e-06
4.5023536e-06
4.5437904e-06
4.6994496e-06
4.6728416e-06
4.7764976e-06
4.9162432e-06
4.7366496e-06
4.5969168e-06
4.6755408e-06
4.785552e-06
4.7680112e-06
5.0203776e-06
5.1005776e-06
4.967768e-06
4.9321568e-06
4.8073552e-06
4.4625056e-06
4.2680576e-06
4.2425216e-06
4.2690912e-06
4.420552e-06
4.4130736e-06
4.3875504e-06
4.199496e-06
4.3381568e-06
4.4497184e-06
4.3503888e-06
4.4311568e-06
4.6192752e-06
4.5793632e-06
4.5639536e-06
4.5873072e-06
4.7440896e-06
4.8036352e-06
4.6298928e-06
4.6500816e-06
4.507624e-06
4.561344e-06
4.7011024e-06
4.8684512e-06
4.9173408e-06
4.8408352e-06
4.952952e-06
4.942296e-06
4.8588928e-06
4.828616e-06
4.8817168e-06
4.978424e-06
5.012976e-06
4.7462464e-06
4.64848e-06
4.70056e-06
4.5560096e-06
4.3769584e-06
4.2988128e-06
4.422632e-06
4.5506496e-06
4.7844416e-06
4.8567104e-06
4.8497872e-06
4.7477712e-06
4.8694976e-06
4.6447216e-06
4.6941536e-06
4.7956528e-06
4.7382512e-06
4.7392848e-06
4.4597424e-06
4.351888e-06
4.3938672e-06
4.392808e-06
4.5979504e-06
4.5336512e-06
4.325344e-06
4.4523536e-06
4.6558304e-06
4.8359664e-06
4.7355264e-06
4.6377472e-06
4.5691984e-06
4.3370208e-06
4.308824e-06
4.50756e-06
4.7100288e-06
4.9178192e-06
4.9545024e-06
4.8902032e-06
4.9890416e-06
4.9571376e-06
4.9858512e-06
5.0400496e-06
5.0751312e-06
5.0772368e-06
4.9794576e-06
5.1053568e-06
4.83864e-06
4.7738496e-06
4.8699888e-06
4.6038016e-06
4.6888064e-06
4.8418432e-06
4.8715776e-06
4.9257248e-06
4.7881488e-06
4.9076928e-06
4.7270272e-06
4.9236192e-06
5.0963408e-06
5.0532768e-06
5.1096448e-06
5.0273008e-06
4.8583376e-06
5.05976e-06
5.0411472e-06
5.0644752e-06
5.018272e-06
4.8439744e-06
4.7983392e-06
4.7898272e-06
4.8169264e-06
4.778112e-06
4.9173536e-06
4.8658416e-06
4.7882128e-06
4.780256e-06
4.8360176e-06
4.89444e-06
4.9709328e-06
4.716448e-06
4.7902928e-06
4.8109984e-06
4.9066592e-06
4.8258784e-06
5.0756096e-06
5.0480064e-06
4.969912e-06
4.8929024e-06
5.053896e-06
5.0474768e-06
4.7956144e-06
4.705792e-06
4.7430176e-06
5.1176272e-06
5.0868336e-06
5.0554592e-06
5.0357616e-06
4.6818448e-06
4.7610112e-06
5.1749648e-06
5.1888368e-06
5.2658848e-06
5.1792528e-06
5.0740464e-06
4.9326864e-06
4.9847792e-06
4.8301408e-06
5.0268224e-06
5.0921296e-06
5.0383968e-06
4.9390672e-06
4.9911728e-06
4.9667216e-06
4.7148336e-06
4.8630528e-06
4.92792e-06
4.9650816e-06
5.1611696e-06
4.7701296e-06
4.4151536e-06
4.4124672e-06
4.5925904e-06
4.930568e-06
4.8237472e-06
4.8599008e-06
4.7961952e-06
4.857304e-06
5.1037296e-06
5.2366288e-06
4.8678576e-06
5.016632e-06
4.8242896e-06
4.724392e-06
4.9576672e-06
5.1208176e-06
4.9932656e-06
5.1952048e-06
5.0341856e-06
4.8210992e-06
4.8954736e-06
4.9730768e-06
4.8609856e-06
4.891792e-06
4.9555744e-06
4.9672768e-06
4.9969984e-06
5.0538064e-06
5.014552e-06
4.9656368e-06
4.87584e-06
5.0852448e-06
5.1484464e-06
5.1739568e-06
4.91676e-06
4.8067616e-06
4.8019184e-06
4.8529776e-06
4.9029392e-06
5.0331136e-06
4.893872e-06
4.9109216e-06
5.0713472e-06
5.1579536e-06
5.1138944e-06
4.9246912e-06
5.250992e-06
5.182456e-06
4.9109216e-06
4.8258912e-06
4.8306832e-06
4.9799872e-06
5.1447136e-06
5.1808288e-06
5.2111568e-06
5.0814992e-06
5.0592176e-06
4.9540112e-06
4.7308496e-06
4.7669776e-06
4.7249984e-06
4.7191088e-06
4.8248576e-06
4.8285776e-06
4.9465328e-06
4.9901264e-06
4.8981472e-06
4.9199248e-06
5.098976e-06
5.0591152e-06
5.25944e-06
5.0687504e-06
4.904592e-06
4.7154144e-06
4.7239264e-06
4.8089184e-06
4.8285776e-06
4.7382256e-06
4.6755664e-06
4.9523968e-06
4.6664736e-06
4.8030416e-06
4.9119424e-06
4.9422064e-06
5.0856976e-06
5.3497792e-06
5.4975072e-06
5.2158976e-06
5.2281168e-06
5.2207024e-06
4.9023968e-06
4.7398272e-06
4.5601824e-06
4.4682672e-06
4.6664352e-06
4.6978352e-06
4.7860432e-06
4.9714752e-06
4.7886912e-06
4.8046816e-06
4.8301792e-06
4.7579104e-06
4.8817168e-06
4.8216928e-06
4.7770656e-06
5.0442992e-06
4.8790048e-06
5.0458624e-06
4.4215344e-06
4.4002608e-06
4.5702704e-06
4.7239008e-06
4.967832e-06
4.8435088e-06
4.7420224e-06
4.5634752e-06
4.6490224e-06
4.5454176e-06
4.8493472e-06
4.838704e-06
4.9051088e-06
4.8349584e-06
5.082016e-06
4.949168e-06
4.9369232e-06
4.9087648e-06
4.8460288e-06
4.4571328e-06
4.814176e-06
4.8418688e-06
5.089016e-06
5.0783856e-06
5.0485616e-06
4.9810848e-06
4.8652096e-06
4.9788896e-06
5.0575264e-06
4.8688912e-06
4.8109728e-06
4.8801024e-06
4.690912e-06
4.6064368e-06
4.4746864e-06
4.6022256e-06
4.4263392e-06
4.445456e-06
4.413048e-06
4.5065392e-06
4.5257328e-06
4.6160336e-06
4.56128e-06
4.6543056e-06
4.6277488e-06
4.573008e-06
4.5565008e-06
4.6984032e-06
4.8014784e-06
4.9104176e-06
4.8673792e-06
4.783976e-06
4.7802688e-06
4.6208384e-06
4.5633984e-06
4.6855776e-06
4.5245968e-06
4.643624e-06
4.680888e-06
4.64848e-06
4.1813616e-06
4.2366064e-06
4.4210176e-06
4.3944352e-06
4.5868032e-06
4.6128432e-06
4.520928e-06
4.5145216e-06
4.5240544e-06
4.4565648e-06
4.6016448e-06
4.80888e-06
4.77168e-06
4.9879696e-06
5.0002144e-06
4.8556896e-06
4.5506624e-06
4.4358848e-06
4.441168e-06
4.2769968e-06
4.6554032e-06
4.5894768e-06
4.709008e-06
4.6888192e-06
4.6542928e-06
4.4523792e-06
4.543248e-06
4.8578208e-06
4.9433808e-06
5.2165168e-06
5.2080176e-06
4.9944016e-06
4.8710608e-06
4.9225856e-06
4.7647952e-06
4.6814048e-06
4.6277872e-06
4.7632448e-06
4.7946064e-06
4.7345568e-06
4.9273392e-06
4.8295856e-06
4.798224e-06
4.7110624e-06
4.6244688e-06
4.936936e-06
5.1218512e-06
5.187752e-06
4.98952e-06
4.8678704e-06
4.7079872e-06
4.783472e-06
4.704848e-06
4.6038528e-06
4.7765488e-06
4.8955248e-06
4.822688e-06
4.965624e-06
4.7621088e-06
4.6946192e-06
5.09532e-06
5.1437184e-06
5.2213088e-06
5.13788e-06
4.98372e-06
4.9316272e-06
4.8944272e-06
4.9119296e-06
4.670232e-06
4.6404592e-06
4.858816e-06
4.9868848e-06
4.9518288e-06
4.722816e-06
4.7892336e-06
4.8099776e-06
4.9597984e-06
5.1011456e-06
5.1734272e-06
5.1176016e-06
5.2275744e-06
5.0059888e-06
4.9720048e-06
5.0240336e-06
4.883216e-06
4.770608e-06
4.6319856e-06
4.698416e-06
5.1766176e-06
5.049608e-06
4.8609984e-06
4.873696e-06
4.9326992e-06
5.1739696e-06
5.4236752e-06
5.3710016e-06
5.1430864e-06
5.0092048e-06
5.043744e-06
5.1011328e-06
5.2244224e-06
5.2222784e-06
5.1786848e-06
5.0676272e-06
5.2445856e-06
5.0803888e-06
5.1324816e-06
4.9258144e-06
4.8716288e-06
4.8705952e-06
4.836056e-06
4.7361712e-06
4.882776e-06
4.786056e-06
4.7898144e-06
5.1351808e-06
5.2106016e-06
5.2754304e-06
5.5432192e-06
5.42312e-06
5.0969344e-06
5.0661024e-06
5.2978272e-06
5.2552928e-06
5.2271472e-06
4.9370256e-06
4.885424e-06
4.9475536e-06
4.6632576e-06
4.5655424e-06
4.6792608e-06
4.82912e-06
4.7781248e-06
4.70428e-06
4.9168112e-06
4.7042416e-06
4.7137872e-06
4.7738368e-06
4.7733328e-06
4.8185536e-06
4.6505088e-06
4.6255664e-06
4.7079744e-06
4.8301664e-06
5.0692288e-06
5.0533024e-06
5.0150944e-06
4.8386912e-06
4.7415056e-06
4.250504e-06
4.3509568e-06
4.487512e-06
4.8748832e-06
4.9806192e-06
4.7324384e-06
4.8662944e-06
4.9215776e-06
4.8567104e-06
4.7328784e-06
4.7365472e-06
4.8748576e-06
4.8651968e-06
4.790784e-06
4.6446448e-06
4.8088672e-06
5.1435904e-06
5.0288768e-06
5.0730128e-06
5.0916384e-06
5.3047632e-06
5.1798464e-06
4.9699632e-06
4.7674816e-06
4.62452e-06
4.70636e-06
4.7196128e-06
4.5952768e-06
4.60592e-06
4.818968e-06
4.9811104e-06
4.9065824e-06
4.7499024e-06
4.5979632e-06
4.44388e-06
4.4906512e-06
4.5018368e-06
4.7420224e-06
4.943936e-06
4.9502656e-06
4.9598368e-06
4.8519696e-06
4.9290304e-06
5.2111824e-06
5.015624e-06
4.9093456e-06
4.6893744e-06
4.9030032e-06
5.0783344e-06
4.8205696e-06
4.8486768e-06
5.0910192e-06
5.106984e-06
5.1394176e-06
5.2615968e-06
5.0219536e-06
4.8720944e-06
4.7599776e-06
4.6127792e-06
4.9645264e-06
4.8832288e-06
4.9608576e-06
4.848224e-06
5.0612976e-06
5.2090512e-06
5.1203008e-06
5.0841856e-06
5.1564544e-06
5.278608e-06
5.2201728e-06
5.135168e-06
4.7584784e-06
4.9412752e-06
5.0129504e-06
5.10112e-06
5.1548016e-06
5.3370688e-06
5.2866416e-06
5.3801584e-06
5.2367056e-06
4.8466864e-06
4.9896096e-06
4.7196896e-06
4.9412624e-06
4.8168624e-06
4.787128e-06
4.7951232e-06
4.5379264e-06
4.3695184e-06
4.4338176e-06
4.5491376e-06
4.8263696e-06
4.8503424e-06
4.7754384e-06
4.7563344e-06
4.9784112e-06
4.7924112e-06
4.7138e-06
4.648416e-06
4.5065264e-06
4.765816e-06
4.6787184e-06
4.671304e-06
4.6920352e-06
4.5698432e-06
4.589528e-06
4.4726064e-06
4.685112e-06
4.7839248e-06
4.8290816e-06
4.8625104e-06
5.0427488e-06
4.9524096e-06
4.9348944e-06
4.7940768e-06
4.6505856e-06
4.6357184e-06
4.7637744e-06
4.9125872e-06
4.8403312e-06
4.8557024e-06
4.7983136e-06
4.7084912e-06
4.7477968e-06
4.8423472e-06
5.0273136e-06
5.1367696e-06
5.0661024e-06
5.0182976e-06
4.8381872e-06
4.9911984e-06
4.9370896e-06
5.0672256e-06
5.009256e-06
5.0448672e-06
4.9922704e-06
4.8360432e-06
4.775464e-06
4.578872e-06
4.8179984e-06
4.9274928e-06
4.8562832e-06
4.9657904e-06
4.9089056e-06
4.9163456e-06
4.7005472e-06
4.6069792e-06
4.5703472e-06
4.6787056e-06
4.714872e-06
4.796776e-06
4.6628048e-06
4.7037376e-06
4.7228544e-06
4.5278e-06
4.7477456e-06
4.870544e-06
5.0921424e-06
5.1569712e-06
4.9518672e-06
4.992232e-06
4.907744e-06
4.8785136e-06
4.9582608e-06
4.9285136e-06
5.0384864e-06
4.6893872e-06
4.9295856e-06
4.839272e-06
5.034792e-06
4.78076e-06
4.4422016e-06
4.3173232e-06
4.5298928e-06
4.677672e-06
4.5634368e-06
4.6149872e-06
4.37692e-06
4.355672e-06
4.2578928e-06
4.2998848e-06
4.4061504e-06
4.4560736e-06
4.3471728e-06
4.4646368e-06
4.4752928e-06
4.8329168e-06
4.6299312e-06
4.5166912e-06
4.4077392e-06
4.4751904e-06
4.3338176e-06
4.3200608e-06
4.4470832e-06
4.6234864e-06
4.3647392e-06
4.4879776e-06
4.4932736e-06
4.6144576e-06
4.7307856e-06
4.7211888e-06
4.7828272e-06
4.8375552e-06
4.82956e-06
4.7828272e-06
4.8439488e-06
4.7440512e-06
4.6330064e-06
4.5532592e-06
4.4698304e-06
4.4517856e-06
4.6484672e-06
4.6160464e-06
4.5804096e-06
4.5984544e-06
4.5261472e-06
4.8529136e-06
4.8332544e-06
4.6526144e-06
4.495328e-06
4.6451616e-06
4.7179984e-06
4.4602848e-06
4.6032464e-06
4.7652864e-06
4.6643296e-06
4.848728e-06
4.7728032e-06
4.7834464e-06
4.7882896e-06
4.599616e-06
5.2275744e-06
4.991664e-06
5.0240976e-06
5.0124336e-06
4.9858896e-06
4.9693824e-06
4.69148e-06
4.614432e-06
4.726536e-06
4.7599904e-06
4.5240416e-06
4.6898144e-06
4.9252208e-06
5.1404384e-06
4.7089952e-06
4.9061424e-06
5.0336944e-06
4.975776e-06
4.9619296e-06
4.996456e-06
4.7221968e-06
4.6472416e-06
4.7869744e-06
4.9464048e-06
5.0017264e-06
5.1526832e-06
5.3971312e-06
5.1962896e-06
5.128296e-06
5.1272368e-06
5.1261776e-06
4.983784e-06
4.9184128e-06
4.7908736e-06
4.6511152e-06
4.7090336e-06
4.7377216e-06
4.758376e-06
4.8279584e-06
4.6361584e-06
4.9715392e-06
5.0730256e-06
5.0007568e-06
5.0592304e-06
4.9401648e-06
4.8668112e-06
5.0405792e-06
5.1542592e-06
5.0405536e-06
5.1914336e-06
5.0798592e-06
5.1946112e-06
4.9013504e-06
4.884352e-06
4.8094352e-06
4.7733072e-06
4.8131808e-06
4.9449824e-06
5.0071248e-06
5.0740848e-06
4.6488816e-06
4.5962848e-06
4.505984e-06
4.5277872e-06
4.7616176e-06
4.8153248e-06
4.6904464e-06
4.6149872e-06
4.7573808e-06
4.9130272e-06
5.1255712e-06
4.647344e-06
4.5506752e-06
4.4082176e-06
4.5904976e-06
4.6856032e-06
4.8864704e-06
4.9699248e-06
4.9427744e-06
5.0506032e-06
4.7972288e-06
4.7626896e-06
4.459264e-06
4.3577648e-06
4.4715088e-06
4.4990864e-06
4.3200608e-06
4.4688608e-06
4.7786928e-06
4.692616e-06
4.6442816e-06
4.7861456e-06
4.8371536e-06
4.9773904e-06
5.1362656e-06
5.1702624e-06
5.1638432e-06
4.8279968e-06
4.8429152e-06
4.8583248e-06
4.7175072e-06
4.6239904e-06
4.6106736e-06
4.677104e-06
4.63776e-06
4.6292864e-06
4.6128048e-06
4.2897968e-06
4.4464768e-06
4.6925264e-06
5.142608e-06
5.2010304e-06
5.1872224e-06
5.0597344e-06
4.9300896e-06
4.8328656e-06
4.8551472e-06
4.8901776e-06
4.7148208e-06
4.5979248e-06
4.7260192e-06
4.793496e-06
5.0916e-06
4.9922448e-06
4.7350864e-06
4.5480144e-06
4.5772192e-06
4.8003552e-06
4.8285136e-06
4.943304e-06
4.9517904e-06
4.9421936e-06
4.8460544e-06
4.8429024e-06
5.017768e-06
5.0719664e-06
4.8642144e-06
4.6819728e-06
4.9264208e-06
4.8429536e-06
5.1293552e-06
4.7228288e-06
4.760016e-06
4.784416e-06
4.9522816e-06
5.0883456e-06
5.0862272e-06
4.8944272e-06
4.8933936e-06
4.9608832e-06
5.1659872e-06
5.2122672e-06
4.8944912e-06
4.6457936e-06
5.0129504e-06
5.0389904e-06
5.1245504e-06
5.0342496e-06
5.065056e-06
5.0066208e-06
4.645328e-06
4.8727648e-06
4.8780864e-06
4.8180496e-06
4.835048e-06
4.757432e-06
4.6590848e-06
4.9539472e-06
5.018776e-06
4.9236576e-06
4.887504e-06
4.7929024e-06
4.7944912e-06
4.7987536e-06
4.8126e-06
4.8316784e-06
4.8784368e-06
4.9757376e-06
5.0018288e-06
4.7781248e-06
5.144752e-06
5.0294192e-06
5.10112e-06
4.9459392e-06
4.711656e-06
4.6707616e-06
4.5453792e-06
4.8216544e-06
4.8360176e-06
4.9698864e-06
4.8811744e-06
4.7461696e-06
4.83656e-06
4.7020848e-06
4.7567872e-06
4.9602896e-06
5.00068e-06
4.7701424e-06
4.7993728e-06
4.8966352e-06
4.6670672e-06
4.4104e-06
4.628808e-06
4.908816e-06
5.188888e-06
5.2064416e-06
4.9635824e-06
4.7403952e-06
4.7526656e-06
4.5140944e-06
4.5263008e-06
4.5517472e-06
4.742488e-06
4.9306064e-06
4.7956144e-06
4.7106096e-06
4.6877344e-06
4.8084016e-06
5.0289408e-06
4.8796112e-06
5.2319392e-06
4.9923088e-06
5.0438336e-06
4.909384e-06
4.7489584e-06
4.9641504e-06
4.9168496e-06
4.9348944e-06
4.90888e-06
4.6873328e-06
4.70592e-06
4.679312e-06
4.5804736e-06
4.6628432e-06
4.5777872e-06
4.9163072e-06
5.036936e-06
4.837128e-06
4.9280224e-06
5.0698864e-06
5.0410704e-06
4.8864704e-06
4.7818576e-06
4.8200912e-06
4.798288e-06
4.697344e-06
4.6309136e-06
4.5783296e-06
4.662792e-06
4.6245456e-06
4.7202064e-06
4.662288e-06
4.5868544e-06
4.7701552e-06
4.7595632e-06
4.8386912e-06
4.8838096e-06
5.0819776e-06
5.1223296e-06
5.1255328e-06
4.6666016e-06
4.7791968e-06
4.6787824e-06
4.8509232e-06
4.822184e-06
4.7440768e-06
4.8386784e-06
4.7557664e-06
4.8344288e-06
4.88492e-06
4.6649616e-06
4.6995008e-06
4.557056e-06
4.5904976e-06
4.4183312e-06
4.4985568e-06
4.6728672e-06
4.664432e-06
4.6915824e-06
4.7845312e-06
4.8221712e-06
4.9230896e-06
4.6706976e-06
4.420424e-06
4.6712016e-06
4.6420352e-06
4.4948624e-06
4.5852016e-06
4.5060352e-06
4.5176992e-06
4.6181136e-06
4.5777104e-06
4.6085424e-06
4.511344e-06
4.4007904e-06
4.731832e-06
4.73448e-06
4.8534944e-06
5.0687376e-06
4.934288e-06
4.35252e-06
4.5676736e-06
4.5235504e-06
4.6526656e-06
4.5761472e-06
4.6882896e-06
4.6468528e-06
4.8811744e-06
4.9263568e-06
4.6983776e-06
4.553336e-06
4.773888e-06
4.6628048e-06
4.7961824e-06
4.7770272e-06
4.5437776e-06
4.4890496e-06
4.2329504e-06
4.2573632e-06
4.2053088e-06
4.6659568e-06
4.8758784e-06
4.7307984e-06
4.7908352e-06
4.8763696e-06
5.0150944e-06
5.0342368e-06
5.1160384e-06
4.828048e-06
4.9890416e-06
4.911464e-06
4.6802944e-06
4.613864e-06
4.4810288e-06
4.8136464e-06
4.7849456e-06
4.7222352e-06
4.8853856e-06
4.82376e-06
4.9013504e-06
4.9587904e-06
4.9928e-06
5.0155984e-06
4.8859792e-06
4.8301792e-06
4.7265488e-06
4.6207616e-06
4.5575344e-06
4.7111136e-06
4.8205696e-06
4.759448e-06
4.920984e-06
4.9486256e-06
5.113856e-06
4.9709456e-06
4.8774416e-06
4.9529136e-06
4.8238496e-06
4.8434832e-06
4.9853728e-06
4.525656e-06
4.7207104e-06
4.888136e-06
4.6543184e-06
4.696272e-06
4.6382896e-06
4.6749472e-06
4.8821824e-06
5.115496e-06
5.0899216e-06
5.1382432e-06
5.2551392e-06
5.1159744e-06
5.0373888e-06
5.047464e-06
4.9831648e-06
4.769032e-06
4.6191344e-06
4.6568896e-06
4.4640176e-06
4.8253104e-06
4.8550192e-06
4.694e-06
4.7870256e-06
4.7392208e-06
4.645768e-06
4.7759424e-06
4.7254768e-06
4.6181264e-06
4.5400576e-06
4.5310032e-06
4.7669264e-06
4.949168e-06
5.1978656e-06
5.1027344e-06
5.0246144e-06
5.0495824e-06
4.9948416e-06
4.8487024e-06
4.9155984e-06
4.6005856e-06
4.5140048e-06
4.5756688e-06
4.4056208e-06
4.31948e-06
4.5665632e-06
4.8162944e-06
4.8476432e-06
4.731264e-06
4.5644576e-06
4.63568e-06
4.6670288e-06
4.545328e-06
4.680888e-06
4.5602848e-06
4.5135008e-06
4.261096e-06
4.4359232e-06
4.4539296e-06
4.3652176e-06
4.7701168e-06
4.8779456e-06
5.0139968e-06
4.834416e-06
4.944944e-06
5.0209072e-06
4.9396224e-06
4.930568e-06
4.9927232e-06
5.067072e-06
5.209504e-06
4.93e-06
4.9363936e-06
4.820544e-06
4.6834464e-06
4.534672e-06
4.8248448e-06
4.95932e-06
4.8944656e-06
4.8248832e-06
5.1601744e-06
5.24204e-06
4.8913008e-06
4.8796112e-06
5.005536e-06
5.0963792e-06
4.738704e-06
4.7615536e-06
4.603712e-06
4.5872432e-06
4.4789104e-06
4.674456e-06
4.7105712e-06
4.8582608e-06
4.8268736e-06
4.9384992e-06
4.9799232e-06
5.0533024e-06
4.8801024e-06
4.9507952e-06
4.8232304e-06
4.8636336e-06
4.9815888e-06
4.9720176e-06
4.9364192e-06
4.9246912e-06
4.9900752e-06
4.84028e-06
4.7643424e-06
5.2048144e-06
5.0692544e-06
5.0660512e-06
4.8423472e-06
4.7743792e-06
4.6452384e-06
4.5453536e-06
4.8376448e-06
4.9045664e-06
4.9305808e-06
4.930568e-06
4.6277232e-06
4.8939488e-06
5.0140224e-06
4.8907584e-06
4.975776e-06
4.7610752e-06
4.8838224e-06
4.8062576e-06
4.6409888e-06
4.4151664e-06
4.3630992e-06
4.5257456e-06
4.7680496e-06
4.6442048e-06
4.8317936e-06
4.6431456e-06
4.5841936e-06
4.6356928e-06
4.7042416e-06
4.7350736e-06
4.7717184e-06
4.87376e-06
4.64848e-06
4.673448e-06
4.6664992e-06
4.925272e-06
5.12508e-06
4.750432e-06
4.7669264e-06
4.6016832e-06
4.6218976e-06
4.7855264e-06
4.8227136e-06
4.8987536e-06
4.9508464e-06
4.6990096e-06
4.5448752e-06
4.4051552e-06
4.4465664e-06
4.534736e-06
4.7037632e-06
4.7930432e-06
4.8201424e-06
5.049672e-06
4.8929152e-06
4.8626256e-06
4.8838864e-06
4.9348944e-06
4.8791072e-06
4.9752592e-06
5.0889648e-06
4.9460672e-06
4.9396864e-06
4.8094736e-06
4.8669136e-06
4.7712656e-06
4.6017088e-06
4.656424e-06
4.5783168e-06
4.7962336e-06
4.636752e-06
4.6527168e-06
4.8642144e-06
5.0103408e-06
5.0762032e-06
4.883848e-06
4.9720688e-06
4.8939616e-06
5.1585728e-06
4.8838864e-06
4.7186048e-06
4.8387296e-06
4.634736e-06
4.733032e-06
4.7383024e-06
4.706424e-06
4.6660208e-06
4.9364704e-06
4.9279584e-06
4.9603664e-06
4.8136976e-06
5.0039344e-06
5.4082528e-06
5.0644496e-06
5.2036528e-06
5.0671104e-06
4.9667216e-06
4.8790688e-06
4.7961696e-06
4.9715392e-06
4.986936e-06
5.0841728e-06
5.1564416e-06
4.8790688e-06
4.7531312e-06
4.599048e-06
4.727104e-06
4.5958576e-06
4.5427056e-06
4.4677376e-06
4.9911472e-06
4.8423472e-06
4.7520464e-06
4.8030416e-06
4.7924368e-06
4.8625616e-06
5.016632e-06
5.0570352e-06
4.9199504e-06
5.0193568e-06
5.0124336e-06
5.0140224e-06
4.926848e-06
5.0405792e-06
5.0278176e-06
5.1383328e-06
4.9986128e-06
5.088384e-06
4.933784e-06
4.8524864e-06
4.915688e-06
4.8344288e-06
4.748856e-06
4.8307216e-06
4.7297392e-06
4.7467504e-06
4.8689296e-06
4.9773392e-06
4.9374528e-06
4.9974896e-06
4.854592e-06
4.8408096e-06
4.622944e-06
4.2275648e-06
4.3449904e-06
4.3268944e-06
4.6233968e-06
4.7036608e-06
4.627672e-06
5.0841088e-06
4.746208e-06
4.880128e-06
4.868968e-06
4.919472e-06
5.0836688e-06
5.0921296e-06
4.7908608e-06
4.8301408e-06
4.7190832e-06
4.6819472e-06
4.7239648e-06
5.0081968e-06
5.0236192e-06
4.9077952e-06
4.918968e-06
4.7510128e-06
4.7642656e-06
4.8386528e-06
4.8269504e-06
4.6983648e-06
5.2753536e-06
5.105344e-06
5.0075904e-06
5.1467936e-06
4.867328e-06
4.9225856e-06
4.7621216e-06
4.7488688e-06
4.8397376e-06
4.7749216e-06
4.7573808e-06
4.8465968e-06
5.2280656e-06
5.3359456e-06
5.2217232e-06
5.2021024e-06
5.0315248e-06
4.9576928e-06
4.9905536e-06
5.2801456e-06
4.8307344e-06
4.947088e-06
5.1245632e-06
5.0586624e-06
5.1670848e-06
5.21436e-06
5.1935904e-06
4.987944e-06
4.8141632e-06
4.8662048e-06
4.8364576e-06
4.8210736e-06
4.4677632e-06
4.843432e-06
4.995952e-06
4.9960032e-06
5.1383712e-06
5.0544e-06
4.9274544e-06
4.756296e-06
4.704216e-06
4.5426672e-06
4.442744e-06
4.768464e-06
4.8014272e-06
4.9603408e-06
5.0506672e-06
5.1218768e-06
5.0559632e-06
5.0533664e-06
4.9205312e-06
5.1075392e-06
5.326968e-06
5.1558736e-06
4.8758272e-06
4.781264e-06
4.7408608e-06
4.7897632e-06
4.7589568e-06
4.855664e-06
4.4969168e-06
4.69728e-06
4.648416e-06
4.5612672e-06
4.5554032e-06
4.7058048e-06
4.6813792e-06
4.7574064e-06
4.8689808e-06
4.938072e-06
4.9221072e-06
4.5108528e-06
4.5187968e-06
4.525152e-06
4.5947344e-06
4.4523152e-06
4.6090592e-06
4.4640176e-06
4.6702064e-06
4.5298928e-06
4.947088e-06
4.8949824e-06
4.958752e-06
5.1118016e-06
5.0857488e-06
4.7711504e-06
4.7499152e-06
4.7695872e-06
4.7935216e-06
4.609136e-06
4.5650512e-06
4.5868288e-06
4.4651536e-06
4.5618736e-06
4.5374224e-06
4.5613312e-06
4.757936e-06
4.8009872e-06
4.9301408e-06
4.6027808e-06
4.546464e-06
4.434296e-06
4.482656e-06
4.5469168e-06
4.5952896e-06
4.597408e-06
4.8412752e-06
4.7594608e-06
4.6659184e-06
4.6362096e-06
4.5071072e-06
4.601696e-06
4.7361584e-06
4.556552e-06
4.618152e-06
4.7562832e-06
4.5607632e-06
4.690976e-06
4.709576e-06
4.6782144e-06
4.9709712e-06
4.7058304e-06
5.0262928e-06
5.0241616e-06
4.9837584e-06
4.973128e-06
4.6930816e-06
4.9534176e-06
4.8439616e-06
4.7876192e-06
4.65636e-06
4.5479888e-06
4.431648e-06
4.44016e-06
4.6362352e-06
4.8020208e-06
4.7403312e-06
4.8072656e-06
4.8636208e-06
4.9029648e-06
4.5702704e-06
4.6377856e-06
4.3837664e-06
4.5017344e-06
4.6484416e-06
4.6362352e-06
4.701568e-06
4.9130528e-06
4.8269632e-06
4.6861072e-06
4.7956016e-06
4.6250368e-06
4.6892464e-06
4.8859024e-06
4.6011024e-06
4.6908736e-06
4.6993728e-06
4.7472288e-06
4.8407968e-06
4.7291584e-06
4.5454048e-06
4.694192e-06
4.690472e-06
4.7403824e-06
4.81424e-06
4.9657008e-06
4.8328656e-06
4.605984e-06
4.689336e-06
4.7674304e-06
4.5686944e-06
4.566576e-06
4.3832624e-06
4.6452e-06
4.4156832e-06
4.6712656e-06
4.714304e-06
4.663296e-06
4.7578848e-06
4.5921376e-06
4.4427696e-06
4.6255152e-06
4.5729568e-06
4.6765872e-06
4.768024e-06
4.7897632e-06
4.7101056e-06
4.770672e-06
5.0145904e-06
4.9242768e-06
4.7775952e-06
4.7377216e-06
4.5033616e-06
4.4736016e-06
4.5623648e-06
4.7249856e-06
4.822816e-06
4.9928512e-06
4.8589184e-06
4.543248e-06
4.661152e-06
4.6446832e-06
4.7753872e-06
4.5931712e-06
4.6675456e-06
4.5628944e-06
4.5958448e-06
4.6909504e-06
4.6415568e-06
4.846144e-06
4.7032336e-06
4.739904e-06
4.6607376e-06
4.733536e-06
4.6181904e-06
4.5543696e-06
4.5400064e-06
4.4847104e-06
4.6000048e-06
4.7238368e-06
4.7515424e-06
4.9975536e-06
4.55548e-06
4.5273216e-06
4.3833648e-06
4.495456e-06
4.5576112e-06
4.7653632e-06
4.7101056e-06
4.4778896e-06
4.6352016e-06
4.606992e-06
4.8460672e-06
4.6840016e-06
4.455544e-06
4.513488e-06
4.3870464e-06
4.2287008e-06
4.3344112e-06
4.4736272e-06
5.000744e-06
4.9184e-06
4.7728032e-06
5.092672e-06
5.0098112e-06
4.8663072e-06
4.9231536e-06
4.9438848e-06
5.0225344e-06
5.0969728e-06
4.9455248e-06
4.8689808e-06
4.4087856e-06
4.5607376e-06
4.6265872e-06
4.6234096e-06
4.7249344e-06
4.947592e-06
4.895512e-06
4.8445168e-06
4.586184e-06
4.6717568e-06
4.549552e-06
4.6495008e-06
4.6367392e-06
4.8025504e-06
4.6639024e-06
4.6665376e-06
4.681392e-06
4.6207872e-06
4.7052752e-06
4.8375936e-06
4.8232816e-06
4.9597984e-06
4.9311104e-06
4.9975408e-06
4.8104944e-06
4.6409504e-06
4.7429792e-06
4.8035456e-06
4.5384816e-06
4.7717056e-06
4.8317424e-06
4.6935984e-06
4.97792e-06
5.025208e-06
5.0746144e-06
4.8684512e-06
4.7196384e-06
4.6771168e-06
4.4794656e-06
4.626096e-06
4.7148592e-06
4.505544e-06
4.5592256e-06
4.5602464e-06
4.6150384e-06
4.5682672e-06
4.6314944e-06
4.6198048e-06
4.6686944e-06
4.4518752e-06
4.60756e-06
4.6723248e-06
4.633536e-06
4.8109984e-06
4.8041008e-06
4.9725728e-06
4.901944e-06
4.8806832e-06
4.9284752e-06
4.7759936e-06
4.6941664e-06
4.5820368e-06
4.6856544e-06
4.7739008e-06
4.7292864e-06
4.8812256e-06
4.5666784e-06
4.6570048e-06
5.1229616e-06
5.2111696e-06
5.3153168e-06
5.0714112e-06
5.0485872e-06
4.8763952e-06
4.6856416e-06
4.676664e-06
4.6458576e-06
4.7441536e-06
4.6761216e-06
4.7074576e-06
4.7781248e-06
4.7669904e-06
4.7063984e-06
4.6814176e-06
4.7871024e-06
4.647344e-06
5.0331392e-06
4.9247296e-06
4.8885888e-06
5.0575904e-06
4.9401648e-06
4.8031184e-06
4.7685152e-06
4.7137872e-06
4.7201424e-06
4.74936e-06
4.9688272e-06
4.9215008e-06
4.7541392e-06
4.8992064e-06
4.9783856e-06
4.670168e-06
4.7116048e-06
4.686624e-06
4.731264e-06
4.7126768e-06
4.7068512e-06
5.1325328e-06
4.233984e-06
4.3848512e-06
4.4284192e-06
4.5734864e-06
4.7339632e-06
4.612288e-06
4.7972288e-06
4.8200656e-06
4.9151712e-06
4.6027168e-06
4.8535328e-06
4.5809136e-06
4.5549248e-06
4.6638512e-06
4.7441024e-06
4.544824e-06
4.480008e-06
4.5618352e-06
4.5889088e-06
4.2381824e-06
5.1027728e-06
4.8025376e-06
4.6930816e-06
4.6435984e-06
4.5468656e-06
4.3985952e-06
4.6127536e-06
4.4400448e-06
4.4485568e-06
4.4889728e-06
4.5974336e-06
4.824328e-06
4.7791456e-06
4.9289792e-06
4.9114384e-06
4.8832672e-06
4.90352e-06
4.8588672e-06
4.8955248e-06
5.1383712e-06
4.8439232e-06
4.9215136e-06
5.0097216e-06
5.012976e-06
4.6543312e-06
4.6565008e-06
4.6177248e-06
4.8605328e-06
4.7415056e-06
4.9455504e-06
4.89772e-06
4.7967632e-06
4.8132064e-06
4.8913008e-06
4.7233456e-06
4.6175456e-06
4.5261856e-06
4.4852912e-06
4.6154528e-06
4.5915568e-06
4.7690704e-06
5.009256e-06
5.0698352e-06
4.89444e-06
4.7509872e-06
4.8211504e-06
4.8307216e-06
5.0384864e-06
5.0927104e-06
5.0081968e-06
5.08624e-06
4.9719792e-06
4.9847536e-06
4.7732944e-06
4.7754768e-06
4.8568128e-06
4.8089568e-06
4.8349968e-06
4.8902288e-06
4.8838352e-06
4.7797264e-06
5.0629376e-06
4.7807472e-06
4.6797776e-06
4.7786672e-06
4.781328e-06
4.7467376e-06
4.7366496e-06
4.903016e-06
4.8886784e-06
4.776536e-06
4.7133088e-06
4.6664864e-06
4.866824e-06
4.8269504e-06
4.5357824e-06
4.4852912e-06
4.6516064e-06
4.6936112e-06
4.6691856e-06
5.1165808e-06
4.9204928e-06
5.1155344e-06
4.9247552e-06
4.8695104e-06
4.6925648e-06
4.7871536e-06
4.6904464e-06
4.5714192e-06
4.7032336e-06
4.8440128e-06
4.766952e-06
4.7005472e-06
4.63196e-06
4.8094096e-06
4.765376e-06
4.632024e-06
4.5586704e-06
4.485872e-06
4.8631296e-06
4.938072e-06
4.8089824e-06
4.784544e-06
4.8052624e-06
4.8695232e-06
4.879624e-06
4.9614256e-06
5.034224e-06
4.8583632e-06
4.9720688e-06
4.7605712e-06
4.8923216e-06
4.8015168e-06
4.8520208e-06
4.7664608e-06
4.8849328e-06
4.8089184e-06
4.7568256e-06
4.8864704e-06
4.9252848e-06
4.4141456e-06
4.3657728e-06
4.451256e-06
4.5521872e-06
4.3178784e-06
4.3731872e-06
4.5453408e-06
4.57408e-06
4.5251776e-06
4.4582176e-06
4.525216e-06
4.6739648e-06
4.812096e-06
4.8185024e-06
4.7770016e-06
4.6877728e-06
4.7616304e-06
4.5166528e-06
4.5214576e-06
4.5751264e-06
4.8036096e-06
4.7159184e-06
4.5379008e-06
4.597408e-06
4.589968e-06
4.9247424e-06
4.780192e-06
4.8317552e-06
4.727104e-06
4.833912e-06
4.7531312e-06
4.8306832e-06
4.8965584e-06
4.7408864e-06
4.9029776e-06
5.0793936e-06
4.8998128e-06
4.9715648e-06
4.8200912e-06
4.7818448e-06
4.8870256e-06
4.950304e-06
5.1979552e-06
5.0204672e-06
5.1639584e-06
4.8632064e-06
4.9546048e-06
4.7553008e-06
4.7005472e-06
4.8966096e-06
4.8476816e-06
4.7042416e-06
4.7680368e-06
4.7573936e-06
4.8423984e-06
4.6978352e-06
4.657432e-06
4.9353216e-06
4.9614e-06
5.1973616e-06
4.970984e-06
5.1575008e-06
5.0379312e-06
5.1165424e-06
5.1590384e-06
4.9486384e-06
4.7365984e-06
4.789208e-06
4.7977328e-06
4.5947472e-06
4.7201552e-06
4.8954992e-06
4.875272e-06
4.7716544e-06
4.7025632e-06
4.5330576e-06
4.6930048e-06
4.7631552e-06
4.773256e-06
4.7881744e-06
4.6027552e-06
4.325912e-06
4.508192e-06
4.5288848e-06
4.6308752e-06
4.6829424e-06
4.7828144e-06
4.5883536e-06
4.6011152e-06
4.6542288e-06
4.6488944e-06
4.6393744e-06
4.8891184e-06
4.885928e-06
4.6882768e-06
4.6324896e-06
4.7100544e-06
4.6803584e-06
4.6580256e-06
4.6702576e-06
5.1319904e-06
4.9996592e-06
5.0257248e-06
5.078296e-06
4.9401648e-06
4.6755536e-06
4.614496e-06
4.4072736e-06
4.3732256e-06
4.5044592e-06
4.6537632e-06
4.8105072e-06
4.720168e-06
4.9279072e-06
5.0426976e-06
4.9603536e-06
4.9704544e-06
4.7196896e-06
4.5357824e-06
4.7499536e-06
5.0241744e-06
4.9976432e-06
4.9519056e-06
4.9540112e-06
4.8195616e-06
4.7775824e-06
5.031008e-06
5.0544128e-06
5.0469984e-06
5.071424e-06
4.826472e-06
4.5836768e-06
4.6128816e-06
4.704848e-06
4.6336128e-06
4.7755152e-06
4.8743152e-06
4.8998512e-06
4.7463104e-06
4.9870128e-06
4.7877088e-06
4.8227648e-06
4.7637744e-06
5.0698608e-06
4.7978096e-06
4.8865728e-06
4.9545664e-06
4.8466864e-06
4.9970368e-06
4.9598496e-06
5.1278176e-06
5.0868592e-06
5.0326608e-06
4.732904e-06
4.7658672e-06
4.759512e-06
4.6330576e-06
4.5905488e-06
4.6548736e-06
4.5964256e-06
4.8849456e-06
5.0119168e-06
4.9858896e-06
4.724456e-06
4.6984288e-06
4.9938976e-06
4.825464e-06
4.8302304e-06
4.8684896e-06
4.90516e-06
4.917896e-06
4.8402928e-06
4.897656e-06
4.9332416e-06
4.7663968e-06
4.8663584e-06
4.7585168e-06
4.8185664e-06
4.9322336e-06
4.8307216e-06
4.4561248e-06
4.6203216e-06
4.5151024e-06
4.8344032e-06
4.9895456e-06
4.9635312e-06
4.997528e-06
4.7923984e-06
4.4927056e-06
4.5570048e-06
4.2615616e-06
4.4714704e-06
4.49432e-06
4.504408e-06
4.5862736e-06
4.437448e-06
4.3891008e-06
4.4879008e-06
4.3864528e-06
4.4651408e-06
4.8184e-06
4.6356928e-06
4.8105328e-06
4.7807856e-06
4.5108528e-06
4.3009952e-06
4.1877936e-06
4.3020288e-06
4.5257456e-06
4.6032592e-06
4.8609344e-06
4.7663456e-06
4.7159184e-06
4.7483264e-06
4.9608448e-06
5.187752e-06
5.172872e-06
5.0086752e-06
4.8598752e-06
4.839144e-06
4.8418944e-06
5.051752e-06
4.8838096e-06
4.84236e-06
5.125016e-06
5.1537168e-06
5.049544e-06
4.821616e-06
4.8067488e-06
4.8413264e-06
5.024136e-06
5.0798976e-06
4.9311232e-06
4.9566208e-06
5.1086112e-06
5.0432528e-06
5.1596192e-06
5.239896e-06
5.1585856e-06
5.0964304e-06
4.858312e-06
4.6749472e-06
4.847152e-06
4.8200656e-06
4.8498384e-06
4.9114768e-06
4.8567616e-06
4.7403824e-06
5.0256992e-06
4.9215648e-06
4.8168624e-06
4.916824e-06
5.0013376e-06
4.903016e-06
5.0501888e-06
5.2266048e-06
5.112848e-06
5.1468576e-06
5.0129376e-06
4.9826736e-06
4.5894512e-06
4.6032848e-06
4.6559072e-06
4.8126768e-06
5.018336e-06
4.7892464e-06
4.9040112e-06
4.7690704e-06
4.7903312e-06
4.9104048e-06
5.1702496e-06
4.9103792e-06
4.932712e-06
4.930568e-06
4.9975536e-06
4.9720304e-06
4.9698608e-06
4.847656e-06
4.7312768e-06
4.8285264e-06
4.720672e-06
4.8343904e-06
4.906168e-06
4.854088e-06
4.7706592e-06
4.8243792e-06
4.6910144e-06
4.6160848e-06
4.768024e-06
4.7961696e-06
4.8025248e-06
4.8722096e-06
4.9737344e-06
4.9896864e-06
5.0374912e-06
5.0311104e-06
4.9189552e-06
5.0714624e-06
4.9604048e-06
4.9220432e-06
5.0644624e-06
5.0219664e-06
4.8599008e-06
4.679312e-06
4.6633728e-06
4.8068128e-06
4.502896e-06
4.6320112e-06
4.7446576e-06
4.877544e-06
4.8190832e-06
4.9859536e-06
5.1426976e-06
4.9099264e-06
5.0246528e-06
4.9359024e-06
4.8806448e-06
4.8498384e-06
4.9555616e-06
4.9656496e-06
4.8599648e-06
4.7313536e-06
4.8046944e-06
4.82168e-06
4.7180496e-06
4.763736e-06
4.7084528e-06
4.8125872e-06
4.880632e-06
5.0102768e-06
5.1133648e-06
4.985864e-06
4.9364704e-06
4.9529264e-06
4.8041392e-06
4.8259296e-06
4.8710992e-06
5.0762032e-06
4.9343776e-06
4.8876064e-06
5.0639968e-06
5.0475408e-06
5.0363808e-06
4.8663456e-06
4.6533104e-06
4.5959344e-06
4.8020848e-06
4.7462848e-06
4.771744e-06
4.521496e-06
4.587384e-06
4.5411552e-06
4.615e-06
4.67452e-06
4.733472e-06
4.8434448e-06
5.0670848e-06
5.1176272e-06
4.9826608e-06
5.0963792e-06
4.4942944e-06
4.684544e-06
4.6521744e-06
4.7605712e-06
4.846648e-06
4.8269888e-06
4.8806576e-06
5.0034176e-06
5.2419632e-06
5.0214112e-06
5.1813968e-06
4.9056384e-06
5.0804784e-06
4.8832928e-06
4.8402544e-06
4.6872176e-06
4.7833952e-06
4.7626256e-06
4.8555744e-06
4.5166016e-06
5.0660896e-06
4.8667984e-06
4.572944e-06
4.4077264e-06
4.5708384e-06
4.7222736e-06
4.6908864e-06
4.7722096e-06
4.7525888e-06
4.6340912e-06
4.6760448e-06
4.6611264e-06
4.6308752e-06
4.688768e-06
4.9417152e-06
4.9342752e-06
4.6893488e-06
4.5575856e-06
4.802008e-06
5.029432e-06
4.498608e-06
4.6298416e-06
4.8248448e-06
4.7552624e-06
4.755792e-06
4.599048e-06
4.727104e-06
4.6707616e-06
4.8052112e-06
4.7924624e-06
4.6117328e-06
4.5219744e-06
4.357816e-06
4.3408176e-06
4.3180064e-06
4.3174256e-06
4.5469936e-06
4.7047584e-06
4.9364448e-06
4.699992e-06
)
;

boundaryField
{
    xPeriodic_half0
    {
        type            cyclic;
    }
    xPeriodic_half1
    {
        type            cyclic;
    }
    yPeriodic_half0
    {
        type            cyclic;
    }
    yPeriodic_half1
    {
        type            cyclic;
    }
    zPeriodic_half0
    {
        type            cyclic;
    }
    zPeriodic_half1
    {
        type            cyclic;
    }
}


// ************************************************************************* //
