/*--------------------------------*- C++ -*----------------------------------*\
| =========                 |                                                 |
| \\      /  F ield         | OpenFOAM: The Open Source CFD Toolbox           |
|  \\    /   O peration     | Version:  2.4.0-MNF                             |
|   \\  /    A nd           | Web:      www.OpenFOAM.org                      |
|    \\/     M anipulation  |                                                 |
\*---------------------------------------------------------------------------*/
FoamFile
{
    version     2.0;
    format      ascii;
    class       volScalarField;
    location    "0.0008";
    object      rhoN_N2;
}
// * * * * * * * * * * * * * * * * * * * * * * * * * * * * * * * * * * * * * //

dimensions      [0 -3 0 0 0 0 0];

internalField   nonuniform List<scalar> 
5120
(
7.472e+19
7.288e+19
6.968e+19
7.096e+19
7.112e+19
7.12e+19
7.616e+19
7.552e+19
7.776e+19
7.896e+19
7.904e+19
7.512e+19
7.952e+19
7.928e+19
7.824e+19
7.776e+19
7.696e+19
7.8e+19
7.776e+19
7.928e+19
7.184e+19
7.704e+19
7.616e+19
7.624e+19
7.624e+19
7.792e+19
7.968e+19
7.944e+19
7.984e+19
8.152e+19
8.328e+19
8.488e+19
7.888e+19
7.528e+19
7.856e+19
7.936e+19
7.672e+19
7.408e+19
7.12e+19
6.968e+19
7.488e+19
7.616e+19
8.016e+19
8.192e+19
7.984e+19
7.976e+19
8.072e+19
8.36e+19
8.024e+19
7.616e+19
7.688e+19
7.12e+19
7.256e+19
7.544e+19
7.328e+19
7.136e+19
7.064e+19
6.944e+19
7.368e+19
7.672e+19
7.432e+19
7.616e+19
7.4e+19
7.752e+19
7.976e+19
8.048e+19
8.304e+19
8.384e+19
8.432e+19
8.448e+19
8.208e+19
7.704e+19
7.416e+19
7.376e+19
7.712e+19
7.76e+19
8.024e+19
8.064e+19
7.608e+19
7.64e+19
6.96e+19
7.16e+19
7.408e+19
7.096e+19
6.944e+19
7.52e+19
7.512e+19
7.624e+19
7.616e+19
7.88e+19
7.968e+19
8.232e+19
8.056e+19
7.776e+19
7.328e+19
7.096e+19
7.536e+19
7.264e+19
7.16e+19
7.112e+19
7.4e+19
6.84e+19
6.696e+19
6.872e+19
6.976e+19
6.744e+19
6.848e+19
7.136e+19
7.24e+19
7.152e+19
7.376e+19
7.36e+19
7.528e+19
7.272e+19
7.68e+19
7.72e+19
7.32e+19
7.592e+19
7.44e+19
7.272e+19
7.68e+19
7.408e+19
7.368e+19
7.472e+19
7.592e+19
8.184e+19
8.104e+19
8.432e+19
8.472e+19
8.32e+19
8.112e+19
7.904e+19
7.968e+19
7.976e+19
8.008e+19
7.976e+19
7.952e+19
7.968e+19
7.824e+19
7.432e+19
8.24e+19
7.92e+19
7.688e+19
7.984e+19
7.984e+19
8.12e+19
8.36e+19
8.408e+19
8.32e+19
7.816e+19
8.176e+19
7.952e+19
7.744e+19
8.208e+19
8.272e+19
8.24e+19
7.896e+19
8.12e+19
8.048e+19
8.232e+19
8.848e+19
8.92e+19
8.88e+19
8.264e+19
8.096e+19
8.056e+19
7.616e+19
8e+19
7.816e+19
7.608e+19
7.632e+19
7.68e+19
7.512e+19
7.72e+19
7.688e+19
7.76e+19
7.896e+19
8.296e+19
8.48e+19
8.472e+19
7.656e+19
7.4e+19
7.488e+19
7.552e+19
7.976e+19
7.92e+19
7.784e+19
7.912e+19
8.12e+19
8.384e+19
8.16e+19
7.688e+19
7.288e+19
7.544e+19
7.688e+19
7.744e+19
8.304e+19
8.056e+19
8.176e+19
8.536e+19
8.136e+19
7.96e+19
7.76e+19
7.296e+19
7.2e+19
7.68e+19
7.792e+19
7.624e+19
7.688e+19
7.432e+19
7.68e+19
7.936e+19
7.36e+19
7.632e+19
7.464e+19
8.064e+19
8.256e+19
8.304e+19
8.256e+19
7.76e+19
8.064e+19
8.064e+19
7.904e+19
7.88e+19
7.872e+19
8.12e+19
8.264e+19
8.016e+19
7.912e+19
7.696e+19
7.552e+19
7.72e+19
7.544e+19
7.632e+19
7.88e+19
8.144e+19
8.168e+19
7.928e+19
8.288e+19
8.432e+19
7.352e+19
7.768e+19
8.048e+19
8.264e+19
8.712e+19
8.104e+19
8.016e+19
7.624e+19
7.416e+19
7.688e+19
7.44e+19
7.256e+19
7.072e+19
7.28e+19
7.544e+19
7.696e+19
7.352e+19
7.288e+19
7.128e+19
7.024e+19
7.656e+19
7.536e+19
7.336e+19
7.248e+19
7.048e+19
7.16e+19
7.248e+19
7.344e+19
7.288e+19
7.472e+19
7.56e+19
7.888e+19
7.768e+19
7.784e+19
7.912e+19
7.984e+19
8.352e+19
8.224e+19
7.984e+19
7.92e+19
7.384e+19
7.672e+19
7.672e+19
7.784e+19
7.272e+19
7.024e+19
7.272e+19
7.176e+19
7.336e+19
7.936e+19
8e+19
8.072e+19
8.016e+19
7.848e+19
7.856e+19
7.512e+19
7.528e+19
7.688e+19
7.384e+19
7.672e+19
7.344e+19
7.032e+19
6.976e+19
6.744e+19
7e+19
7.224e+19
7.496e+19
7.776e+19
7.352e+19
7.464e+19
7.608e+19
7.984e+19
8.296e+19
8.36e+19
8.208e+19
8.152e+19
8.128e+19
7.808e+19
7.616e+19
7.352e+19
7.736e+19
8.128e+19
7.952e+19
7.68e+19
7.608e+19
7.856e+19
8.008e+19
7.8e+19
7.712e+19
7.576e+19
7.664e+19
8.12e+19
8.304e+19
8.216e+19
8.632e+19
8.568e+19
8.6e+19
7.976e+19
8.376e+19
7.848e+19
7.344e+19
7.016e+19
7.4e+19
7.76e+19
7.848e+19
8.224e+19
8.096e+19
8.064e+19
8.36e+19
7.944e+19
7.512e+19
7.16e+19
7.504e+19
7.76e+19
7.632e+19
7.816e+19
8.096e+19
8.456e+19
7.864e+19
7.64e+19
7.784e+19
7.872e+19
7.704e+19
7.272e+19
7.328e+19
7.208e+19
7.416e+19
7.2e+19
7.528e+19
7.648e+19
8e+19
7.928e+19
8.04e+19
7.576e+19
7.456e+19
7.616e+19
7.584e+19
7.56e+19
7.432e+19
7.384e+19
7.864e+19
7.864e+19
8.048e+19
8.128e+19
8.264e+19
7.992e+19
7.864e+19
7.856e+19
7.6e+19
7.848e+19
7.896e+19
8.184e+19
8.544e+19
8.52e+19
8.344e+19
7.888e+19
7.504e+19
7.392e+19
7.752e+19
7.696e+19
8.008e+19
8.24e+19
8.616e+19
8.784e+19
8.704e+19
8.6e+19
8.28e+19
8.144e+19
7.936e+19
7.48e+19
7.504e+19
7.224e+19
7.024e+19
6.992e+19
7.272e+19
7.832e+19
7.848e+19
7.624e+19
7.736e+19
7.784e+19
8.264e+19
8.512e+19
8.168e+19
8.568e+19
8.296e+19
7.576e+19
7.152e+19
6.904e+19
7.08e+19
7.384e+19
7.336e+19
7.968e+19
8.44e+19
9.048e+19
8.536e+19
7.984e+19
8.184e+19
7.944e+19
7.784e+19
8.144e+19
7.912e+19
7.992e+19
8.216e+19
8.088e+19
7.984e+19
7.792e+19
8.104e+19
7.824e+19
7.696e+19
7.72e+19
7.832e+19
7.944e+19
7.624e+19
7.408e+19
7.648e+19
7.808e+19
8.04e+19
7.96e+19
8.064e+19
7.944e+19
8.456e+19
8.848e+19
8.96e+19
9.024e+19
8.496e+19
8.248e+19
8.344e+19
8.608e+19
8.656e+19
8.84e+19
9.36e+19
8.96e+19
8.816e+19
8.872e+19
8.32e+19
8.36e+19
8.6e+19
8.464e+19
8.792e+19
8.88e+19
7.856e+19
7.776e+19
7.784e+19
8.232e+19
8.288e+19
8.768e+19
8.768e+19
8.536e+19
8.272e+19
8.096e+19
8.288e+19
8.312e+19
8.512e+19
8.752e+19
8.608e+19
8.576e+19
8.288e+19
7.96e+19
8.344e+19
8.256e+19
7.84e+19
8.408e+19
8.256e+19
8.6e+19
7.816e+19
8.2e+19
8.256e+19
8.16e+19
7.696e+19
7.336e+19
6.992e+19
7.312e+19
7.4e+19
7.184e+19
7.16e+19
7.264e+19
7.336e+19
7.216e+19
7.64e+19
7.416e+19
7.376e+19
7.664e+19
7.776e+19
8e+19
8.216e+19
7.864e+19
8.12e+19
8.136e+19
8.192e+19
8.288e+19
8.016e+19
7.664e+19
7.736e+19
7.912e+19
7.808e+19
8.016e+19
7.808e+19
7.872e+19
7.448e+19
7.56e+19
8.008e+19
7.792e+19
7.592e+19
7.592e+19
7.312e+19
7.16e+19
7.344e+19
7.784e+19
8.08e+19
7.912e+19
7.68e+19
8e+19
7.952e+19
7.672e+19
7.352e+19
7.312e+19
7.936e+19
7.632e+19
7.52e+19
7.536e+19
8.232e+19
8.048e+19
7.992e+19
8.152e+19
8.216e+19
8.448e+19
8.032e+19
7.968e+19
7.864e+19
8.488e+19
8.224e+19
8.056e+19
7.936e+19
7.608e+19
7.872e+19
7.568e+19
7.544e+19
7.816e+19
8e+19
8.208e+19
7.632e+19
7.712e+19
7.504e+19
7.88e+19
7.776e+19
7.336e+19
7.536e+19
7.64e+19
7.944e+19
7.936e+19
7.704e+19
7.8e+19
8.144e+19
8.432e+19
8.112e+19
7.368e+19
7.448e+19
7.48e+19
7.656e+19
7.632e+19
7.448e+19
7.128e+19
6.84e+19
6.96e+19
7.336e+19
7.336e+19
6.848e+19
7.032e+19
6.96e+19
7.08e+19
7.08e+19
7.248e+19
7.192e+19
7.008e+19
7.36e+19
7.688e+19
8.144e+19
7.68e+19
7.616e+19
7.744e+19
7.808e+19
7.736e+19
8.296e+19
8.064e+19
7.552e+19
7.68e+19
7.776e+19
8.112e+19
7.752e+19
7.768e+19
7.536e+19
7.224e+19
7.312e+19
7.112e+19
7.064e+19
6.96e+19
7.248e+19
7.216e+19
7.008e+19
7.344e+19
8e+19
8.072e+19
8.208e+19
8.192e+19
8.28e+19
8.192e+19
7.928e+19
7.568e+19
7.304e+19
7.568e+19
7.752e+19
7.904e+19
7.84e+19
7.672e+19
7.416e+19
7.464e+19
7.536e+19
7.52e+19
7.456e+19
7.872e+19
8.104e+19
7.88e+19
7.72e+19
7.464e+19
7.488e+19
8.136e+19
8.096e+19
7.984e+19
7.768e+19
7.464e+19
7.792e+19
8.144e+19
7.752e+19
7.672e+19
7.736e+19
7.576e+19
7.72e+19
7.88e+19
8.24e+19
8.192e+19
7.76e+19
7.976e+19
8.304e+19
8.24e+19
8.152e+19
8.336e+19
7.968e+19
7.712e+19
7.24e+19
7.76e+19
7.584e+19
7.608e+19
7.472e+19
8.032e+19
7.768e+19
7.784e+19
7.672e+19
7.6e+19
7.464e+19
7.704e+19
8.024e+19
7.816e+19
7.544e+19
7.416e+19
7.464e+19
7.512e+19
7.528e+19
7.68e+19
7.816e+19
7.312e+19
7.448e+19
7.568e+19
7.88e+19
8.04e+19
7.88e+19
7.616e+19
7.744e+19
7.824e+19
7.88e+19
7.936e+19
8.024e+19
7.848e+19
7.592e+19
7.72e+19
8.072e+19
7.968e+19
8.08e+19
7.808e+19
7.256e+19
7.536e+19
7.232e+19
7.12e+19
6.848e+19
6.864e+19
7.336e+19
7.4e+19
7.688e+19
7.88e+19
8.216e+19
8.112e+19
8.216e+19
7.864e+19
7.752e+19
7.432e+19
7.256e+19
7.048e+19
7.528e+19
7.728e+19
7.976e+19
7.672e+19
8.184e+19
7.904e+19
7.984e+19
7.944e+19
7.968e+19
8.128e+19
8.024e+19
7.96e+19
8.2e+19
8.592e+19
8.048e+19
8.344e+19
7.888e+19
7.784e+19
7.856e+19
7.944e+19
8.16e+19
7.768e+19
7.896e+19
7.888e+19
7.544e+19
7.952e+19
7.912e+19
7.624e+19
7.872e+19
7.784e+19
7.872e+19
8.072e+19
7.68e+19
8.008e+19
8.744e+19
8.808e+19
8.456e+19
8.344e+19
8.288e+19
8.008e+19
8.064e+19
8.04e+19
8.168e+19
8.272e+19
7.928e+19
8.184e+19
7.744e+19
7.912e+19
8e+19
8.192e+19
7.64e+19
7.768e+19
8.048e+19
8.2e+19
7.976e+19
8.016e+19
7.856e+19
7.856e+19
7.912e+19
7.888e+19
7.672e+19
7.872e+19
7.472e+19
7.368e+19
7.392e+19
7.168e+19
7.584e+19
8.008e+19
7.976e+19
7.928e+19
7.92e+19
7.92e+19
8.104e+19
8.048e+19
8.296e+19
7.752e+19
8.008e+19
8.176e+19
8.168e+19
8.072e+19
7.488e+19
7.616e+19
7.616e+19
7.568e+19
7.656e+19
7.448e+19
7.488e+19
7.064e+19
7.168e+19
7.456e+19
7.648e+19
7.72e+19
7.816e+19
8.064e+19
7.72e+19
7.232e+19
7.384e+19
7.56e+19
7.696e+19
7.768e+19
7.264e+19
7.16e+19
7.464e+19
8.024e+19
7.904e+19
7.968e+19
8.104e+19
8.384e+19
8.272e+19
8.192e+19
8.48e+19
8.048e+19
8.16e+19
8.064e+19
7.264e+19
7.76e+19
7.416e+19
7.32e+19
7.312e+19
7.912e+19
8.384e+19
8.464e+19
8.2e+19
8.04e+19
7.872e+19
8.016e+19
7.952e+19
7.888e+19
8.008e+19
7.544e+19
7.552e+19
7.104e+19
7.184e+19
7.176e+19
8.048e+19
7.784e+19
7.352e+19
7.328e+19
7.2e+19
7.336e+19
7.384e+19
7.608e+19
7.784e+19
8.048e+19
8.488e+19
8.496e+19
8.496e+19
8.472e+19
8.032e+19
8.24e+19
7.672e+19
7.8e+19
7.56e+19
8.008e+19
7.176e+19
7.296e+19
7.712e+19
7.584e+19
7.544e+19
7.752e+19
8.152e+19
8.264e+19
7.952e+19
7.56e+19
7.944e+19
7.904e+19
7.808e+19
7.592e+19
7.896e+19
7.832e+19
7.952e+19
7.936e+19
7.52e+19
7.12e+19
7.584e+19
7.784e+19
7.696e+19
7.84e+19
7.696e+19
7.92e+19
7.68e+19
7.2e+19
7.24e+19
7.216e+19
7.8e+19
7.936e+19
7.616e+19
7.984e+19
7.792e+19
7.688e+19
7.104e+19
6.968e+19
7.352e+19
7.416e+19
7.608e+19
7.536e+19
7.472e+19
7.536e+19
7.696e+19
7.496e+19
7.448e+19
7.664e+19
7.48e+19
7.176e+19
6.864e+19
6.696e+19
6.368e+19
6.584e+19
6.704e+19
7.024e+19
7.152e+19
7.672e+19
8.12e+19
7.856e+19
8.032e+19
8.104e+19
8.328e+19
8.408e+19
8.392e+19
8.336e+19
8.256e+19
8.232e+19
8.72e+19
8.912e+19
8.912e+19
8.64e+19
8.968e+19
8.616e+19
8.24e+19
8.088e+19
8.112e+19
8.088e+19
7.84e+19
7.88e+19
7.832e+19
8.008e+19
7.912e+19
7.88e+19
7.696e+19
7.456e+19
7.768e+19
8.216e+19
8.36e+19
8.432e+19
7.872e+19
7.744e+19
7.664e+19
8.072e+19
7.88e+19
7.584e+19
7.568e+19
7.448e+19
7.512e+19
7.752e+19
8.4e+19
8.248e+19
8.192e+19
8.088e+19
7.936e+19
7.704e+19
8.104e+19
8.224e+19
8.16e+19
8.328e+19
8.368e+19
7.928e+19
7.848e+19
7.48e+19
7.872e+19
8.056e+19
8.192e+19
7.96e+19
8.168e+19
8.288e+19
7.896e+19
8.4e+19
8.232e+19
8.056e+19
7.968e+19
7.64e+19
7.984e+19
8.008e+19
8.384e+19
8.56e+19
8.36e+19
8.576e+19
8.344e+19
8.072e+19
7.944e+19
8.216e+19
8.176e+19
8.28e+19
7.92e+19
7.784e+19
7.84e+19
7.584e+19
7.784e+19
8.064e+19
7.992e+19
7.696e+19
7.48e+19
7.52e+19
7.56e+19
7.472e+19
7.896e+19
7.848e+19
8.088e+19
8.2e+19
8.032e+19
7.992e+19
7.704e+19
7.128e+19
7.616e+19
7.832e+19
8.176e+19
8.016e+19
7.912e+19
8.168e+19
8.616e+19
8.984e+19
8.352e+19
8.328e+19
8.032e+19
8.304e+19
8.352e+19
8.6e+19
8.48e+19
8.216e+19
8.44e+19
8.184e+19
8.088e+19
8.336e+19
8.168e+19
8.064e+19
7.536e+19
7.808e+19
7.536e+19
7.504e+19
7.72e+19
7.856e+19
7.84e+19
8.016e+19
8.096e+19
7.912e+19
7.832e+19
7.368e+19
7.672e+19
7.624e+19
7.384e+19
7.776e+19
7.968e+19
8.28e+19
7.872e+19
7.736e+19
7.376e+19
7.352e+19
7.296e+19
7.488e+19
8.216e+19
8.16e+19
8.264e+19
7.808e+19
7.36e+19
7.576e+19
7.768e+19
7.56e+19
7.704e+19
7.544e+19
7.264e+19
7.344e+19
7.432e+19
7.408e+19
7.32e+19
7.776e+19
8.064e+19
7.784e+19
7.792e+19
7.384e+19
6.688e+19
6.72e+19
6.744e+19
6.624e+19
6.976e+19
7.328e+19
7.4e+19
7.144e+19
7.328e+19
7.6e+19
7.6e+19
8.024e+19
8.24e+19
8.472e+19
8.368e+19
8.16e+19
6.824e+19
6.776e+19
7.16e+19
7.24e+19
7.2e+19
6.952e+19
7.024e+19
7.4e+19
7.344e+19
7.28e+19
7.04e+19
7.144e+19
7.024e+19
7.136e+19
7.456e+19
7.504e+19
7.584e+19
7.192e+19
7.256e+19
6.888e+19
7.592e+19
7.712e+19
7.736e+19
7.488e+19
7.528e+19
7.76e+19
7.36e+19
7.536e+19
7.472e+19
7.128e+19
7.496e+19
7.712e+19
7.656e+19
7.384e+19
7.192e+19
7.672e+19
7.744e+19
7.472e+19
7.32e+19
7.208e+19
7.416e+19
7.864e+19
7.936e+19
8.104e+19
7.944e+19
7.584e+19
7.88e+19
7.76e+19
7.52e+19
8.016e+19
8.288e+19
8.128e+19
8.344e+19
8.376e+19
8.408e+19
8.52e+19
8.208e+19
8.032e+19
7.848e+19
7.4e+19
7.304e+19
7.336e+19
7.776e+19
8.032e+19
8.296e+19
8.04e+19
7.632e+19
7.264e+19
7.48e+19
7.704e+19
7.36e+19
7.424e+19
7.224e+19
7.224e+19
7.152e+19
7.008e+19
7.048e+19
7.496e+19
7.6e+19
7.488e+19
7.048e+19
7.032e+19
7.36e+19
7.376e+19
7.464e+19
7.968e+19
8.656e+19
8.776e+19
8.4e+19
8.152e+19
7.536e+19
7.488e+19
7.232e+19
7.056e+19
7.36e+19
7.304e+19
7.288e+19
7.384e+19
7.496e+19
7.488e+19
7.736e+19
8.12e+19
7.512e+19
6.72e+19
6.768e+19
6.784e+19
6.584e+19
6.408e+19
7.04e+19
7.176e+19
7.248e+19
7.224e+19
7.16e+19
7.128e+19
7.408e+19
7.48e+19
7.832e+19
7.76e+19
7.704e+19
7.912e+19
7.448e+19
7.416e+19
7.736e+19
7.488e+19
7.52e+19
7.672e+19
7.624e+19
7.584e+19
7.688e+19
7.84e+19
7.688e+19
7.296e+19
7.28e+19
7.936e+19
7.664e+19
7.68e+19
7.584e+19
7.312e+19
7.504e+19
7.224e+19
8.16e+19
8.088e+19
8e+19
8.072e+19
7.872e+19
7.512e+19
7.392e+19
7.496e+19
7.464e+19
7.784e+19
7.856e+19
7.304e+19
7.28e+19
7.64e+19
7.496e+19
7.672e+19
7.72e+19
7.832e+19
8.064e+19
7.88e+19
8.296e+19
8.336e+19
8.192e+19
8.416e+19
8.76e+19
8.56e+19
8.496e+19
8.456e+19
8.552e+19
8e+19
7.616e+19
7.704e+19
7.936e+19
7.656e+19
8.048e+19
8.184e+19
8.328e+19
8.184e+19
8.16e+19
8.184e+19
7.76e+19
7.632e+19
7.4e+19
8.144e+19
8.176e+19
8.08e+19
7.928e+19
7.536e+19
7.64e+19
7.568e+19
7.328e+19
8.136e+19
7.968e+19
8.504e+19
8.664e+19
8.52e+19
7.896e+19
7.648e+19
7.664e+19
7.632e+19
8.096e+19
7.472e+19
6.968e+19
6.528e+19
6.816e+19
7.256e+19
7.64e+19
7.808e+19
7.688e+19
7.976e+19
7.832e+19
7.736e+19
7.96e+19
7.984e+19
8.448e+19
8.392e+19
8.496e+19
8.616e+19
8.84e+19
8.376e+19
7.96e+19
8.032e+19
7.56e+19
7.544e+19
7.408e+19
7.648e+19
7.848e+19
8.04e+19
7.824e+19
7.68e+19
7.832e+19
8.376e+19
8.232e+19
8.296e+19
8.384e+19
7.88e+19
8.4e+19
8.312e+19
7.776e+19
8.016e+19
7.232e+19
7.304e+19
7.536e+19
7.352e+19
7.096e+19
7.496e+19
8.192e+19
8.456e+19
8.28e+19
8.304e+19
7.68e+19
7.336e+19
7.208e+19
7.752e+19
7.496e+19
7.544e+19
7.936e+19
7.352e+19
7.216e+19
7.28e+19
7.608e+19
7.56e+19
7.544e+19
8.112e+19
7.752e+19
7.864e+19
7.864e+19
8e+19
8.136e+19
8.288e+19
8.392e+19
7.696e+19
8.08e+19
7.888e+19
7.528e+19
7.504e+19
7.264e+19
7.184e+19
7.432e+19
7.672e+19
7.128e+19
7.544e+19
8.216e+19
8.16e+19
8.248e+19
8.464e+19
8.096e+19
7.928e+19
7.96e+19
7.864e+19
7.632e+19
7.992e+19
7.664e+19
7.84e+19
7.704e+19
7.248e+19
7.008e+19
7.184e+19
6.8e+19
7.216e+19
8.144e+19
8.248e+19
8.072e+19
8.32e+19
8.56e+19
8.104e+19
7.912e+19
8.12e+19
8.248e+19
8.104e+19
7.872e+19
8.008e+19
8.144e+19
7.616e+19
7.984e+19
7.936e+19
7.912e+19
7.736e+19
7.84e+19
7.784e+19
8.136e+19
8.52e+19
7.752e+19
7.736e+19
8.128e+19
8.152e+19
8.056e+19
7.952e+19
7.656e+19
7.712e+19
8.176e+19
8.2e+19
7.888e+19
8.208e+19
8.2e+19
8.2e+19
8.36e+19
8.648e+19
8.64e+19
8.456e+19
7.808e+19
7.632e+19
7.304e+19
7.72e+19
7.92e+19
7.808e+19
7.632e+19
7.592e+19
7.944e+19
7.368e+19
7.504e+19
7.624e+19
8.272e+19
8.56e+19
8.344e+19
7.688e+19
7.36e+19
7.696e+19
7.96e+19
8.112e+19
8.16e+19
7.712e+19
7.688e+19
7.44e+19
7.968e+19
8.224e+19
8.16e+19
8.32e+19
7.912e+19
8.096e+19
8.344e+19
8.16e+19
8.104e+19
7.76e+19
7.792e+19
7.536e+19
7.848e+19
7.68e+19
7.896e+19
7.936e+19
7.576e+19
7.952e+19
7.952e+19
7.432e+19
7.416e+19
7.712e+19
7.968e+19
8.464e+19
8.488e+19
8.24e+19
8.056e+19
8.152e+19
8.024e+19
8.192e+19
7.912e+19
8e+19
7.56e+19
7.512e+19
7.432e+19
7.296e+19
8.688e+19
8.328e+19
8.128e+19
8.712e+19
8.24e+19
8.304e+19
8.368e+19
8.24e+19
7.832e+19
7.744e+19
7.624e+19
7.984e+19
7.608e+19
7.928e+19
7.944e+19
8.008e+19
8.152e+19
8.24e+19
8.544e+19
8.4e+19
7.712e+19
7.648e+19
8.128e+19
7.96e+19
7.896e+19
7.928e+19
7.704e+19
7.472e+19
7.664e+19
7.96e+19
8.136e+19
7.944e+19
8.064e+19
8.128e+19
7.936e+19
7.648e+19
7.544e+19
7.544e+19
7.792e+19
7.568e+19
8.096e+19
7.864e+19
7.696e+19
7.96e+19
8.208e+19
8.496e+19
8.592e+19
8.104e+19
7.424e+19
7.2e+19
7.6e+19
8.016e+19
8.248e+19
7.928e+19
7.76e+19
8e+19
7.952e+19
8.184e+19
7.92e+19
7.848e+19
8.112e+19
7.656e+19
7.728e+19
7.312e+19
7.456e+19
7.096e+19
7.48e+19
8.232e+19
8.328e+19
8.328e+19
7.96e+19
7.696e+19
7.432e+19
7.192e+19
7.176e+19
6.696e+19
7.008e+19
7.328e+19
7.672e+19
7.976e+19
7.768e+19
7.736e+19
7.824e+19
7.968e+19
7.96e+19
7.944e+19
7.776e+19
8.096e+19
7.744e+19
7.88e+19
8.216e+19
8.136e+19
7.92e+19
8e+19
8.2e+19
7.8e+19
7.84e+19
7.936e+19
8.064e+19
7.992e+19
7.416e+19
7.392e+19
7.376e+19
7.072e+19
6.952e+19
7.288e+19
7.496e+19
7.368e+19
7.272e+19
7.6e+19
7.92e+19
8.032e+19
8.008e+19
7.96e+19
7.68e+19
7.656e+19
7.576e+19
7.656e+19
8.016e+19
7.776e+19
7.528e+19
7.992e+19
8e+19
7.944e+19
7.576e+19
7.184e+19
7.248e+19
6.968e+19
7.72e+19
7.616e+19
7.76e+19
7.576e+19
7.496e+19
7.616e+19
7.896e+19
7.984e+19
8.096e+19
7.616e+19
7.264e+19
7.304e+19
7.352e+19
7.656e+19
7.928e+19
8.216e+19
8.6e+19
8.272e+19
8.392e+19
8.088e+19
8e+19
7.832e+19
7.84e+19
7.928e+19
8.312e+19
8.104e+19
7.232e+19
7.536e+19
7.384e+19
7.496e+19
7.312e+19
7.28e+19
8.136e+19
7.888e+19
7.88e+19
7.776e+19
7.84e+19
7.76e+19
7.76e+19
7.944e+19
8.008e+19
7.848e+19
7.768e+19
7.368e+19
7.392e+19
7.16e+19
7.296e+19
7.096e+19
7.288e+19
7.392e+19
7.48e+19
7.64e+19
7.192e+19
7.568e+19
7.568e+19
7.52e+19
7.696e+19
7.544e+19
7.64e+19
7.616e+19
7.712e+19
7.984e+19
8.464e+19
8.816e+19
8.552e+19
8.512e+19
8.496e+19
8.76e+19
8.512e+19
8.472e+19
8.144e+19
7.592e+19
7.776e+19
7.856e+19
8.072e+19
8.248e+19
7.872e+19
8.016e+19
8.056e+19
8.128e+19
7.936e+19
7.952e+19
7.744e+19
7.736e+19
7.776e+19
7.584e+19
7.352e+19
7.296e+19
7.4e+19
7.4e+19
7.688e+19
7.576e+19
8.176e+19
7.992e+19
7.92e+19
7.72e+19
7.736e+19
7.56e+19
7.792e+19
7.56e+19
7.888e+19
7.992e+19
7.496e+19
7.504e+19
7.76e+19
7.592e+19
7.664e+19
7.336e+19
7.512e+19
7.352e+19
7.728e+19
7.832e+19
7.944e+19
7.792e+19
7.488e+19
7.224e+19
7.232e+19
7.352e+19
7.424e+19
7.624e+19
7.592e+19
7.784e+19
8.08e+19
7.856e+19
7.984e+19
8.208e+19
7.96e+19
8.336e+19
8.136e+19
8.016e+19
7.856e+19
7.832e+19
7.568e+19
7.64e+19
7.72e+19
7.936e+19
7.44e+19
7.408e+19
7.552e+19
7.528e+19
7.624e+19
7.768e+19
7.768e+19
7.64e+19
7.48e+19
7.296e+19
7.24e+19
7.144e+19
7.128e+19
7.12e+19
7.16e+19
7.448e+19
7.784e+19
7.912e+19
8.4e+19
8.584e+19
8.512e+19
8.624e+19
8.056e+19
8.016e+19
7.536e+19
7.648e+19
7.536e+19
7.4e+19
7.896e+19
7.72e+19
7.968e+19
7.864e+19
7.776e+19
7.632e+19
7.648e+19
7.552e+19
8.136e+19
8.272e+19
8.008e+19
7.464e+19
7.192e+19
7.072e+19
7.432e+19
7.32e+19
7.12e+19
7.48e+19
7.624e+19
7.68e+19
7.432e+19
7.296e+19
7.376e+19
7.48e+19
7.096e+19
7.36e+19
8.016e+19
8.216e+19
7.328e+19
7.376e+19
7.392e+19
7.616e+19
7.808e+19
8.184e+19
7.888e+19
7.432e+19
8.024e+19
8.176e+19
8.16e+19
7.52e+19
7.72e+19
7.888e+19
7.536e+19
7.712e+19
7.84e+19
7.744e+19
7.728e+19
7.808e+19
7.64e+19
7.48e+19
7.184e+19
7.312e+19
7.328e+19
7.232e+19
7.328e+19
7.72e+19
7.648e+19
7.32e+19
7.424e+19
7.568e+19
7.672e+19
8.104e+19
8.264e+19
8.16e+19
8e+19
7.8e+19
7.936e+19
7.928e+19
7.568e+19
7.384e+19
8.152e+19
8.2e+19
8.264e+19
8.048e+19
7.648e+19
7.232e+19
7.216e+19
7.312e+19
7.16e+19
7.504e+19
7.544e+19
7.304e+19
7.184e+19
7.592e+19
8.12e+19
7.952e+19
7.848e+19
7.64e+19
6.504e+19
6.744e+19
7.152e+19
7.4e+19
7.368e+19
7.656e+19
7.696e+19
7.512e+19
7.68e+19
7.464e+19
7.272e+19
7.528e+19
7.32e+19
7.952e+19
8.512e+19
8.528e+19
8.032e+19
7.568e+19
7.08e+19
6.64e+19
8.016e+19
8.032e+19
7.696e+19
7.416e+19
7.776e+19
7.176e+19
7.2e+19
7.32e+19
7.256e+19
7.6e+19
7.592e+19
7.72e+19
7.648e+19
7.288e+19
6.952e+19
7.168e+19
7.16e+19
7.048e+19
7.424e+19
7.792e+19
8.064e+19
8.032e+19
8.496e+19
8.096e+19
8.04e+19
7.904e+19
7.752e+19
7.88e+19
7.12e+19
7.032e+19
6.52e+19
6.648e+19
7.032e+19
6.976e+19
7.768e+19
7.4e+19
8.056e+19
8.536e+19
8.16e+19
8.296e+19
7.856e+19
7.656e+19
7.608e+19
7.712e+19
7.952e+19
7.864e+19
7.672e+19
7.656e+19
8.016e+19
8.056e+19
8.248e+19
7.72e+19
7.336e+19
7.488e+19
7.144e+19
6.928e+19
7.24e+19
7.68e+19
7.696e+19
7.848e+19
7.848e+19
7.68e+19
7.648e+19
7.584e+19
7.568e+19
7.864e+19
7.872e+19
7.816e+19
7.72e+19
7.704e+19
8.136e+19
8.312e+19
8.272e+19
8.312e+19
8.44e+19
7.992e+19
7.496e+19
7.504e+19
7.696e+19
7.704e+19
7.992e+19
8.096e+19
8.376e+19
8.304e+19
8.096e+19
7.976e+19
7.808e+19
8.168e+19
7.544e+19
7.536e+19
7.4e+19
7.408e+19
7.2e+19
7.504e+19
7.616e+19
7.672e+19
8.032e+19
8.432e+19
8.64e+19
8.376e+19
7.984e+19
8.248e+19
7.976e+19
8.032e+19
7.536e+19
6.984e+19
7.208e+19
7.224e+19
7.72e+19
7.808e+19
7.88e+19
7.392e+19
7.848e+19
8.312e+19
8.376e+19
8.136e+19
7.904e+19
7.864e+19
7.736e+19
7.984e+19
7.36e+19
7.192e+19
7.68e+19
7.68e+19
7.616e+19
7.48e+19
7.392e+19
7.512e+19
7.16e+19
7.72e+19
8.448e+19
8.24e+19
7.944e+19
7.896e+19
7.56e+19
7.88e+19
7.72e+19
7.576e+19
7.592e+19
7.472e+19
7.72e+19
7.768e+19
7.936e+19
8.344e+19
8.272e+19
7.664e+19
7.592e+19
7.864e+19
7.92e+19
7.528e+19
7.08e+19
7.344e+19
7.168e+19
7.432e+19
7.376e+19
7.512e+19
7.6e+19
7.544e+19
7.432e+19
7.128e+19
7.288e+19
7.384e+19
7.64e+19
7.632e+19
7.504e+19
7.624e+19
7.616e+19
7.784e+19
7.68e+19
7.52e+19
7.808e+19
7.728e+19
7.536e+19
7.592e+19
7.728e+19
7.744e+19
7.704e+19
8.056e+19
7.592e+19
7.312e+19
7.552e+19
8.072e+19
7.872e+19
7.872e+19
8.216e+19
8e+19
7.72e+19
7.656e+19
7.752e+19
7.912e+19
7.976e+19
8.136e+19
7.992e+19
7.928e+19
7.952e+19
7.912e+19
7.936e+19
7.768e+19
7.84e+19
7.744e+19
8.512e+19
8.384e+19
8.456e+19
8.28e+19
7.824e+19
7.792e+19
7.656e+19
7.92e+19
7.632e+19
7.52e+19
7.504e+19
7.608e+19
7.504e+19
7.528e+19
7.848e+19
7.808e+19
8.04e+19
8.272e+19
8.144e+19
8.368e+19
6.992e+19
7.16e+19
7.288e+19
7.56e+19
8.136e+19
8e+19
7.84e+19
7.712e+19
8.048e+19
7.688e+19
7.368e+19
7.392e+19
7.672e+19
7.632e+19
7.472e+19
7.832e+19
8.248e+19
7.512e+19
7.504e+19
7.488e+19
8.32e+19
8.056e+19
8.008e+19
8.072e+19
7.976e+19
7.784e+19
8.12e+19
8.328e+19
8.136e+19
7.944e+19
8.184e+19
8.984e+19
9.024e+19
8.712e+19
8.824e+19
8.6e+19
8.104e+19
8.224e+19
8.048e+19
8.128e+19
8.304e+19
8.488e+19
9.176e+19
8.888e+19
8.232e+19
8.024e+19
7.696e+19
7.576e+19
7.472e+19
7.432e+19
7.672e+19
7.584e+19
7.64e+19
7.576e+19
7.968e+19
7.968e+19
8.336e+19
7.832e+19
7.816e+19
7.928e+19
7.648e+19
8.032e+19
7.504e+19
7.384e+19
7.616e+19
7.68e+19
7.824e+19
8.2e+19
7.984e+19
8.112e+19
7.952e+19
7.936e+19
8e+19
7.52e+19
7.056e+19
7.152e+19
7.36e+19
7.672e+19
7.832e+19
8.096e+19
7.416e+19
7.576e+19
7.496e+19
7.432e+19
7.744e+19
7.68e+19
7.624e+19
7.592e+19
7.72e+19
7.928e+19
8.416e+19
8.2e+19
8.376e+19
8.248e+19
7.928e+19
8.264e+19
8e+19
7.768e+19
8.016e+19
7.888e+19
8.016e+19
7.872e+19
7.792e+19
7.576e+19
7.488e+19
7.672e+19
7.344e+19
7.616e+19
7.816e+19
7.688e+19
7.344e+19
7.208e+19
7.304e+19
7.768e+19
7.56e+19
7.832e+19
7.936e+19
7.928e+19
8.04e+19
7.704e+19
7.648e+19
8.104e+19
7.92e+19
7.752e+19
8.136e+19
8.32e+19
8.104e+19
7.584e+19
7.328e+19
7.12e+19
7.44e+19
7.712e+19
8.104e+19
7.992e+19
7.88e+19
7.984e+19
8.152e+19
7.984e+19
8.4e+19
8.072e+19
8.096e+19
7.616e+19
7.832e+19
7.44e+19
7.552e+19
7.488e+19
7.184e+19
7.288e+19
7.288e+19
7.36e+19
7.312e+19
7.432e+19
7.168e+19
6.944e+19
7.176e+19
7.216e+19
7.088e+19
7.2e+19
7.232e+19
7.44e+19
6.256e+19
6.704e+19
7.32e+19
7.696e+19
8.152e+19
8.232e+19
8.36e+19
8.592e+19
8.752e+19
8.4e+19
8.48e+19
7.944e+19
7.368e+19
7.32e+19
7.248e+19
7.744e+19
7.536e+19
7.16e+19
6.888e+19
6.64e+19
8.16e+19
8.064e+19
7.728e+19
7.416e+19
7.144e+19
7.488e+19
7.792e+19
7.744e+19
8.168e+19
8.12e+19
8.12e+19
8e+19
8.184e+19
8.128e+19
8.048e+19
7.872e+19
7.688e+19
7.48e+19
7.616e+19
7.784e+19
7.864e+19
8.04e+19
8.128e+19
7.544e+19
7.84e+19
7.968e+19
8.056e+19
7.984e+19
7.736e+19
7.488e+19
7.312e+19
7.608e+19
7.824e+19
7.952e+19
8.096e+19
8.2e+19
8.152e+19
7.872e+19
7.888e+19
7.912e+19
7.488e+19
7.216e+19
7.312e+19
7.504e+19
8e+19
8.064e+19
8.288e+19
7.8e+19
7.976e+19
8.232e+19
7.88e+19
7.76e+19
7.264e+19
7.024e+19
6.76e+19
6.928e+19
7.064e+19
7.552e+19
7.432e+19
7.504e+19
7.968e+19
8e+19
7.608e+19
7.528e+19
7.488e+19
7.744e+19
7.752e+19
7.52e+19
7.792e+19
7.624e+19
7.96e+19
7.656e+19
7.496e+19
7.344e+19
7.16e+19
7.096e+19
7.008e+19
7.632e+19
7.84e+19
8.24e+19
7.472e+19
7.24e+19
7.36e+19
7.456e+19
7.544e+19
7.872e+19
7.776e+19
7.56e+19
7.688e+19
7.52e+19
7.48e+19
7.968e+19
8.24e+19
8.456e+19
8.688e+19
8.672e+19
7.984e+19
7.592e+19
7.872e+19
7.528e+19
8e+19
7.832e+19
8.488e+19
8.16e+19
7.936e+19
8.064e+19
8.352e+19
7.68e+19
7.536e+19
7.584e+19
7.752e+19
7.664e+19
7.616e+19
7.4e+19
7.32e+19
7.2e+19
7.432e+19
7.432e+19
7.504e+19
7.808e+19
8.104e+19
8.048e+19
7.552e+19
7.872e+19
7.832e+19
7.544e+19
7.52e+19
7.672e+19
8.304e+19
8.016e+19
7.664e+19
7.536e+19
7.784e+19
7.84e+19
7.584e+19
7.656e+19
7.672e+19
7.896e+19
8.008e+19
8.456e+19
7.04e+19
6.952e+19
7.504e+19
7.584e+19
7.736e+19
7.912e+19
8.016e+19
7.912e+19
7.952e+19
7.904e+19
7.92e+19
7.912e+19
7.888e+19
7.576e+19
7.992e+19
7.872e+19
7.696e+19
7.528e+19
7.304e+19
6.912e+19
8.488e+19
8.264e+19
8.144e+19
7.856e+19
7.92e+19
7.496e+19
7.536e+19
7.784e+19
8.512e+19
8.344e+19
8.32e+19
7.912e+19
7.656e+19
7.44e+19
7.448e+19
7.336e+19
7.344e+19
7.576e+19
7.632e+19
8.024e+19
7.984e+19
7.856e+19
8e+19
7.816e+19
7.808e+19
8.024e+19
7.984e+19
7.776e+19
7.288e+19
7.536e+19
7.728e+19
7.872e+19
8.272e+19
8.6e+19
8.488e+19
8.456e+19
8.248e+19
8.456e+19
8.256e+19
8.216e+19
8.472e+19
8.08e+19
7.928e+19
7.944e+19
7.832e+19
7.64e+19
7.648e+19
7.576e+19
7.32e+19
7.16e+19
7.016e+19
7.304e+19
6.976e+19
7.088e+19
7.624e+19
7.496e+19
7.632e+19
7.824e+19
7.896e+19
8e+19
8.68e+19
8.448e+19
8.28e+19
7.976e+19
7.544e+19
7.288e+19
7.352e+19
7.888e+19
8.104e+19
8e+19
8.128e+19
8.304e+19
8.088e+19
7.952e+19
7.56e+19
7.6e+19
7.712e+19
7.472e+19
7.776e+19
7.88e+19
7.776e+19
7.128e+19
6.992e+19
7.216e+19
7.584e+19
7.832e+19
7.952e+19
7.6e+19
7.784e+19
7.584e+19
7.512e+19
7.24e+19
7.072e+19
7.328e+19
7.36e+19
7.224e+19
7.384e+19
7.944e+19
7.84e+19
7.856e+19
7.352e+19
7.416e+19
7.84e+19
7.776e+19
7.648e+19
7.624e+19
7.776e+19
7.904e+19
7.36e+19
7.368e+19
7.576e+19
7.6e+19
7.592e+19
7.744e+19
7.816e+19
7.672e+19
7.864e+19
7.832e+19
7.64e+19
7.448e+19
8.24e+19
8.656e+19
8.44e+19
8.512e+19
7.992e+19
7.856e+19
7.488e+19
7.424e+19
7.784e+19
7.888e+19
8.16e+19
8.312e+19
8.44e+19
7.736e+19
7.752e+19
8.152e+19
7.848e+19
7.8e+19
8.032e+19
7.92e+19
7.648e+19
7.616e+19
7.64e+19
7.952e+19
7.952e+19
7.864e+19
7.976e+19
7.944e+19
7.816e+19
8.2e+19
7.864e+19
7.856e+19
8.096e+19
8.088e+19
8.12e+19
8.016e+19
8.088e+19
8.272e+19
8.16e+19
7.864e+19
8.176e+19
7.864e+19
7.944e+19
7.792e+19
7.776e+19
7.936e+19
8.008e+19
7.976e+19
7.928e+19
8.08e+19
8.344e+19
8.056e+19
8.04e+19
8.008e+19
7.944e+19
8.176e+19
8.456e+19
8.216e+19
7.992e+19
8.224e+19
7.872e+19
7.776e+19
8.336e+19
8.848e+19
8.536e+19
8.368e+19
7.92e+19
7.992e+19
7.528e+19
7.552e+19
7.76e+19
7.944e+19
8.032e+19
7.536e+19
7.032e+19
7.032e+19
7.496e+19
7.72e+19
8.128e+19
7.952e+19
8e+19
7.8e+19
8.072e+19
8.064e+19
8.088e+19
8.088e+19
8.16e+19
8.136e+19
8.016e+19
7.6e+19
7.56e+19
7.68e+19
7.904e+19
8.168e+19
8.464e+19
8.464e+19
8.28e+19
8.216e+19
8.064e+19
8.296e+19
8.36e+19
8.352e+19
7.888e+19
7.608e+19
7.656e+19
7.408e+19
7.392e+19
7.512e+19
7.736e+19
7.768e+19
7.768e+19
7.944e+19
7.856e+19
7.728e+19
7.672e+19
8.04e+19
8.208e+19
8.208e+19
8.024e+19
8.064e+19
7.448e+19
7.224e+19
7.56e+19
7.4e+19
7.648e+19
7.704e+19
7.528e+19
7.392e+19
7.576e+19
7.832e+19
7.896e+19
7.976e+19
8.232e+19
8.496e+19
8.792e+19
8.4e+19
8.24e+19
7.904e+19
7.36e+19
7.528e+19
8.176e+19
8.448e+19
8.544e+19
8.4e+19
8.632e+19
8.768e+19
8.512e+19
8.688e+19
8.208e+19
8.392e+19
8.192e+19
7.872e+19
7.864e+19
7.488e+19
7.536e+19
7.784e+19
7.872e+19
7.848e+19
7.832e+19
8.04e+19
7.696e+19
7.36e+19
7.728e+19
7.784e+19
7.56e+19
7.784e+19
7.912e+19
7.832e+19
7.84e+19
7.832e+19
8.32e+19
8.384e+19
8.112e+19
8.624e+19
8.56e+19
8.064e+19
7.88e+19
7.448e+19
7.792e+19
7.848e+19
7.072e+19
7.2e+19
7.36e+19
7.472e+19
7.608e+19
7.648e+19
8.24e+19
8.552e+19
8.576e+19
8.744e+19
7.848e+19
7.728e+19
8.088e+19
7.616e+19
7.136e+19
7.584e+19
7.52e+19
7.696e+19
7.36e+19
6.96e+19
7.16e+19
6.768e+19
7.128e+19
7.432e+19
7.8e+19
8.016e+19
8.04e+19
7.872e+19
7.4e+19
7.176e+19
7.392e+19
7.488e+19
7.808e+19
7.816e+19
7.848e+19
8.232e+19
8.096e+19
7.976e+19
8.192e+19
7.768e+19
8.288e+19
8.352e+19
7.6e+19
7.424e+19
7.48e+19
7.496e+19
7.584e+19
7.344e+19
7.704e+19
7.904e+19
7.664e+19
7.528e+19
7.56e+19
7.824e+19
7.768e+19
8e+19
7.944e+19
7.896e+19
7.792e+19
7.944e+19
7.44e+19
7.296e+19
7.104e+19
7.152e+19
7.496e+19
7.288e+19
7.16e+19
7.112e+19
7.2e+19
7.248e+19
7.272e+19
7.4e+19
7.768e+19
7.408e+19
7.384e+19
7.288e+19
7.68e+19
7.936e+19
7.736e+19
7.752e+19
7.272e+19
7.616e+19
7.88e+19
7.984e+19
8.08e+19
8.016e+19
8.184e+19
8.024e+19
8e+19
8.008e+19
7.912e+19
8.056e+19
8.176e+19
7.84e+19
7.712e+19
7.824e+19
7.504e+19
7.32e+19
7.024e+19
7.272e+19
7.264e+19
7.584e+19
7.712e+19
7.624e+19
7.496e+19
7.904e+19
7.512e+19
7.664e+19
7.864e+19
7.704e+19
7.56e+19
6.904e+19
6.8e+19
6.872e+19
6.888e+19
7.384e+19
7.264e+19
6.88e+19
7.144e+19
7.28e+19
7.576e+19
7.36e+19
7.168e+19
7.048e+19
6.832e+19
6.616e+19
6.952e+19
7.36e+19
7.816e+19
7.968e+19
7.848e+19
8.024e+19
7.864e+19
8.008e+19
8.088e+19
8.2e+19
8.104e+19
7.912e+19
7.936e+19
7.664e+19
7.744e+19
7.704e+19
7.424e+19
7.488e+19
7.744e+19
7.68e+19
7.504e+19
7.528e+19
7.648e+19
7.36e+19
7.6e+19
8.008e+19
7.824e+19
8.128e+19
8.088e+19
7.88e+19
8.368e+19
8.264e+19
8.04e+19
8.096e+19
7.776e+19
8.016e+19
7.952e+19
7.992e+19
7.808e+19
8.144e+19
8.216e+19
7.848e+19
7.904e+19
7.832e+19
7.784e+19
7.784e+19
7.584e+19
7.624e+19
7.568e+19
7.792e+19
7.6e+19
7.936e+19
8.032e+19
7.992e+19
8.064e+19
8.264e+19
8.04e+19
7.672e+19
7.424e+19
7.632e+19
8.2e+19
8.28e+19
8.112e+19
7.896e+19
7.208e+19
7.296e+19
8.04e+19
8.344e+19
8.464e+19
8.232e+19
8.088e+19
7.784e+19
7.96e+19
7.664e+19
8.352e+19
8.2e+19
7.792e+19
7.816e+19
8.056e+19
7.976e+19
7.48e+19
7.552e+19
7.856e+19
7.744e+19
8.12e+19
7.736e+19
7.064e+19
6.912e+19
7.144e+19
7.816e+19
7.568e+19
7.728e+19
7.92e+19
8.024e+19
7.768e+19
8.264e+19
7.672e+19
7.864e+19
7.624e+19
7.464e+19
7.856e+19
8.216e+19
7.896e+19
8.312e+19
7.984e+19
7.608e+19
7.64e+19
7.88e+19
7.84e+19
7.824e+19
8.016e+19
8.096e+19
7.968e+19
7.816e+19
8.088e+19
7.864e+19
7.744e+19
8.304e+19
8.248e+19
8.312e+19
7.832e+19
7.632e+19
7.32e+19
7.64e+19
7.784e+19
7.936e+19
7.6e+19
7.856e+19
7.872e+19
7.976e+19
8.128e+19
7.648e+19
8.368e+19
8.312e+19
7.856e+19
7.664e+19
7.72e+19
7.904e+19
8.176e+19
8.144e+19
8.392e+19
8.168e+19
8.312e+19
8.168e+19
7.88e+19
7.912e+19
7.84e+19
7.608e+19
7.808e+19
7.816e+19
7.96e+19
8.136e+19
7.728e+19
7.72e+19
7.904e+19
7.8e+19
8.112e+19
8.168e+19
8.08e+19
7.728e+19
7.792e+19
7.792e+19
7.816e+19
7.576e+19
7.688e+19
8.064e+19
7.376e+19
7.624e+19
7.648e+19
7.576e+19
7.912e+19
8.288e+19
8.56e+19
8.192e+19
8.2e+19
8.312e+19
7.728e+19
7.616e+19
7.12e+19
7.032e+19
7.184e+19
7.48e+19
7.624e+19
7.84e+19
7.584e+19
7.856e+19
7.856e+19
7.728e+19
7.912e+19
7.92e+19
7.888e+19
8.088e+19
7.632e+19
7.936e+19
7.096e+19
6.968e+19
7.096e+19
7.664e+19
8.216e+19
8.104e+19
7.968e+19
7.648e+19
7.768e+19
7.664e+19
8.08e+19
7.984e+19
8.008e+19
7.848e+19
8.096e+19
7.856e+19
7.72e+19
7.696e+19
7.424e+19
7.136e+19
7.52e+19
7.872e+19
8.568e+19
8.536e+19
8.152e+19
8.08e+19
7.712e+19
7.728e+19
7.824e+19
7.528e+19
7.44e+19
7.808e+19
7.392e+19
7.32e+19
7.256e+19
7.512e+19
7.216e+19
7.184e+19
7.16e+19
7.16e+19
7.512e+19
7.496e+19
7.296e+19
7.624e+19
7.64e+19
7.504e+19
7.304e+19
7.664e+19
7.776e+19
7.992e+19
7.936e+19
7.912e+19
7.968e+19
7.616e+19
7.264e+19
7.28e+19
7.144e+19
7.336e+19
7.736e+19
7.712e+19
6.744e+19
6.744e+19
7.168e+19
7.056e+19
7.424e+19
7.48e+19
7.392e+19
7.232e+19
7.088e+19
6.952e+19
7.264e+19
7.6e+19
7.52e+19
7.976e+19
8.112e+19
7.92e+19
7.328e+19
7.136e+19
6.992e+19
6.84e+19
7.8e+19
7.512e+19
7.568e+19
7.552e+19
7.56e+19
7.272e+19
7.44e+19
7.952e+19
8.136e+19
8.632e+19
8.632e+19
8.264e+19
7.752e+19
7.744e+19
7.624e+19
7.664e+19
7.832e+19
7.84e+19
7.944e+19
7.824e+19
7.608e+19
7.544e+19
7.44e+19
7.216e+19
7.176e+19
7.784e+19
8.072e+19
8.232e+19
7.76e+19
7.736e+19
7.776e+19
8.048e+19
8.016e+19
7.68e+19
7.96e+19
7.896e+19
7.584e+19
7.8e+19
7.472e+19
7.336e+19
8.216e+19
8.512e+19
8.688e+19
8.536e+19
7.976e+19
7.8e+19
7.72e+19
7.584e+19
7.576e+19
7.448e+19
7.616e+19
7.864e+19
7.88e+19
7.552e+19
7.64e+19
7.776e+19
7.888e+19
8.128e+19
8.32e+19
8.072e+19
8.144e+19
7.768e+19
7.832e+19
7.688e+19
7.44e+19
7.472e+19
7.576e+19
7.728e+19
8.336e+19
8.072e+19
7.904e+19
7.648e+19
7.848e+19
8.376e+19
8.584e+19
8.16e+19
8.008e+19
7.912e+19
7.968e+19
8.064e+19
8.32e+19
8.224e+19
8.048e+19
7.864e+19
8.208e+19
7.928e+19
8.104e+19
7.952e+19
7.936e+19
8.08e+19
8.024e+19
7.928e+19
7.896e+19
7.688e+19
7.888e+19
8.32e+19
8.272e+19
8.384e+19
8.704e+19
8.464e+19
8.32e+19
8.208e+19
8.816e+19
8.624e+19
8.664e+19
8.232e+19
7.856e+19
7.752e+19
7.232e+19
7.36e+19
7.568e+19
7.872e+19
7.872e+19
7.832e+19
8.088e+19
7.64e+19
7.56e+19
7.68e+19
7.816e+19
8.16e+19
7.232e+19
7.352e+19
7.712e+19
7.792e+19
7.904e+19
7.952e+19
8.144e+19
7.92e+19
8.04e+19
7.176e+19
7.456e+19
7.64e+19
8.272e+19
8.408e+19
7.856e+19
7.824e+19
8.016e+19
7.712e+19
7.4e+19
7.152e+19
8.144e+19
7.648e+19
7.424e+19
7.128e+19
7.536e+19
7.872e+19
8e+19
8.232e+19
8.4e+19
8.968e+19
8.544e+19
8.248e+19
7.776e+19
7.432e+19
7.608e+19
7.472e+19
7.296e+19
7.392e+19
7.576e+19
8.208e+19
7.408e+19
7.528e+19
7.448e+19
7.272e+19
7.4e+19
7.552e+19
7.968e+19
8.256e+19
8.032e+19
8.08e+19
7.912e+19
8.096e+19
8.52e+19
8.136e+19
7.944e+19
7.672e+19
8.104e+19
8.28e+19
7.616e+19
7.384e+19
7.96e+19
8.104e+19
8.256e+19
8.272e+19
7.912e+19
7.608e+19
7.44e+19
7.16e+19
7.624e+19
7.504e+19
7.872e+19
7.776e+19
8.088e+19
8.488e+19
8.288e+19
8.32e+19
8.448e+19
8.336e+19
8.32e+19
8.256e+19
7.912e+19
8.232e+19
8.048e+19
8e+19
8.152e+19
8.48e+19
8.664e+19
8.792e+19
8.648e+19
8.056e+19
8.208e+19
7.856e+19
8.168e+19
7.672e+19
7.736e+19
7.872e+19
7.392e+19
7.304e+19
7.424e+19
7.672e+19
7.4e+19
7.744e+19
7.72e+19
7.816e+19
7.992e+19
7.592e+19
7.624e+19
7.392e+19
7.096e+19
7.416e+19
7.512e+19
7.624e+19
7.696e+19
7.616e+19
7.768e+19
7.48e+19
7.608e+19
7.656e+19
7.68e+19
7.496e+19
8.304e+19
8.128e+19
8.2e+19
7.952e+19
7.616e+19
7.648e+19
7.832e+19
8.216e+19
8.152e+19
7.984e+19
7.888e+19
7.64e+19
7.624e+19
7.608e+19
8.152e+19
8.296e+19
8.208e+19
8.224e+19
8.056e+19
8.184e+19
8.552e+19
8.512e+19
8.168e+19
8.272e+19
8.232e+19
7.96e+19
7.848e+19
7.608e+19
8.04e+19
8.376e+19
8.232e+19
8.632e+19
8.4e+19
8.416e+19
7.76e+19
7.376e+19
7.48e+19
7.448e+19
7.672e+19
8.168e+19
7.624e+19
7.776e+19
7.744e+19
7.224e+19
7.368e+19
7.824e+19
8.264e+19
8.376e+19
8.072e+19
8.04e+19
7.904e+19
7.832e+19
8.168e+19
8.168e+19
8.24e+19
7.736e+19
8.216e+19
8.168e+19
8.36e+19
7.768e+19
6.848e+19
6.616e+19
7.064e+19
7.592e+19
7.456e+19
7.576e+19
7.128e+19
7.128e+19
6.936e+19
7.072e+19
7.2e+19
7.152e+19
7.128e+19
7.472e+19
7.632e+19
8.264e+19
7.928e+19
7.456e+19
7.176e+19
7.12e+19
6.752e+19
7.024e+19
7.352e+19
7.576e+19
7.312e+19
7.312e+19
7.232e+19
7.584e+19
7.56e+19
7.384e+19
7.48e+19
7.552e+19
7.416e+19
7.48e+19
7.648e+19
7.488e+19
7.368e+19
7.032e+19
6.88e+19
6.96e+19
7.648e+19
7.56e+19
7.328e+19
7.248e+19
6.928e+19
7.32e+19
7.296e+19
7.136e+19
6.88e+19
7.056e+19
7.368e+19
6.96e+19
7.304e+19
7.424e+19
7.28e+19
7.64e+19
7.824e+19
7.92e+19
8.232e+19
7.744e+19
8.144e+19
7.856e+19
8.008e+19
8.12e+19
8.2e+19
8e+19
7.576e+19
7.456e+19
7.56e+19
7.504e+19
7.024e+19
7.216e+19
7.64e+19
8.048e+19
7.504e+19
7.864e+19
8.184e+19
8.096e+19
7.92e+19
7.912e+19
7.112e+19
6.832e+19
6.968e+19
7.32e+19
7.704e+19
8.184e+19
8.664e+19
8.424e+19
8.424e+19
8.44e+19
8.456e+19
8.296e+19
8.128e+19
7.872e+19
7.608e+19
7.696e+19
7.712e+19
7.4e+19
7.376e+19
7.192e+19
8.16e+19
8.296e+19
8.168e+19
8.376e+19
7.992e+19
7.752e+19
8.08e+19
8.096e+19
7.952e+19
8.048e+19
7.936e+19
8e+19
7.808e+19
7.808e+19
7.72e+19
7.688e+19
7.856e+19
8.176e+19
8.136e+19
8.28e+19
7.064e+19
7.024e+19
7.04e+19
7.16e+19
7.672e+19
7.952e+19
7.72e+19
7.576e+19
7.736e+19
7.76e+19
8.08e+19
7.344e+19
7.392e+19
6.912e+19
7.304e+19
7.408e+19
7.776e+19
8.056e+19
7.76e+19
7.736e+19
7.776e+19
7.72e+19
7.168e+19
6.968e+19
7.304e+19
7.08e+19
7.024e+19
7.344e+19
8.056e+19
7.944e+19
7.968e+19
8.136e+19
8.2e+19
8.2e+19
8.432e+19
8.432e+19
8.208e+19
7.568e+19
7.792e+19
7.816e+19
7.568e+19
7.44e+19
7.256e+19
7.408e+19
7.232e+19
7.36e+19
7.288e+19
7.096e+19
6.976e+19
7.496e+19
8.272e+19
8.224e+19
8.24e+19
8.24e+19
8.08e+19
8.008e+19
7.864e+19
7.72e+19
7.416e+19
7.256e+19
7.632e+19
7.704e+19
8.208e+19
8.104e+19
7.816e+19
7.368e+19
7.312e+19
7.472e+19
7.496e+19
7.752e+19
7.688e+19
7.512e+19
7.552e+19
7.728e+19
8.232e+19
8.312e+19
8.048e+19
7.848e+19
8.328e+19
7.984e+19
8.408e+19
7.616e+19
7.632e+19
7.456e+19
7.488e+19
7.872e+19
7.904e+19
7.72e+19
7.864e+19
8e+19
8.304e+19
8.632e+19
8.04e+19
7.56e+19
8.048e+19
8.104e+19
8.288e+19
8.304e+19
8.288e+19
8.272e+19
7.888e+19
8.304e+19
8.352e+19
8.296e+19
8.296e+19
7.992e+19
7.616e+19
7.848e+19
7.96e+19
7.792e+19
7.632e+19
7.392e+19
7.368e+19
7.432e+19
7.608e+19
7.384e+19
7.448e+19
7.904e+19
8.216e+19
7.872e+19
8.368e+19
8.056e+19
8e+19
7.648e+19
7.528e+19
7.568e+19
7.472e+19
7.728e+19
7.832e+19
7.864e+19
7.856e+19
7.456e+19
7.888e+19
7.48e+19
7.424e+19
7.688e+19
7.784e+19
7.8e+19
7.872e+19
8.136e+19
7.688e+19
7.2e+19
7.624e+19
7.952e+19
8.6e+19
8.72e+19
8.216e+19
7.8e+19
8.064e+19
7.752e+19
7.696e+19
7.44e+19
7.64e+19
8.008e+19
7.672e+19
7.608e+19
7.44e+19
7.864e+19
8.32e+19
8.008e+19
8.72e+19
8.424e+19
8.416e+19
8.136e+19
8.12e+19
8.4e+19
8.28e+19
8.2e+19
8.272e+19
8.088e+19
8.064e+19
7.824e+19
7.648e+19
7.816e+19
7.496e+19
8.224e+19
8.456e+19
8.072e+19
8.368e+19
8.536e+19
7.88e+19
7.776e+19
7.944e+19
7.88e+19
7.76e+19
7.68e+19
7.528e+19
7.552e+19
7.56e+19
7.56e+19
7.784e+19
7.696e+19
7.68e+19
7.864e+19
8.024e+19
7.92e+19
7.752e+19
7.904e+19
7.808e+19
7.888e+19
8.016e+19
7.92e+19
7.832e+19
7.992e+19
7.72e+19
7.616e+19
7.856e+19
7.632e+19
7.856e+19
7.992e+19
7.784e+19
7.84e+19
7.424e+19
7.304e+19
7.016e+19
7.088e+19
7.472e+19
7.792e+19
8.088e+19
8.032e+19
7.656e+19
7.608e+19
7.248e+19
6.856e+19
7.112e+19
7.36e+19
7.208e+19
7.384e+19
7.296e+19
7.184e+19
7.272e+19
7.112e+19
7.224e+19
7.28e+19
6.96e+19
7.48e+19
7.44e+19
7.568e+19
8.104e+19
7.824e+19
7.304e+19
7.392e+19
7.224e+19
7.392e+19
7.264e+19
7.56e+19
7.544e+19
7.856e+19
8.008e+19
7.536e+19
7.416e+19
7.936e+19
7.624e+19
7.856e+19
7.696e+19
7.432e+19
7.36e+19
7.056e+19
6.944e+19
6.96e+19
7.448e+19
7.936e+19
7.624e+19
7.68e+19
7.736e+19
8.144e+19
8.24e+19
8.224e+19
7.824e+19
8.024e+19
7.912e+19
7.424e+19
7.272e+19
7.096e+19
7.528e+19
7.448e+19
7.304e+19
7.664e+19
7.632e+19
7.808e+19
8.16e+19
8.224e+19
8.008e+19
7.976e+19
7.856e+19
7.624e+19
7.232e+19
7.16e+19
7.472e+19
7.616e+19
7.448e+19
7.704e+19
7.8e+19
7.936e+19
7.848e+19
7.784e+19
7.992e+19
8.08e+19
7.976e+19
8.272e+19
7.128e+19
7.648e+19
8.136e+19
7.688e+19
7.632e+19
7.224e+19
7.248e+19
7.584e+19
8.168e+19
7.784e+19
7.696e+19
7.856e+19
7.904e+19
8.064e+19
7.976e+19
7.856e+19
7.56e+19
7.064e+19
7.264e+19
7.032e+19
7.416e+19
7.224e+19
6.896e+19
7.224e+19
7.24e+19
7.432e+19
7.584e+19
7.576e+19
7.336e+19
7.424e+19
7.304e+19
7.656e+19
7.856e+19
8.336e+19
8.104e+19
7.936e+19
7.944e+19
7.808e+19
7.512e+19
7.336e+19
7.28e+19
7.304e+19
7.528e+19
7.208e+19
6.776e+19
7.152e+19
7.488e+19
7.528e+19
7.296e+19
7.248e+19
7.456e+19
7.496e+19
7.216e+19
7.736e+19
7.632e+19
7.44e+19
7.016e+19
7.328e+19
7.056e+19
7.048e+19
7.672e+19
7.648e+19
7.968e+19
7.792e+19
7.984e+19
7.992e+19
7.936e+19
7.816e+19
7.84e+19
7.744e+19
8.096e+19
7.632e+19
7.728e+19
7.488e+19
7.248e+19
7.056e+19
7.744e+19
8.152e+19
7.912e+19
7.936e+19
8.456e+19
8.76e+19
8.024e+19
8.008e+19
8.16e+19
8.2e+19
7.312e+19
7.352e+19
6.976e+19
6.968e+19
7.128e+19
7.448e+19
7.416e+19
7.496e+19
7.264e+19
7.632e+19
7.584e+19
7.952e+19
7.808e+19
8.024e+19
7.64e+19
7.8e+19
7.944e+19
7.896e+19
7.856e+19
7.648e+19
7.88e+19
7.896e+19
8.016e+19
8.552e+19
8.032e+19
7.952e+19
7.608e+19
7.736e+19
7.44e+19
7.344e+19
8e+19
7.952e+19
7.88e+19
7.816e+19
7.512e+19
7.984e+19
8.096e+19
7.968e+19
8.096e+19
7.616e+19
7.816e+19
7.768e+19
7.44e+19
7.128e+19
7.08e+19
7.576e+19
7.96e+19
7.584e+19
7.96e+19
7.6e+19
7.656e+19
7.52e+19
7.64e+19
7.752e+19
7.712e+19
7.968e+19
7.712e+19
7.72e+19
7.504e+19
7.896e+19
8.28e+19
7.52e+19
7.656e+19
7.456e+19
7.6e+19
7.696e+19
7.712e+19
8.104e+19
8.28e+19
8.04e+19
7.608e+19
7.536e+19
7.424e+19
7.376e+19
7.904e+19
8.096e+19
8.136e+19
8.392e+19
8.128e+19
8.072e+19
8.136e+19
8.2e+19
8.144e+19
8.168e+19
8.312e+19
8.288e+19
8.256e+19
7.912e+19
8.264e+19
8.104e+19
7.584e+19
7.592e+19
7.488e+19
8.112e+19
7.504e+19
7.648e+19
8.048e+19
8.28e+19
8.248e+19
7.944e+19
8.152e+19
8.048e+19
8.416e+19
8.136e+19
7.744e+19
8.112e+19
8.048e+19
8.168e+19
7.96e+19
7.928e+19
7.768e+19
8.112e+19
8.048e+19
8.072e+19
7.784e+19
8.12e+19
8.496e+19
7.912e+19
8.056e+19
7.936e+19
7.976e+19
7.952e+19
7.792e+19
8.16e+19
8.12e+19
8.256e+19
8.384e+19
7.952e+19
7.736e+19
7.56e+19
7.744e+19
7.544e+19
7.384e+19
7.04e+19
7.928e+19
7.608e+19
7.624e+19
7.624e+19
7.72e+19
7.752e+19
7.864e+19
8.024e+19
7.848e+19
8.208e+19
8.12e+19
8.096e+19
7.808e+19
8.08e+19
8.016e+19
8.144e+19
8.072e+19
8.064e+19
7.96e+19
7.84e+19
7.784e+19
7.856e+19
7.608e+19
7.912e+19
7.64e+19
7.704e+19
7.72e+19
7.944e+19
7.712e+19
7.768e+19
7.744e+19
7.888e+19
7.52e+19
6.688e+19
6.84e+19
6.664e+19
7.128e+19
7.392e+19
7.256e+19
7.936e+19
7.648e+19
7.936e+19
7.912e+19
8.112e+19
8.392e+19
8.2e+19
7.808e+19
7.664e+19
7.48e+19
7.72e+19
7.984e+19
8.184e+19
8.272e+19
8.16e+19
8.248e+19
7.768e+19
7.632e+19
7.728e+19
7.648e+19
7.472e+19
8e+19
7.872e+19
7.808e+19
7.952e+19
7.68e+19
7.744e+19
7.536e+19
7.672e+19
7.84e+19
7.792e+19
7.736e+19
7.608e+19
7.944e+19
8.176e+19
8.104e+19
8.272e+19
7.96e+19
7.984e+19
7.616e+19
8.056e+19
7.976e+19
8.08e+19
8.352e+19
8.192e+19
8.48e+19
8.472e+19
8.208e+19
7.848e+19
7.456e+19
7.376e+19
7.376e+19
7.48e+19
7.168e+19
7.72e+19
8.048e+19
8.304e+19
8.336e+19
8.128e+19
8.184e+19
7.624e+19
7.512e+19
7.192e+19
6.904e+19
7.376e+19
7.52e+19
7.944e+19
8.056e+19
8.2e+19
7.976e+19
8.272e+19
8.096e+19
8.224e+19
8.44e+19
8.2e+19
7.68e+19
7.632e+19
7.472e+19
7.632e+19
7.648e+19
7.792e+19
6.856e+19
7.36e+19
7.392e+19
7.232e+19
7.128e+19
7.488e+19
7.536e+19
7.864e+19
7.976e+19
8.152e+19
8.008e+19
7.48e+19
7.36e+19
7.264e+19
7.24e+19
6.952e+19
7.152e+19
7.032e+19
7.448e+19
7.064e+19
8.08e+19
7.84e+19
7.968e+19
8.288e+19
8.168e+19
7.528e+19
7.592e+19
7.68e+19
7.832e+19
7.536e+19
7.56e+19
7.552e+19
7.4e+19
7.608e+19
7.528e+19
7.552e+19
7.856e+19
7.976e+19
8.336e+19
7.632e+19
7.584e+19
7.16e+19
7.264e+19
7.192e+19
7.36e+19
7.328e+19
7.56e+19
7.512e+19
7.256e+19
7.448e+19
7.344e+19
7.52e+19
7.864e+19
7.56e+19
7.464e+19
7.56e+19
7.368e+19
7.712e+19
7.752e+19
7.648e+19
7.976e+19
7.616e+19
8.36e+19
8.328e+19
8.168e+19
8.136e+19
7.616e+19
7.856e+19
7.712e+19
7.536e+19
7.272e+19
7.24e+19
7.2e+19
7.264e+19
7.576e+19
7.832e+19
7.48e+19
7.496e+19
7.736e+19
7.912e+19
7.096e+19
7.36e+19
6.832e+19
7.04e+19
7.52e+19
7.576e+19
7.552e+19
7.888e+19
7.712e+19
7.272e+19
7.608e+19
7.36e+19
7.032e+19
7.592e+19
7.208e+19
7.2e+19
7.2e+19
7.44e+19
7.824e+19
7.392e+19
7.6e+19
7.856e+19
7.848e+19
7.736e+19
7.84e+19
8.184e+19
8.008e+19
7.712e+19
7.48e+19
7.52e+19
7.184e+19
7.216e+19
6.968e+19
7.248e+19
7.056e+19
7.432e+19
7.488e+19
7.424e+19
7.6e+19
7.536e+19
7.032e+19
7.096e+19
7.248e+19
7.48e+19
7.832e+19
7.632e+19
7.744e+19
7.792e+19
8.28e+19
8.232e+19
7.88e+19
7.712e+19
7.208e+19
7.144e+19
7.408e+19
7.776e+19
8.224e+19
8.48e+19
8.128e+19
7.44e+19
7.328e+19
7.32e+19
7.464e+19
7.392e+19
7.424e+19
7.4e+19
7.48e+19
7.584e+19
7.624e+19
8e+19
7.912e+19
8e+19
7.912e+19
8.032e+19
7.656e+19
7.272e+19
7.168e+19
6.912e+19
7.032e+19
7.344e+19
7.76e+19
8.088e+19
7.512e+19
7.488e+19
7.48e+19
7.52e+19
7.544e+19
7.808e+19
7.744e+19
7.336e+19
7.72e+19
7.44e+19
7.616e+19
7.368e+19
7.16e+19
7.376e+19
7.296e+19
7.056e+19
7.064e+19
7.272e+19
8.104e+19
8.064e+19
7.824e+19
8.256e+19
8.288e+19
7.888e+19
7.928e+19
8e+19
8.16e+19
8.512e+19
8.232e+19
7.976e+19
7.096e+19
7.24e+19
7.144e+19
7.192e+19
7.52e+19
7.944e+19
7.832e+19
7.832e+19
6.984e+19
7.232e+19
7.088e+19
7.504e+19
7.44e+19
7.824e+19
7.8e+19
7.696e+19
7.6e+19
7.36e+19
7.496e+19
7.744e+19
7.896e+19
7.888e+19
7.872e+19
8.024e+19
7.704e+19
7.248e+19
7.44e+19
7.488e+19
7.512e+19
7.648e+19
7.704e+19
7.544e+19
8.192e+19
8.248e+19
8.272e+19
7.984e+19
7.6e+19
7.472e+19
7.248e+19
7.344e+19
7.608e+19
7.496e+19
7.648e+19
7.44e+19
7.832e+19
7.704e+19
7.776e+19
7.76e+19
7.856e+19
7.408e+19
7.624e+19
7.416e+19
7.36e+19
7.568e+19
7.608e+19
8.016e+19
8.12e+19
8.056e+19
7.976e+19
7.84e+19
7.728e+19
7.496e+19
7.664e+19
8e+19
8.032e+19
8.112e+19
7.728e+19
7.84e+19
8.312e+19
8.456e+19
8.616e+19
8.192e+19
8.28e+19
7.864e+19
7.6e+19
7.864e+19
7.88e+19
8e+19
7.808e+19
7.784e+19
7.872e+19
7.976e+19
7.8e+19
7.728e+19
7.608e+19
7.344e+19
8.064e+19
7.84e+19
7.744e+19
8.144e+19
7.992e+19
8.008e+19
7.632e+19
7.56e+19
7.464e+19
7.472e+19
7.88e+19
7.632e+19
7.464e+19
7.712e+19
7.864e+19
7.256e+19
7.272e+19
7.2e+19
7.296e+19
7.32e+19
7.408e+19
8.36e+19
6.912e+19
6.944e+19
6.992e+19
7.24e+19
7.512e+19
7.36e+19
7.776e+19
7.752e+19
7.856e+19
7.312e+19
7.76e+19
7.192e+19
7.392e+19
7.544e+19
7.744e+19
7.352e+19
7.304e+19
7.416e+19
7.328e+19
6.656e+19
8.296e+19
7.76e+19
7.616e+19
7.208e+19
6.936e+19
6.608e+19
7.032e+19
6.688e+19
6.752e+19
6.976e+19
7.456e+19
7.816e+19
7.664e+19
7.84e+19
7.784e+19
7.696e+19
8.032e+19
7.872e+19
7.896e+19
8.336e+19
7.52e+19
7.696e+19
7.84e+19
8.176e+19
7.752e+19
7.976e+19
7.984e+19
8.232e+19
8.04e+19
8.36e+19
8.248e+19
8.104e+19
7.984e+19
8.024e+19
7.544e+19
7.088e+19
7.12e+19
7.16e+19
7.248e+19
7.288e+19
7.752e+19
8.168e+19
8.28e+19
7.784e+19
7.64e+19
7.864e+19
7.912e+19
8.24e+19
8.448e+19
8.184e+19
7.968e+19
7.704e+19
7.832e+19
7.624e+19
7.912e+19
8.224e+19
7.984e+19
8.04e+19
7.976e+19
7.88e+19
7.912e+19
8.32e+19
7.704e+19
7.496e+19
7.928e+19
7.952e+19
7.64e+19
7.664e+19
8.168e+19
8.192e+19
7.896e+19
7.824e+19
7.44e+19
7.816e+19
7.648e+19
7.296e+19
7.16e+19
7.408e+19
7.608e+19
7.656e+19
8.28e+19
7.904e+19
8.36e+19
7.968e+19
7.968e+19
7.688e+19
7.864e+19
7.72e+19
7.528e+19
7.912e+19
7.968e+19
7.784e+19
7.76e+19
7.448e+19
7.592e+19
7.872e+19
7.768e+19
7.528e+19
7.408e+19
7.936e+19
8.152e+19
8.112e+19
8.096e+19
8.104e+19
8.032e+19
8.072e+19
8.056e+19
8.176e+19
8.008e+19
8.152e+19
7.752e+19
7.816e+19
7.968e+19
8.168e+19
7.984e+19
8.056e+19
7.792e+19
7.616e+19
7.776e+19
7.96e+19
7.336e+19
7.168e+19
6.968e+19
6.984e+19
6.736e+19
7.056e+19
7.28e+19
7.552e+19
7.392e+19
7.248e+19
7.584e+19
7.648e+19
7.744e+19
7.904e+19
7.568e+19
7.632e+19
7.736e+19
7.264e+19
7.384e+19
7.472e+19
7.808e+19
7.592e+19
7.264e+19
7.328e+19
7.312e+19
7.904e+19
7.584e+19
7.768e+19
7.744e+19
7.928e+19
7.736e+19
7.72e+19
7.752e+19
7.6e+19
7.976e+19
8.264e+19
8.088e+19
8.288e+19
7.88e+19
7.88e+19
7.896e+19
8.224e+19
8.784e+19
8.448e+19
8.784e+19
8.32e+19
8.48e+19
7.96e+19
7.76e+19
8.008e+19
7.72e+19
7.64e+19
7.896e+19
7.8e+19
7.864e+19
7.48e+19
7.32e+19
7.68e+19
7.928e+19
8.472e+19
8.04e+19
8.368e+19
8.12e+19
8.088e+19
8.088e+19
7.864e+19
7.408e+19
7.512e+19
7.64e+19
7.304e+19
7.528e+19
7.768e+19
7.56e+19
7.392e+19
7.216e+19
6.952e+19
7.232e+19
7.392e+19
7.432e+19
7.656e+19
7.504e+19
7.064e+19
7.456e+19
7.336e+19
7.336e+19
7.384e+19
7.416e+19
7.208e+19
7.272e+19
7.24e+19
7.128e+19
7.336e+19
7.736e+19
7.72e+19
7.496e+19
7.44e+19
7.488e+19
7.744e+19
7.632e+19
7.704e+19
8.304e+19
7.992e+19
8.176e+19
8.088e+19
7.992e+19
7.624e+19
7.776e+19
7.504e+19
7.248e+19
7.384e+19
7.568e+19
7.768e+19
7.592e+19
7.792e+19
8.048e+19
8.008e+19
8.048e+19
7.856e+19
7.296e+19
7.784e+19
8.392e+19
8.536e+19
8.264e+19
8.168e+19
7.888e+19
7.816e+19
8.032e+19
8.192e+19
8.304e+19
8.256e+19
7.912e+19
7.728e+19
7.672e+19
8.016e+19
7.744e+19
8.104e+19
8.088e+19
8.28e+19
8.16e+19
8.504e+19
7.984e+19
7.968e+19
7.832e+19
8.408e+19
8.024e+19
8.288e+19
8.288e+19
8.056e+19
8.16e+19
8.144e+19
8.688e+19
8.408e+19
8.328e+19
7.528e+19
7.672e+19
7.768e+19
7.624e+19
7.56e+19
7.808e+19
7.728e+19
8.12e+19
8.192e+19
8.2e+19
7.784e+19
7.792e+19
8.4e+19
8.184e+19
8.112e+19
8.176e+19
8.264e+19
8.2e+19
7.96e+19
7.928e+19
7.904e+19
7.664e+19
8.144e+19
8.104e+19
8.224e+19
8.176e+19
7.912e+19
7.408e+19
7.688e+19
7.48e+19
7.728e+19
7.888e+19
7.96e+19
7.96e+19
7.528e+19
7.048e+19
7.168e+19
6.688e+19
7.112e+19
7.152e+19
7.128e+19
7.432e+19
6.984e+19
6.944e+19
6.928e+19
6.984e+19
7.336e+19
7.392e+19
7.52e+19
7.896e+19
7.896e+19
7.48e+19
7.312e+19
7.032e+19
7.168e+19
7.576e+19
7.368e+19
7.584e+19
7.408e+19
7.592e+19
7.616e+19
7.808e+19
8.232e+19
8.2e+19
7.92e+19
7.6e+19
7.528e+19
8e+19
8.168e+19
7.752e+19
7.672e+19
7.96e+19
8.04e+19
7.752e+19
7.536e+19
7.568e+19
7.816e+19
8.2e+19
8.128e+19
7.936e+19
7.936e+19
8.272e+19
8.168e+19
8.336e+19
8.664e+19
8.48e+19
8.456e+19
7.752e+19
7.248e+19
7.728e+19
7.752e+19
7.88e+19
7.976e+19
7.968e+19
7.736e+19
8.048e+19
7.952e+19
7.672e+19
8.152e+19
8.416e+19
8.168e+19
8.32e+19
8.608e+19
8.208e+19
8.272e+19
7.984e+19
8.056e+19
7.384e+19
7.496e+19
7.664e+19
7.992e+19
8.416e+19
7.704e+19
7.832e+19
7.752e+19
7.816e+19
7.928e+19
8.368e+19
7.8e+19
7.912e+19
7.816e+19
8.088e+19
7.96e+19
7.736e+19
7.592e+19
7.36e+19
7.56e+19
7.456e+19
7.664e+19
7.992e+19
7.88e+19
7.728e+19
8.072e+19
7.904e+19
7.752e+19
7.832e+19
7.792e+19
7.696e+19
8.184e+19
8.512e+19
8.592e+19
8.576e+19
8.544e+19
8.184e+19
8.448e+19
8.264e+19
7.688e+19
7.976e+19
7.976e+19
7.728e+19
7.824e+19
7.808e+19
7.888e+19
7.536e+19
7.704e+19
7.864e+19
8.296e+19
8.152e+19
8.52e+19
8.72e+19
8.192e+19
8.128e+19
7.928e+19
7.864e+19
7.88e+19
7.952e+19
7.928e+19
8.048e+19
7.744e+19
7.92e+19
7.856e+19
7.624e+19
7.64e+19
7.448e+19
7.544e+19
7.8e+19
7.96e+19
8.136e+19
8.072e+19
8.112e+19
8.056e+19
7.8e+19
7.856e+19
7.944e+19
8.248e+19
8.272e+19
8.144e+19
8.304e+19
8.36e+19
8.336e+19
8.08e+19
7.96e+19
7.928e+19
8.152e+19
8.032e+19
7.84e+19
7.576e+19
7.672e+19
7.6e+19
7.64e+19
7.768e+19
7.712e+19
7.784e+19
7.808e+19
8.2e+19
7.992e+19
8.2e+19
7.024e+19
7.424e+19
7.592e+19
7.752e+19
7.864e+19
7.84e+19
7.928e+19
8.192e+19
8.376e+19
7.856e+19
8.328e+19
8e+19
8.376e+19
7.824e+19
7.768e+19
7.512e+19
7.664e+19
7.4e+19
7.344e+19
7.008e+19
8.144e+19
7.688e+19
7.184e+19
7.112e+19
7.28e+19
7.496e+19
7.264e+19
7.512e+19
7.68e+19
7.48e+19
7.424e+19
7.2e+19
7.336e+19
7.296e+19
7.776e+19
7.76e+19
7.544e+19
7.416e+19
7.768e+19
8.12e+19
7.344e+19
7.48e+19
7.744e+19
7.768e+19
7.76e+19
7.56e+19
7.744e+19
7.568e+19
7.848e+19
7.848e+19
7.24e+19
7.312e+19
7.224e+19
7.224e+19
7.376e+19
7.128e+19
7.576e+19
7.568e+19
7.984e+19
7.64e+19
)
;

boundaryField
{
    xPeriodic_half0
    {
        type            cyclic;
    }
    xPeriodic_half1
    {
        type            cyclic;
    }
    yPeriodic_half0
    {
        type            cyclic;
    }
    yPeriodic_half1
    {
        type            cyclic;
    }
    zPeriodic_half0
    {
        type            cyclic;
    }
    zPeriodic_half1
    {
        type            cyclic;
    }
}


// ************************************************************************* //
