/*--------------------------------*- C++ -*----------------------------------*\
| =========                 |                                                 |
| \\      /  F ield         | OpenFOAM: The Open Source CFD Toolbox           |
|  \\    /   O peration     | Version:  2.4.0-MNF                             |
|   \\  /    A nd           | Web:      www.OpenFOAM.org                      |
|    \\/     M anipulation  |                                                 |
\*---------------------------------------------------------------------------*/
FoamFile
{
    version     2.0;
    format      ascii;
    class       volScalarField;
    location    "0.0008";
    object      rotationalT_N2;
}
// * * * * * * * * * * * * * * * * * * * * * * * * * * * * * * * * * * * * * //

dimensions      [0 0 0 1 0 0 0];

internalField   nonuniform List<scalar> 
5120
(
294.8765894
305.350006
318.2661384
302.204489
301.7690809
296.5491054
289.9859768
294.9447609
313.0803059
301.8128885
301.8649614
304.2690603
309.8335197
295.5846917
274.9406316
283.8584408
282.030572
278.5907798
284.1179161
281.1132656
299.5949189
306.5757005
290.8822966
295.8659345
297.5561217
305.1334639
318.391193
329.2024337
327.6238029
335.5540936
320.2364473
309.7774339
311.0997844
312.0198783
311.0436299
307.7202678
290.5664781
286.4091064
287.2410559
290.9354875
298.5992974
286.5357801
286.0198533
296.6689632
306.1441636
312.7649407
325.9584759
302.2975189
308.3853656
294.2429294
298.1653688
289.7664687
290.748924
281.8809329
295.1548247
297.4484584
305.7117866
292.0706605
293.8905648
299.5534845
330.9530596
329.7450069
320.9182426
315.3959416
296.2662092
299.0857773
296.5000388
303.0951749
304.1203236
330.7363896
312.4359804
312.8182853
297.1645752
286.6458417
300.7307445
295.7147756
300.4137192
309.5049579
319.7463355
327.5396406
316.9212289
307.1237336
302.635376
300.1262349
294.4894819
292.3115211
303.4664453
313.98808
296.446546
261.2927747
253.8073077
270.287976
293.6718671
313.7776414
330.1984627
324.7166363
341.4164388
325.8415828
328.5765996
336.4277225
286.7080138
274.8452209
292.2837898
300.7957917
309.1002977
313.3602733
308.5483434
331.6849085
327.4086358
334.4998345
333.3709703
332.4481025
320.5442306
319.2708979
331.0922797
340.9058791
330.7945558
341.7626433
317.5542644
301.5166464
321.1572001
322.3696777
315.7382236
328.6838327
326.3059247
326.3809557
336.7915481
333.6182288
321.2226495
311.0346331
298.6470052
301.676997
319.6166613
315.9784465
311.5585067
321.4916801
330.9516784
317.5040841
320.1904049
326.345031
288.4821252
283.7142823
286.341429
279.2907467
279.5822639
277.7116515
266.9847488
277.5817873
268.4590674
274.5605301
285.2710007
283.1422658
271.2017272
269.8892287
276.5671425
279.6706565
281.822691
284.4024164
292.7860603
283.0313851
288.0286021
296.6681835
294.6504947
293.7704879
302.7005663
290.373662
291.1942494
294.5662041
292.0860521
275.8177886
280.3296992
279.9689005
287.0887434
291.0736709
287.1932479
267.3809436
268.4437254
277.0552633
277.0548382
288.2937052
278.5769414
275.8557602
289.5806138
278.9392179
281.8695141
298.5041443
303.5555155
291.7177539
294.206354
291.071498
300.2976258
308.7122572
324.1217248
311.8709799
306.9981665
302.7954134
294.472176
294.0070043
286.5000159
273.864427
321.2504734
311.4106807
321.4878704
326.3851243
330.5145589
313.8250311
312.2583503
313.8031354
311.7060142
292.0656609
294.9502396
294.1868792
273.3368197
275.0663357
299.2361602
310.0603761
314.0190423
310.2271422
314.5976558
312.2282041
306.5637419
299.2043744
290.9026081
290.0025989
291.3796885
291.5833129
290.7101854
273.9065625
279.2065403
291.1788362
293.2565308
301.758595
316.5216453
325.1261947
331.1538096
318.2446411
302.4553929
293.0311339
297.4047131
305.889297
303.7903068
303.7889384
307.7591823
310.7009044
300.0185508
302.8424048
309.2913088
303.2984354
306.2209397
277.181564
280.213442
289.7359221
294.8038981
300.8909067
293.7434831
302.1567769
302.2394416
310.2088531
319.6446331
317.1714801
305.1293279
319.0507229
312.8923669
304.7202198
307.9383332
316.0962039
318.3286311
303.4265876
310.4345557
296.0792914
301.3895504
299.9747011
292.2842747
295.8154772
285.1976299
295.9375522
287.899162
305.1853169
299.9723792
308.1926265
313.9518218
307.4238413
314.3322964
302.5652454
299.5832975
278.4795748
300.1601205
311.4330469
318.7368382
317.7230023
309.022127
308.4029932
310.7010854
321.6912939
322.5057282
321.5768924
325.5251957
326.2829777
337.8896424
316.2505567
280.0099736
275.7342676
274.4246566
297.0642041
282.9410135
303.2606831
303.0878118
313.2367335
319.0011266
328.3289196
308.4145127
303.5452953
302.8339102
304.9624495
310.2518036
309.3939574
313.1366237
312.5015786
293.4030051
287.4989454
280.0174936
270.8168698
279.1067994
290.9913887
286.6890172
292.7478901
293.5978624
294.8194065
307.1827089
321.267715
341.063972
329.908334
305.9097456
309.2880381
308.3679931
292.6525706
286.9281627
298.3050805
294.24367
288.1243695
331.1132658
328.3893278
328.1719848
314.1847457
324.4351706
315.5606454
309.5246204
304.0845095
303.350718
295.3098233
293.8891511
298.1198806
298.6396789
302.7113428
302.4745611
299.3265835
294.8185324
294.5376963
328.6306957
342.2119541
282.8818305
288.4782081
286.1115263
295.6417007
306.0703685
298.0188006
292.2754957
292.7669486
279.8843427
279.5050218
288.0264412
292.829407
292.2585388
302.7502611
317.081134
329.4508674
326.9810671
324.9229836
316.8906518
286.5474294
321.1228001
322.689821
316.5794565
309.6609155
307.1011938
308.8655356
298.0522865
298.0907688
309.1652855
301.1956546
316.1399244
308.9152646
304.7797185
307.9224491
304.0138246
295.7935756
290.4262438
296.5291028
299.5562372
302.049137
303.2882444
288.2121815
312.7470725
314.785532
313.6768324
314.9363547
304.8287997
311.9215669
309.2484208
312.0282869
307.2569432
306.7332898
298.2558513
283.3017579
297.009482
313.8979605
293.4253319
291.7247167
300.7408356
303.9673099
306.9136997
303.7378767
291.7251611
301.077568
304.3221183
291.2265174
289.0193411
287.1634672
298.7039194
300.1320375
320.4176021
317.2975775
314.4629965
313.9137477
311.0671001
296.8534089
291.7394256
292.7697748
309.3506798
322.1912616
293.3732605
309.1152799
314.4053954
309.1457453
290.6592454
302.0180022
287.7744543
288.9635906
296.2037343
297.5168746
288.231113
300.4506577
315.3041652
320.148591
333.8021767
312.9030795
312.6121515
325.660926
294.3756494
288.3123709
307.6491505
302.4750917
307.9772115
296.9722642
303.3221655
315.8333714
320.910322
293.6896425
281.8744831
288.8423192
289.0199214
285.3821527
293.1821474
291.9958835
303.1099114
308.3015126
303.712798
291.6397348
290.4742424
304.9760527
296.8372159
298.3308496
288.771598
273.8214138
293.040161
291.6802275
302.1038124
312.8652718
312.0704981
303.6494629
306.7740188
301.5021739
293.5008384
289.0967741
282.705076
283.1421688
281.7937452
275.8871556
285.1909549
286.3462109
295.3135956
295.2823351
299.6880246
319.9739303
317.124211
316.9553851
317.4937348
312.4429828
314.0464423
297.9486357
300.6072437
303.8560051
295.5328529
309.2561118
310.2316334
303.6541108
300.4433303
303.0155553
295.9973974
285.9820878
293.9181578
303.7489326
320.5666586
313.3635167
308.7093851
301.7115419
302.485554
305.200264
304.2032656
313.9474123
304.6301667
296.5975276
286.0735608
288.5993905
288.0112835
290.1238896
300.9563617
296.7965333
295.400117
282.5738045
292.8863988
288.3109548
282.4185764
300.3497278
281.3263143
282.8995872
279.3101631
285.7936197
289.5665541
297.1836446
308.5267345
317.5117237
321.6690511
332.3793295
333.6641662
333.574317
334.4939698
324.8884324
325.7346826
322.7508355
304.5652182
309.9140693
305.7005479
305.7739352
304.6464123
289.7011506
272.3261776
264.3572803
281.4124118
311.2620149
314.1433302
311.9318542
316.4178788
309.5789467
300.4950056
298.542607
333.6078282
325.9381519
317.2170323
305.8261828
328.8883379
316.6194821
329.9619602
326.9297464
320.9905264
315.6836593
311.4382898
308.2914556
308.9647513
316.8909717
300.4341437
307.1290892
303.9032417
306.0555679
305.6258537
312.1941588
322.1019741
324.2380866
324.1543137
330.5990692
324.132665
321.4055794
313.7503295
325.4102576
314.8499332
332.5912767
325.4736753
306.3936934
294.0223544
286.329851
292.7336112
296.3447712
302.6487631
301.5706478
294.2911096
303.8444002
296.1328433
309.5344144
305.1331995
317.1258914
298.686459
300.2905779
300.9575381
296.0204428
289.8246855
299.0835939
295.1689524
301.7412687
310.6483024
302.3847423
308.7169301
312.0299203
316.2340667
294.1092213
279.3640776
284.2425989
279.4173083
287.9505093
287.0535957
289.7634938
302.1961683
299.0034134
307.7626357
309.4308749
312.2085445
308.6947681
299.8691537
306.4763599
305.0080588
303.9604203
304.0559124
315.5125036
319.4630637
304.5906912
302.5808209
290.1922085
281.2299529
278.3046415
278.2551496
307.9840177
312.7864073
327.366602
325.9829114
309.6667877
304.2012139
299.1480718
289.246621
291.7233085
288.7777572
280.8676025
276.4728929
274.3826139
278.9866507
266.7458601
272.0787884
278.0949404
279.4683015
296.8672488
284.1946582
278.9664105
297.4346571
304.5333396
296.6317087
299.6708217
286.8127879
283.5657317
275.6388034
268.9430547
271.3817687
274.6565321
274.584191
287.9337683
300.2767467
306.8737174
311.2491853
311.7887881
310.4970336
304.905452
319.9668164
308.1404593
274.3492662
251.6252792
267.2448611
278.7188671
275.3686854
288.7609588
284.2802518
292.858774
286.4789413
283.1024017
270.2135156
272.9054836
282.9962978
276.3839106
266.8808271
276.9585868
271.0631378
281.8055668
284.1718524
293.5104448
295.3556921
299.6896373
299.2496638
291.9732406
291.6004442
286.7150066
310.538204
318.9091272
318.3613454
291.5140851
288.6983551
290.5946649
291.1749866
285.0913009
287.3531634
275.0121327
280.5525
303.2619918
297.2587377
289.4440502
311.8932683
318.8519648
324.0415131
312.845803
301.1956824
312.5456779
296.0205082
303.767695
303.992339
315.569873
299.7926908
291.9101416
300.4044027
291.3614752
304.3416248
310.0716195
329.5330047
310.8741922
306.9574424
299.880987
273.1316053
269.0004446
278.7576472
281.4751792
294.8094202
303.304888
304.6830023
303.7103295
308.5520095
303.936333
309.9050662
313.136322
302.5785274
314.6481697
306.1489505
302.6703351
293.0829055
289.5775192
303.6570666
296.3985448
311.0016387
324.2377337
306.7335191
305.8154333
283.6972654
272.3568749
272.1481283
284.2827874
296.1080633
305.6379077
307.4479481
286.4462457
288.2728359
309.39336
312.7651494
298.6779589
294.72885
303.8484655
296.33961
297.8419763
317.3885732
310.4758254
303.8008037
317.3028297
306.9029593
307.3852176
304.0771553
298.6252443
295.7401323
294.6977496
306.7248384
313.7735883
312.1404078
299.0037831
297.1475264
290.4003966
283.6290916
294.31088
315.2843632
318.9089576
302.1980419
296.8976741
298.3088054
292.5069673
298.6957982
297.4932945
305.9735071
300.5749481
309.3644516
301.1407764
298.7166273
296.9657984
298.6876762
298.8996421
295.7178177
305.4611668
306.8844039
291.8172203
307.1981937
298.4116305
298.1810578
283.5150849
286.3196426
296.9967235
274.6170194
281.5225367
287.5626704
311.4188073
322.4803622
323.9075771
321.5377632
323.8771062
326.7395175
317.49502
319.8824925
309.2024284
323.3712602
308.605758
315.0411892
313.6895992
290.0804728
294.4615793
283.8141904
296.9212369
311.9867306
312.558947
326.3157346
322.5073812
312.8442236
314.2790173
302.3340644
304.9359952
289.7496597
286.560442
310.0794408
308.069955
297.7143356
280.1566299
296.2023911
279.6614653
308.9391558
317.9603395
310.230702
311.1030959
305.8105106
306.2508297
318.250921
304.5798205
306.5902936
287.1298295
287.3088414
286.3359317
298.1541239
307.1329923
303.8427458
299.0186484
284.2467049
297.7546877
305.2716473
312.4958455
329.5756905
337.0291287
318.1115064
311.7931374
325.0510285
319.4056993
321.2985513
320.6700793
311.5597368
303.2105458
288.2243362
292.5475297
298.8861804
296.8168984
298.9949288
316.2596111
314.3834699
306.6772098
308.6122226
325.4333981
332.3795697
331.8322361
327.2910345
327.6780329
315.2054407
309.7005931
297.3160865
294.2800469
291.792961
302.6112648
330.6597371
324.7578161
333.1503874
325.8522445
324.8423628
314.9118447
305.1106531
320.4624004
324.2787009
326.7632281
300.1607832
300.430212
296.0230729
296.9170275
307.1888352
322.1537156
330.4550176
315.9297198
310.4777371
313.5996267
299.531758
310.0652369
308.1246933
324.9953329
325.1156087
336.4368699
339.5747714
316.5495712
300.1655989
298.2550838
272.1062387
290.2397477
299.0081419
291.1598432
287.1963272
288.9369184
291.6493267
287.3805816
295.8856996
288.2757029
289.4553644
297.3110957
286.4408046
296.0390688
305.399638
299.9412949
316.8963669
306.2044552
297.2721685
290.7848167
300.662662
283.9897904
280.823891
286.0259445
298.2853018
307.0376866
295.782749
291.1452166
282.8358387
287.6176683
280.5891836
284.956997
278.7736448
274.8033535
269.2646164
285.839015
306.5725785
320.2503419
315.5173347
315.6712507
285.2073579
291.2514492
299.4791376
305.1878546
281.8544341
293.0537132
304.320857
306.88905
310.3348762
338.2404186
337.1681214
327.9826097
309.9586814
280.7237925
284.5729159
277.1590978
261.4124898
263.2270077
274.3459564
274.7246475
295.0415224
267.5130887
272.8486108
280.5257435
287.9756514
304.9952122
297.6997315
293.9758859
286.7236096
296.5409391
284.8286943
286.9989961
277.2357517
289.9830409
290.6936754
292.5094039
290.0631779
277.8042736
280.2288322
280.863429
303.2696957
294.948853
308.3226424
285.1301886
300.3824897
310.6738205
302.4624564
292.4551752
295.8722093
292.9045374
303.6129675
301.272684
288.6023043
286.170439
302.7532051
305.1704296
299.9385847
297.960289
298.4201293
302.4248882
314.9783046
323.3638864
324.8366476
321.5163221
318.3208013
298.0411623
300.4152281
295.1692625
292.9117778
290.446515
304.3177509
310.6814226
324.9215362
319.2299302
319.314123
314.8687193
312.5247452
310.1609499
307.5798019
304.5812368
303.9481274
303.0465587
297.8974478
305.6467392
284.9671467
283.8112487
300.7972705
294.0594711
289.1716285
289.2167535
278.9640382
293.6727427
297.4976867
304.9910073
294.4312039
310.8620206
307.4658463
282.9039831
288.4639194
302.8576146
313.8615971
315.5069161
301.5525546
297.6275336
301.704065
296.0599748
290.832662
289.6235107
295.5576058
287.7310256
289.3417145
287.6808608
298.9688486
302.6134219
310.0862587
319.608642
320.1275858
311.7677852
306.9888789
306.467341
292.3703525
293.3356764
305.0403907
312.2343891
342.8222683
319.373305
317.1212021
299.535502
280.5128698
286.7811865
284.100369
287.1469958
303.327282
303.3051531
304.8720101
310.6214956
328.5361191
318.6479291
309.4984924
302.0586826
333.3529993
322.8776029
316.289495
310.053867
306.0518462
288.8002858
284.6614389
291.3564141
289.78563
298.9015918
296.515817
306.5067209
287.7487534
288.5454025
285.8567682
293.4793066
306.5992072
305.4223544
303.1382169
316.9677937
339.2370824
337.9349502
314.361276
306.3986306
314.0320091
303.5815659
309.9757505
299.629485
303.5640651
308.7481059
275.2028861
283.0694931
281.6422899
297.4616121
318.639317
313.8538608
333.5269024
334.1130205
333.1923188
325.4480994
313.6867219
301.4972947
297.082707
288.7028893
286.4732107
286.4039328
275.5791268
285.4495655
308.865934
293.4777819
302.498971
288.4761039
295.1423318
299.0285321
315.2784301
316.6054042
302.1815203
317.4657519
317.3737639
314.4753268
309.7663148
305.9219307
300.7954505
329.302478
320.4976962
304.9491074
290.7261682
291.4531976
292.2424331
295.7178384
304.9860638
309.2777535
292.9877506
285.6001584
278.2276323
285.0225037
289.8955068
278.7707095
281.4333266
321.6461162
295.9320701
312.9037924
308.3206459
286.778326
295.459295
287.8353695
290.9788607
296.1390713
314.1595055
327.7802912
317.6880348
305.6450149
300.5371299
302.2058029
305.7584281
308.3301487
303.0313234
314.3837529
304.7822029
290.2150254
326.0403204
333.6434271
320.7160865
330.034696
330.4642317
331.2222589
330.8055507
339.5980093
317.9384194
326.8041556
334.2922399
320.0847855
345.754219
346.7458874
330.747246
319.0197892
313.1565843
318.912553
322.5738595
322.4527135
305.9944069
296.2332661
314.1204836
326.1904203
325.7497097
296.7323945
308.5541907
304.3916065
314.2923434
328.5180517
290.7434813
286.8148991
288.0168192
302.1400665
303.5925339
299.713514
289.6136479
288.3715727
294.4359776
294.6014594
301.6209798
286.8690428
271.3557237
286.2265872
284.6137295
291.2023693
292.3224132
296.9614181
314.7738423
320.789156
314.755274
325.913421
337.2558222
313.0099933
307.2699104
313.3937809
298.8461464
294.9364701
301.963523
298.7722382
294.1867079
307.8669389
321.7366246
316.2249198
313.6724339
306.6097552
299.063616
302.6919837
309.4815592
315.043786
311.1455393
291.5428566
303.561741
303.5679948
301.0708469
307.6299399
302.7223819
290.3553431
285.1350834
295.172555
298.7470107
308.2612632
302.5102649
314.4705864
319.8039925
289.6049618
284.4824946
289.6609609
293.3556426
282.0184586
294.4009579
288.240031
297.7341059
292.4011109
287.3087411
278.092448
283.5296443
286.5530927
291.5315212
295.4078498
295.0162574
308.6258937
309.5410857
293.6029143
295.4953747
294.4668654
316.4951102
316.5746325
318.8396946
304.0363232
298.7965524
285.4465827
296.032403
295.9720047
285.0334883
276.2964371
271.0825422
285.2770813
284.2397589
287.8919109
300.4800228
302.0739273
297.8027228
320.3333335
305.3994798
307.6878279
301.7293614
291.5906461
281.833483
280.7360967
267.4943765
262.7356973
260.4907448
266.8512314
254.0893761
257.1249251
263.0236779
282.4517275
303.9692645
304.0461906
297.3151165
284.1528178
279.282187
283.6155819
284.600296
299.0827772
300.2841108
306.5727402
307.321172
314.6028946
310.2294448
291.8762626
287.9885868
303.9813381
325.4863796
319.1908026
312.2524376
293.3068598
290.8420583
286.6072884
305.1009659
298.3037448
297.3431838
271.3697871
274.0622374
291.4896943
300.4636548
303.5437549
298.8989347
297.8736515
304.936183
304.8111148
309.3276467
307.820041
303.827708
302.7265677
316.8865713
332.6490161
326.4392425
315.940275
285.6009861
293.1151335
301.0305895
286.3802526
279.2617237
276.1317491
277.6724242
280.87048
288.4979555
295.1432927
293.588506
293.8164552
301.8722642
316.2546591
305.1020373
300.3958851
302.3645063
295.9295144
290.9813409
280.1135955
306.6375929
297.9354555
278.6408998
286.6512477
287.9881292
294.7674246
293.4312538
305.2581081
318.0846431
326.9829671
320.6864467
317.6046846
297.1814168
306.8534969
298.0156297
299.8928127
291.9849993
305.6324432
306.4886329
290.6826656
297.0625482
309.4420864
315.0765523
302.5538323
300.69597
307.938722
327.4914437
331.4916654
326.2274141
322.1752085
298.4510482
300.5345586
296.5609909
298.0071164
316.9866594
309.2037999
295.787657
317.2147932
324.9480154
310.7552786
307.3686393
293.1594302
296.7806942
314.2214427
328.5924618
321.2612132
298.2645978
296.6621605
289.1769185
303.6482915
313.9518786
306.710928
301.3998765
302.1443858
298.5773495
311.3396797
310.0818754
310.2648708
317.9036265
309.8728499
281.3388216
286.4037338
301.3030909
296.4008117
290.7346834
291.4405911
301.4339207
291.5740587
299.5761742
296.4254853
301.3609617
321.1477593
307.8256278
322.5744961
304.9242269
307.98299
301.3174454
298.7451604
285.2489846
287.8143181
273.2545137
280.4344623
285.0587318
295.9735518
300.0344704
314.8201056
302.3820853
311.6209016
302.78709
287.1136668
286.867774
291.3594085
289.5636436
283.7148607
288.5448523
284.5577085
277.4802128
271.5328487
265.5685513
275.1665395
292.7178073
285.8390559
281.4208491
267.4664552
276.1630152
285.2219987
294.3047647
299.1726401
299.4441291
296.5979544
291.521747
297.9313371
299.7521907
312.6221858
318.8714078
316.1184853
312.6492431
295.3254158
299.2245325
293.0192712
299.8080794
305.4989322
306.2903836
313.2551514
305.3191249
312.6652936
324.6184178
321.1663478
321.0512338
326.482724
326.7915237
336.4606484
324.6421143
317.2939829
295.9971665
302.1833047
292.1727205
298.571495
284.1628971
302.6045052
310.7537494
302.7180636
299.5086875
288.1715666
283.6004488
305.8718987
308.9797481
304.1524923
303.0205017
299.6143249
302.264529
290.6307064
291.62064
286.1213365
283.8174398
292.0546202
285.9664291
286.179389
303.1513693
303.8822095
274.1899287
275.5706111
278.6180521
276.3397833
285.0614459
294.2103402
296.1669668
289.8823404
287.0510355
282.6439099
300.9933636
300.7274453
301.8898516
300.0970275
297.3653976
293.3244703
288.181529
292.7302903
269.6001229
262.6885906
297.1808326
290.6242878
294.3558432
291.0509536
295.7596402
309.3558449
299.7098758
293.541093
303.7446605
300.5875621
284.57802
284.0296271
294.6717676
302.6194549
276.6443842
287.2024042
293.674129
295.4816894
298.1529794
303.1275586
308.8172392
293.4213031
279.0695645
286.6996432
292.095676
301.9373005
309.8261189
302.1610831
319.5036533
307.9632335
314.571437
298.8404667
307.0966256
295.4522438
297.3686147
299.0494494
300.2273702
309.5629175
303.6823098
294.9760457
281.2814642
290.3948349
303.4054796
313.7157592
326.7248144
323.4474231
315.9319551
298.5818299
285.5792422
286.5176697
294.0716504
299.4838718
295.3450967
302.4929067
308.9758786
310.4781145
319.0892671
296.5380828
304.028172
301.3034722
290.3333291
299.2074275
294.6124576
297.6689402
309.9140152
303.7320535
308.5399148
324.1917467
339.2503056
331.7796152
327.1279897
327.508934
324.4713165
312.8379508
321.0972519
312.444512
319.3926512
318.4335009
316.6690038
311.7631808
292.6846248
310.7259472
318.0339894
312.4749928
313.0896974
298.910443
295.7809568
303.0939483
291.5758908
294.3064558
297.1084873
307.7603275
310.4499881
287.0712899
291.5403002
311.9223312
316.5359492
307.415434
293.5951797
297.3928101
322.2253867
315.4660028
326.0590577
345.00096
344.3497383
347.0974055
335.1893455
319.8269222
311.5631135
311.5098053
314.6098913
325.7470738
308.4371506
302.8219159
309.0995622
312.8392725
300.4106839
311.2515069
312.6285667
310.4370095
321.7316338
298.2683036
294.9834034
302.4306942
296.728399
298.8477879
304.181289
320.8911655
337.0217592
333.3276654
332.3286749
325.4093124
316.264749
307.1681818
292.1498281
309.582918
304.7572743
284.4381909
300.6326906
320.4345079
316.2160389
305.0704141
294.0317619
290.6563848
292.9532602
275.690262
294.9786763
307.2921828
312.1276599
312.6185091
304.1272925
302.9589941
323.3852409
322.9598429
317.0152706
335.4919842
343.476981
331.7941772
327.9118799
310.5882072
278.0559015
293.2778229
298.0019704
302.0188331
303.7726716
295.2422895
295.7882199
283.0601065
293.0914006
286.7566839
303.8096151
313.9324002
308.1062053
312.1964121
298.7337442
284.8825461
287.0154115
288.58126
303.1587181
301.0960652
313.287982
327.4582917
323.8922441
320.2131161
305.2223069
301.3911464
287.0577343
287.4386336
294.7603336
311.6959526
322.1198703
308.158069
313.9922973
310.2283297
308.9043533
298.4687838
297.3487555
304.4812849
315.5614567
316.316857
291.2974101
278.4883693
281.9296844
280.8047419
301.4960011
294.7761231
319.3358321
334.7813893
329.2895632
316.1964111
323.831779
309.8907898
299.6577333
299.1856557
289.3139449
295.9233847
306.2732563
307.1856319
289.2182925
280.6810697
267.916712
278.8419658
288.1318317
279.29924
281.1527774
282.0183642
282.9881195
287.2413644
292.2660714
301.5706185
290.3805501
291.4312762
292.9504589
313.2282015
297.8403195
299.8438771
304.6124938
291.8249959
288.0907568
279.1429445
332.0082096
317.4620361
312.7287299
321.0864201
325.980702
327.5510876
329.5383267
314.1536591
322.3384671
301.6982491
302.9005392
279.3177491
281.8958388
281.2553603
297.5599024
292.7319941
293.7223229
318.4379395
321.8195245
311.7445202
322.840391
321.3053258
316.4043006
321.9134077
308.0083659
317.0349181
310.0476163
307.2149251
303.1182619
312.5549797
314.591773
321.464202
323.3353219
330.8248326
325.2581432
331.8499389
341.6258334
320.9721081
321.8176666
325.2749431
309.0022052
295.8900491
293.8475742
298.9911557
308.6940118
305.324103
300.2889295
305.4637754
293.8240607
279.0396052
269.2672801
278.2007658
277.2354302
287.0531032
290.6342332
286.8630878
300.5339998
309.9316895
302.3440887
308.5890617
292.1029311
304.8056125
316.8493906
325.6892504
305.8948607
303.4689473
307.1047982
302.7260647
301.6304103
288.221069
282.444662
283.0432867
299.5695554
289.7422114
294.178435
288.3059511
292.1246998
287.2815835
288.9933059
295.6347972
308.3088052
295.4152004
286.3154091
284.9122345
287.2805793
284.785711
276.3979014
274.6153201
274.0835164
289.507439
288.3351085
276.6253088
274.2959909
272.5220138
287.7075927
299.3904533
304.3189465
311.9976616
321.0205687
317.7407524
292.1068162
306.1431002
313.9403494
318.412846
307.5399186
283.9083167
276.9505135
280.0228712
289.07459
291.2389654
314.7609442
315.9841698
313.6093295
301.6919586
304.0484617
298.7834012
281.3968043
276.4694771
282.1076845
290.626224
320.5689475
333.13513
313.8342022
299.140921
296.6696318
291.6144699
293.2116221
281.3174204
278.4172106
265.119569
271.6710123
280.3264721
281.7178724
288.8158363
300.4111821
297.6639908
318.0929211
309.3355689
311.7150306
303.6477978
298.8299967
293.4405128
297.5911936
299.4596857
280.9931073
292.6602644
284.3123513
283.6573488
284.3083415
282.9171316
297.4892986
291.741503
303.6736946
314.3049031
313.5905131
312.5230965
302.560088
313.159345
308.5440205
296.1264157
305.7309189
298.3226816
284.8363004
272.6647967
279.8985638
272.1488278
291.2044745
289.9558914
289.4924644
284.2786042
281.1828705
279.4480982
283.997546
303.8283371
292.8883851
294.4816274
293.5469269
298.3919374
308.4148333
304.0904733
307.8886406
312.3974406
316.325707
314.1269312
307.394504
305.1076204
295.3094007
299.7301212
298.3886508
307.3332369
315.9380691
304.8529499
311.1118617
312.1161263
310.2250229
304.2784476
300.4114495
305.6120611
317.1738054
316.9690281
281.9400639
296.8553452
298.6453775
296.8634159
292.2345379
293.9714827
300.5560215
312.8962355
307.8951254
324.4372036
321.4202043
304.1797357
298.497613
299.2821951
312.837491
322.459686
308.7459151
309.3602907
311.7978047
292.0908405
286.0169339
284.2654615
302.5880821
293.1078305
304.625933
294.7974815
289.9165894
296.5271999
299.8534108
288.1381793
277.7132635
299.6918084
309.915594
314.1057918
300.0649599
306.7027604
305.8305819
285.0315395
285.0355009
305.1964301
322.1335525
313.7937178
308.0302597
308.4880776
291.6476747
299.5159344
308.5004904
297.1388275
286.3848981
284.5839048
275.5880179
299.7287699
286.0059149
313.9377874
332.3052592
318.7755084
313.0336054
321.9354786
314.068913
310.3394966
288.755712
280.7813254
277.0875697
283.3750576
291.2927465
297.2366169
310.1922914
313.4383717
311.1953985
292.4801848
280.4412438
287.1390235
275.3807383
266.1082054
280.3884105
269.5353554
274.5638153
280.6922757
300.0617272
288.2152362
321.9358835
317.5190646
326.2348669
308.0805907
291.1288353
292.5341953
295.6664275
283.9896772
279.7259526
276.3804583
286.8048689
291.6154642
293.4123929
285.2197321
277.6373892
288.4788476
294.7054293
289.2425103
286.4036725
309.7579022
318.6829046
334.2018367
320.6745309
333.194434
336.6724154
315.3260364
301.9980485
278.8232102
284.3855743
284.1097262
275.7461194
272.2235231
280.0302049
282.2662607
294.6992679
309.7464662
304.4118546
311.7123816
291.5596854
312.2500155
294.5937929
313.0208624
316.196711
319.1793338
292.0619976
307.9706248
300.2191713
282.792556
285.7972549
292.9755668
296.7035479
305.7808898
315.4634837
304.3745467
292.4742605
290.5970816
285.3784995
283.3211965
283.867293
280.4692794
297.0544151
291.2842919
295.7101908
312.4278344
324.1051773
308.5038433
297.982188
302.3842897
330.7623052
318.5192661
320.3206395
310.1543548
305.4355588
312.4221573
317.9366643
305.2042652
296.4973321
287.4866264
278.3202679
278.8015402
302.0961278
287.2111087
287.0127961
283.1018517
294.2329388
282.5579053
283.409218
284.0323471
277.1196571
289.9239355
297.2630456
310.1820624
303.0027677
301.9364463
287.7203426
310.380137
314.5853621
323.695077
322.5373589
312.7043809
277.6947958
273.3310353
275.2785747
284.0177779
288.9651937
278.7853357
296.3994496
291.7562437
295.069837
303.2810512
301.3494946
308.2208777
316.5292668
323.2864817
331.7096315
323.7314018
310.3693968
298.1411919
275.2274125
268.5772528
272.9229638
279.2739668
285.9736357
288.4087108
288.1885463
297.8677807
320.9185688
322.7825337
318.5580712
323.6219219
327.7913128
339.4157421
326.170776
305.2894555
298.6152482
283.9211427
297.5188662
281.2061405
273.7214598
267.4541522
304.2876517
310.2402065
300.3007171
293.4171366
304.382337
301.1879671
311.0592741
296.7458061
303.9658896
299.3672119
304.340753
306.2774133
280.2236194
293.0218267
301.2032484
303.8201917
296.2971868
299.4361622
302.7309505
307.1546574
276.0839009
264.655014
264.6641809
280.8697857
286.1431781
283.8139505
293.9084337
314.0165544
306.9686066
288.9338575
308.1598019
321.2629961
320.9121713
316.5770031
307.2504419
299.9080732
300.7739878
300.347259
292.1682334
272.8425131
310.2723486
311.5566909
300.1517526
291.6344329
291.4598317
289.9025139
291.6210568
287.8107799
298.1975571
316.9479098
319.9557121
305.9216875
301.9398681
313.0809535
307.3184137
310.5901836
307.8122387
294.557726
295.0649668
320.6709228
316.8257529
333.0110024
340.6281237
332.8769293
323.3966085
312.7378768
318.6673912
321.5129581
293.3387354
291.998837
291.5785556
282.5462007
292.1141357
300.9789347
309.5896218
293.8894112
283.9056326
287.4464445
283.5148761
306.0764443
288.7153643
286.8114074
291.5487233
303.1354795
304.2889631
282.2332241
285.0890565
282.9635744
291.3656805
301.7132912
313.4414519
309.3054091
299.9632425
300.2081419
289.0962414
300.5188065
287.3823504
289.6843349
293.2119849
280.4895846
312.7818571
316.6969039
300.30816
278.2377721
283.1823545
294.5695235
294.3458366
296.6820922
305.8814163
282.1199287
279.5624498
282.096952
298.7823981
299.1236064
306.6422726
306.3701055
297.6244556
286.9011712
287.6842776
298.074224
283.1709389
282.7857291
252.5376685
260.9131486
268.409851
274.5829631
280.3100655
277.7297104
288.5861349
302.5974846
311.478983
316.568201
311.1974142
296.9216191
286.7889121
287.0183035
296.7706986
296.9270047
306.8499697
295.7420992
292.9637025
296.7533765
303.1376623
304.0663456
301.4278531
293.4865322
278.64338
271.0828113
272.4315609
274.9961999
280.5750467
279.2299559
284.8022382
291.3404064
303.771331
313.6307792
315.8081425
309.3588263
291.4775618
283.1735656
300.0354053
284.8169436
283.8170344
275.26958
279.2442988
272.7312631
293.8478604
287.0111624
284.2761775
288.8233554
300.7328722
300.4057749
294.2476341
305.4442696
292.2366059
289.6949481
296.4656229
309.5039038
321.6619083
297.2463528
298.540813
295.8294205
294.1776918
297.4298719
309.4710962
306.2508577
286.9944379
290.7058221
300.5624792
294.3387288
300.3120704
292.4760915
288.9001493
296.0915758
296.6720961
303.1604822
293.3784996
312.240001
301.048243
315.4555171
274.7385605
271.0939055
282.2879036
288.2188959
273.7791421
288.8083728
312.7920717
325.9507284
326.972711
315.69963
299.8161101
294.2247744
294.2841751
287.5805882
288.6305862
275.2919515
285.7852752
289.1708607
301.1895609
272.8572419
313.9011215
315.6759413
310.1629863
312.8715818
297.1406645
309.5015825
295.3887718
313.7312804
309.8677422
311.9012061
297.8654579
297.4635985
299.9225697
292.6575411
277.3151589
275.8268719
292.1755563
290.8500126
308.0645113
328.2034982
301.8419758
287.1942667
300.4786421
295.6948858
315.5969567
304.706523
292.6776468
293.2430412
295.6414272
290.6921274
311.2635552
302.8259544
304.3935794
318.3324166
311.7109943
316.0919331
316.0019792
314.0196457
298.2550771
297.8280233
297.4387634
307.2968768
306.1424699
288.1838991
275.8580902
279.8896622
290.1294632
302.8966503
316.8095212
306.1202177
322.5652855
310.0023712
294.9489691
296.6792365
305.1087792
308.769605
321.5294327
302.3041043
317.9972132
316.6939631
328.4816248
322.0109034
321.0213605
307.0444277
314.4368502
308.0243785
301.8412347
293.1165157
286.1178443
275.4533278
289.6327058
289.9235749
285.77881
289.1986689
288.9988983
280.6927396
295.0826424
296.061422
307.9632267
321.5346656
261.1220412
265.2880278
261.0954358
276.005897
285.7047152
286.3966073
289.7309907
297.808319
311.4986628
321.0815749
328.4100484
320.0376457
319.9289329
308.4809398
324.6891049
311.0255967
285.0107813
294.9454526
284.5994148
273.7448124
311.8268573
330.2890348
330.3928608
312.4366375
298.3964618
285.7546911
284.4944742
290.3412114
292.4465496
297.5202242
300.5806953
301.9117282
303.4491704
310.4426945
307.1536571
299.1115803
321.754412
324.7816074
307.1529934
316.0670213
317.015611
326.7216792
309.305832
310.2901674
318.5886181
305.476747
283.2089188
291.6051578
295.1870442
287.0821251
286.8055724
290.9138219
306.9572445
274.856235
274.9930544
276.1135487
285.0180501
305.3817831
318.6833322
313.5871382
292.4384482
294.8132185
302.9914872
295.9996945
311.0167496
313.0245928
330.4957584
323.2815617
305.6999318
324.5674087
335.493322
330.895664
316.7459253
324.0648086
319.7448689
322.6708249
308.7619962
300.0282537
297.6186604
300.0253737
292.2011077
296.6063352
312.1222151
330.4357663
314.5848018
304.2952011
308.2123721
306.6569689
299.4945264
279.703364
278.770604
284.5180409
300.0933795
290.9013448
305.8064918
297.2024885
292.5217348
303.6253882
307.6644949
297.3555007
308.5568219
299.9953431
283.5518098
279.8301744
280.4132758
285.5561352
271.0714233
278.1719759
276.6443149
279.3829771
266.6232976
285.815556
282.3173572
289.9111614
288.4446971
293.3365154
304.3120391
303.1563428
301.2249952
312.9120565
304.9900005
306.4837664
305.1952594
293.464931
304.4748601
301.679051
300.2611206
305.8709544
304.7297509
314.5714122
326.2612399
316.1015665
307.1616862
315.8757325
309.0695704
326.9942239
315.1996807
314.2628609
311.7465052
316.1771041
324.7190971
316.8307609
331.7784014
339.1628656
320.1978311
320.6541368
305.2543352
308.5073977
316.9798494
333.5747721
330.0007343
327.1213574
311.2641676
299.6477124
295.9267086
299.2784554
306.8289444
306.6043081
292.0507851
303.3800192
281.3238352
288.0465357
299.6663195
298.3732595
301.8845194
298.0451614
301.6822504
312.0070728
305.9234959
294.9574271
295.1550667
300.9185992
323.5742296
333.1948519
313.5663154
303.4886302
286.0875155
283.7923315
282.7710181
286.4030603
309.6541767
300.1276991
298.403536
287.0689986
273.0739682
281.4249266
280.2567024
276.3063401
277.8525396
297.3690098
289.5732674
302.5862572
297.5134879
297.832215
304.374664
301.0173034
292.4648309
295.946579
297.7010375
303.3672066
259.5551763
273.7131283
293.4159055
306.4949633
314.76132
301.0523278
301.5056346
291.1575895
289.5098566
293.6997775
298.3966653
299.6267697
295.993735
306.8705242
321.0494403
303.8884882
312.7741762
301.6074373
286.9660367
273.5649291
300.0332206
299.7901535
279.9084081
280.8443964
293.4296882
294.8991706
298.4330082
299.6187422
299.55469
288.6864213
294.6953952
299.1932105
302.6382615
316.6071782
298.242433
304.4602084
299.758917
283.6923243
279.4509493
283.2639145
286.0051216
290.484485
302.4349605
295.9321106
300.8309608
293.5761402
295.5389709
306.9457953
308.0043737
320.9554923
315.8743945
316.6571117
301.0839126
303.8368518
304.2524779
293.0538986
291.1119374
294.1607484
293.4356016
290.0111191
334.5559626
338.2681459
339.0902536
338.6585949
326.4842248
333.5765245
314.5105345
306.6776385
302.5845321
299.9879227
294.2649164
295.681827
301.909805
309.9764754
309.2349097
316.959559
311.5228653
315.1437549
335.3882227
328.3571482
338.0064216
331.9092939
324.1212864
318.4301428
298.6938532
299.2518521
281.3262691
284.5694626
281.4291509
279.3239104
276.191724
287.8776669
296.9016396
293.8787694
283.1284211
290.4601413
303.0140681
323.0320767
340.4478648
346.6844326
290.5145949
301.6386449
306.3675444
303.3468534
298.431633
305.6717898
293.7308252
291.2871579
287.9085929
295.1919506
295.0019443
287.4884707
298.2054634
292.0844795
292.8251322
288.4452709
292.9713878
305.3331787
293.3251003
283.714945
308.9198678
298.2025797
287.6333054
264.1109373
262.0468693
280.1307862
293.1097769
275.6932951
284.3799403
280.9045511
282.8259593
287.1946858
295.66451
311.0630628
322.0311921
319.154892
319.6439568
310.4957541
319.3027023
313.0478469
298.5274752
293.1653398
309.7782507
306.1842967
291.4991201
300.206008
292.1916674
307.0951971
303.3710068
301.3390585
303.6303425
293.8591052
282.4513639
276.5295331
276.4657869
284.7659452
283.2915212
291.2593154
304.0186316
293.9584981
284.8219557
290.7504704
312.3030024
331.813192
331.3250832
324.470821
332.1425913
328.1934903
330.2550022
315.8169886
298.622718
304.4272847
294.5773242
292.7304641
305.4754842
295.5565906
303.728963
296.0555685
293.2100309
284.1629882
300.708725
305.9920767
297.2900555
289.6308067
281.9812783
291.9680768
273.8980858
290.7587381
296.5336685
306.5354038
293.7319314
301.0093731
318.5724727
305.6579845
308.5804458
297.1443645
304.0594808
306.355628
304.1453119
294.222276
296.683702
282.8415607
293.8557457
295.2193978
291.4544195
300.2002327
300.7824551
281.4601742
296.6881302
311.2754702
321.4556191
322.5608791
304.9850578
309.2272445
301.6001434
300.1227145
307.0798804
321.9575041
303.8371446
293.8666897
301.6531303
306.8774006
303.3416228
301.15876
301.7881283
316.5071385
326.3805882
312.1211319
325.7357313
318.7760359
301.2767471
313.5639797
322.9710673
305.7788375
291.3012431
299.0460812
286.7587952
281.8096433
287.3208148
293.1788939
286.4888006
282.4752844
286.8337891
296.1434159
296.8360474
288.7216161
326.9974292
326.3308113
317.6138661
296.8446678
296.525697
294.2401486
298.0331217
299.7819978
294.4792599
284.8931088
301.616242
305.1268332
307.3500621
298.1536634
301.9027302
310.0113933
304.6428404
308.3558218
310.7952173
311.3462806
301.3634502
305.6665647
293.07318
305.5054481
306.3110929
303.5634443
295.4482824
281.9464921
289.6111313
292.181702
292.3928216
307.9580704
301.3589821
300.4893792
297.5402975
285.3106232
273.8176226
282.8566956
284.4329981
297.473222
306.7104862
303.7750709
299.729689
296.9226884
291.8230308
290.2552567
289.9950301
315.878125
305.8820016
310.2384922
303.3172114
315.8685603
319.8910756
312.7879566
314.8120144
318.4962874
300.8538618
297.2471843
288.350596
297.4256639
302.1807502
300.5021581
323.873146
297.4735308
289.4489474
301.3508413
303.4631352
296.2987049
292.3902463
300.4415306
293.3743907
277.7649427
290.0288893
307.8491508
258.3326627
275.8002033
282.9760918
271.8044689
273.0920502
288.5148369
283.757805
288.6596006
279.5581256
294.1979178
305.0681089
312.8955708
305.2918577
290.4671396
284.6782998
271.0265094
280.3425989
289.2439435
270.6509554
274.9267027
304.2582423
321.0385701
309.6787827
302.4948078
292.6863874
277.652783
285.7694879
290.9934186
298.1109662
291.6522382
300.2700952
287.2162931
287.7810471
294.2643454
282.8679159
278.4695172
275.8611137
286.4199745
302.4462819
308.8653957
289.8155701
283.1894389
296.8273367
282.9304815
295.9334725
283.8712814
280.6601111
261.3974674
274.0602248
286.9951983
270.3150588
277.6092488
279.9747702
301.8314138
308.1502725
311.8553894
308.1399577
295.767669
280.8938368
295.1208158
317.2752759
322.0918918
306.4135739
305.8423254
291.3615499
300.9264002
301.0619283
296.674585
297.0651448
285.7696629
296.2090574
293.936353
295.8648327
304.5184611
296.1930732
290.7746794
285.0962004
283.7717202
287.3044663
306.6297385
268.2883966
272.417127
277.3190288
297.8869431
288.7253608
290.8464253
295.2970971
306.8246707
308.6218863
307.2134714
291.1385411
281.0340668
288.2454419
289.2292873
297.2508048
303.7962169
288.27672
301.657033
314.4018153
298.2780487
299.646951
292.4519045
283.6290271
296.4170672
307.5143363
291.2244353
281.3908104
294.4255058
280.8980309
270.8940891
274.83276
296.0184389
293.3621585
293.5948658
307.2829174
297.6398724
299.0298161
305.0132183
299.1991236
303.198607
306.5696324
304.8424676
308.2982071
296.1096195
292.8500131
292.4614479
290.2558713
294.2914573
300.1595826
304.633659
301.8651652
295.205787
305.05706
309.6486018
310.7031395
323.5382152
327.3514424
317.4634465
312.7397613
316.0624205
295.4632101
306.1231688
303.4352533
318.2227671
314.969953
325.5611235
313.267335
308.8405812
284.0007513
292.9999404
305.0563779
308.8308861
326.3495101
320.5252362
326.7583805
325.2238547
326.1369555
336.4271073
322.8607633
317.65048
338.5030763
318.0867458
318.3421397
298.915015
298.3775653
294.1354121
298.0537379
307.1587012
316.2049912
323.0154687
306.6561088
292.8582913
294.9805441
297.288182
311.5239187
324.0428274
320.4572134
312.7810104
317.8205702
330.1829805
280.0361876
272.456502
276.7452429
291.6363642
299.9539651
299.1266423
313.4250781
312.6764722
302.46674
282.2198457
287.38749
295.9014473
287.0898883
279.7023324
280.8984033
271.3016949
286.8327206
281.0988862
284.2709368
280.5325676
293.4297693
306.8107065
299.6698837
296.0875567
297.960407
284.1844192
279.4896352
281.778721
272.4513972
283.2902789
276.1240316
274.9999207
270.522747
274.6897783
278.2304376
293.3682211
304.6293139
292.8605784
303.4431359
312.3876927
293.9787651
296.3021003
316.3276504
310.636387
312.3822493
315.5449698
317.7320438
309.6591049
310.9443029
319.5364021
315.9844834
311.7185427
310.0659235
304.2053629
296.8372485
286.0488005
290.6314801
291.7290772
298.6450267
288.2994115
324.5738668
328.6390919
311.6855466
310.7411271
294.3264368
327.1939531
327.7158816
322.1535496
305.0432813
299.3081336
295.6772984
292.2769742
292.8013043
296.7415079
293.6515128
288.519626
294.6298612
301.0280447
299.9456587
308.9100021
325.450845
315.6477047
310.1304192
299.4043585
289.694458
288.8016619
285.4791569
284.3851151
289.6529519
295.4516939
304.481275
294.9415248
301.7148071
322.96804
316.1076275
318.795448
312.9677857
320.6716135
335.0956427
317.6432489
273.8150243
275.5903552
278.680522
278.1555672
278.5114595
276.6724125
271.561383
262.0644526
280.5795814
297.1309108
285.0194605
271.8521344
269.8045357
274.6451559
300.7026048
300.8485323
296.4526857
280.6070107
277.7674971
272.4547577
290.5397134
309.7249588
328.3111047
308.8082541
314.9468171
302.9885546
308.8729791
307.0102326
295.3347154
288.4832472
296.9991834
288.9112924
301.2753066
287.1242082
274.5220236
263.831646
280.0254081
290.9891838
294.2823792
287.6845768
300.7526319
296.0200402
302.6157027
313.4505254
320.0591654
328.9024186
331.7752747
349.6625907
353.7645725
345.0875405
342.4581201
327.6752526
294.4891964
306.9777661
319.1694493
317.6526987
314.9237795
304.3845552
293.5737736
301.6940428
280.9452374
263.2113382
274.9407338
304.3668433
304.5361688
315.0051091
319.509018
308.3343219
306.8915514
291.5896578
284.6469157
274.1207773
292.4965721
285.9961069
285.6830113
295.0110808
293.1551809
286.5713288
287.1158431
278.0040884
286.4068774
279.624458
268.5017273
263.8165932
263.6417833
279.0634771
273.176624
288.8309817
284.5659676
286.5830426
282.7149685
291.8459479
294.1185852
304.5299898
308.1981394
313.3230112
293.7163843
293.6881116
309.4216642
301.6155937
305.9955958
302.8729083
306.8297571
300.786206
281.3679432
296.8802007
302.2372547
293.6111692
286.7905234
296.9074031
313.9772217
314.9429597
306.5052139
306.0226532
309.8727403
320.2259764
317.2528101
307.4475402
299.9853984
303.0095292
302.8643036
289.2121068
291.0887415
298.442632
281.6778962
282.4137829
281.2178514
286.2431869
302.7576011
297.0275614
295.7745537
286.9786228
281.1588279
276.7483103
290.1071184
298.3837185
318.5562015
309.9018106
310.6349822
295.5015843
324.5341729
307.6108741
315.4190012
304.8109175
311.8275934
303.8704151
329.4446766
308.007945
280.6806492
284.2853222
275.0694222
278.5310055
279.8691757
301.4389428
297.4568736
315.3200914
326.9118721
314.2623512
309.7252345
329.8959171
324.6891002
324.82907
310.4181667
293.0984408
293.5481485
313.6245764
301.0187874
300.7303118
302.2587359
306.1893578
308.8170185
319.0947306
314.1112791
316.1930713
306.3604437
303.3197482
309.7597308
310.266125
308.9171233
307.544212
319.4415073
303.8861747
307.2661346
323.4702113
313.4286156
303.7652881
304.1672589
300.8547895
302.9286442
306.4054127
312.1213454
305.0495773
298.5860531
309.3077994
305.7844974
289.9678009
286.3253333
282.7401463
308.5229792
323.5332538
293.5553454
316.0591131
313.0609741
306.4738985
328.2103133
317.0492015
321.9985734
322.3475441
323.0316936
322.8028332
324.7513527
321.1623423
310.2995504
303.6762168
290.5553136
288.9505912
287.6112805
289.4546924
282.4670651
290.9127411
277.4046317
289.8895655
302.7813256
300.4686736
293.5912733
306.090567
304.5491534
303.7251133
294.4710254
272.1499882
281.1977607
294.3287062
293.496568
304.9677859
303.5867157
302.0163037
296.628876
296.5407583
288.8767107
285.1767768
307.3049079
291.5620883
289.6161971
277.8298921
273.560771
282.755062
293.9329079
301.7740821
294.397425
299.1557948
293.9553043
293.9898305
288.6293341
291.8998519
309.8233895
315.7740269
307.6301033
309.6805535
304.7331058
304.9952042
300.8757177
310.3593158
310.0123501
297.5728107
303.2112074
292.1374158
280.3024353
285.0541125
287.8948226
295.3731897
308.1914293
299.8031279
298.5848958
300.4931565
298.6817457
299.2903434
300.8932754
301.6750157
300.100439
295.9134124
293.9535867
301.7543391
312.0989414
314.3358813
309.7749256
317.4891675
310.6406952
316.1036285
313.3414979
312.0689013
299.6695593
291.2740982
287.7612042
289.1683095
297.2183387
285.3350861
278.9788159
273.9277745
274.260782
286.0139516
317.7349949
311.4623413
307.8861691
299.5068215
291.1167705
286.0025887
306.5934836
303.921561
298.3048542
310.811483
304.342958
316.8148014
310.4783958
286.8298604
278.2045729
283.2391437
301.0647956
315.0009796
318.432166
316.3932912
325.1415829
296.4145774
283.4106291
290.2702071
279.7787477
286.1947144
277.2868819
284.2432493
279.8162931
276.4919054
276.4653545
280.5778125
284.8616426
283.275694
272.8793297
284.6567236
312.1449346
322.5910976
317.136702
325.6663224
300.1084477
310.0459836
308.0584477
306.4028007
302.8231662
311.3548589
309.1335193
293.2308284
299.1853684
294.5829626
283.8386998
281.5351371
265.0989035
280.996717
300.9580324
306.6138317
302.961406
298.4656774
299.576545
295.0530841
300.478578
309.4164886
302.8090434
286.3818185
266.9102745
265.6224991
277.1105844
295.822852
294.84306
310.3369552
327.7877793
317.7554516
322.7540551
323.3974187
313.8561873
303.0241493
280.9155632
273.0049809
285.0922266
288.2524492
314.213014
300.886888
302.4329696
311.3005492
331.055218
300.1159971
284.3032626
281.9098432
289.2614263
300.27958
294.7258305
297.138293
297.8667353
297.7775573
305.074996
297.528342
294.31007
298.4909451
291.4230338
307.5175545
276.0999471
278.1263676
287.1186576
282.8086356
284.6923628
286.0581506
280.9423457
272.2500708
279.4854194
277.6713133
298.7633038
312.0748674
298.850679
296.822026
297.0191736
307.2992389
314.5718454
325.5834224
300.1811242
281.4930089
277.3802899
288.6367245
291.1516279
312.528901
307.1661532
284.3896603
281.9270207
293.358353
277.0984799
276.198481
284.6618472
283.6887462
307.0226042
309.2041867
304.1325705
298.8992363
301.375915
287.063146
282.2231144
276.3458247
300.1402665
294.3612188
283.2721871
279.7986001
303.4008062
309.3749306
308.8485572
314.8099445
322.1325109
310.6196525
288.7738045
286.2465475
288.0729401
291.2444604
298.5904288
290.1113453
284.6939559
274.8274495
260.9770179
276.5240021
309.3737927
312.6332807
327.3470862
315.9346869
306.8721594
301.1751138
294.7056026
299.6792597
295.451482
304.2020246
312.1581809
321.8510557
313.3282106
317.8789467
318.8435321
300.2769633
300.256936
294.2650063
282.2466403
291.0464541
268.0197756
264.9460666
267.0094129
271.5279931
283.319704
279.1505995
288.6428096
301.5041228
310.9459089
315.4814524
307.6058324
288.626767
297.1313212
305.8186442
288.0770401
289.6709865
289.0957146
295.6773607
278.8958441
271.9317902
305.3642243
309.7494809
308.1458447
310.7562817
300.921306
310.1434656
305.5060586
294.2137174
292.0531144
287.0464137
276.9112518
296.6530896
298.0569748
297.4491388
281.8924777
288.993515
288.4527906
294.8581264
293.6497084
298.6505327
294.5137733
285.9198459
275.4545608
286.5887179
298.0074632
308.2560728
302.8109383
298.3898415
309.0800492
301.4364876
314.8058089
305.9877124
323.9686092
308.1935473
315.2115944
302.7918888
288.8790137
292.4025099
300.5453002
308.1560213
317.8871005
320.5925816
308.1439692
283.1415958
283.3292856
279.9964636
288.1002923
310.929585
320.3060925
325.348886
316.862091
308.9423547
304.2977229
308.1295292
307.4009371
316.1049165
319.4025221
308.5382682
310.1001402
298.3121441
281.7752923
281.8961546
289.4832694
285.3011847
292.9525958
280.2459128
278.1698181
270.3236692
282.1010354
284.8211494
297.4515888
295.0293597
293.106269
294.870243
291.2037231
290.37199
286.1228787
294.0919291
298.7111894
292.6795237
288.1620682
284.1059817
284.5634706
292.117087
295.6244862
305.4802022
289.7485931
282.9303142
270.0174715
284.9629671
290.6292906
305.2733581
300.2860886
297.0316194
293.8411981
282.6123979
296.2896014
300.9962861
288.4213603
285.5820178
271.4921915
273.9915184
267.3639313
269.820472
273.7856478
288.0074939
295.8580016
306.2420215
294.9185621
288.9344384
279.2096318
261.8085387
283.5652127
287.6413382
298.627914
292.3579878
298.2716947
300.783607
287.0262256
274.4409709
279.48588
295.7492106
309.6616222
319.4557241
321.2144745
321.2657986
308.6081716
313.1106733
308.6198287
303.8598014
291.2745071
313.8870808
308.4681159
301.2812227
295.9926771
302.5338326
279.0902485
281.4603273
276.3703862
281.9859084
295.6064537
303.9496877
284.9356874
280.5749437
299.7212378
294.0692283
293.6659366
280.7530789
297.4679863
292.1001998
297.2271038
295.0683046
301.5253681
320.1034085
311.232449
317.1861644
294.1560744
298.2463375
306.6941394
302.5878066
289.6474782
297.8061464
299.2931278
299.2743522
280.656372
287.8693667
291.1316567
301.0999191
287.4797976
281.0901843
297.1172374
303.6285191
302.1676323
301.9145125
316.526574
317.2544403
316.0922825
312.720525
302.0559489
295.7709185
303.0867644
295.7695379
295.9075184
310.0586098
322.5371711
324.4002248
318.4640459
301.2112273
307.6090825
290.4291092
300.3746526
282.2539049
275.2624079
278.8363292
282.0485868
307.6624321
318.8502237
334.2702471
338.1424682
327.2732486
315.2472204
315.1601791
313.1366968
323.8598359
325.9671258
335.2618675
347.3314784
341.5201666
346.7574821
350.2963111
334.5066546
328.5602955
340.6291862
331.2854721
323.4586698
328.8536934
327.5449777
337.1716314
330.2198746
314.2342007
285.0995188
283.9842306
298.7688559
287.4390299
289.9659137
283.7218181
290.9029524
288.3474997
290.3339212
287.7247102
279.9179202
272.5301584
288.5445252
295.5514387
294.3505705
299.0823667
295.229272
294.3144519
307.9931183
291.9137435
302.6861203
307.1491151
296.0963968
274.5697276
282.7525986
292.7459961
283.67979
295.3760826
311.7154896
302.053164
298.1586851
303.7563114
296.1076826
282.1226067
283.9764476
292.4504016
289.2122871
283.2315007
277.871657
289.4818843
297.7766202
298.2186885
298.9091129
307.6910578
312.0725407
315.6739422
312.7344923
311.420039
305.630238
302.5781683
306.5472347
301.7544872
305.1954982
298.0763467
298.2008255
305.1945736
301.0897008
302.6371839
312.3843324
306.5193289
299.963846
309.6728622
296.8840073
299.4519511
308.8831416
297.6413402
302.170143
296.5469508
298.1266515
309.6097177
298.6596207
294.2475684
292.4263962
293.8568556
287.6074083
274.5770111
308.649152
297.3553823
295.1635315
309.4462017
320.6066278
316.8378704
312.3553612
295.8935815
290.6548179
298.5817001
310.8988403
303.2876706
284.6467482
288.2388511
289.4106162
293.7573025
292.0387061
287.4845969
289.6133734
294.0768837
288.5682408
284.4893367
300.2318569
312.7829218
271.5767523
263.3858941
279.685077
299.0512567
301.8910532
300.1364866
296.4737749
298.6027381
303.705842
320.6895238
319.6951505
318.1176357
303.2847925
305.1544752
306.7757935
307.5964051
308.9823495
316.2733967
320.5405173
292.8166914
319.9342282
309.396378
283.939206
281.7200705
286.9420441
290.1644502
283.8098193
295.6693763
295.7250706
298.4748411
303.5433403
293.8329045
287.2878853
293.4329522
307.0002998
293.5821899
298.3913221
296.6318079
289.4926563
289.779509
288.3312504
278.9549247
286.5627573
283.5278073
284.1747419
281.6436287
301.1585219
309.6633909
304.828013
307.9275953
319.1043713
308.3724711
309.5128026
293.5531813
286.2808251
286.3778993
291.7915288
293.1955442
312.1767412
313.5554458
305.6897571
300.9373165
285.366442
283.0201015
293.3697989
299.0108949
292.6556348
280.1012142
260.4772706
265.5839893
271.1941868
269.8847858
270.7118303
284.2790304
292.5946175
272.0267003
272.7390438
272.466691
289.0867549
292.7607519
282.6918753
270.857443
281.9392538
286.1785799
280.2693615
296.3054168
293.8173799
290.6569535
289.0705273
282.9152007
286.2723174
278.8356958
271.3074679
271.1049872
288.764158
299.2911732
287.7740439
289.1111516
277.1631262
276.4486448
278.4809855
274.2717931
280.6575374
288.6280463
281.7781561
288.123639
287.3891311
276.1724137
294.9098549
292.3452845
305.8844933
305.3501348
311.4054349
304.2793403
299.5846795
294.03794
287.3147851
268.4987262
264.5825381
275.7086995
300.853298
286.3229006
278.8291794
270.4437567
279.8092857
291.3723381
302.8104213
305.9699152
301.718245
309.6658394
310.3175597
296.9333625
298.9767094
280.7041093
275.2131214
277.8617624
282.0975711
297.8175033
307.8097885
297.2344934
290.4834575
299.0933835
295.8698677
285.5804356
280.2204643
271.6120714
285.4956969
304.4107818
287.5022554
290.7515581
301.5778662
310.3432575
311.9762152
304.7501656
311.8426845
313.3808428
320.8042708
294.3850805
283.1453463
290.4786817
296.8687291
303.308535
312.1543947
327.2650872
304.6591065
295.8785073
272.7523153
275.7414946
279.6220679
278.4843045
269.9131169
290.7497359
297.1241838
296.7881842
294.4551577
283.8599967
288.4714581
285.1408937
289.7489275
298.6199306
305.6508789
319.745221
328.1009455
316.7905292
315.6748843
311.1053072
331.3204176
323.4489156
324.1745143
325.6140753
307.9476601
297.5818209
302.7842369
321.1493931
325.4333195
307.2301812
303.3106723
310.9315724
311.1171357
316.4052561
317.3953419
303.3071927
304.0394142
298.7485881
301.9526149
297.8632565
296.5584941
296.1974435
298.3015525
295.2398604
300.7502558
305.2337609
306.0287565
317.2007875
322.7184944
321.7110511
307.061111
317.4211373
320.0441256
315.1500782
350.9716775
332.3130234
322.4988071
298.6086489
294.5712984
302.2596856
306.7640574
290.5666004
307.2375018
298.38542
302.7327817
308.0625914
303.1919223
301.5674104
306.6729558
318.5124249
311.5744438
331.0047491
341.5487516
339.8955415
295.6073484
300.0033793
291.0211795
284.3547496
276.616842
276.1336218
271.2034877
289.3884561
296.7170226
299.2260785
289.6752048
284.1524231
279.8930374
285.3247148
281.3427504
288.459051
313.2180283
323.7993199
320.9333198
318.1522946
310.15995
310.0510703
302.2056525
300.0631348
295.2067971
296.4628184
289.7361942
295.5613098
301.8086366
288.1476371
305.0477056
306.8401684
295.9541317
292.4023702
287.9767285
291.5861537
293.6692089
308.3960179
306.4943456
305.8057686
329.915101
330.5589127
331.2206552
308.1979665
303.3948771
308.7548651
306.6641761
305.6999143
300.900036
307.7765297
320.7852119
317.2728075
299.7591369
315.7995172
324.2242578
334.9551755
334.5123888
312.6842622
317.0677068
328.4323951
297.6129798
291.8124278
302.4288895
301.8930537
319.7624228
307.1822035
304.9567531
307.2136634
304.3101903
295.9818425
297.8459214
287.2953831
304.9173837
302.1313118
307.4725851
294.0107543
298.6326156
290.4725701
292.8630535
284.2892182
310.0206807
299.5264846
294.3574994
280.9481616
278.8282273
297.6435994
307.6167525
306.6863943
317.4065622
328.1229059
345.0790852
317.517371
315.953104
308.1090187
313.1499132
306.1098141
303.5204121
298.7361208
306.4875902
299.0812306
282.400894
289.1957233
307.9310813
307.1654686
307.7137358
287.6475646
293.5671094
290.0280459
293.693358
281.6132349
281.9226854
297.0233986
294.0149694
290.1121238
296.566716
306.6376917
289.4567434
292.8819491
291.7338593
289.6322901
267.432272
271.6216815
296.6865252
286.4338572
293.1762251
289.3266125
288.6885196
274.5471331
278.9513544
290.511942
284.8780535
293.8100275
290.8100148
309.4527136
309.6181728
284.7260627
285.0474481
277.6661894
280.9672191
273.7563477
297.6049257
300.0120643
301.2181621
301.1996642
298.1562825
277.5614143
278.9663938
296.8920394
297.9601184
294.2651082
297.1843141
295.6577846
303.0394287
296.0220568
294.2877759
298.2040671
303.0051392
299.0164684
308.5775353
317.406408
303.9070319
294.3075401
288.7047534
285.379426
275.0683787
283.9460644
291.8003931
296.2438035
304.0200234
291.6588546
285.6790286
283.4740243
273.6443523
264.9926655
262.4275689
276.2084326
264.2931014
278.8254906
295.0449746
296.925617
286.5089823
293.9188272
301.2498843
297.2257055
300.8480275
304.5313736
287.2095836
288.5184627
281.5341107
284.9796975
290.1883405
285.3549845
283.7460028
298.7437831
306.9097342
284.6864204
292.8731017
292.5406123
281.2485117
290.4353505
292.5230482
302.3300144
295.1192868
296.4618574
303.3004264
293.4257655
286.7490439
278.8620751
293.9675846
306.6535763
306.3002396
309.6683224
305.8469902
299.9304024
299.933497
298.9810916
310.0275074
306.552113
305.715814
306.9976337
322.8984181
306.7367323
291.8014237
275.7886839
286.2625405
303.6607894
287.5600552
282.5773733
293.8473163
295.1281157
306.0251984
300.8750053
318.9617184
320.4945917
310.0911279
291.6875266
283.2945571
288.1830707
310.0569564
302.6857409
278.7149345
276.5618344
293.9732371
301.6969463
302.2037989
283.7706051
276.0935397
281.7482026
287.058149
287.5088602
289.8034548
298.5897016
306.1187235
296.5777252
301.2957911
299.6395796
298.1010986
302.1124285
296.8384864
273.7688203
313.853272
297.9189191
280.0852604
282.0295257
284.8394621
293.1511944
300.5156018
291.1843774
281.6681843
296.2495331
307.3399744
305.3195621
304.6187485
298.617685
286.5694787
302.0151316
308.6638413
293.3656533
303.0680422
310.5076035
303.8096423
309.1881958
291.6133977
289.8169432
302.0208252
300.0393428
297.9016443
294.6990986
297.2513009
285.77606
283.0420537
266.6625472
278.3555388
278.0147484
283.6581743
302.141989
298.5880734
288.0665628
286.4540503
285.9209601
290.1107899
280.1133744
307.5240862
308.7867278
306.4209437
303.4762276
313.3512935
319.8495421
310.3874695
319.3639877
302.9119068
323.3733782
317.7196248
319.9210814
299.8745798
292.8882939
293.8458472
299.3206768
295.4465908
276.6260169
328.8966445
332.8373015
324.0491577
331.5440074
329.8607636
310.5515407
300.9525387
276.9129141
265.3536385
287.2598972
288.3898627
274.9299964
280.6610428
306.3974244
300.990746
305.1498426
301.337608
305.8021593
310.5759637
327.2391454
296.2571598
299.5421395
294.468143
313.0646979
300.2623331
320.606942
323.2255267
307.5503767
305.4814938
305.9340837
307.9102458
310.5250874
323.1301062
308.7261329
313.6353424
299.8673905
290.4420173
309.792797
304.4189902
292.5408366
305.8339443
294.8904526
304.244915
292.3312111
301.7628487
284.2556275
282.783052
282.1125036
297.0917611
308.3192763
295.9185514
295.544685
300.4241559
300.6780024
300.1883627
292.6747127
296.8003993
278.2942425
283.1785145
308.7329376
297.0962576
311.7588657
314.0798343
323.8474721
336.6004458
334.7745229
328.2069124
315.5268921
304.8319778
291.6445718
287.4989057
283.1315392
288.0968065
282.3252676
286.1391853
279.2831403
287.4915504
315.0930774
321.133448
311.8854685
289.9134442
296.1964635
288.1087346
303.7154932
299.3510711
302.5121413
297.1793812
304.992976
318.2139477
304.3586015
299.7310399
299.5040455
318.3690157
335.9379888
337.066208
315.7513639
303.4513069
302.505569
284.6713457
281.8242154
288.8914483
304.147027
303.9480126
283.3926096
290.1859785
293.3761105
298.9629212
326.0082935
311.3927903
313.4405337
327.3663993
336.4832166
331.8068399
318.662083
316.6988965
300.1116097
296.5603882
289.2179068
293.1636965
291.8063506
311.587798
302.7566002
291.6312876
292.9269745
290.3506994
298.5197416
306.210212
290.3568718
299.3000578
286.061234
304.4096694
319.3754308
313.822176
317.7381496
306.8752374
319.9139909
323.2179845
319.0222628
294.3457934
294.9129103
318.1868022
319.3624409
319.8696857
320.0162686
319.707336
313.399841
300.7696653
314.8640179
328.3663468
326.246275
323.1053427
314.5325581
306.2663429
298.7008812
296.0397566
295.9172081
300.5176682
302.3446294
304.6725449
307.518208
277.0685634
284.2674119
290.3261825
279.6101848
289.770773
299.1735278
292.9723026
290.5085512
286.9825598
292.2613754
294.5467043
284.8825188
277.2827601
290.4645315
309.3077143
289.4111071
288.9544122
293.6036119
279.4401997
277.4009543
273.9741245
276.3327905
256.0133248
272.9089667
271.9238856
266.3931262
268.7307263
290.6832273
304.2321791
300.6745285
296.9673627
296.3088496
313.6260607
316.8667193
305.919514
308.5394651
305.8804638
310.9789058
306.8749195
295.0270382
271.9971457
267.3531506
284.1607255
277.5869029
270.515591
280.4530722
297.7501031
298.9959194
301.9203745
317.0671755
312.3950779
309.8105353
289.7023625
291.6235993
309.9369876
305.1685509
305.1172026
299.1553461
284.4267866
284.3559934
295.6093142
307.6340584
298.1112517
286.4579957
290.4783122
278.4937757
297.0498084
301.7023032
301.1975483
293.0248751
275.2669352
285.4612749
298.2153627
289.8136518
293.8112685
291.5474455
292.3507349
295.4519104
289.0291416
289.7798233
289.8113854
292.4884517
284.3208972
279.9199749
285.7422877
298.5232762
299.6187445
287.8473871
278.4886589
278.9929083
286.9013119
269.4483109
278.7298962
282.5815064
276.7310146
277.378533
288.6956936
298.7510187
300.5589357
303.1278547
298.3933441
302.8528974
312.215129
292.8640428
299.958528
284.249983
299.3348697
314.6763913
306.0909507
299.6422093
311.1684459
302.7296045
308.1834018
300.0376885
307.6946982
299.5070534
307.8961569
304.7037554
292.4957375
296.9964425
283.3379703
301.5278696
298.5460866
289.9194159
287.6257916
304.4611532
313.7085888
307.2107363
294.940601
282.3444833
269.9848038
270.8382931
290.4309685
277.2564666
275.2193342
274.1444905
256.2972992
250.1875041
256.3312225
271.5524645
286.6028473
296.7480313
309.2882219
318.4335468
321.6874644
318.8349385
316.5583597
313.0757777
309.6538478
309.5603514
301.7039987
294.3524591
280.2427369
288.5278864
291.207759
282.5668165
285.2869708
286.3205386
290.2984579
285.821682
294.2695939
307.1044756
291.6202439
292.5062085
285.9419758
291.8913128
277.2981308
292.8472585
288.746673
312.3899079
312.0636559
316.8017654
310.0741063
314.2432545
310.9899099
303.9265709
293.8586268
306.0472773
308.8052944
304.1660519
306.9741193
310.1525919
307.3680024
311.8945633
330.4835379
330.3107823
318.8867892
325.1502482
311.1107219
293.4685447
308.8648739
315.1212889
285.3027294
269.2465875
269.0810477
278.0584295
270.611608
295.5010384
314.9595748
310.5365174
)
;

boundaryField
{
    xPeriodic_half0
    {
        type            cyclic;
    }
    xPeriodic_half1
    {
        type            cyclic;
    }
    yPeriodic_half0
    {
        type            cyclic;
    }
    yPeriodic_half1
    {
        type            cyclic;
    }
    zPeriodic_half0
    {
        type            cyclic;
    }
    zPeriodic_half1
    {
        type            cyclic;
    }
}


// ************************************************************************* //
