/*--------------------------------*- C++ -*----------------------------------*\
| =========                 |                                                 |
| \\      /  F ield         | OpenFOAM: The Open Source CFD Toolbox           |
|  \\    /   O peration     | Version:  2.4.0-MNF                             |
|   \\  /    A nd           | Web:      www.OpenFOAM.org                      |
|    \\/     M anipulation  |                                                 |
\*---------------------------------------------------------------------------*/
FoamFile
{
    version     2.0;
    format      ascii;
    class       volScalarField;
    location    "0.0008";
    object      rotationalT_mixture;
}
// * * * * * * * * * * * * * * * * * * * * * * * * * * * * * * * * * * * * * //

dimensions      [0 0 0 1 0 0 0];

internalField   nonuniform List<scalar> 
5120
(
303.2570163
305.4566727
312.0620731
298.8603326
311.9402401
308.1000031
304.0639197
304.648026
315.4598222
302.7183946
308.6638216
306.7443697
310.3029896
294.2004588
279.7168653
275.6249372
275.6072844
279.7279205
286.8564059
288.9313319
305.0332584
309.3840385
294.0817102
298.6193687
301.1453625
310.3918392
320.6925632
331.1188366
325.3516126
326.2505589
317.3670205
308.2552277
310.926469
317.1323604
312.6068206
313.2448371
300.0261676
299.7637678
305.9483625
298.947089
299.8527152
286.5227927
290.6557493
298.7760397
311.9817081
314.9286768
321.0555149
302.9733994
307.5571884
297.8070395
304.8965514
303.2762339
302.3394623
290.197369
291.7442283
293.4843661
301.6841319
297.9592721
297.9605103
305.0606133
326.8656293
328.9246823
323.4997766
314.1935319
295.9844044
290.4591122
291.5788852
301.5857447
304.0581165
331.5374011
316.733474
318.5682427
312.4087435
301.6181584
307.5268374
297.518419
298.6949537
304.6968587
308.8885139
317.6950833
313.1812671
293.4191674
293.7068128
296.8515157
298.1070735
292.1397143
303.4127023
310.2306756
293.7666505
273.9372179
268.9694175
275.8702992
288.8579653
308.2548496
324.9646463
320.967077
332.1280255
323.9784396
329.1185895
327.883283
286.9848248
273.6853119
289.6830769
297.7119123
312.0332379
320.4000972
316.8042135
330.283568
328.3395667
333.0995837
326.1998056
327.044132
314.5608873
311.6459908
323.0989374
324.3019983
312.1127837
317.0198507
299.3334147
293.0311737
320.799784
322.7788547
314.9056525
329.4813377
318.0751421
318.2396941
329.348961
331.7986756
318.5919933
307.9866262
298.0298602
306.3349198
317.2839337
311.7881293
313.2067916
318.1409866
323.8077496
316.0257556
314.3426855
323.5071712
287.8376328
284.2530795
284.8162289
280.1570746
285.9755164
277.3886797
267.3060777
277.5085018
274.7409934
275.1313979
291.6457058
285.5588353
276.1747117
281.7993707
286.8841252
291.0843893
289.8295771
289.2471704
291.8442911
286.0812837
294.9546507
301.4767455
304.1987572
303.6640672
300.671375
285.0538216
287.0838776
287.5282441
285.7964558
273.5936984
280.553701
277.9035172
284.9622503
294.2993362
291.0600062
275.8172526
277.0494895
286.5551641
281.6047576
299.6277661
288.0805502
286.1988576
295.5668061
285.6778212
287.2139445
300.831885
305.8164836
295.1014314
296.6603846
296.9975177
306.7503177
308.1275581
324.3176833
314.7492651
305.0737635
301.3209652
293.5202566
288.6060446
290.696696
283.3588483
313.1971679
303.1094427
315.4958564
323.0107595
324.4385736
308.4419932
318.9342283
318.4521943
318.5409223
304.4668302
304.2521051
305.4040478
283.2190419
282.6028793
297.5388809
308.0478324
312.0145485
314.7140048
312.3407092
300.3898022
300.3735103
300.3208295
296.5961995
286.8269154
291.719259
293.8016614
298.0536748
286.6989645
293.2461936
297.3259844
296.9721274
302.077029
314.6531254
320.836128
320.8521839
311.1942493
300.4727921
291.454154
292.8059925
298.9169336
308.3364428
310.0208721
308.4616362
311.9331993
297.3712895
297.6979559
308.8057289
300.868834
301.4857648
280.0485257
292.93024
295.858284
302.9965993
306.0135866
297.1609367
312.187717
306.4679463
311.7779117
325.6345869
318.6893169
306.4261197
318.0613537
314.650712
311.0134928
309.7950329
320.9281899
315.4792302
308.4235873
313.8346493
294.5337872
294.9601352
295.396185
289.8701479
295.5439207
288.5796985
301.5504557
288.2667051
302.9712477
296.2521686
304.6550305
299.9465972
294.1830529
294.1254395
290.1198906
293.1352683
281.3948327
303.1570232
309.4882604
314.9894934
311.0878145
304.0226822
307.1002632
310.8303611
317.056054
311.3939367
304.7633177
315.1913832
313.5191534
325.4720378
303.9879333
277.2395154
274.8714891
274.110617
290.1567813
276.4995472
293.511504
291.7457102
304.3015524
311.5060788
319.1761489
308.1746603
299.2167151
300.2521255
294.8969454
295.4168033
299.751341
303.6206468
304.8637633
286.329926
285.0286569
293.1335278
287.5648532
297.0261623
303.4817083
291.4396948
295.5786239
294.5496966
299.0480093
312.2193828
323.2216884
328.8969044
322.9454865
304.3866128
312.4226018
313.5176412
302.2192569
294.3578702
297.610439
298.3704458
294.4932725
331.1971154
331.5075048
333.4125331
319.9131786
329.5361292
320.1387296
312.3803275
310.4900086
313.6523319
299.5084665
299.4763203
307.2578909
309.5569024
306.8823174
309.9860839
304.1609111
298.1381762
296.3109696
325.5777162
338.4626182
287.7177363
291.9886691
288.4800356
301.0167744
303.5172339
292.1495604
288.4675331
293.1782212
286.9149202
287.9622393
291.3583107
298.5072341
293.9887787
299.131214
314.0364692
327.8105518
322.2427829
323.8464644
319.3288163
287.3345998
310.9711384
314.8739564
307.4760035
307.5971531
305.066535
307.2381328
301.8610613
299.0234114
314.1865697
303.3927807
315.1446442
305.149201
302.6056081
309.2358186
307.6104561
305.2188828
300.2699509
309.4448467
306.2911001
300.6496366
298.1568024
287.6089518
307.3064949
312.3158892
309.2464537
314.2817461
300.863595
310.1688323
307.2616597
303.3647994
300.7520416
302.0966546
297.6974545
281.3499125
292.245073
306.1704362
297.5145617
291.8575883
297.9684267
299.6180392
311.6349776
307.1284656
300.5626392
303.948091
309.9275919
298.3543092
295.7920674
297.0697426
300.8565067
299.3508882
314.8701311
314.3971177
310.3850308
306.480795
298.3686538
288.0536086
283.9794163
292.1136781
305.9454259
315.5913957
296.315534
306.2046209
310.6750925
307.0632629
289.2916535
297.82196
283.4589977
287.4520078
296.6503625
299.6393124
293.1591507
303.573767
316.6796055
324.6285736
330.8059639
309.5367764
315.0729801
318.7900781
293.1350732
291.5709192
310.6704625
314.8303832
316.0473912
313.8346624
312.1188572
315.3821627
320.9812315
298.4134973
290.0358569
294.4049725
288.7645638
291.6541969
297.218573
290.1825988
299.3276049
316.6827173
313.1029325
308.4042056
311.6176588
312.9482039
306.6592996
302.430941
283.6607012
272.4408388
293.3073154
302.0256927
316.3472859
322.6458996
318.8153222
315.9889324
317.1593224
313.43901
311.2413029
301.9304475
295.5673911
288.0438825
291.3062702
286.9212736
291.0500514
292.2466627
310.2070926
307.0190008
314.4271394
329.0602757
337.0162094
334.0975187
327.4515631
323.4649872
312.5431828
293.5061419
298.0519701
303.8965316
295.7658961
303.8104503
310.1642249
301.4906097
295.335053
306.9970914
304.7520076
299.5696494
309.2329707
317.9011787
336.9624175
325.4529374
322.493991
321.4330659
309.8369454
312.4081345
316.7124101
319.6640586
309.6602393
302.8360595
294.2440747
304.061462
298.2087042
302.8521325
303.1401681
301.0768417
307.1426155
298.5599945
296.9770846
296.8006237
286.0344804
306.819844
296.3874897
299.9448921
293.6272046
293.0154901
294.7105885
298.6430791
310.4950796
313.3184878
318.0828782
323.3224476
327.5882951
331.2990427
334.8862948
317.9237653
321.6621336
319.7265088
304.7285771
309.3999617
305.0686675
303.6746744
306.893915
294.0480436
282.0431429
273.5561805
284.1797681
310.756895
310.8878518
317.8504935
322.4118004
316.0666337
310.338725
303.9412291
328.2839126
328.8813323
317.0506008
312.0578322
319.8005223
312.6696635
327.1014344
328.1869618
316.2281368
309.1162102
305.0418303
301.7147863
301.2481831
312.5973009
301.7415521
303.2170776
300.7383821
302.5798324
307.5631677
304.0062944
312.7323692
312.2828658
313.44652
318.7351962
306.270848
303.0306745
301.5770455
310.6583897
304.756196
325.2254393
313.0153665
303.7600596
297.4911872
288.0296623
291.5364564
295.7780466
297.5234994
294.1947473
282.5425536
301.7939487
297.4939167
308.0006248
299.7524379
301.1876826
295.8149787
295.2758567
303.0680177
298.6717391
297.6003097
303.5912265
294.6908951
297.6815594
301.6123816
302.0907835
309.7624427
312.3391361
313.7142032
302.558189
285.7870258
288.0525306
280.5126752
294.8757715
294.9352298
292.2471355
320.0373895
316.445492
324.5570262
320.622265
319.8619181
316.8324789
299.8228025
312.0304274
310.9211764
302.9346923
309.3914845
312.5869987
317.0243775
306.3746455
311.740619
310.9596237
303.8877049
308.3873019
302.9954255
323.074698
315.3449759
325.5317687
317.8184267
306.9023364
296.657115
295.1404341
296.6688633
297.5197856
296.4078465
296.1581096
287.155087
283.4616216
288.6642855
283.8379442
284.3363187
285.1712779
287.8686902
302.790226
291.1377375
286.4633375
298.2536181
302.0074035
294.4234183
299.3709286
293.6564185
290.3264812
284.2899246
277.3844655
286.808934
282.2860478
282.8457663
300.0529591
309.018432
315.1637497
315.0932809
309.7152412
307.4768724
300.4710076
316.0921252
313.3638266
278.7934339
265.5500716
281.0029256
292.8169973
283.8158584
294.8376424
290.988445
295.877055
284.0048732
286.0423907
283.7456675
280.7866751
284.8352959
282.2499836
285.5422543
287.5358625
289.6597595
291.2448888
288.2165889
296.2746278
306.3804318
299.6118777
298.998783
295.0429409
294.8631084
288.1454177
304.4866162
304.3219111
306.7638395
291.857628
293.7138665
304.3511339
302.2064549
291.8692171
285.455659
276.2548361
276.0611621
298.0523291
297.9132663
296.8483642
307.7398206
317.5654546
325.8870616
328.3320731
310.4006473
323.7043884
308.5450088
318.1258115
303.8138853
310.8503201
292.3722404
288.8905851
298.7239084
296.8760594
306.0034394
314.5481244
327.9401842
307.3916357
303.3967864
299.3516457
283.9364152
277.7679817
279.227309
279.5162818
299.5721491
313.2326056
313.8674345
303.2522711
311.7561489
313.92432
322.7584685
324.8998554
312.4783138
316.106779
308.224178
307.851601
294.5355084
291.37789
300.3655498
304.084896
311.2656627
324.3448373
309.3442798
313.9437799
291.1554461
282.0361675
285.4854663
297.9547288
308.1215154
312.2954562
314.2832166
290.3508214
286.2183266
306.746433
317.6768768
306.019591
303.385842
308.3016967
303.0037461
307.0637365
320.1522922
311.6386879
302.8742455
311.4165271
298.8849586
298.9327837
290.5565036
290.7414937
293.00041
288.8427014
303.8485446
311.296256
312.544766
306.2314319
306.3867657
298.4119877
301.4488219
303.5803285
319.9936415
320.0278503
296.649907
291.6368024
296.6387333
294.5400813
298.5592198
296.2418368
306.3780586
300.2138953
311.8435811
310.0835197
307.4058419
301.4220182
303.613796
296.4144998
296.368627
304.4430495
307.1549489
292.5616166
298.5709316
299.584464
299.862127
289.6118023
288.8073841
300.2835653
283.5568322
289.0229659
295.0413543
316.3128074
320.1587128
321.2771704
314.2802692
316.9272955
313.3022643
305.596429
310.1470258
309.2719081
317.331576
312.6475792
317.7754269
312.0972282
297.0313432
301.903146
290.417916
303.6200661
314.3495853
315.3915075
323.8375436
317.2165592
313.7935539
313.1822345
301.5683781
303.8515702
286.9699686
292.096113
307.1433713
304.5647432
297.4696127
290.9085336
308.860787
297.4416174
314.7132963
319.4092375
319.4391907
316.5291653
311.0881492
305.4751615
324.6271518
314.3448475
319.5486681
299.9129069
298.8143911
289.9087718
301.1654004
307.6306394
304.5341119
303.5809437
293.0555344
299.9312441
305.8588374
313.1894298
322.5891251
329.1640266
313.5598201
310.2863753
319.1703308
314.1042057
310.9883543
310.2565334
304.4338469
300.2084566
288.9337108
290.8123959
294.6373912
294.1874322
294.7918825
307.3677061
309.7638616
300.7654173
301.5310474
319.420317
326.8850519
320.6454961
314.7161392
314.7935372
304.3710068
298.4107703
283.8225411
292.1067759
286.9319122
291.1664423
314.3147128
307.3914831
319.655621
316.0392158
317.3444909
313.9185345
296.9456119
308.9274997
313.8358943
319.3927559
307.3574691
304.0604827
300.7336126
295.4450453
300.6037941
319.3225496
330.2166967
314.8502786
310.613776
313.1307361
301.5690376
309.4294288
310.8391513
321.3375701
323.9936366
328.6764256
333.642977
307.3304833
298.5978788
300.5734709
289.8699993
305.447927
314.7148818
303.7799647
301.2587118
298.6114789
303.7042765
301.8563514
310.0336871
309.549942
309.4529835
319.1506142
304.1041824
312.8989854
319.7332937
319.6051629
327.2758069
313.3746519
298.8997663
307.811749
312.4636261
294.8322801
289.1178103
298.7785919
304.9799085
306.4695106
295.303083
297.90433
287.6057613
291.8754531
290.5238645
289.1680308
281.2600013
283.1447738
277.5307404
293.2234083
314.018237
322.2650724
323.311229
325.6036386
281.2064479
290.8031817
294.0569624
298.5217284
282.8640678
289.3844284
302.4672041
309.1207679
311.5767962
340.083711
330.5320262
331.2263344
312.3418773
282.9962935
289.5932808
285.8849642
276.8521539
277.2066017
277.7904862
272.4498137
298.5503664
273.4239227
276.7027284
282.4748963
287.7677616
304.230553
303.278989
295.6549663
281.7844836
290.4765439
280.184139
278.8451052
278.3025709
294.947508
292.6948387
297.6226996
299.0591813
285.9941238
283.8624977
288.79411
300.4238198
292.5904024
304.3538045
281.930016
292.4067912
298.9479006
292.6506166
290.9110059
296.3235107
296.5729764
300.4537853
301.2765495
291.7043753
290.6725959
299.7062122
303.7367254
298.6737649
301.8042733
298.7152445
300.4347304
314.8420554
322.0238335
325.3228451
325.4274159
324.6981077
300.4777436
298.2281374
287.6596364
293.2830584
289.6309772
299.4896203
304.3384729
318.9050956
313.9994489
312.5404172
308.8293478
310.8972284
308.2527878
304.1488117
305.9760709
304.3607006
302.4694304
306.357611
310.8545936
297.4123528
293.2199682
303.3889161
304.6350263
299.7102631
298.1482508
283.8252796
287.4478796
295.8832313
305.8749
293.9332207
308.6115663
313.2334695
295.4310472
297.8623373
307.9078629
324.86567
315.8315685
299.7102206
293.6629205
297.1859965
292.4027147
290.0226513
287.8743448
291.2198211
287.9934209
292.1807653
293.9989925
310.599597
313.1963359
310.9305944
318.9472256
315.5232079
324.0979965
318.7141056
317.2429354
303.7246768
304.2223987
312.6750421
322.3082542
335.0552354
319.88808
311.645257
301.1583317
278.1674704
285.7852541
282.1878136
295.531556
307.4925043
312.1234464
312.4060577
317.8621408
330.2297624
321.4522494
320.6035118
317.8227383
319.3561529
313.7660445
308.4166195
308.0649671
310.5467358
300.2305531
298.3286819
298.7813706
293.5872785
301.6709968
304.023268
318.7949057
305.8113117
305.4663654
297.4323008
300.0244963
314.5480203
310.4316377
306.5413024
303.8953454
334.3024456
334.7035605
316.5022368
308.5640605
309.8597352
301.6085921
313.1362509
304.6113215
308.904559
317.5793261
287.0128042
289.0329994
286.3020921
295.5158853
311.0935864
303.3790693
320.8571771
316.2218178
316.1698916
316.4321994
313.329828
303.7553712
300.8208922
296.9027344
295.5498794
294.5941337
277.8159781
294.0161086
307.0424041
296.892393
303.5430064
298.666997
307.2031311
306.0189904
322.1669685
320.3884848
313.2752767
321.7212504
321.4159
313.860218
314.5101167
310.4900943
310.5435529
331.8212098
322.941825
311.1953086
301.5822266
306.4302723
308.8888331
307.6817599
306.7554323
309.1773381
302.6041309
290.4007839
282.8974825
290.5297803
294.6053414
285.719012
291.04221
320.4753716
296.8728109
307.8931457
302.813489
288.3950625
298.383577
294.6684753
292.0038661
298.0051526
308.2936095
321.9624506
320.7074933
315.3406894
303.4652414
296.6409055
293.6289544
292.0210256
293.5797886
302.076214
298.8314221
290.5135554
309.7815348
317.9222144
314.4263102
320.6508578
322.942263
326.0888639
318.0889791
325.8205659
309.4191882
323.9311963
334.2092553
320.0354687
336.3363443
338.2291631
315.7742164
306.7392983
304.5566711
313.0795274
317.1750487
313.8101223
309.3202434
297.1086274
310.9544435
321.6471815
326.8414946
302.1226022
309.2667473
312.6632714
313.3345272
319.3847637
291.8960402
287.4406524
285.9275619
300.7567715
307.2882258
302.1724817
294.7164175
300.9938308
301.9203011
296.1591723
309.8767538
292.724038
288.084551
296.347412
294.5906748
304.3185904
305.1690535
300.5718633
310.7303108
317.4465458
305.8016475
316.5651912
321.1836559
306.8459251
306.8225768
308.626331
306.6214286
309.1393118
311.9745622
305.5089229
296.2152454
316.2575611
325.2221932
317.1364522
312.8835481
306.9828496
301.0261088
306.7305531
315.2555494
319.7795973
311.8742985
295.0061229
306.8800374
301.8212779
304.1056932
310.1535919
307.6650707
292.3726059
286.1126594
296.780116
306.6025284
308.0028944
306.043711
320.3748076
320.9586917
299.7179059
288.6427786
295.962562
295.8204616
291.9801059
303.1865016
295.25613
304.3008917
297.9432039
290.7814692
283.4531625
283.1688558
286.5520485
295.4506883
303.1692421
288.3390034
303.0895413
303.1714612
295.2977206
293.3203215
294.6487334
313.2356951
311.7084768
314.5045162
306.6708909
302.051627
288.0810242
301.3291159
298.5905011
293.7513545
287.4160983
281.1248089
290.9115837
285.1458531
286.6242729
301.255486
301.1070129
301.9657922
318.4197081
306.313343
308.1110835
304.1157021
295.5833718
286.4824276
289.1486191
290.2481619
285.6051463
279.3425271
282.5730055
274.866108
268.4832513
268.7215027
285.9477236
300.6649041
300.2695863
296.2176975
288.0993788
285.7432277
290.7084057
296.8859171
304.8293465
299.7073867
310.651245
314.9939761
312.0781933
310.2240016
299.1086682
291.587468
308.2501232
322.260166
314.3230013
312.189881
296.0140011
300.154637
288.8764286
299.3354452
294.93283
296.6688632
280.1937881
285.2950305
304.1913558
312.8192631
312.2830292
307.359573
308.2280701
311.2448042
313.9034107
323.8027325
307.3746983
295.6874626
299.792729
309.4329078
319.8671701
314.9752892
305.7051673
290.5321422
304.6839812
312.417927
300.5637015
290.7102332
285.5384938
281.1049171
276.3152696
283.4215793
294.8944443
294.186294
295.359791
303.2414853
313.9626089
303.8022544
299.957326
302.1490777
296.3225642
291.752286
284.9159464
305.4376958
298.5162141
277.7464471
288.408095
294.4297578
296.5627116
298.6524411
309.8218326
323.2100387
329.393477
321.9445999
313.3454394
297.0893462
305.9772816
300.1265874
296.6123125
293.4478393
299.0624068
304.0604543
292.7751516
302.2909812
313.606278
314.6832544
306.1245888
298.5655176
310.4864261
326.7096397
329.1537457
317.5404627
314.4129537
288.7208341
289.5644396
288.1757251
294.8181709
314.1694529
311.683215
297.0053126
316.9807769
324.5273433
315.5566711
303.1220422
292.7330516
288.4595935
299.4596492
306.8052284
301.9656033
285.8191847
287.9745296
282.1461496
291.0178859
302.0902442
294.9242652
290.943255
296.3785609
295.4774502
308.5327027
304.955152
298.1255959
303.3905429
300.3002103
290.4743591
296.1367528
305.4290546
297.182727
290.3852012
288.5599715
295.0766845
287.6151977
293.5509289
292.5641549
297.8333601
319.5915382
306.7696977
318.0566696
301.9295694
305.456598
300.8328187
298.525256
285.9032337
288.4444878
271.1906025
276.6965776
283.5217946
290.7616908
300.9518349
311.3040941
304.3630871
308.0776986
298.2110585
282.1494119
283.3538069
289.2165842
293.9209973
287.7470847
303.0784296
296.219788
289.2708025
277.8301456
272.8674045
277.1265492
292.9692608
290.1058924
283.6712628
273.480191
277.5471731
282.8859496
291.0489311
295.4590283
289.1063247
292.3545871
292.5317387
293.8709661
295.9483903
306.9022562
311.8276532
307.5042671
302.0861093
293.5742469
302.5047705
292.9846404
305.3285855
304.7071137
303.4654236
305.8021882
307.5220783
316.3268428
333.9061229
332.2178253
335.0265344
332.1494712
322.0085888
323.2297045
314.4405229
313.7486483
300.486762
306.9529646
302.6457073
304.4574172
284.8775718
306.4521739
316.7099394
308.7309634
310.8443404
299.6501967
290.0964058
306.3540946
314.9604358
307.9840669
303.471727
300.0179163
300.9520119
289.5573625
291.4309083
289.2598316
282.1096016
292.3419006
290.987486
289.3893296
307.9530065
311.7507216
272.3738395
269.7407421
277.0884098
278.1925441
282.8657048
283.8984668
289.434099
285.305089
284.683992
277.9554094
300.6564906
300.8500082
301.4979904
291.7295387
289.5052456
291.9916789
284.9519267
296.8564877
278.3027138
270.252032
298.0798233
293.6523781
299.5219761
297.9356322
305.2143378
322.4007549
314.5273874
302.5305254
307.8526405
302.3850576
285.7271833
289.5878904
300.9739638
312.1869745
287.4650909
299.5055445
300.2369084
307.1592068
308.5975353
307.2444307
320.2049665
311.3998703
300.6241303
304.6560745
302.645586
308.6330565
310.4550152
299.7750041
316.0933549
309.9784941
317.7341204
305.3608013
304.9746328
296.8027542
293.2570807
289.5509195
289.8146539
297.2451177
302.1394035
300.723081
282.8346584
291.8813783
299.6050581
315.9111231
317.7388171
320.4006059
317.4455069
306.3438563
298.0406221
292.8883639
290.7630394
290.8367845
290.3047032
295.0278867
300.2674104
307.1533798
314.9775256
299.0090952
300.6316583
299.0337982
307.8751784
313.4320966
303.5957906
297.5823715
309.6044684
303.0883698
305.4987289
313.0498455
326.5828875
319.9913623
317.9429002
317.7210667
319.7976893
303.4944987
307.5871547
305.4942083
311.1003218
313.5288826
312.555818
314.4540433
301.399007
311.5202836
317.2177884
313.6491455
312.4532301
301.0088607
297.8906427
297.2688192
288.0063338
289.0856262
288.9251954
300.1867956
303.4176316
289.3526711
303.4258653
321.9295019
323.7348206
311.5017666
300.5105689
306.716726
307.1927055
304.6544279
316.3431155
334.3739442
330.6720694
334.8763864
328.5566118
322.328965
312.0117455
305.9554092
305.6076172
315.8613712
300.470429
302.4528105
307.9206879
309.8522993
298.3800665
304.1678239
293.9623014
292.4211101
322.2171298
313.8564303
303.3894378
302.9623767
300.4108287
303.64083
310.1625839
326.2100531
336.8648699
331.3500765
330.0821543
314.6339819
305.9853451
295.9418088
290.4418625
304.2529564
306.9493538
293.3259126
302.7332953
319.5721356
313.8963602
302.4295243
297.0878902
294.5848254
295.0770771
283.4275757
300.3861695
311.1900214
314.8731118
310.4725587
302.5684818
304.3588602
319.263764
320.8975221
322.3577758
337.2762352
343.8273646
333.6837661
333.5190746
308.8782814
274.8080481
288.4628439
294.7655121
302.4483888
301.8954928
290.8267426
294.2836614
283.7352811
295.0356155
293.1340773
304.2470303
302.8620173
294.0301477
297.6488397
283.8710362
275.5864529
276.6575062
278.5415853
296.1944946
298.894609
303.8379731
313.8060002
313.010789
312.8542097
298.3095697
295.4523955
281.3702851
281.8458212
291.8693579
308.871774
314.0125491
309.9679019
318.8961193
307.8496606
302.9133423
294.479294
287.957911
296.8699035
302.9466936
303.5319345
290.8580001
279.2648117
278.366572
274.01514
297.2408682
298.825926
318.7203468
329.1733284
326.3743618
310.0664174
315.5207648
303.9075435
300.9071099
303.2343723
296.3187595
302.1968576
309.4263614
307.3731111
297.1865666
288.3552459
276.577602
278.5975695
286.2280416
280.0669404
284.854576
284.3470314
282.0002875
287.6188369
290.6408474
305.2959605
297.3311288
299.2748658
298.5178169
309.1142547
298.376867
300.6488571
306.9471821
300.8136944
296.0602691
285.0956349
325.6842272
317.1875545
312.9641584
321.3406074
324.3073445
318.8554889
313.801605
301.2837816
313.5755964
290.7875031
292.7757472
277.704407
281.9570302
283.2413657
292.0666351
287.2607466
286.9033495
316.1141487
315.986812
310.92596
332.7336351
334.0878932
334.6556207
334.8431599
325.7617144
326.2904522
313.3874739
313.2785281
306.2487743
315.5875981
316.0743865
325.990545
330.6909308
337.2935523
333.4830052
335.1082548
339.7902374
320.9601391
318.5893785
327.3614637
307.2769885
290.9817284
291.8665242
296.9730067
307.7500823
303.0693296
299.5690359
306.9986917
292.6803687
284.3542803
273.0236086
276.3279996
278.0673181
287.0126114
290.7905837
280.1302544
293.5007929
303.7573838
300.0394954
305.3756987
287.8822756
300.5899864
312.2756058
316.5382941
310.4875418
310.2519661
310.400647
311.0963714
308.5822097
292.4114382
280.5054748
276.8565533
291.3164914
292.1432066
299.7464576
303.8636561
313.029879
302.6041033
300.1970657
299.448815
317.4292882
307.7070434
293.7349046
292.6168712
295.7313502
288.8845784
281.5066966
280.0382682
283.5394286
300.4117632
298.4503622
292.9977913
284.0757078
279.3727882
300.7441315
308.3389981
312.4671058
312.8014667
322.9523813
323.8481757
292.2840461
298.7714154
306.7679264
308.8846967
297.3762101
284.0465888
285.0932693
285.7916779
289.3692544
287.5720519
302.3372576
307.4542514
311.3180836
299.9993201
306.4671665
310.4264664
290.7696123
283.1285509
288.0772527
291.1427747
317.986647
325.8424394
306.6652656
296.0099579
299.7511937
300.1233082
298.9633089
282.0588903
272.2088071
260.7860254
264.5515426
275.6565576
272.9040029
285.2307273
295.9926567
291.7732635
311.924747
307.844693
311.3572525
307.3798962
294.424413
294.8964971
293.6136671
299.1622958
282.5454871
287.1062832
280.5702023
277.1717491
282.2499322
280.387752
292.6668163
287.5713561
297.6236427
307.8957713
306.9952662
312.1082216
303.5300201
307.9378365
304.0945014
291.6727425
299.2866169
292.1772621
286.4970189
275.9440369
283.8623049
280.2587494
298.2500081
292.387523
290.0570768
283.9242971
279.7144345
275.8457474
284.5493212
299.0694508
293.3649759
294.3603875
295.0035339
296.7422641
305.8655654
305.8528012
299.0520806
301.8480754
304.7426444
302.134933
301.7434157
300.7947035
293.2046487
296.4469782
298.1739711
301.7294284
312.0335042
304.7458264
310.5962453
306.8018306
309.7607992
298.9088288
299.3187184
309.4100333
325.7711763
314.9146604
292.2057321
300.0273511
298.1873358
293.0420785
285.2792965
289.6245416
295.393027
301.0343962
294.6054099
311.332164
308.4631815
295.3114827
293.6646233
306.3105936
318.8540194
327.2135276
306.6894809
309.0054418
309.0667141
299.5621277
286.3562506
279.4144491
297.6700203
293.4752841
304.7847068
297.6897158
294.0154495
293.7177127
294.7457501
285.8580899
277.1184391
295.2100338
304.6058603
303.5443458
293.2661001
302.3150962
302.0858852
283.516699
282.2333093
301.2465175
315.7348954
310.8513728
305.18108
301.9655571
290.4093778
296.6445322
302.6084095
298.320002
290.9912629
286.7999784
278.0374307
296.8476682
287.6009044
310.1262648
326.7679115
314.945987
313.9813313
312.5933935
310.2851039
301.6132148
291.6113835
285.9245894
288.9103901
290.9966416
296.3146055
301.89532
310.3511681
311.6199276
308.0396489
295.8394733
286.3203607
291.3840461
282.1273592
285.9059367
300.8388242
289.9443908
281.9712903
287.1344303
301.5948189
289.8170585
319.4673401
311.9485934
318.345074
308.6815008
290.0992768
289.215448
294.5401968
286.2894789
290.4697821
288.0910632
304.0418991
300.9847884
296.7271441
287.5104614
278.2091447
287.8782839
289.6593159
288.008668
288.8890512
307.7422145
308.2263736
324.9476092
318.0032999
328.8198254
329.3061037
314.3055291
299.8071201
280.352357
282.3049087
284.6553331
272.7057907
267.5801015
273.5180072
273.6903485
290.8745504
301.3026992
299.5190676
300.4164826
284.2114605
304.8481428
291.3666373
302.3238189
308.4762583
305.2974911
289.8607567
304.6009631
299.9393364
285.7032589
280.2312938
282.6498319
287.9147932
296.9288371
301.1919816
289.4824005
284.2433382
283.5209243
283.4317645
282.1436013
282.8692039
278.8671749
301.228792
299.9312052
302.6419102
314.8535097
319.6035551
306.2963475
302.7860179
306.9461895
324.866516
316.0856112
324.8573464
314.2727304
314.7577616
326.3432464
329.0003353
316.5384771
304.3804904
297.396136
285.577616
283.8136206
306.6398427
301.499135
296.2338798
293.5072742
298.8329395
290.2851328
290.2457093
290.1025495
281.1041663
295.081839
300.0626734
314.6602983
306.9202225
302.3055804
288.4074805
304.2145588
311.7777548
323.7439721
322.1812631
316.4895045
290.8122414
281.4242742
279.2991664
294.4165937
300.5503051
285.0726724
295.1905657
296.0609084
301.1883958
306.2884839
307.2251773
317.1960703
320.9450804
324.4247058
331.9630374
321.9789162
311.1686155
292.3275164
277.1972508
275.1253238
265.0073051
277.5518919
290.9184912
294.5511998
285.2233645
290.6841358
312.197336
313.6478046
309.0011064
317.3004396
318.6048076
324.783729
318.9471674
303.8542116
300.9133634
282.3551108
293.6672922
277.7313134
267.5494167
257.1406361
301.6122428
307.2155688
296.4059548
292.6832007
306.2622418
303.6895554
310.9713087
294.7758346
301.0090819
301.2943387
305.452209
315.0109073
298.6362721
308.4783972
300.7360657
294.6068207
290.2015199
298.3418613
300.1029808
302.5797778
282.6300976
278.9119755
277.1588517
286.5710548
289.2525915
282.2336197
289.3075619
308.0563637
306.8093869
295.6121177
306.4270646
319.2074833
312.5125534
301.7107203
301.3983242
305.0827839
309.6585945
304.8303353
293.5734385
277.3336459
310.9956618
306.3250759
301.4415967
293.8114832
283.1264575
289.6518645
293.1133189
282.9498063
293.4684307
311.5628706
321.1169986
311.8090298
305.5037476
316.7155691
309.13431
305.4265683
304.0981016
290.5229848
290.9848785
316.3406449
299.8965556
318.4046663
326.264982
318.0280721
314.8845501
300.0792087
308.0588988
315.0574663
297.408384
294.6817749
292.7097422
285.2799194
293.5339114
296.3504232
300.28591
289.9296439
285.3564432
281.2717498
274.5923134
287.7495807
289.332958
288.1878334
285.9911197
293.426505
294.0435061
274.8982448
282.635539
281.5715201
289.8489253
298.2030178
309.2206874
307.4208981
296.6120524
290.6382325
284.1461835
296.488033
289.2048591
290.0376455
298.9433007
287.4065036
306.9213093
310.3032689
298.3348589
279.7941702
281.5946421
287.6748609
285.5843908
287.8292538
302.5974319
286.6926214
291.327554
286.8014817
300.040081
295.6097257
297.7980326
296.6068588
292.9930161
279.6163628
284.3754955
290.8927908
287.4213879
283.3181295
259.0657481
259.7751288
273.1187558
279.6079806
284.9093378
286.7472596
291.4144694
301.8860228
311.4038023
313.4865771
312.9534349
298.5214284
290.2562383
284.7820108
297.3012393
297.2210493
301.6394591
293.8441144
289.240124
293.3837927
297.9675007
308.0688833
309.3082817
297.0246512
280.8837416
270.6591465
275.3476782
280.9508359
286.0565
282.5652184
280.6773204
292.6398891
305.3693376
312.3729501
309.722557
307.6868641
295.0784145
281.2813984
302.2467967
291.8215375
296.4809155
283.3590086
283.3401069
278.0296599
293.0637905
292.2404367
290.8611403
293.8295015
300.4621437
302.5447273
298.1748
297.3095058
282.8344181
285.2546916
302.4540161
315.8234855
324.3363335
303.2036804
307.7425699
301.030403
293.9583235
298.1048801
304.3435981
302.1623182
289.7916705
288.9095511
295.9912932
296.0080698
300.8062553
290.9355422
291.7705805
293.8878178
292.097865
299.264406
290.2755348
302.8208179
300.3333311
314.1464957
283.5997999
284.6176873
293.580934
288.0001269
277.6353824
285.1272313
310.504352
317.1750463
321.2544891
312.3757879
298.5984181
299.3202922
302.7435139
291.9305063
288.8775162
286.3853652
292.8473394
296.8504802
301.0730244
284.9482319
316.5228299
310.2043109
307.4315182
311.2267535
299.1181865
312.0644905
295.9149186
311.5534878
302.5338651
305.4198562
298.066744
299.1864379
301.9286067
303.9645613
286.1080073
283.7612501
290.8975972
295.3174239
306.5890061
329.2838339
300.713261
293.4633865
299.5149331
300.6061999
316.6759433
306.9184238
292.2621328
296.1376104
298.335775
295.7911461
309.6607054
301.551117
304.416921
315.5609847
310.0516844
326.780421
330.5940818
318.2705142
300.4045722
299.4764327
310.7971576
306.0198214
310.5409651
290.3364668
276.6193227
285.2113856
290.3118802
299.6902467
311.3664765
311.3252476
323.7544156
309.2976057
297.4527818
299.6412604
310.2138386
306.6809765
314.5726593
310.7773288
327.4040627
328.4173587
319.2956766
310.7145122
311.2424022
300.7370163
306.7541801
308.9244211
308.3177304
302.7765191
292.834103
277.741126
283.6944159
281.6114196
278.7238256
282.8888364
286.943638
278.5664893
286.7736449
289.2305977
300.2752924
313.8320073
267.945716
264.5901403
262.3994024
273.883151
287.7430318
286.2400312
292.9012179
292.3559287
304.155139
314.7715354
322.8907715
316.7013369
316.4261088
300.8623441
313.18368
311.8435552
297.9157935
303.1939451
287.7687379
278.547385
320.1597126
327.2283036
325.061342
309.7793392
304.0533564
289.1423489
283.9979864
291.3264556
298.0054108
300.96884
307.0884537
298.1621578
294.6675336
303.3318841
307.1307683
300.0795929
318.3480594
323.6442048
312.4759695
323.8237321
317.9838334
329.6556354
312.3954115
315.0972764
314.3503792
302.4837322
294.3469249
295.3351705
298.5640786
289.8866218
288.6204638
291.9523575
313.0076283
292.5024615
279.6504173
280.8542188
288.9946058
302.3601068
320.5665699
319.4348286
295.315002
292.2915847
297.4878939
286.018862
305.849993
310.5177966
320.5783276
324.1121968
313.9403563
328.2049608
335.6770958
328.9312525
318.1559369
322.9477251
331.131667
334.8734801
325.073757
316.8267687
316.1436986
309.5098431
294.1850219
298.2216406
308.1351666
327.3963268
313.538045
305.5836448
305.5560107
298.8305488
299.1642537
286.2170333
286.0235731
285.058226
294.2312725
292.1982854
301.1351496
290.746459
286.3502219
291.0416612
288.7798132
290.4396271
310.1114591
295.1483465
278.5601737
276.7278692
272.1789725
282.444804
274.4144602
288.5837959
287.0781781
287.1104239
278.8444205
298.5283238
291.8090966
301.3422686
300.5220356
299.8572088
305.70262
312.7276041
309.1056859
314.0397815
293.4323384
295.0641321
295.6450281
293.9437648
301.9625439
303.7711227
309.7697213
314.8649446
307.2194457
306.4990728
311.4296744
303.2291322
295.0478134
307.0189807
304.5624026
314.697883
303.2607561
304.1848382
300.2053969
306.6402881
311.7442461
307.7448858
321.5257522
330.3129485
313.3644461
311.3329267
297.2137462
304.2179457
312.0232162
320.8554447
318.279962
320.2152882
305.2228595
301.4362146
293.7876852
295.5928853
301.3680097
293.7960318
284.0369668
297.7610487
288.5310226
291.7022453
305.0365725
301.225902
304.5441792
302.516264
307.5635215
306.9452501
300.5532486
294.9918104
296.3093767
306.6813104
324.6758956
326.7609442
308.290581
301.2943632
293.2665628
296.5753453
295.735407
296.8283004
308.8215099
303.6458627
302.6130212
290.9846603
275.6420214
287.7832056
286.3696296
277.0109169
285.6080074
302.2823719
296.8310387
303.4761649
307.5125806
316.2381583
320.1668775
310.0992279
295.4054682
291.2177627
298.1877183
301.1138712
259.0188992
272.3186877
289.273819
299.1706683
311.7532746
305.6237368
307.6247331
301.9432561
298.1715737
291.7776468
296.2308271
300.2205614
293.228005
305.892584
311.1870939
299.3143203
304.744365
299.3857878
285.9117256
272.9444495
301.3452909
296.0775854
282.933805
279.5155765
288.7310509
290.9591246
299.3803811
301.0613764
300.5195575
289.515343
295.2163287
295.4884572
298.3293713
309.0023502
304.4653016
312.2080134
300.70737
288.0261474
281.1703942
289.3787305
285.1687013
297.6609094
305.9734844
303.1671263
308.519116
296.2246636
299.8984412
305.41819
308.0086471
316.1663962
313.914863
315.9387414
309.5043882
310.0548909
312.8389092
300.2842695
298.9861293
295.7544017
294.0867475
291.6414047
330.3625254
338.0221899
336.5307115
339.3088709
328.1314813
336.1570377
317.0882205
308.9543588
302.2865552
297.8928212
288.1328098
288.2835051
288.9408933
293.8619356
294.0615616
301.8672274
297.9073617
301.3305168
316.9435719
316.0047988
321.4338527
318.7262347
313.5833012
307.6588875
290.6052259
295.8551391
283.7044277
279.975471
276.4902826
277.6945041
281.1490042
292.4253724
297.7862451
287.4970588
275.3152498
282.7625149
296.888419
311.62863
329.5816732
334.6033101
299.379478
312.5459205
316.8342886
313.7978699
304.933398
304.9874911
288.3939196
282.0484174
279.9519289
285.7251534
286.9037292
279.4604309
293.5791212
294.5894755
292.6001425
288.8646603
292.5154301
299.0482399
291.9482658
294.0389614
309.1724106
303.0180358
298.251506
278.8470182
273.9288987
284.5712925
302.6845728
287.4262037
294.0641955
290.8240275
295.2114533
286.6772115
291.1711621
300.9184839
316.2559681
313.7055892
311.2993375
306.3038286
310.9633087
307.0340706
290.4794877
292.0885224
309.915028
305.3501754
297.1951327
309.2995966
301.9635444
317.1699437
308.8382137
303.8150671
302.0167676
293.0381448
290.483165
284.0462958
280.0048179
296.6419299
292.60753
297.5145445
303.1995485
295.1996492
286.3365944
298.4583599
312.7632432
333.9430564
321.8793157
321.3430002
325.2844651
319.6499929
326.1539445
324.7142224
315.2022652
317.7366431
303.5846587
304.9413438
315.6142058
299.4454459
303.8324317
297.0934303
296.0031557
289.4072216
308.6834313
315.011488
298.2635638
288.5501387
284.6008791
299.1268162
289.3207502
301.0685556
304.4667152
305.0850337
292.9681555
303.9239357
321.700097
310.5866392
307.846103
293.5418171
309.1676045
309.3746215
304.6506889
301.6552867
300.6642435
284.9355495
303.248313
312.7849815
305.8393169
303.9158382
300.0359604
281.1413603
293.1995161
307.9470173
312.2344396
313.4012655
302.4800108
298.8028394
294.4820839
295.182188
299.6821182
314.6208236
304.6442537
297.6178432
299.4017132
299.627635
295.0714177
291.4488136
298.9796924
309.8764026
316.9470596
304.5393824
315.471381
308.6632229
301.8232086
313.7472074
316.2831362
302.3810859
296.7682279
305.0743658
296.1920013
293.3334799
293.0457194
290.3833297
284.5010378
283.8515196
288.2609465
294.7937735
294.5237512
287.4664567
313.2585708
318.3172161
316.2820643
301.4117105
302.8265364
304.4406913
303.7884972
304.7939057
300.1339001
299.1515535
305.7154263
308.9862058
305.2344001
295.8659502
302.320116
313.0946557
313.3617068
321.5739457
325.1339983
323.3973629
320.6820649
324.2225974
315.6507808
316.715446
311.1240359
311.9273509
307.3981235
288.9885053
289.6204993
286.5480626
290.2312383
304.1020571
300.1684994
298.9996775
317.9119
303.8364257
285.235068
297.5105085
303.0204247
311.3284225
316.6352203
314.2698822
306.8328958
306.0164659
304.3680847
306.3902542
302.8312502
323.1220172
315.2619741
318.5363065
316.0056778
326.2009865
332.6324568
337.6378099
327.4640091
317.4131684
302.6754737
299.4252107
291.6847801
300.1564589
304.7445033
305.3062377
332.3383217
311.0409844
305.1501137
311.3166404
305.6322378
302.5859211
308.6595516
320.4361932
316.4936127
301.9626618
304.9994833
320.8161896
277.7289449
282.807905
285.3655152
279.7882448
279.5073677
285.1393213
282.7449855
289.1784917
279.3147419
294.6861277
300.4060071
317.2498542
309.8936894
300.1015649
293.1350828
283.5784951
290.7401063
296.4247958
281.7376269
281.912764
309.684653
330.6835834
316.0129054
312.9677835
302.5385952
289.2176375
292.2392177
292.7221882
296.5389435
295.8762416
300.859539
291.188994
286.8521586
296.6050038
294.2660612
282.1021712
275.8223685
291.1557843
308.638614
313.178578
295.3584862
287.5631636
302.4218231
289.3462519
293.9169297
288.4057101
285.0527148
280.0507122
292.5259879
301.4272817
284.4884882
289.337394
292.50937
313.3675183
314.1965628
312.1953552
312.3774644
299.3814431
294.836173
304.102632
315.4766828
318.9454418
306.3468365
305.1634511
290.1643061
293.4026802
295.7670694
295.5457963
297.170184
288.7172347
295.6682702
298.2632251
302.5145286
314.0183741
304.5090284
294.2925101
292.9092824
292.7194495
296.7798122
306.9158249
270.7658857
273.178665
271.3911076
287.8555748
286.927411
303.1708245
304.5876692
308.5525644
310.5422838
303.2295673
288.8215782
278.1821484
282.4856026
290.2896061
294.8184174
304.1956513
290.7740625
301.9484185
311.9459038
296.2155762
293.0708333
292.1935534
289.7446654
312.3453243
317.8069486
298.9187923
290.0980453
304.092871
286.5601605
278.5953673
281.0465265
302.8285277
301.9496977
301.1754036
305.8697671
294.5932183
300.2602679
306.3909844
299.3901063
297.2071627
304.5439726
305.996545
305.5765183
304.7302143
294.8593332
301.8201097
294.6615751
291.9642839
305.6980403
303.7320921
304.5602411
296.5688058
302.3240255
307.5962011
308.0287274
323.1589075
330.0340371
316.1431939
315.8894794
317.0240489
297.2671846
304.9393122
303.6506053
317.3319089
317.9488832
321.4368264
316.6199172
316.9922881
296.244356
298.6397808
307.0268595
313.7476756
328.9839681
331.3204729
331.5832663
323.5600015
321.4380042
327.9516109
321.3542826
321.9521461
329.8306912
309.8677958
314.3484728
300.728896
304.240772
297.3392888
301.6267259
310.1771515
310.7193918
320.4883897
317.1041373
302.0528601
302.783562
310.62608
312.279873
329.0143752
324.99341
316.5561436
320.9369729
322.6207561
293.0399455
287.5810779
287.9100399
301.5343294
301.2618458
302.0057542
313.7153943
317.5783717
305.3502734
289.2160152
288.0419623
294.5883563
285.0675798
280.5445999
279.9804133
271.7989553
282.6439557
279.4934263
286.4434726
286.6859951
289.6962639
307.7754803
300.4459357
298.2942297
304.4679549
295.6552247
287.8956011
283.2493994
277.5492331
281.4118936
278.7811844
272.9330582
266.2817384
270.3578828
273.2667852
287.5898357
299.4414813
290.554736
298.3826535
305.1286735
298.8701427
302.2238023
312.3891831
296.9026242
296.7117625
303.4300689
307.5249376
309.7046299
306.7225693
313.2565009
308.8095916
305.3069116
302.0202221
296.7017427
287.2845413
279.8527462
285.057219
291.9172432
297.8643376
298.4624668
321.2043917
323.0834008
309.9354608
307.9770029
290.9197304
319.5280601
320.7810847
317.5188892
305.482057
302.6152925
299.4966661
292.5847741
294.5840108
298.8161839
299.7361875
295.3553026
300.3569098
304.4707263
306.084304
311.1873928
332.304924
321.7432238
309.9765457
306.7102763
293.5833615
294.0044735
294.5753861
289.2107399
302.1967626
305.6736974
310.8114955
308.8555571
312.9802719
327.2155731
321.3213241
320.1053639
314.1585595
322.9491884
337.5515276
322.3045232
278.8113061
278.9055367
282.3923485
289.3983079
292.2653834
291.6363943
291.1156163
294.4980117
303.5253842
317.2629576
300.461309
288.2529317
288.155908
284.7798432
302.5971047
301.6396751
297.7046068
283.0079943
282.2157777
278.4222141
286.2046532
302.9707792
320.8520487
306.6890557
315.0308316
297.3836061
305.8085161
302.5977619
292.76714
289.2486259
298.6537634
292.3704082
304.1916806
292.0774236
282.3152865
275.2477954
293.4055005
296.9812414
293.7926009
288.3124302
315.0713416
310.9076372
308.3893254
309.5214504
310.6551995
323.8316772
324.5760218
341.1088625
343.8259752
337.1136869
335.7945969
321.9837138
290.4507989
301.1745605
306.9473722
309.9395606
311.3337734
303.8503118
299.7130203
311.3609755
295.7848924
278.0469214
290.5159615
316.5309354
316.114647
325.4591186
316.8298099
306.1249917
307.0733777
301.9767834
292.7791312
286.3928159
299.2025011
294.57837
292.0829674
298.7765298
294.899034
296.7410504
299.5305978
295.4560526
284.8056525
284.0463541
273.7226739
272.1533158
278.1337787
284.7391073
288.6647468
303.0381992
291.1266826
293.0293005
293.7527607
298.464752
299.0872865
303.1928901
305.4908215
308.6313728
289.3331376
292.1875182
302.0811193
293.8026429
308.7128119
303.1494441
302.0929731
305.4416005
286.3508604
293.267424
302.9779793
287.6156059
282.3786404
296.136924
308.6828352
307.8867983
303.6606061
304.9506447
310.2208104
317.6754129
320.1128587
309.8629344
303.7717009
306.0828054
316.7969737
302.4738538
310.4956308
306.1601016
294.049808
287.6181012
286.7390661
292.5519246
300.5211019
293.9823414
298.9687993
287.6292432
280.4881773
276.9625522
298.7516059
311.703963
325.9176291
322.7065092
318.7052228
305.2100337
317.5025363
300.9372256
310.7456649
296.8842279
300.6280095
306.1802918
330.7080139
314.1844119
299.8787423
299.9160895
291.7561453
287.32269
288.1079678
300.1752554
293.0965674
310.6339281
321.5269105
305.6529714
302.6739564
315.3881895
321.7618389
323.3799407
307.5676793
301.5391849
300.1915052
311.5067544
300.4564744
292.4392204
292.7833523
296.8733782
303.4599743
318.0725453
322.7866901
319.9869922
308.9390172
305.4588047
310.146883
311.6529557
311.1106011
310.8198145
323.0031775
312.9782808
316.3377313
326.2545051
320.5089218
307.7445683
310.3737248
314.886113
307.7717165
310.2085577
316.4003528
316.0911104
307.4178514
310.5342417
314.7593135
307.0246809
308.9193191
302.5000286
320.7564683
327.7609313
300.7173906
315.1315561
313.0593296
301.8799563
318.7808391
310.76345
314.586336
320.3946371
329.6735133
326.1925713
322.3838482
317.7753073
308.8172313
303.9870727
305.1892274
296.0709428
295.5136548
294.1950737
291.2555882
297.9343724
281.9966192
290.0303071
300.455318
303.6242947
291.9659196
306.9751092
305.2237849
300.5266384
298.2001569
278.0014714
287.1691319
293.9296511
293.6722843
302.822849
295.9641114
300.8545356
299.5796003
298.7968213
288.1519202
287.3550637
308.2823187
292.3517242
294.3907763
287.3054216
278.3276477
279.3119955
290.8075995
304.4223355
301.2631925
307.7145212
302.3023334
305.4735409
294.1430766
292.5533994
309.1196663
316.4666612
311.626013
306.9997091
308.0908712
309.0855541
293.3592166
301.1659888
299.5731362
296.0235279
303.9430441
289.1845058
277.822152
282.7452421
288.0076868
293.914869
307.49117
300.8755969
307.7177601
308.358851
306.8892214
306.0717267
302.9209787
303.1701772
296.5063218
291.0151671
294.399908
301.0016531
311.854225
311.1460597
310.6242727
323.360686
316.542321
312.6730861
300.0863267
307.1747116
298.6823874
298.3833795
290.8366991
293.3732972
304.2676297
290.2375515
291.2746323
282.4644305
279.23117
293.3357525
323.3296072
321.4529598
317.7425603
309.1131166
304.2895084
294.5670873
305.8107722
305.8879014
301.5970356
307.5565385
304.6818063
310.6203935
303.4635553
288.5439733
287.2911029
292.9002084
306.0762933
315.6305255
318.2847414
323.7578857
321.320034
302.654927
291.4810077
297.9962418
281.9301856
289.6777788
282.6471128
281.567173
275.5264692
272.3835847
279.1754706
281.1210634
285.9371263
281.478726
280.8286879
287.6659352
313.1927428
322.9367719
315.7241583
318.3010038
295.2042002
302.8429918
301.9414723
302.3211053
297.1940994
304.1329488
309.5009266
296.9519349
295.5306148
289.8147084
279.8899494
277.7603141
265.830728
282.3754223
301.1223292
309.6261691
301.5081379
294.6744123
294.8107178
293.4036903
302.1551207
310.9828509
311.5200222
301.8141254
282.6400801
280.0493627
279.9291443
289.9244618
283.7989507
297.3094343
314.2727626
305.7881282
315.1899076
312.06233
303.9363689
295.1430843
279.9365553
278.4689431
290.1114352
289.2428122
308.4801167
299.5251164
294.7508342
296.7964773
316.4082727
293.5464989
286.3433599
290.0268129
296.7417311
295.8524568
298.5221594
301.8863134
299.1938041
302.0427423
310.5446157
297.5135696
296.0411012
289.2343765
289.0941478
304.763136
278.8399811
284.6817441
291.9307614
291.6529641
286.633053
287.7073471
284.2555571
282.454679
286.461043
284.3071685
293.2014434
304.4217365
296.5509697
289.4084648
290.5868947
296.3905777
310.8146627
323.9943459
297.1545778
286.0151852
292.6709057
292.3789568
286.4272826
300.4256797
303.9233463
295.3126026
296.885298
298.72426
278.7448751
276.52762
282.6255456
285.2568516
299.3520115
301.7301766
300.3997291
292.7996087
301.1550595
296.5460364
297.1196567
290.9018703
295.5649617
296.9228914
286.5411815
281.6842299
299.3289204
305.39216
311.0455369
314.675406
320.6692051
311.4612638
294.7839716
290.6138254
297.0590917
300.9976734
301.8360919
291.6838028
281.1204015
281.6234389
266.6160465
284.6586622
295.9038645
301.2891987
315.5988132
306.8688236
298.53546
297.0002698
291.8785443
290.5855664
286.7339234
293.8217717
296.6936966
306.9246163
296.9312559
300.4701521
309.7501529
297.8348702
302.9243462
290.655056
278.153587
282.8416351
280.5693036
279.2257006
277.1541902
279.1854239
292.7486175
296.4865803
300.9852983
313.330259
314.7605977
319.3459243
304.8150148
292.5750596
298.7034241
300.4736614
285.643785
286.6299635
288.331126
299.4141135
287.54203
282.2490093
306.4237068
309.5641621
306.4166015
308.3071657
298.7940885
309.1164012
304.2665724
301.5118713
299.2199729
303.1827719
289.5233332
307.8743534
304.7016191
301.2802805
295.781316
301.4418913
303.4914646
304.6481145
301.7506896
300.1825498
295.3256782
289.1527545
285.2474015
289.5497557
297.1245027
301.2063901
300.4655484
303.1951096
307.6592426
299.6650408
303.4501624
299.5285104
309.9995515
298.6090755
305.2173029
298.2914547
288.6785766
287.1790517
294.4464723
303.3940906
305.3352906
310.6814366
301.1724386
287.0621489
287.2408539
291.6450434
299.7342463
316.5675394
319.4584454
320.1845268
310.3508381
302.0256109
303.0884461
306.2317627
309.4237396
310.6086786
304.8252901
294.5546201
301.6624476
293.7126704
285.4047662
283.2397068
294.8743639
293.7524494
295.6185288
288.6084057
286.0600682
275.578608
284.4708628
286.0300233
293.1338914
292.2437152
299.0961797
292.9965175
289.1854527
292.6555638
294.8179675
295.7530149
295.6596248
288.7979644
295.9940469
295.8381516
289.3754686
293.2440276
294.0782876
306.2207592
284.98757
277.9517578
268.300096
282.1078036
291.9076164
302.6987039
296.9323718
297.748846
299.2976545
284.7557416
288.360877
302.8744464
297.4616911
292.874556
272.788967
275.7946168
271.3657455
279.132698
284.8160001
299.1652511
309.3793768
320.701546
311.6044233
301.6884004
285.7330832
266.5801436
284.6178746
280.0693442
283.6259793
283.9456846
288.9277105
300.9148569
287.9125168
269.2426021
283.1450598
296.7788258
301.1206262
309.3668747
317.7911009
318.8862996
303.7604525
306.8526869
303.2672185
293.5435909
297.3354767
311.4018544
314.3306262
306.8245507
306.5677499
308.2796045
294.1212326
284.8105945
288.3486012
292.5356441
293.754141
300.0991474
285.2238594
282.0996479
297.6495664
294.7541047
294.6420341
288.151995
301.7885397
302.5647578
299.6613741
289.9677772
303.4938921
311.851647
304.2896806
309.259312
291.4585912
296.6802355
302.2509488
299.4578277
282.4802885
291.0188327
291.3949099
287.4913958
272.2659771
279.344822
286.2555198
293.5787831
289.1686684
287.854511
299.3773892
308.356322
298.835635
300.0459805
309.3758617
305.5552388
310.7629665
306.0777865
302.6811869
294.9485068
301.2614042
296.7131915
297.6675733
315.7392723
323.7920064
329.0882322
321.5042199
311.0590445
307.2205304
285.6637999
290.6396495
280.7611036
284.1829306
286.7725168
281.1327227
300.1219757
308.9406713
323.8952381
332.4933069
324.1915802
312.8926764
316.7057506
313.1264741
322.7200629
318.2847279
330.732921
338.8005516
329.5981384
342.2063636
347.8841256
333.8755507
323.9217678
332.3954197
315.9675461
311.8291299
321.5713152
323.1049462
324.1002677
313.5782977
307.1729502
294.2594062
287.7887884
296.0236237
282.8506635
282.1169298
277.5161393
280.9595838
280.6871241
284.7069622
281.5687863
277.6356142
271.9854865
284.1210354
294.3554396
295.2704954
305.9704243
296.9661524
295.225832
311.2518757
300.9543743
317.1965856
323.0481522
317.2658169
295.9993176
307.9327107
303.1405258
291.2847971
299.0040435
313.7827088
308.8363167
309.8991592
308.9970275
305.4834915
294.7826807
296.8903809
296.3180683
292.0922611
286.6604538
283.7203373
299.0951267
298.435178
293.8983081
297.1826832
305.109495
310.4534531
319.7305598
309.975797
308.228402
306.3172621
300.2221769
305.8208169
307.8102263
310.3600287
310.4084499
305.9847533
312.6909786
308.0363198
304.1674393
319.677949
307.9714809
292.3839604
299.3865022
285.9305062
290.3222081
300.5660529
292.2734169
296.9908585
304.7750574
309.4768643
314.0149623
305.3557761
303.6950377
302.1167277
308.2347727
295.5188525
285.9208613
307.7159799
301.8401213
295.4829123
296.9115648
315.8768171
312.6088791
313.7204286
300.4258091
294.0038643
301.114209
305.8906239
300.9845947
287.2349091
290.6960141
296.1126483
300.1383589
299.0682087
288.3989838
294.3271467
303.5201828
295.000802
286.6391917
298.5152127
309.7295535
279.2415461
276.0677484
278.8264549
290.906645
297.1834491
298.2633196
293.2283039
293.5076595
293.6021217
311.0798302
315.8683157
316.5335316
303.5454553
310.5611572
312.1992614
309.0364411
310.3526435
313.5764148
316.4732968
293.0449081
312.984714
300.8999224
279.3135803
281.1136774
285.8806272
287.962363
286.6438541
297.2815493
303.651474
305.4000908
304.0583056
296.6039083
292.1491051
298.3551593
302.74095
293.2934217
293.3581918
295.2655063
292.4862824
292.6363457
289.4161986
286.1873919
292.4240376
290.622481
286.1067562
283.362901
299.4230726
308.1549496
304.0173366
311.6312698
319.077842
307.7077387
316.6140227
295.8985812
287.1199741
287.0995983
300.5344845
303.0420726
316.1430143
307.1142618
308.3441506
300.4166088
290.6428562
282.8579087
289.0590135
294.4883137
292.7958047
286.6644385
271.0142496
273.725367
276.341135
278.5585938
273.7068394
284.0932545
293.3889836
282.5614343
280.6122694
279.8907108
291.0935999
293.1534413
285.9221619
267.4127176
278.4896047
279.5001979
276.3368836
289.679178
288.5500059
289.9614731
291.2834051
290.9437628
293.4581506
283.820521
280.4848767
283.148787
303.3301528
319.1353543
302.8038324
293.6503933
280.2979772
285.4237051
278.5787213
273.3419195
277.2182766
280.8670479
274.8847701
286.8263013
287.5363463
279.1989009
293.3914335
293.5648999
306.8859137
308.961206
313.8758204
300.4808877
300.622565
289.8074719
286.0790416
273.5399852
273.975023
276.4511314
303.7824727
289.6361044
285.6667003
276.9933867
281.1224589
288.2911949
295.101219
302.1518025
301.1458553
309.4049728
307.9646341
295.0743864
291.7213802
280.8723438
274.8925159
281.3411788
289.3949019
300.2760874
303.0901713
301.1091525
289.6661314
298.3669393
299.125803
292.5150638
295.327558
287.1882948
297.912835
306.1414528
286.265309
289.66835
307.5918764
315.4381188
314.0465866
310.484816
307.3458445
315.912549
312.1680088
293.347856
283.0256893
281.2495505
308.1059036
311.7986788
310.4225658
321.2033503
299.0558621
292.8279722
267.1932972
269.3116791
276.7683387
277.1512627
271.5321273
284.4363646
292.5577049
302.2872867
300.6059027
288.7892997
289.0529295
286.673283
294.8271955
302.1237069
295.9910877
308.4211404
318.4175676
304.7707834
303.4493779
298.2408035
320.4485872
319.1407779
318.7285078
317.7809593
303.6344812
296.2065358
302.3210162
317.8529851
321.542295
309.7979954
308.7256019
316.3715769
305.182208
310.5944477
301.4057612
286.1155669
293.4886536
296.4206788
302.8769197
301.0646329
295.3658363
293.6515865
294.4127296
297.9727657
303.656696
300.8250192
304.3170503
310.7962159
316.9217047
316.755239
300.4671831
305.5109458
308.6854184
303.1623372
331.845478
321.0595661
320.7895861
303.2835607
299.2415932
301.7316579
305.1348469
290.8210056
303.7503009
289.824166
293.3940261
296.1315331
290.8151652
293.9716956
299.2864982
309.6408884
304.7091172
321.2702689
329.54668
322.6279448
302.6101813
301.5453629
293.8820235
288.3730568
287.8739184
287.1633717
286.4567695
302.7288706
314.4505223
310.6233307
299.4845324
287.5891909
276.5396963
282.4785846
284.2807004
295.5959483
312.9604071
326.4961895
326.2637641
326.3667169
320.0183738
322.9865447
313.7093767
306.7885112
301.5026468
297.6354276
295.4582381
297.6363638
310.3947258
308.7344036
320.0721089
314.5820416
302.0550148
292.9583157
291.2404614
289.2552095
296.5835675
316.3755446
317.4952149
314.0112963
322.6559667
320.2795954
315.0062237
305.8277682
303.2909693
312.3415162
313.3766023
316.0219323
308.3778739
306.3681375
310.969769
310.3004314
297.017177
309.938663
316.401255
324.1829133
323.2596889
301.5642082
307.0288087
320.7634429
302.843439
303.9699781
317.7764792
309.341726
325.7834443
307.0273702
309.9972585
303.1817788
301.143656
292.806764
292.9751442
286.4503667
302.1003989
303.9794882
307.4370597
297.6564299
302.5791039
299.7422409
303.0655181
298.94694
306.5698466
290.3578217
291.6211905
284.5568449
279.0892031
294.3369112
297.8587141
300.5995823
311.3199064
315.1698838
337.1455075
311.9869523
312.8836884
303.896482
304.6849442
301.7063788
300.322976
297.8115181
306.7217286
299.4954832
290.2614023
300.2448842
313.0185672
309.2414318
308.1206614
299.1424743
299.6755094
293.2601778
290.7265051
288.9190335
290.9553279
302.2422267
291.7704086
285.2448637
296.522125
300.87906
285.3294063
285.0946953
290.7732647
293.6910543
279.2228969
284.7703357
306.6108796
309.3429764
309.5700141
304.6292819
293.4690326
280.940012
281.6418735
287.3499241
284.6306567
288.3006171
291.6539872
311.053333
315.5834672
287.4927067
290.3518377
280.1329245
283.44953
284.4431093
309.978963
307.2418888
309.340851
312.3858508
300.3407689
281.3754403
278.4425189
288.3435791
290.635413
291.9513129
298.9708338
296.1995346
297.4197791
290.1795238
292.9703676
296.9233904
302.2178578
304.6628396
314.7346847
322.4701788
304.5926396
304.7798236
298.3861131
297.6310522
287.7671077
295.4963183
298.2013416
299.6937491
303.1430359
288.1998381
282.168973
290.6295584
281.7315812
278.3613648
271.1704204
269.9185225
269.972132
279.9756981
289.3276615
296.4151454
294.0126091
296.9910164
297.3933004
299.9223744
308.9112157
304.7154573
294.9888919
298.8195059
291.0578348
294.8237679
296.7391054
291.4530507
292.7313549
304.7371507
313.7093736
300.4071784
301.5396423
310.0288075
298.2371591
296.9800593
302.7656002
306.2018463
304.3404153
303.6945425
300.3740273
296.7609171
297.3816641
283.5872326
290.4653212
299.256474
301.5842814
301.3146755
295.1287882
292.9072949
291.9220891
293.4932267
297.5640338
300.2286771
298.2783715
307.4646516
312.1077524
299.2755528
290.4631335
277.5587605
287.0020331
302.0416627
291.1056585
292.6781051
302.4887043
299.4836336
305.4037122
299.7200266
316.4085352
318.1786898
309.1846619
289.0188805
282.2445991
288.4310507
305.3754273
299.7308443
277.0422236
277.8558034
293.0730674
302.1114038
305.2117226
295.3514103
295.7107823
296.8568526
292.3561782
298.2855224
304.6193777
306.3055516
306.0459534
293.4723832
292.9765112
289.2427793
293.4120758
299.3124467
294.776678
275.9534908
306.6028874
296.3342508
289.7776874
287.5750129
295.7901548
303.3071782
302.2768562
294.9748277
285.9702001
290.5255817
299.0983628
304.26193
297.3960554
292.967461
293.1328843
318.0582846
314.333559
297.3468255
305.2515774
307.6741118
309.691716
317.0608875
291.1362898
292.9171352
300.0255672
292.4528013
296.5343822
299.9858933
305.5310528
295.4788133
293.3758443
285.4245784
295.5830717
287.3760288
288.6107532
304.1024884
296.4101708
287.7978351
287.9796674
293.5470953
294.5427222
281.5646921
303.8222692
301.9778744
295.3500179
295.1750031
305.5459696
316.1299263
310.1425507
319.9134173
300.7393672
322.9276736
320.6864693
314.1017962
303.7194709
299.4496606
302.9021237
306.3457406
294.0999006
275.7638345
320.1254071
322.0425587
316.2785747
319.3378406
327.6418857
311.658695
304.9173425
281.2773288
268.6544028
285.4146264
291.8603175
284.5557765
295.3328545
313.4813876
306.1748469
312.7526166
302.1377762
294.3323361
300.8368009
312.1632685
295.3405515
304.4244506
301.5030818
323.3203769
308.6231463
321.7090532
322.8373302
308.9472406
315.0126747
309.1406406
314.206337
311.6412365
317.6709602
305.4271651
310.7221807
300.3873866
288.6299896
305.3555628
302.4203692
291.5709531
299.9744185
293.1406172
304.9240007
296.7093541
304.7602182
289.6283357
276.9690607
278.8779629
289.816736
301.5983904
291.2038785
289.6177797
291.1328516
296.3965124
296.7127045
293.3343842
298.8891126
278.1669172
278.7174952
298.5919941
301.3205222
310.342523
309.2915818
313.75148
321.0025677
325.1383439
323.4985108
311.4768952
300.1753825
288.6462805
283.8911889
283.4649587
284.0343828
283.321478
290.26527
286.8369131
300.2254556
324.7000325
325.8770919
316.3457838
295.8574217
300.9195328
292.0055078
302.4586418
300.0627492
298.7749398
299.8636584
303.5354639
314.0482868
307.6602438
300.4504146
301.8188095
316.0587402
330.6924112
328.971069
307.4161732
298.3893323
295.7968723
282.1716201
283.5915744
292.8541889
311.5723721
308.141021
293.3206611
297.6219947
304.8221896
312.4142362
334.0746762
313.8675453
310.1772949
317.6592141
325.3021778
320.451382
308.18914
305.843562
297.8726099
289.1802554
287.0315443
288.2286438
291.1816621
307.0899676
297.918177
288.09692
289.3347187
287.6789606
294.3675756
300.0939455
291.0362538
303.1104388
292.7625491
301.009968
316.6236977
310.9320649
308.0789431
298.4956438
319.3922789
321.475627
321.0390482
304.3928673
300.0057361
312.943681
319.452114
322.3294561
318.0597548
323.2196262
316.1708535
292.8920055
301.9325713
314.4344442
319.8981363
312.9989573
305.7242906
304.1121238
299.6071024
295.8915484
300.6328383
302.7163089
295.3129255
296.2113796
304.4429431
272.4641136
281.4087811
291.3310499
280.0184702
289.9041566
296.7382793
300.0122664
297.7913417
301.5821049
299.7108495
297.039078
290.48266
278.9042505
288.4528223
305.5309401
284.8082964
288.6536019
300.1969296
291.3090942
278.7879083
289.911077
283.0918759
267.0438947
275.4895198
273.7843213
265.7271544
272.1232527
298.9604048
310.9657184
315.2023161
304.8067277
299.0889624
315.7640297
319.9653801
313.2471602
317.9243367
315.6040756
319.3017464
319.9930447
307.1781185
263.2467458
263.8064489
279.3133094
271.3498912
275.0579541
288.1125218
300.1081753
298.7966465
300.2263843
311.5991135
303.9177124
306.1862907
291.1331915
288.6162378
304.8890642
294.6685908
296.0795942
289.5461411
278.1724112
275.7904244
299.6075373
310.9635303
300.5894686
292.263081
294.3581905
286.1140034
303.198375
311.5081836
303.1742875
295.676132
283.9103955
298.1675958
304.8237424
295.148363
296.0796952
295.8995939
289.9319167
291.0863404
287.3041418
294.9842706
287.4342687
288.2587473
285.12645
289.1119108
301.2717657
309.6641427
301.0250711
301.6324352
302.4157836
300.7624326
297.0636722
284.2995787
291.1450486
294.4232789
285.3421649
288.4700666
293.5135988
298.6218011
299.1833717
301.3910442
303.3880964
306.7667375
315.1135062
304.781057
312.7387977
304.9043977
314.097933
322.7507278
316.0892635
308.9542058
317.0868977
305.1420527
312.0831773
303.6536767
302.6387244
294.6642112
298.8461833
301.633856
289.610511
298.0671582
285.2024113
306.2858527
303.9977106
289.710376
285.3951596
301.8630433
308.6879398
304.9854177
294.5744775
283.4547569
272.5165564
276.5231933
287.1828489
277.4700626
277.2780663
276.1983296
265.643047
262.902877
263.8171451
278.5452948
300.4286623
301.3860664
315.7283258
325.2647985
327.9879985
325.2775294
320.400298
312.4798439
298.8662725
304.4854011
308.5587409
298.5584614
288.635074
298.6492953
298.8823542
293.8180111
302.6355626
301.7120483
302.3774191
296.9931926
302.2270756
307.6357709
297.5319737
289.4521823
284.4721607
283.0220901
273.531446
291.2151952
284.8794497
311.0676168
301.597863
318.4641088
314.8871784
320.7870095
314.3190333
304.2552867
304.2435567
307.4242257
308.8017397
317.2706895
305.6284833
307.1011919
304.7158454
302.2236879
315.2248341
315.4581426
306.2177111
309.1516357
303.7011216
292.0810667
302.7711839
309.4504639
284.2697699
277.4956431
282.7409964
287.6590804
278.7099071
303.3044258
317.4363836
311.5467215
)
;

boundaryField
{
    xPeriodic_half0
    {
        type            cyclic;
    }
    xPeriodic_half1
    {
        type            cyclic;
    }
    yPeriodic_half0
    {
        type            cyclic;
    }
    yPeriodic_half1
    {
        type            cyclic;
    }
    zPeriodic_half0
    {
        type            cyclic;
    }
    zPeriodic_half1
    {
        type            cyclic;
    }
}


// ************************************************************************* //
