/*--------------------------------*- C++ -*----------------------------------*\
| =========                 |                                                 |
| \\      /  F ield         | OpenFOAM: The Open Source CFD Toolbox           |
|  \\    /   O peration     | Version:  2.4.0-MNF                             |
|   \\  /    A nd           | Web:      www.OpenFOAM.org                      |
|    \\/     M anipulation  |                                                 |
\*---------------------------------------------------------------------------*/
FoamFile
{
    version     2.0;
    format      ascii;
    class       volScalarField;
    location    "0.0008";
    object      rotationalT_O2;
}
// * * * * * * * * * * * * * * * * * * * * * * * * * * * * * * * * * * * * * //

dimensions      [0 0 0 1 0 0 0];

internalField   nonuniform List<scalar> 
5120
(
330.0629024
305.8049642
291.8988607
286.8995797
348.6969904
345.4829081
356.0104378
338.2007081
324.2540801
306.4894263
335.6408247
315.4823979
311.8230321
289.4207556
295.0321329
251.1510368
256.7682518
282.8510533
295.8187362
315.5557434
323.3240031
319.2903734
305.3209786
308.2311739
313.4494868
328.4895692
328.6514685
337.3786658
317.6906466
295.3700966
306.9590995
302.4871533
310.3005018
335.2182461
318.7470335
335.5227749
339.2982118
353.0672869
368.776675
324.1388035
304.453496
286.4694997
311.0292924
307.918609
335.6641045
322.3165021
303.2602359
305.5417453
304.2211974
311.1654363
327.7540301
348.99369
347.2651815
321.3180007
280.7438541
280.0396118
287.9527839
317.5428542
313.5789258
326.4425424
312.8537374
325.9665423
332.6488916
309.8941409
294.9916149
253.6861244
268.3599878
295.1290804
303.8134663
334.4949818
331.5295426
337.4022867
359.9890264
344.8923777
328.1288297
303.449043
292.7911117
287.5104619
272.9101576
283.3828488
302.4780868
250.5325006
261.7846138
285.8904743
309.0100926
291.5828232
303.2422137
297.7973202
285.3187681
313.9847309
316.0144687
295.4751135
271.2942004
287.2032667
303.9375595
307.5020602
296.8470364
317.2652095
330.863485
302.896419
287.753744
270.6432192
282.5460386
288.9691651
320.3911592
339.3000065
340.3609629
325.9583232
331.5068315
328.247552
301.5288585
308.4931886
295.1459699
287.6631515
297.3485728
270.7142224
258.3586282
239.2684925
241.1018332
267.6584939
319.5916169
324.1926527
312.2974963
331.8841429
291.7754362
290.6618445
304.6298113
324.7993727
308.4615752
296.9029645
295.8107642
324.0350265
309.1029595
298.732672
318.1173069
307.6026855
299.736342
311.117705
294.1339591
313.7428317
285.1929029
286.2434124
279.068318
283.5212582
311.0954612
276.19662
268.5360732
277.2551366
298.1574916
277.2848258
318.2373332
294.9419216
292.7741911
329.1629589
331.3331258
338.4881992
321.3148225
307.8034925
288.21433
298.2927457
320.4038527
320.9732784
344.0430102
341.1002119
292.8928083
265.1390289
273.3537935
263.2594168
265.5161404
266.350172
281.1973688
271.8768669
279.0194616
303.0676937
301.7688093
301.469979
304.0142171
319.5029806
298.5272647
338.7247385
320.9143176
317.7743198
314.2437262
308.1557063
306.176212
309.0621107
314.0558918
307.4499812
305.132633
318.3393343
331.775967
306.10635
324.9888042
325.6497588
297.7640747
296.1869153
289.9402116
269.6556386
305.435552
319.2827756
285.0521107
275.0151165
294.5884692
313.0514691
307.2423887
292.140049
339.31763
334.0527332
342.3392801
349.120653
341.0002156
343.3816291
313.9340569
307.2256962
291.4482597
300.0610448
304.0887339
332.558309
302.910876
259.9558239
276.8272709
304.5675721
319.4631436
275.3688633
292.9801549
301.5658811
325.4393232
332.6415698
341.2919276
317.5087713
308.7819696
303.140312
308.1028867
305.8991806
287.5829991
282.7129043
291.9317145
284.9695605
272.0013
269.4033951
322.2627727
330.603211
310.7265998
316.3532012
287.3613326
279.540023
307.0428627
292.9393472
286.2971585
289.0522844
331.9619963
315.1394724
328.2312611
322.3702134
308.8796955
344.7882723
319.7761513
316.6233774
342.2092727
323.3489699
311.6625321
314.7088867
320.7582971
330.606982
315.1581554
334.1533505
307.0702489
325.865586
326.0294733
289.0451906
273.6415478
279.4441822
281.3769698
294.6915837
300.5256481
322.3745367
289.6036912
294.6340198
281.9722833
290.0624472
244.9388427
246.9789036
227.5330829
249.6204584
271.6654569
291.0902736
313.7569628
302.9300892
302.5390763
286.2496779
284.6449893
302.4555475
311.2665031
302.0982565
275.9660822
250.8795409
282.777658
273.5646415
280.8749598
255.7918028
269.008834
271.9546342
273.0492115
266.8649517
255.8538221
262.2933882
254.1925328
273.1725344
287.0807281
289.4216714
307.317143
283.8978388
290.4090715
256.0834705
244.5114179
266.4434556
269.4572808
278.3352662
264.4676817
278.0001887
334.8545971
345.0511744
358.6588497
346.0019451
307.126828
305.5778345
297.9403945
313.2648636
328.6226044
329.4103597
286.6648366
298.0606618
299.1859161
323.3722512
332.4817038
336.9511926
319.8752361
295.3397585
312.4904924
314.9781704
331.4822042
341.4516549
348.8997765
337.0103475
345.2721053
334.9383229
321.4969698
331.0528847
348.1561348
312.702304
316.3456189
334.1609146
346.129601
321.2803434
333.8727265
320.2808359
310.0512242
303.5478413
314.6248737
325.2985897
307.9993586
305.3774043
297.4953497
320.9593948
294.5568075
270.4766692
274.2909013
294.5909899
312.5574528
320.0459691
304.124094
320.0655737
300.2663639
286.6685319
302.310735
321.6625971
306.2003065
320.3263587
327.5059094
290.2063718
269.9049512
284.625945
271.8414753
299.3421038
296.235432
300.9366779
315.7278231
302.2943223
330.8656606
311.2591339
310.7395254
288.3984049
293.3548114
314.59497
321.7662549
340.4209768
338.5828026
361.1078224
332.9281698
295.3905764
278.4007507
285.1818946
283.7743584
302.4552793
290.1940739
311.7504361
285.8306761
303.5847593
299.8801354
269.0412368
275.7454938
286.2372545
295.8816306
274.8138481
275.2613561
276.9609913
311.4435008
292.3248455
287.2447488
282.6906777
328.5106869
319.1138032
331.3580835
315.1682741
331.1424682
328.090075
323.6944513
332.3966666
307.6119668
296.8732222
296.6370454
304.3663611
295.6006535
278.6441412
255.8945401
258.5831363
257.2504955
289.6551723
293.9840108
291.5961688
308.4401524
293.2236013
295.5923326
299.2073308
284.417165
284.6382662
268.8384038
282.2097098
298.2902722
307.4269641
310.1469987
314.8101711
322.164102
343.6582243
317.786057
295.8471438
325.825731
291.9802991
288.5544843
302.8061224
321.3511543
354.6698945
343.6041024
369.2888466
339.8401823
313.9374541
321.198119
314.9700697
319.5696577
313.4351023
287.7849952
316.2160484
314.3928628
282.5364665
285.763471
348.4159019
348.6465757
364.0054912
391.4685681
345.6016645
339.918907
317.246141
265.9003347
267.3490408
294.2237786
337.1298099
364.8281771
354.4627592
340.0779688
354.2942793
350.4694604
356.0588475
373.332929
348.8870987
342.009844
307.2213901
328.9206824
330.1454759
312.0501807
312.6121017
359.8520823
348.5517806
365.814864
363.9453515
411.1936229
406.7036631
369.2258671
367.9015264
306.7119908
276.810376
289.9308459
304.0357844
296.5413096
287.5639253
309.9631228
294.5490586
278.1133974
319.2542433
338.0613811
346.5684164
364.6065296
371.4895256
398.0224851
374.7975118
376.7345668
391.9285495
336.774354
339.161435
362.1356866
340.6656387
328.8973871
325.4743687
327.4410784
362.8768033
338.6667632
352.8666401
311.0635696
316.5047661
349.0286922
355.1403297
311.0970034
325.0222532
297.8672147
327.4937169
343.8561597
354.8209635
343.0371448
317.5850003
313.5347724
303.3600097
316.5321763
298.7586408
305.9581982
292.5226258
305.7768674
322.6699943
336.6393867
291.5575256
307.1613912
309.5880185
305.3581514
307.4334513
302.4163628
295.4471868
315.1967399
309.7146613
314.4545488
308.2611218
294.974654
308.6131662
297.712136
340.9515392
344.8494239
340.1673773
346.8904983
322.0515004
309.048463
339.8985247
316.4318965
335.7381001
294.958757
301.4707662
318.9951711
331.9856036
300.2106881
287.1368277
280.1432155
278.4528635
272.223364
297.8079902
306.2868021
290.6289217
290.3453915
288.9611516
314.7065725
277.6390809
284.7737083
275.5126965
282.9484288
286.8531262
231.6997645
228.6123096
252.4819614
254.8578456
268.6001139
300.9287742
277.3487703
296.119914
308.0432308
293.5602983
287.7525923
294.0136051
280.7073969
270.2640479
242.9503503
294.9519908
302.7028369
302.203625
278.4087501
237.6972044
285.7699439
278.3204884
311.5180848
308.5699119
327.0789817
320.0449423
293.0604682
283.535356
273.4586604
301.2361905
312.7835252
313.1776402
306.3085593
326.7876479
305.6868968
300.3289771
284.3591961
319.7625705
319.8605422
300.6915173
380.3117852
380.9109032
383.1660215
357.9512013
345.5802352
345.7665616
299.6649537
330.9984701
330.0654187
299.7532538
326.8582727
303.1720189
309.0844692
311.875649
338.5265271
374.9068132
375.9944698
402.0220727
383.3366698
375.5454733
323.5730077
319.9363791
291.2011036
297.5233073
272.1387934
281.2772791
321.3771175
315.4852644
322.2225389
350.1961515
331.0557496
316.8277942
320.3454613
336.3741898
320.9197502
306.8583056
315.6302486
322.0447888
314.739624
312.7539309
300.8753744
293.5848003
287.4349872
298.3581751
315.8655255
311.9359932
314.2083852
305.8373325
333.192936
310.0037642
312.6251324
349.3065936
343.7619813
350.8856057
331.3220497
301.5469778
295.8915338
283.7538561
303.40761
330.0751314
293.8525561
312.462217
324.5393509
333.6575183
311.3725455
316.128709
312.9829042
306.4907904
274.5628241
296.2209891
331.1081988
308.5026865
291.4222527
302.5091015
346.6103798
322.3786529
351.5206867
323.2992529
303.0272409
305.8959242
348.2660903
299.3229301
298.2156059
305.3644072
306.5369669
293.3073362
282.0979582
251.3958036
267.3670686
293.1168396
310.8881932
350.2060305
336.6697281
313.5686653
278.9630787
280.512246
260.0158991
278.9760549
300.4498735
325.2876611
292.979991
313.3639945
331.6933489
375.0422838
340.3250317
359.1947274
352.0341419
371.4717368
303.1134197
292.9607894
264.3607246
278.0421418
292.4188958
316.5738367
311.8110443
330.4506733
322.5970441
294.8820915
290.1252501
297.3427673
326.3959413
313.2119395
281.0362408
271.9527617
317.355418
348.0673177
346.7380338
301.7445603
322.4042485
348.2384496
364.6988089
367.8886505
348.6070546
320.8835988
314.9193382
324.6003441
299.0162646
297.2002429
289.8326961
334.2575925
312.1119333
324.7571484
320.2516869
349.4160204
322.6928959
319.4453256
336.4098479
350.0013237
357.7803598
339.9416614
344.6587819
305.1448247
278.7135532
296.3993546
334.7909095
330.9957745
331.1288866
323.800218
326.1214044
336.9760914
331.3532186
315.9224685
299.8713407
292.0193824
271.7281001
270.7770409
242.5331521
262.3253376
283.2336136
271.3912472
294.900075
303.480447
313.844195
333.3283475
337.9330725
325.4170447
356.5786125
332.3475822
335.6346213
324.0767928
275.8794524
271.4874559
290.4240782
301.856428
298.1005141
291.7321196
307.8178311
298.8109471
321.0989982
344.8976558
341.4860812
317.8202026
321.5548392
287.6719472
298.602823
301.3919712
308.019969
295.1179955
268.4679491
304.2388584
306.1989701
312.1996407
298.3351244
312.2299713
316.3816409
316.8203581
323.3357084
332.9042094
311.9225954
310.6815961
286.7017919
289.888188
261.1492469
256.6955531
274.4503144
309.5455512
289.1286454
328.1079297
328.2208293
306.3646926
321.0290251
330.8923819
315.6099062
328.1377808
323.0228749
326.7793217
313.1055427
294.1807992
317.9167046
308.7196163
298.2197769
299.3051524
276.1346236
313.8418168
296.0527841
292.5886028
296.6618561
324.2920668
352.5809393
354.4016048
337.6729221
324.2873612
347.2766942
333.2641133
326.9210651
302.8601333
348.1681958
348.8673036
363.1766902
346.8463954
344.3643471
304.7885998
313.9573029
309.5825215
307.0674389
319.1927847
320.8439143
307.5924083
307.9527796
315.8292694
296.2574058
301.2536252
296.2849158
304.8551568
298.6314493
295.8873713
276.8776701
274.8710304
279.5807434
290.624084
291.5234495
284.4865205
277.9835027
284.4778471
276.9108192
268.6780395
289.0796696
273.2325622
272.7158754
298.0137483
300.9706098
270.4855974
261.8905963
267.6785901
265.7683198
258.6352381
233.8078555
285.1212618
270.5778262
252.5026596
251.3249944
240.0969427
267.431972
274.890465
287.6577948
309.5397679
263.0645063
262.6284281
265.6100689
287.7611457
333.2818941
315.613574
316.7907081
290.0705986
277.6515858
309.605324
329.3633247
310.7303396
311.1350728
311.4140226
308.7623953
307.374713
319.1816553
308.4728742
319.8698967
298.2582553
311.9092711
270.3384109
292.3331706
309.3636493
354.2556153
363.3647902
377.3613041
352.9049564
355.6920749
334.8736803
350.1248291
355.4375279
359.4609511
389.6158287
386.8048854
412.3785982
388.72233
385.8232029
371.3545012
383.120085
362.5937669
337.6190294
304.2884347
366.2491297
351.7600334
332.2575634
318.7303955
340.0988477
325.1686596
304.7446244
293.7134731
321.8409143
304.5026056
306.6863615
321.8563196
302.1912918
288.7035313
310.649653
306.2002198
318.6794261
338.9072579
329.2379871
348.1195908
359.1384257
267.9542221
289.2977622
273.7930668
274.6229571
286.7162086
276.3935414
295.5125733
317.649415
316.1831903
346.061491
309.3693567
341.5957901
320.1090374
290.0553912
305.8434091
316.7163586
335.1924343
318.8523983
288.4800451
264.9203318
309.2064554
292.0616874
288.9431207
288.8476137
287.0729352
301.6949645
323.9015777
301.7891248
263.2317811
265.5192252
262.1411639
246.2295417
282.438974
314.2134592
299.9472298
317.4391325
329.4021364
313.6950877
294.8299639
311.8285956
290.2451397
283.6471578
288.8450525
270.1999287
264.4498691
262.4419623
263.340488
286.56514
297.7037041
307.1155055
290.459834
301.2889828
302.9856482
307.8276548
289.1935633
298.4710251
294.3698019
313.5336909
299.7519591
293.1100523
314.3447461
316.758214
327.0401639
340.0012362
348.0598729
310.5007502
290.0734132
256.7603449
294.7278867
286.4485403
282.7435463
280.662532
297.7877873
295.7902817
285.7754001
285.4267831
304.4698085
300.2995684
290.5183021
311.4046142
305.8440746
300.4505156
335.3375158
328.9470657
344.1424068
334.6520873
314.6270256
347.1920797
342.8887982
333.9104001
302.8619008
267.1177418
290.5809616
308.8099167
292.4311341
300.6572333
334.5095903
341.7364447
330.773523
324.5187133
359.730808
316.7971204
294.1832184
281.5753704
281.6674134
279.174327
286.9576656
281.6663962
276.9670999
288.9171694
302.86572
317.786381
356.1297218
352.1794915
314.1654333
316.3413017
297.9204631
366.8612011
355.3304277
352.9899586
351.81358
349.6849772
342.0669412
358.915252
311.0062
321.5448272
296.5595651
305.8896805
271.2813147
282.5502395
276.5715796
319.7626638
320.2103163
338.1401503
337.6970301
344.1750654
336.9651006
334.4775792
368.8020607
385.3829769
281.8111529
287.5160788
282.793988
301.7933489
324.306602
333.56244
336.7897055
321.1529823
304.9550743
309.4733453
324.604442
353.1941188
358.6743989
361.7853912
338.9261329
322.7629699
341.8504654
325.8540543
317.3336051
267.8204159
315.2659809
323.2930855
324.7177487
317.0802047
291.5987595
292.7072686
325.3021939
324.2468444
328.0157514
348.558134
330.2389497
310.3249256
303.1938752
289.1922732
287.123227
264.292201
275.433866
252.1973605
256.7213387
282.5850083
312.1311299
311.886101
315.3063601
328.8505925
331.4587721
324.0044005
286.7002464
324.6786428
301.5129909
307.7197357
306.891677
331.7467012
349.9902523
331.6997269
348.8822962
335.2009145
357.0529462
337.7833577
336.4361103
311.6289408
329.8685959
325.0859342
341.407252
339.7734323
331.0136771
332.2605174
335.6502519
355.3481999
369.4506385
355.0943376
313.0648084
308.8322067
332.0400339
306.5158948
299.2694278
309.3749925
311.9666979
311.3511359
325.7511045
316.575667
299.9198428
291.3974211
281.5253196
295.2328198
311.1328997
323.0258643
296.253122
306.2264028
285.4817915
299.5064673
330.902224
347.2954476
312.1725203
279.6573776
255.2814773
244.5999127
266.1582973
266.1272949
277.9479704
291.6050556
255.190404
257.4789157
291.8839438
290.2167881
297.074029
309.281455
279.6119997
282.8799737
280.1343311
313.8251394
333.8946776
319.853701
302.4849472
308.1164595
264.231371
264.8332435
275.2210788
293.2267733
299.669814
284.6376899
320.1466553
300.1029444
300.9165391
307.8404559
330.5067723
321.9280011
311.800577
341.4924564
309.925411
288.1979264
295.6379627
289.6786408
278.0386649
295.20119
321.3377212
311.8869219
313.6867137
343.8813548
327.7302109
301.4671525
342.8998498
317.9129744
355.2685966
335.6239974
331.9188658
348.6212223
350.4755253
313.7352376
294.5388306
302.389325
263.9327845
280.854171
264.7138826
283.3929965
305.0905452
290.6263922
334.9351921
361.0220807
348.2735817
331.8408054
303.2506747
345.1124403
336.6254594
320.5490222
309.5353699
308.3738286
308.890891
322.9001283
337.378831
335.4093377
314.1564655
306.4277855
318.7636118
295.8935897
314.5972926
318.6740407
324.8735623
299.2286185
289.3500864
302.1897704
331.1036605
307.1470476
317.4718149
341.3173066
325.3456901
335.1834388
304.1421828
316.1534065
303.3892788
321.6144404
327.8722626
316.8131471
322.3686228
315.6879175
302.075657
299.2243253
282.1245794
286.549005
307.7204991
329.6134147
263.6770288
285.0722832
284.921649
300.1502185
287.0596953
295.20042
303.2589597
295.4990295
300.0889232
316.5085838
314.2612748
298.5645832
320.4935863
307.8246332
323.1637079
326.2978469
316.6744329
313.3869879
288.344684
281.9836539
303.9723374
297.6887661
317.2142439
311.3706898
309.5681023
309.5408799
312.0782881
308.2018919
299.4729069
313.8459326
362.5726944
363.8545356
344.2203999
343.6347273
363.0200151
312.0161357
291.9103246
299.4008346
289.3556141
286.9450881
292.529717
301.1073576
309.70504
316.4724574
338.6382002
325.0719609
297.3731358
328.3191939
347.9456456
301.249103
310.2036688
325.9593399
304.107128
324.1595569
310.6779355
296.5309986
311.9600434
305.1270517
330.047683
296.7577936
277.1370235
280.7117832
293.9858067
314.8741642
326.8392153
349.7597252
361.9915828
346.4208194
338.762745
346.4030797
336.4073276
347.5449054
380.4687658
305.6793009
265.6483607
289.3687112
283.6993472
273.7703925
270.6002368
261.4913465
305.9484934
341.6650775
352.7448088
350.9717775
330.8578975
321.8608874
293.9229348
260.9083977
265.8222958
294.0450767
296.0499859
300.3333151
307.2284575
307.4138939
300.0769836
298.7677016
301.4726783
297.7343994
294.3322204
300.6105858
301.1517479
300.7587688
274.2483739
295.989511
325.7594973
304.1088761
319.6433119
325.8501386
341.245134
337.6429586
326.0990386
299.6803609
296.7973594
303.2059961
306.7515427
286.6604587
297.7281613
279.6335838
296.309265
299.494587
322.3563259
330.0317003
313.3318159
318.4125659
291.1527105
319.7252533
323.9948926
321.3554497
289.7364078
289.553108
258.4029109
255.7975567
262.4991038
284.160653
303.856465
321.5336045
301.718091
316.0297555
322.731589
335.8569585
288.8791596
291.3494966
263.1357105
254.5223283
237.2266442
237.690807
248.127362
259.1473907
256.5726936
250.0580143
262.2113443
252.6961087
254.0417307
275.4652301
285.4984533
299.7460418
287.803932
255.6602049
251.0698249
263.3927711
320.9261507
331.9483188
320.0602395
299.6902484
289.1849104
278.5556576
273.885897
274.4189944
273.0733767
278.6082037
284.5026046
314.1179327
302.9081194
302.1210633
291.6951962
297.4704865
299.360934
297.8398396
288.0135079
290.5076179
264.8240752
264.3117198
278.2538099
274.4592704
303.9356836
300.1911924
310.8964573
294.0899794
279.6798775
263.8225926
270.3920309
280.9768184
308.6362357
302.4935039
351.9685926
336.4338552
328.5035748
297.2175614
294.7404194
283.1654978
293.944541
304.8137627
291.2926639
295.8315847
283.0095588
273.1477211
276.9761959
281.3964543
253.8425251
278.9311245
295.5024858
280.1345245
282.5999985
283.953065
284.398444
275.449128
262.3671669
286.3881755
315.3845284
292.838607
321.9591101
302.1838522
294.0550649
281.4884231
314.5134447
328.8825358
365.5105755
371.9181328
383.8890818
352.0731936
303.8584216
277.2914972
276.2129982
301.1540331
316.0048064
322.3576771
333.1272704
323.7968758
287.3286041
318.7077111
338.9522428
328.3677757
346.4812624
342.5871777
313.564194
308.2028023
337.7379488
323.028195
305.0947389
301.388604
296.2820075
285.7163247
290.6814315
302.9613675
274.8755273
293.5540543
311.2758219
301.373889
324.1217847
338.005859
265.8204075
250.1646557
271.6559299
284.1136049
275.833297
253.1017272
268.3798133
269.8624932
275.9460759
261.6863125
299.4507758
301.3160378
300.0476357
264.9595301
265.6857985
288.4389833
275.025149
310.3070101
307.0812817
297.1832858
301.7475543
305.6040655
319.6513704
322.9616902
340.448136
372.6084897
364.1915986
330.18191
321.1077224
308.7538816
290.56403
313.2395796
326.6495779
352.5562552
334.4618043
353.5396069
326.4880263
353.6816856
352.1021315
324.8957404
359.4481754
375.2929322
369.6286781
362.1687025
334.478474
330.187239
312.5520823
291.4508422
304.8616111
316.2350219
327.5186724
324.614966
298.2099361
301.137457
279.0589777
255.3776373
250.3712847
246.2142327
295.7510061
322.2911051
288.6344827
297.4226353
284.7596614
323.8096607
289.3730189
311.3408645
322.2068887
329.3395194
342.2510324
315.434464
279.5415263
259.0972819
272.6821335
268.9003167
271.1309423
294.0384186
299.5088176
307.5322975
288.8154344
290.3634533
372.1021088
364.2269038
334.7233537
297.2850266
308.4687594
300.6141357
293.5054808
271.3296155
279.6665239
282.3995068
288.0379578
284.1578261
302.2038535
270.284264
266.740573
283.6702546
283.4692026
295.7163735
297.2111169
323.729365
326.9394297
313.6313771
314.940287
317.0764022
310.6660153
307.2145475
304.3871359
275.8452887
275.0131463
269.0007877
257.2679188
274.0623654
279.5283029
297.359872
340.9332542
350.8427279
344.038758
323.5265162
321.3012085
334.3699546
255.4134704
264.0681191
281.3952775
296.3914542
277.8290274
291.2232763
304.5632
330.0126575
313.4297167
288.8991408
272.8776999
279.1810875
270.8995076
301.1393384
303.7194649
298.6893789
290.9808306
278.6521087
230.4095987
234.0692724
323.8006937
365.7463979
336.1372707
305.0077674
312.9489283
322.3280992
331.3709078
345.5791923
336.3030136
324.4285155
322.7354248
278.9499248
268.563695
255.4756432
284.713321
286.7044909
313.8697413
318.314188
309.0220213
316.9461983
305.2441281
293.0407381
307.8550327
307.3061181
302.3857281
309.2641886
318.8665146
324.6332967
324.6457313
302.9504381
297.6671208
309.0992013
305.3824008
314.9306244
337.6357459
342.005016
344.7727963
338.9780716
351.3954774
303.2795612
262.9944279
272.0649781
284.5657646
303.7952251
295.5159075
276.4879169
289.4356392
286.0415229
301.9981058
318.7754154
306.0726061
251.5831684
231.5950122
233.0349469
219.5736688
237.8956777
234.009775
239.9984664
270.5807588
290.6685569
271.5646574
268.5353809
274.9651214
288.4393762
277.9651214
275.8120982
261.4113559
259.9173358
280.2444643
297.1526396
279.1797668
318.1206868
338.7449224
298.9588975
280.5089415
279.5729573
251.7360821
269.2203956
261.590602
261.4727021
289.0839505
282.0470638
263.9215218
246.1023323
278.60934
315.3626211
316.3637168
308.9601019
316.4246528
288.0353122
285.865555
282.5388066
305.8396486
321.0746075
329.7005555
331.4235109
323.0477754
308.112182
328.2790977
317.4493115
305.9380189
277.6293484
278.543792
282.9205837
298.8374204
292.8183967
278.2237612
289.0285813
284.5118249
319.4552887
324.3674615
331.0463677
318.9608033
296.8128794
300.0095295
303.3178508
314.5887634
331.5557115
323.8841414
304.0226101
303.9884672
316.273937
313.7274421
322.1366151
318.7332934
290.615497
265.6140036
262.7156647
284.1804149
252.203481
256.0238335
272.3644719
282.1781899
290.0171489
274.0990733
268.4240231
263.6190501
307.4624965
294.6443868
307.7681941
369.3539768
374.87868
392.5697036
375.8771648
381.4537252
356.0662627
323.7580149
332.5900029
316.749721
326.3012883
321.4071981
341.2286963
355.8838912
360.4483688
363.0867769
347.4632073
332.4478534
320.9175488
307.3131046
334.9079671
301.2767864
271.9465185
283.384634
289.3115151
303.7041104
293.8485897
296.6279323
312.2546171
288.8021352
302.8947881
284.2674679
270.5495304
280.5035613
286.8897908
291.3030026
255.1714304
266.4602435
282.0709532
291.9651884
294.051855
274.6846104
287.1287259
296.6090784
285.30348
327.2726978
335.808458
322.8833499
339.4708045
331.2819632
305.7548325
274.2767782
255.763379
260.619119
301.9243097
324.1266061
362.4661774
385.9076564
351.5740486
333.808345
312.060906
350.7822955
353.9280559
319.1354549
320.8469034
327.2031866
303.6503777
301.4976345
300.9749665
319.7272441
340.7195765
333.1051482
348.6296422
315.9849548
301.5829499
339.8087945
337.0769771
338.7941906
315.4145746
328.9682272
345.5585052
292.9130871
272.5261263
277.2442318
272.4979529
261.0255798
284.4901372
310.3827898
305.1851065
290.2735695
276.2226965
266.8098731
281.4895549
304.2014576
295.079384
314.59368
352.4961359
329.4516516
310.247756
312.7289112
293.268422
308.7988967
300.0892849
280.3422589
284.6203412
310.76944
329.5746748
318.4540075
284.9317109
247.8134333
243.4690478
235.8789906
258.2570696
245.3192987
271.699832
280.2725643
273.1551255
291.2499413
302.6777587
310.1495944
319.7071303
280.20771
299.6507315
279.7863383
298.2000924
287.8091116
267.1078819
267.131244
255.3219872
275.7585434
271.6259084
274.8970176
272.4217665
276.2729478
284.6122472
283.8790357
310.740367
306.5900414
291.3912995
289.873779
277.4711288
278.1094537
272.6201411
291.5960579
286.3216323
296.0177773
305.0611781
319.4735907
300.3448813
291.8027473
282.76138
274.7571233
263.6267847
286.4022976
281.4952957
295.0453999
293.9149119
300.2079232
290.5101649
296.2725014
312.065452
270.232189
265.9523806
263.6454436
263.0441335
283.8197616
289.1016088
286.9252395
286.8214
297.4521385
281.7684172
298.9518838
304.4355379
308.7897465
287.6961101
307.9672853
276.9774941
295.1503078
322.3283954
354.1454345
308.4469665
327.4460859
310.667774
296.6112784
279.0934705
259.00394
275.0568358
279.4378197
264.2744389
253.4486785
266.4869041
252.8427908
254.3504936
275.622673
330.9975306
338.3253185
343.5860242
299.366754
307.7922944
299.9083929
324.8453971
287.4662187
263.9199325
281.830029
294.699738
305.3026001
307.65648
307.336745
284.3559299
277.3691723
279.0250832
275.4203113
282.3929963
289.259017
269.3576444
269.156297
287.1679761
289.8187754
278.5738113
273.5268345
289.4365439
298.3861555
301.8288333
295.5663571
281.8930261
286.3195099
286.906289
282.1366539
302.5608979
304.6820065
294.1091332
286.0596685
287.2506192
293.0446733
297.114988
306.5827117
300.6333356
317.3490806
277.8794462
296.6317397
274.1103816
300.8751427
305.2885946
334.354356
320.178115
315.3457831
319.4753316
310.9297188
305.5563351
297.0002215
306.988253
307.2542161
306.4265129
306.1126769
352.1882059
364.1650275
353.6180059
305.4480162
307.7790907
306.349344
295.0202933
307.7938727
290.9491192
292.7637517
310.6070176
286.962491
278.8549994
291.2340534
293.8536106
328.4313132
331.6008203
374.0346887
336.3428333
307.9924941
294.6718443
279.9674275
285.911337
271.4824555
283.3009451
298.0561363
299.2747068
276.1596786
294.3847543
309.186302
315.0855892
302.4547097
310.4690355
291.5171207
284.9733523
275.763816
286.1929527
263.7881387
253.9160201
255.4683031
249.9071499
279.0848273
275.0600074
284.0925741
269.8491938
261.6126572
282.2071204
280.8783817
268.1272385
280.0638572
255.8035712
282.446442
293.1370443
298.8912465
297.4476066
258.8706057
243.9575497
255.6893592
260.5154483
239.5128462
224.3516884
245.6105412
253.334936
275.8469856
276.9030479
279.2443751
273.9045585
317.4572686
335.217263
333.6992623
324.6532382
301.0748781
297.2591301
320.9087017
323.1872391
304.4714527
308.2895236
338.8019036
329.0056364
347.6090667
375.7187945
372.3838643
360.8085753
336.0957449
336.0471717
315.4950384
302.8441637
321.7750048
349.3163963
322.3649269
324.9964708
313.2857469
313.8347786
312.9875072
313.0618022
296.2818005
314.6702817
311.0620016
332.4299382
322.9098336
303.6350291
290.5719649
283.3356691
302.1397
323.9401663
320.7811917
330.3181872
334.5527885
309.498623
292.8505851
326.9435291
335.8156758
305.5331579
291.5215644
309.632758
322.5039524
317.4928664
328.3214852
348.2757068
335.6691468
328.1980469
332.835
315.8213732
314.1286851
271.9481701
284.9987449
299.7680641
235.7398143
271.8077506
308.1811768
316.1755011
273.5127731
254.6154687
273.7065105
267.6358359
266.5594949
292.605543
286.0441446
277.0176283
294.2462139
298.4734326
308.8683775
276.7800371
280.4007596
265.7745298
246.4511059
223.0103404
291.9605792
295.1527422
279.7141165
289.5082729
313.9096945
313.2897467
310.6388127
288.2687509
291.1242796
307.6941254
309.4431516
347.5170396
369.2878523
366.5276977
298.9524419
261.5314818
268.0965923
294.2515532
290.1413625
285.4197276
307.819265
329.5561071
320.2302695
304.9176991
301.0884235
276.3168615
274.3380587
290.48441
306.3877326
313.3693412
301.5690222
313.4209033
288.7710467
262.7260271
284.4101378
319.760737
337.5726424
318.8887626
298.0940982
293.5856052
312.8441287
291.7114312
305.2859201
300.3358519
259.7333214
288.9622438
297.4936953
268.4075063
276.616104
291.0763085
326.0212366
336.3726049
319.7129817
329.7574252
315.250303
287.3818763
291.691303
277.9844661
279.0360486
304.6333791
254.3351277
279.1428347
287.5085718
279.0340478
292.9155669
264.7105119
274.6198323
293.7301077
311.3517104
304.3043259
296.4618808
294.4227914
298.6301589
280.5699948
269.2940754
278.22871
289.6729416
265.3232979
253.0878078
243.5013468
291.4781687
292.4441661
268.6704903
264.7256805
261.5498237
250.9453289
275.0099462
277.2027461
285.5095697
288.424399
297.70493
301.9402562
286.7992861
260.7247421
269.1478044
284.3005913
294.451007
291.1309084
319.2709173
312.2822596
288.0058862
289.0226093
291.9163635
284.9895488
276.6174871
265.5416767
255.52857
258.0654007
291.8976527
300.6964926
323.8798789
299.5840973
303.3889844
287.1802524
276.6867817
272.587053
280.7853711
258.391489
274.7696873
268.8069405
302.4870362
285.1351957
281.9742491
255.7187777
288.6382448
296.3811426
300.7132202
315.3840712
301.6553532
299.3370641
311.1267475
303.656197
318.4564161
303.4662934
300.8115341
277.8705418
298.903838
298.1817292
283.4026719
286.9117588
276.7299719
283.7640028
283.3768605
319.6538682
332.6037181
307.145317
287.6048266
269.3881522
284.1325959
297.5110662
303.1403628
294.0597562
264.644621
297.8036229
312.1483813
307.605514
288.4868427
302.1389898
307.6430918
274.8766169
310.4371354
316.7578916
344.6399757
314.0326787
296.7053756
295.7731285
290.4485543
308.2791052
313.7505684
311.9433433
299.4832781
309.8110979
310.9347382
271.628084
251.7766498
270.398815
320.9980737
336.3510778
332.986716
324.118615
336.963196
317.2794353
293.2392829
300.5201822
286.6681733
287.7761512
299.6396054
282.4335215
278.286476
302.5419748
302.7229724
285.4799125
302.270316
285.5169542
275.7957183
285.0874291
279.5327795
271.5186842
297.9399307
309.5649206
313.9417871
328.3060381
332.5252816
287.2262721
292.2588504
271.9364741
302.3756456
285.2664084
300.5102829
300.7717031
294.5933843
315.7354945
331.3082677
307.5935192
289.8014229
324.8217002
317.3733529
325.3013541
300.6259743
324.0741319
326.4928393
290.3022185
296.5696646
304.7916087
306.28942
320.9259101
297.8585667
304.3460311
275.4392637
279.8136141
298.8307498
305.0619145
308.8592113
339.4899963
314.0470582
310.8089259
286.487197
309.2799271
301.7013953
333.6355475
296.00005
318.9025418
296.0853635
318.3778808
320.2217042
314.4644662
290.731937
306.6751435
308.1539785
315.8047941
302.7791369
296.4309539
304.5101076
305.3927621
304.1438728
364.3144136
387.1521937
335.4857171
308.775436
306.8369392
366.7123333
300.7766268
327.6347248
298.4948629
279.3693102
303.0438269
290.9324873
288.3177217
294.0132155
327.389047
327.0756484
306.9406427
305.630028
310.6218177
330.1528617
298.1349291
288.4436754
344.0577045
363.3907312
373.8568768
284.6888925
270.4138736
274.0320279
276.268187
279.5182484
311.8738414
329.2015885
335.2842437
315.8970525
285.8827565
262.7454485
252.5608567
252.692478
261.7710807
280.2693392
271.3780986
255.9664388
266.5260073
271.3114469
286.2424854
288.9349941
262.5842766
266.342886
267.4579264
294.1627133
285.7324549
304.1958623
274.1812945
280.0970627
293.4835727
302.6462363
304.5265
305.0836306
275.2056027
278.7048822
314.4909261
344.0837248
333.4181263
299.104273
294.3203824
348.3137347
317.2025163
305.5654897
299.7291683
325.0961242
301.325133
282.2172257
294.9586246
316.9467157
312.5185679
326.653048
286.7451966
266.2246212
279.9987841
307.057689
303.2479345
307.1116678
319.7778259
330.4386628
349.988579
321.5202484
340.0299512
322.9782244
332.1464896
299.0097971
291.2656383
335.5531454
307.7864361
309.7025683
299.5552714
295.6860718
295.9636528
335.2485858
343.4394796
293.4939285
296.093155
301.9118279
292.7006498
327.6747302
340.2593374
306.1845098
283.0585257
278.5816651
252.6149986
288.3814347
301.6218376
286.4828843
327.0791777
344.5521234
341.7631092
336.3199774
321.7866148
322.8344016
319.1451279
377.7348932
379.4977884
382.3348341
379.533139
384.8547495
343.9129187
301.1050228
303.1223975
293.7382965
317.2230827
310.0174651
309.9163097
296.7513165
272.7337567
298.069604
308.0011589
310.7452944
286.8129562
276.1038342
296.5257438
285.5692341
267.3490754
261.4521717
245.5364229
224.827959
264.9574836
315.078222
279.391555
260.1810754
264.5606724
239.6382254
270.6104317
286.8565904
324.9523563
321.5282318
313.92921
318.7585255
339.119251
322.6495701
333.3901939
333.4909194
318.8993666
310.0897391
342.8131647
333.4424086
317.4469508
256.9728366
261.4262364
267.3864259
295.4615777
294.1231867
310.1611059
343.0988372
348.8682458
317.570791
273.7267548
257.7291785
260.020961
256.0624505
275.6205656
289.0799888
270.2967612
263.2711543
269.5690211
260.2279495
273.1159553
268.006442
276.2310863
285.8045078
301.6861759
291.1210809
282.3683613
270.0987674
290.9248913
296.0994148
281.8949813
278.6253632
294.2390506
284.1105299
307.2144525
286.9499404
283.6829243
283.9676403
255.8154206
256.5100501
278.4302561
312.4096402
304.5470151
324.4063785
311.8657985
315.1384904
319.1404796
327.1192672
292.3747699
285.0954243
295.0896629
299.6021626
322.4654397
327.9427956
305.8655009
290.6673831
293.8860663
318.9416278
343.0077631
337.5853642
328.5763615
304.9357315
319.6595732
321.5026437
307.3649184
286.465964
313.1238372
309.5160869
279.7146994
311.5269325
319.8732145
322.024116
306.3661621
338.2285437
370.7570286
368.782123
340.2586564
306.4496937
273.8433481
300.0935604
291.1376506
257.42169
268.1262519
274.9324015
275.5728569
302.9253154
319.1024669
325.5825622
333.9407336
324.7812374
285.9517458
289.1475827
301.9784529
284.2104799
302.5244703
278.5161631
285.5508539
280.4825122
292.6042939
282.6722962
271.0482174
305.5630007
283.076374
292.665851
274.9859495
273.8363707
277.4584654
302.6994087
306.588889
304.2807867
292.8099302
297.1594307
282.3311348
283.2033711
287.1298539
320.9365148
335.3781054
303.5926317
301.0141154
286.7014759
306.9942601
282.63966
318.5243287
316.5180487
326.3441251
335.1005035
305.4714249
315.8884695
299.9321916
308.0237347
299.8943538
307.6713903
313.6360199
340.5171584
335.0549906
347.5026501
333.3511656
333.1864822
302.2661739
296.5934143
296.9713957
313.2585849
336.9950779
327.0693693
341.6121386
334.5222897
345.8676439
325.9420117
316.0152684
301.2653744
290.8039162
266.8481788
261.2997032
244.0485066
235.4914916
239.89494
252.5458825
257.060851
256.6299724
258.6153581
269.1884518
256.1266952
260.3623997
271.2406277
264.282751
256.1550269
283.0152818
292.2524275
260.5275731
257.4131089
271.8825272
300.9128977
310.4795682
301.4105148
265.3642345
248.2041327
257.8953603
275.5818137
268.4522209
286.3404907
287.0154738
329.7876999
355.8114471
359.0873338
352.1438787
328.9875471
302.3704401
268.1729771
249.5345341
250.2628844
249.277984
258.6028999
251.5837551
276.9892205
304.067839
291.7325825
290.5053115
290.8114929
273.9359301
286.9735304
332.3431691
310.00324
318.4405101
332.4854371
324.5912694
311.4153012
300.1841758
335.860711
329.6823181
329.5851762
325.9433502
335.8513554
285.1582307
277.5306418
270.0170893
298.497154
295.3489961
283.443035
292.6998442
282.966773
288.7312732
265.81462
288.8824638
310.3142217
302.9328699
315.0134284
335.2320027
330.269415
347.7599333
326.5251711
312.2031777
296.595819
290.2563095
316.2846698
309.38057
291.8917293
337.6280722
323.2475201
317.7316084
300.7595169
299.1630581
291.6488057
322.9557117
314.3392706
340.9626096
290.5659496
311.5302291
306.2521503
293.117217
313.8249784
351.3769424
363.3691452
358.9832926
330.038632
344.5779376
350.0110094
313.0771984
304.2259893
300.8952435
305.0002404
307.3976087
335.504935
350.8743854
302.0288062
284.3818477
294.0702508
326.5237963
353.7072395
338.8071043
334.6122926
300.0319651
290.4909757
312.8417642
332.2893393
326.617383
305.560944
281.9230052
325.1304907
318.5612521
306.2927551
326.8267366
315.580176
292.5253405
333.8961383
371.0735444
351.0907908
316.530385
297.5435921
280.0074346
281.48609
297.7128021
285.6904054
287.4585092
295.0315723
263.5020129
270.4216783
279.1953901
275.4777897
291.5185901
307.3034378
309.6769205
290.6638715
274.939895
270.8816886
260.547779
289.327491
287.5424714
286.636581
282.0325538
281.872741
278.1672633
303.5246148
314.3891683
294.0822221
291.9709533
313.0960456
324.3846411
325.259796
330.6892721
314.6779925
279.8023827
279.0021271
288.1858214
292.7336389
290.6478409
287.2027601
283.496749
269.3121247
291.4219147
312.0554135
316.5719574
323.0459504
336.5622678
321.1821161
320.8222472
319.5099402
346.4219229
319.9278233
322.7872131
298.3028232
289.1740464
303.7505468
322.9350678
341.4945822
369.2142674
372.9763387
364.0502021
383.7251444
384.0281896
378.4425883
351.7008971
326.630637
338.1836654
342.8742142
312.35086
289.6482648
270.0766888
283.2370707
292.6537691
296.2771092
294.0067743
385.4960678
363.5930545
322.967379
344.6700107
363.1354562
354.3302337
350.4373179
349.7506843
333.097066
340.1515644
353.5986751
368.7242876
352.3568239
347.9023825
347.8415227
347.3867143
359.0944972
363.2012592
372.7242296
414.2515749
364.7779516
314.2795154
307.9529436
306.8625518
304.1570984
310.1486859
314.3857987
322.0774692
361.7706229
355.9653848
363.4081095
346.8131969
312.5047896
322.8282084
357.4164663
377.1276467
385.5718924
373.1809487
349.8693307
360.9317416
337.4322158
305.632363
292.8596158
306.7405664
298.9278867
274.6177673
279.829883
290.8689557
278.5204109
296.2196073
285.5249548
333.0281062
326.2077644
334.0681886
322.6889995
329.9459051
330.0195788
320.464007
315.5289514
303.6374436
327.9165707
361.4557687
334.8034298
349.7191048
340.0134746
335.5227667
318.6484425
299.6956218
290.2830663
313.3939701
303.1760303
306.1503356
283.5074919
304.8350607
331.4754905
293.798126
275.7044219
305.7112126
326.158383
327.5343938
312.1660382
303.0442609
325.4668036
315.5747077
286.9748449
304.3076995
299.120721
335.3238243
346.5963958
343.6030285
325.9390837
328.271645
331.7702859
350.6662308
335.3702516
313.4184507
327.5450477
311.8628627
343.771039
333.1233015
308.5265639
307.8618944
306.1255111
302.6846493
285.6450659
265.7271923
278.0593545
291.4956856
297.5361268
299.1963244
293.7315885
314.721981
328.6927779
349.624347
331.5731405
304.7540325
317.5632831
321.0127868
332.7118104
308.0189742
279.2558178
275.6573388
250.6433833
254.0858538
280.678357
346.3293011
338.2523306
314.3164604
316.429731
291.2086901
281.5167089
269.1510735
264.4381061
293.8016918
286.2840203
305.6284055
299.2780245
302.9366917
304.2799516
289.3806383
266.5761444
291.2532757
310.4067864
366.6279043
354.0999287
326.6734373
321.8538431
339.2919956
307.6531489
307.9581913
304.9065051
328.7872795
329.8736086
324.7701321
301.1773203
283.4955199
305.4525624
311.5248655
300.1223294
274.4954088
298.6528336
309.4958857
297.5410563
329.1056893
300.8077164
331.1942321
308.4670258
284.4809669
322.2282062
300.8163224
314.7532905
302.1655279
290.4175012
299.4879512
297.5107827
321.8589882
338.3720692
312.0566977
325.5985115
319.9439604
303.4427904
300.424533
304.4918726
313.8753792
327.8488613
308.3384885
327.1581645
340.6972518
339.1876658
317.5953455
313.0781447
329.1892222
337.5481302
367.0773273
347.4175135
317.8046088
306.1973265
300.2631724
316.2508952
335.4735825
303.7879536
285.5366966
301.8570995
305.8407422
320.5177339
307.1505045
314.5907857
321.3918553
292.0396709
312.1283153
354.1028905
330.4077239
328.1304512
357.0206955
314.6868134
342.6827816
338.5884184
328.4845994
330.7907416
298.6499314
335.4346421
334.8396311
321.1401754
330.840654
305.2555529
310.7045343
314.6315638
334.4381923
315.6397163
316.1859816
290.5667148
289.3200438
278.0640062
283.3846669
276.5518601
273.5343606
269.151174
274.300457
293.1585833
305.2869271
276.2608121
311.1423441
303.478593
306.4129788
329.4597079
340.879205
316.3599408
287.7591699
292.6095065
274.9876761
287.9887541
265.5374484
250.4142387
253.3941802
254.8173271
267.226891
282.0567228
282.732797
279.9345519
274.4058536
313.4635598
321.3859297
298.0078102
249.8016209
249.5091985
265.6801898
271.5704945
309.8703277
288.744424
287.0561686
276.6605573
277.4746037
267.6431343
265.4068824
250.3524213
258.8847839
265.1803166
292.5239055
295.4888857
325.8292483
307.8054634
305.8391128
304.7796525
300.1085216
280.4665791
297.9141954
298.2655105
301.242215
307.1333635
316.5004049
313.8596405
293.7733198
300.9780726
305.8248169
320.7780987
317.1454801
318.8129814
316.0381364
325.1442945
319.7151404
350.7551483
341.2530316
309.4400059
333.2745936
308.147069
315.0836755
331.7058954
308.3647583
346.2316783
342.1550527
333.4947854
360.2460709
353.7888435
342.1112321
339.4234247
324.8637326
318.6763645
331.1059013
345.3189778
335.2245115
294.0140596
289.5667395
294.9106654
324.3081995
335.3116832
336.9572435
350.545149
390.6173343
368.9964921
374.8357012
350.1174492
343.2238797
348.7874028
320.9849044
309.1833523
304.516558
302.2791002
290.589282
296.7636137
298.613739
269.3252259
276.4438675
295.755693
300.168445
315.2975317
279.2700531
294.5963082
286.6460996
283.0624234
292.2244422
304.804485
305.9036821
315.2608919
308.2343406
309.2298768
317.3207956
341.139884
320.8709735
291.8250066
290.9189731
355.6995824
359.9253037
328.3590239
294.9808964
279.0236776
307.6292072
299.627338
313.3767751
312.7853562
313.2692927
313.3679004
301.5156514
275.6227896
278.3454209
255.3489509
279.1199705
298.6889744
302.0750653
319.6240906
339.3175061
351.1933886
332.6590684
350.9879628
363.3956932
358.3472571
364.8057055
306.894413
297.2962673
307.8235031
340.5134053
322.9233587
329.4803045
321.7846576
321.1638171
314.4938103
311.7491896
300.9847258
333.9455839
348.1751815
359.446588
277.2317171
302.0727812
292.4264862
302.7212987
332.5580973
305.8898638
346.000024
358.1853985
317.0854172
320.8039179
340.6861828
330.3472948
321.1937965
297.2325983
295.2725399
293.0151611
273.3863062
287.3027196
276.0085916
259.857865
318.5588456
304.1994158
284.7247653
320.7282234
301.1073449
281.0836463
305.5805937
266.4797314
266.5928604
293.5120715
290.6454081
284.1480284
293.0219814
300.8359056
311.4831772
308.0785457
331.3667662
319.92872
318.4260943
316.9342644
357.0887494
340.0336648
368.9812391
333.2855783
338.7421407
306.7951032
306.4166751
315.4951296
292.5414935
282.6715246
310.5142654
289.8159149
278.0291254
277.8213585
336.581152
370.7589527
358.7787764
371.0222139
347.4314362
336.744778
296.382603
277.3103573
292.9985737
267.9013126
255.5336494
314.4272735
335.001461
337.0566407
363.313001
347.5306051
342.5772726
313.9231712
311.607538
296.3265658
279.3392976
295.8654133
304.0637076
280.5945448
282.3926885
271.2562909
310.8728826
318.092577
298.1073662
328.0004794
318.9313974
305.8240353
298.9437032
268.8861837
266.0658772
271.2762005
287.2302449
314.9846937
350.6763037
331.3810332
316.7347047
312.1565062
311.5649911
316.9539685
321.0977186
324.312509
333.6986943
341.3225611
346.013118
335.9660456
346.8035376
321.2795348
331.7465364
363.3201631
323.8303245
322.1394942
329.0928137
347.809145
333.5304438
314.2843966
344.0916393
364.0549973
388.8973379
372.6649441
360.9928612
341.2485862
319.8376855
312.8421522
313.0553946
290.3001844
291.5934631
290.4785168
289.6563573
313.5627066
354.2132894
338.8292274
313.478324
304.5211366
303.1976933
305.1370057
358.3069835
321.8219889
323.6239457
308.3397598
315.8848231
318.6989989
298.9057426
290.5406184
292.0636086
315.6824528
286.3279736
309.8610399
307.4800027
290.6279946
309.9303999
295.2642047
305.2841173
292.7796365
294.24586
295.7263795
270.3341004
296.8954609
310.1935609
307.3681834
285.5925037
295.1832824
310.9709598
294.566741
308.8791548
317.378467
294.5960991
266.2990373
279.1631109
314.1806856
325.5825963
334.7567511
328.4840088
341.8254241
313.5884892
294.5628834
306.8331918
318.6631662
324.6160607
297.6260624
318.4635859
320.6509586
267.0785006
269.0226535
264.2767752
290.8926331
306.5840202
279.9826561
269.0411487
274.1986977
288.4753996
287.7526883
304.3352504
305.4972113
346.560855
337.7834379
337.1363519
330.3832162
309.4838291
307.7624588
284.3088649
274.39855
295.8971418
298.446916
311.0914835
300.9606296
313.1836385
342.381098
335.2103111
299.6134676
259.2435378
291.0273323
295.335713
320.939988
300.7669806
308.3599316
330.0639482
309.0397272
334.135581
309.3855844
294.6927462
316.3943408
342.5976946
355.2107338
351.451418
342.9019254
353.9797202
324.4455087
303.2281072
311.7743176
311.3589784
297.5437091
305.6868472
293.563065
282.3743534
294.1760586
320.6841007
328.2447373
325.1731367
318.1720253
317.6659144
351.3889582
307.3254423
324.0247575
318.4955382
321.2241911
287.7502603
299.8781816
298.5986435
273.1554023
261.0354148
258.3139936
288.3386642
283.1996726
289.9108806
275.0947605
307.5746894
297.8610233
316.8232753
324.2368079
310.5894378
290.4045225
274.179904
271.4282628
274.6503513
283.5922642
271.8143504
274.6852417
310.8308571
308.8425067
283.8000344
274.6373241
267.9308767
266.8263442
267.9239278
286.4286413
301.6431503
318.0771948
297.4450969
282.4333344
277.2045865
287.2325743
308.0997432
316.2057876
338.323034
346.9312061
334.5760346
330.4102962
290.3757116
270.2087354
245.3214309
255.8658969
268.3497647
268.7331598
288.0690006
275.2626496
273.950729
271.9108649
277.0055563
298.2732672
308.5401711
293.0870838
287.0430963
294.622739
266.0407358
246.2103459
260.1744649
267.1230558
294.1321328
320.2330934
328.6915075
275.8062776
314.8991475
319.0678656
303.7200565
317.0760174
328.6946687
297.462669
301.6115477
255.657967
280.2222014
294.6264707
289.6220641
311.9655838
310.9620892
325.5951606
295.2348021
294.66179
297.917604
322.0748436
315.3122222
315.0817078
268.2843091
273.8716875
287.4284714
259.4785089
267.1353564
252.755933
295.5402699
317.7065884
284.1801203
304.6451547
339.1562653
304.5443408
268.1019903
256.5959995
292.6893369
334.882507
349.8016098
318.9052012
284.5072583
277.7193304
274.975656
291.1726061
268.5412624
273.6883757
284.9284898
270.5987581
300.4440661
324.8514617
338.5413811
332.7451965
274.8208198
306.7525655
299.6573514
288.7394517
285.7793696
291.9942888
318.7782752
314.2234704
315.5002614
314.5186081
318.5558924
307.8716173
329.1327407
332.6869388
312.3009687
296.6067618
269.2845865
308.6409642
292.6482745
317.7242439
252.5007624
268.1964935
280.8147107
280.0776344
275.4472179
283.6174945
282.4094754
259.6133198
256.3888338
260.170266
248.3871116
262.5446676
246.5691809
240.6890084
280.8770147
290.0946767
311.1933179
279.7792184
264.6037078
256.5324123
331.4924991
328.8286397
310.5875256
303.924816
323.1083815
355.843471
344.4142791
353.5145695
328.2535431
332.3008445
294.864677
307.9346922
304.4000555
280.9614937
277.3431062
275.594376
285.5286498
314.1275777
318.5539696
321.6173452
309.9091422
308.9052506
300.5099032
300.1150006
291.9601371
305.4985759
299.7553681
326.1911549
324.2527858
357.8610398
332.5348798
343.9066468
325.5291419
313.504103
338.0770989
338.7069662
347.4988664
334.8050552
327.5118099
305.1833817
298.348098
301.2379545
317.4929065
300.207354
293.9942964
277.0396719
293.302601
318.0764759
303.0989904
294.0623252
268.7875169
279.7818073
266.2058817
270.2275947
273.6919012
283.4977979
287.9904783
266.1603553
271.6729464
285.021567
266.0943692
276.1009453
273.9030288
301.8954223
301.0617287
326.5907826
334.067674
333.3223382
316.6666787
305.661632
293.283194
284.0090528
299.564064
299.9184006
315.8260699
293.3648909
258.1287333
255.2311765
276.2092087
279.3249931
295.7890942
286.6863762
308.1518597
316.4652233
303.0880934
316.3539624
311.5020992
293.163156
292.1227352
290.4121914
278.3696301
282.8568778
318.3817284
286.7186332
282.6742807
299.8699115
321.8844978
300.8035437
286.6771196
278.7431909
320.9139788
336.5661788
307.273058
297.3382752
289.3159961
308.488081
270.7954758
263.1731408
263.3278851
272.9021875
296.239979
294.0208227
286.1286125
300.4686819
321.1693328
292.7932808
258.7715521
309.9835157
326.3514437
317.9711425
277.1833406
281.3372601
284.3066775
310.9576388
322.775626
335.4733928
355.0025201
367.0194329
363.1884739
337.47343
305.1499445
280.5866393
287.835822
257.5697049
239.6397243
258.7943238
257.5215413
301.4011975
290.9773489
249.9288125
296.5282885
300.8785663
269.7410694
272.238425
305.539027
310.8101857
289.6943724
288.6530365
288.6813557
265.1984194
317.0446882
303.283448
332.6287643
322.9053505
334.7265947
325.0424989
335.7860656
295.2499849
328.1130154
329.404581
287.8378914
287.1978526
286.1682649
287.0175663
290.9132045
296.7874645
297.723624
314.7073776
319.5311402
341.2727596
307.4448371
274.2226709
309.5918279
283.044956
281.1471193
281.9027312
281.2020012
291.1988787
287.5645639
289.431633
257.2743292
266.6528647
264.2078472
245.4275086
242.472715
251.0682836
270.0514866
267.589377
294.818488
311.1248394
307.3148273
327.3276329
285.6271196
293.3107398
282.6278967
262.9719383
289.6004961
282.7786292
304.8845166
291.9525785
294.9544249
300.1309333
304.4543451
337.2366817
328.041232
344.7731924
331.9928202
342.43853
305.9112194
269.0298362
254.5136615
275.7045019
313.734078
316.9956672
277.4728025
266.5903
269.1770244
277.7949624
310.0897954
313.2635101
303.2799101
323.1690497
313.0838656
318.2918337
288.4934442
313.2244647
305.3026652
283.3099606
324.1789761
338.9930012
331.5987558
305.2232667
299.5875163
259.0148064
261.981351
290.3126324
306.4679902
277.289988
253.2042044
277.4629583
326.0815333
301.8862971
285.5626254
265.4552082
254.4035656
255.5081426
244.5124878
252.2504529
264.503683
257.3966835
269.2353396
269.7850987
262.9304131
288.8049163
299.0218285
334.4123618
303.7665993
298.5986036
323.0020905
333.0740803
367.4410084
378.887331
382.8107852
361.0111719
381.8579962
334.9657526
316.9003111
311.9759611
321.0778954
333.813991
351.7117249
327.4557952
338.6789229
340.0492761
342.8013129
310.6511858
302.6123172
299.2913244
304.4036014
329.2006546
300.5610109
280.5149801
291.3894173
296.7979094
304.9325357
333.0105007
301.5014299
297.9681074
308.5713448
291.6806676
303.2870913
328.6551513
326.8865263
351.6515766
331.4733015
336.6889041
331.9582946
309.0642566
344.702599
312.9824281
268.2028828
263.0512306
249.3804026
257.0036997
271.8916132
273.4073216
280.3861757
331.8297258
343.8844276
327.1361052
327.3282451
337.4457793
336.4899792
353.9379617
320.2060232
318.6178411
305.0164462
315.745822
296.4648727
259.0019314
299.7278922
297.626167
318.5420418
317.4468417
306.641093
309.7382013
287.9857918
293.580747
295.5223423
299.9223265
324.2161273
323.2048628
325.3083016
291.9588107
313.3855792
337.734524
316.457667
293.7271097
293.0265443
299.8273106
300.1836057
312.7705266
276.2399882
267.1654602
282.3660723
292.4330119
282.8998119
275.9314713
258.3649476
276.5416693
302.3131905
311.6423532
304.2624583
325.8676086
328.26351
313.7041438
314.7086901
304.3901077
305.1184758
293.6815127
286.739768
270.2519932
262.7753844
279.0016146
281.9740235
280.1889953
295.6182978
302.3023166
326.9556003
324.2908607
305.4927407
304.8029226
308.4624118
314.4566165
288.2158452
292.1707949
275.6998694
290.6382984
304.0865832
302.189207
292.9908173
309.244087
309.8663993
311.3884784
292.0223702
289.0918857
293.7305727
303.1349747
301.4676698
325.115775
318.9791373
305.445007
339.3164081
303.5062862
289.7440233
289.473739
327.9369029
335.2118949
329.5414493
285.4807683
315.7299141
298.8197718
307.7495464
282.3379712
275.9052126
279.7899248
293.2724838
311.5742822
309.4954512
304.4515295
294.610976
311.9331223
284.386717
283.4684972
295.8765314
314.4592873
303.9191026
303.1138902
297.6723769
294.3368704
297.5742671
255.9302998
266.8426538
256.125861
263.0858604
268.8253627
271.1328006
287.5938801
299.2775281
320.0318607
320.9505084
302.4200269
315.7093713
330.6743209
359.5047478
394.9770827
359.5701875
311.2598252
293.4694075
319.9487355
278.9647774
270.1410083
265.2073196
256.2128516
251.9068167
282.5821536
287.9822386
288.7353824
288.8611436
297.6788924
310.4629719
322.016617
323.436407
285.8297132
304.2090361
276.1164022
281.8164209
292.2314223
308.9800921
279.1396349
313.6154263
301.1476739
312.3279293
302.1526667
285.9280137
277.1000426
268.0194458
289.8989046
299.2817216
308.5912763
300.8352695
289.0226834
266.1143363
281.4833712
273.7336864
293.8186467
312.3679805
307.6834611
287.7751718
314.4148396
287.2414885
296.0301257
308.9165381
313.6308866
347.7285471
343.4886137
339.776329
311.9654857
282.1816912
286.4610659
326.9139159
332.0009188
319.4952586
327.5449514
293.5647126
323.1231045
287.7257576
290.1642957
282.6121748
253.1978493
352.9601715
345.8285611
303.4881814
299.4126454
279.0879367
281.3968462
245.8730785
243.4852536
267.4061044
272.9604292
276.5628237
264.4550983
277.7718196
318.8945761
320.9240941
304.8009169
290.9296786
291.6629576
311.5784268
315.0165088
265.2267527
276.2273598
287.4170715
264.9180798
258.2842052
256.210884
280.1270096
303.5995703
298.1569138
286.5395778
287.418904
291.314378
300.7809355
306.9906518
307.8423378
319.3608898
332.4130385
339.717345
281.442497
289.4020879
251.7567582
232.2445477
261.4239641
288.5126341
305.8760626
312.2815768
291.125779
284.8432931
280.0482016
308.2856159
315.5839549
282.4552621
296.9885765
283.4337059
294.6424769
300.4333797
279.6638049
271.094874
276.7866846
267.4326418
262.8773978
281.9625031
314.3697517
321.0710299
319.7426525
299.6195474
298.9148248
291.750966
290.8169276
258.5465967
256.76029
255.0356656
252.4351233
270.3377317
274.3397831
277.5641958
277.9519469
282.7688717
286.6404887
261.55306
327.071801
307.1974338
304.3610699
302.4303215
330.7501356
325.7283835
338.4017944
349.0497544
377.0393448
355.872123
337.8639927
300.1403175
265.1434761
273.3122224
292.826594
316.9117974
312.1224698
335.5741268
343.9536114
354.7833934
347.3402911
360.953002
348.2595449
329.8962149
322.640337
301.8208721
318.3229627
305.4340276
340.6050395
375.8969043
369.1239063
340.3350768
324.2748364
294.7614808
301.9813078
281.4097831
306.2947346
340.5543114
351.3720641
338.7070325
294.94732
285.9193602
261.8956879
297.816668
302.9040544
325.5480778
337.3926877
353.8946306
333.8400459
301.7199456
276.897772
287.8420411
287.6034445
287.0569114
284.7114638
285.5025895
275.1531685
255.4063977
266.201156
289.5076295
324.3342797
351.4716304
376.281491
333.3171399
345.2197243
306.5455533
326.0828981
289.393559
289.0152319
280.8318425
276.0547091
283.3371487
291.5938069
310.6916636
307.3081454
312.3567348
319.5118996
335.7554444
346.102989
359.3022654
294.4569525
258.1608893
282.0529935
296.9989045
280.0470398
283.011216
263.6515683
275.6690148
285.3659843
261.4229044
305.6691992
290.9670405
301.3996393
287.0294171
272.1914611
285.0902907
289.9802491
294.8846722
307.5032235
300.8442128
315.3735214
337.8637665
330.6657839
317.4226882
309.4732991
337.6626507
319.0603297
303.322882
281.2074494
310.4971509
318.8608097
318.5236194
284.6758643
270.7707494
296.3926257
284.4258264
273.3797828
261.9604835
287.7782795
308.1668515
321.6691464
326.7300115
337.9245467
382.3456274
362.2883973
354.9094813
310.1836319
302.599801
290.5377984
277.137612
283.8116297
271.2801362
294.6191221
316.6025395
337.0496567
297.0872194
309.3436323
288.8606475
291.6286553
317.4965878
353.773764
332.198934
337.8751677
345.5396474
306.4306394
291.4728296
276.9852848
265.5112696
270.5638176
285.0652054
305.230369
298.0898551
278.5959177
271.2203109
288.7537944
292.9103253
299.3435652
324.3650708
335.8357487
340.2360009
306.6256721
336.6606358
327.9429123
341.5649536
337.5851984
347.1357943
328.1926401
314.3027779
299.4084072
273.683082
267.6935035
320.5822694
312.8939534
327.4778679
299.9973748
251.9993576
287.6446397
283.7603882
271.6488707
294.771896
320.5491577
307.9969995
283.4854106
308.6685707
336.2174026
305.3758745
323.3790612
336.1789231
327.7624067
330.4085172
316.8146805
309.4115758
320.5688854
324.5007469
339.7746579
366.9131014
335.0637022
378.1514284
359.1640706
319.4418647
341.8771212
320.5317579
335.8295881
327.8120727
289.0897413
309.7614687
333.5174376
299.9883226
276.7122022
269.4350854
283.6817787
269.0227128
260.0304504
269.246688
266.3070189
274.8875288
256.5537072
279.6107134
272.2746665
309.1770505
274.6301047
274.1163538
285.6239875
283.7016047
289.6901159
296.125386
304.2083954
330.3121058
334.7567447
317.3575226
303.09401
295.5578258
306.7720069
310.3383094
306.3267345
278.9190813
277.9966444
289.368196
287.6811583
289.1103463
270.7292885
283.233199
289.277352
303.8320818
316.5224168
339.4458723
364.7826819
350.1018191
312.2188271
337.7870288
357.4011029
331.7730701
305.7650269
280.6878905
259.4981187
250.1771903
277.0425122
289.9922275
288.0740766
283.5012237
278.4308421
290.491194
319.3991046
303.3444277
328.8384819
338.161566
308.147704
309.287568
301.4977883
270.2681598
265.851351
300.4174571
272.8642418
272.2149655
314.1091739
375.1671205
334.3431102
310.8352747
313.1242454
297.4560372
330.4920926
343.8393262
289.5494255
303.0591919
293.5124749
266.9578931
292.1406045
317.8725752
335.7755806
331.0915113
330.1139892
347.4292363
350.4958329
318.6901711
306.1827144
311.0619244
288.194277
286.7392726
293.5044207
322.1088565
309.8375377
287.1947093
288.3085473
274.00064
247.4922362
258.2806716
270.7827624
301.206468
309.2181491
321.906095
293.6565945
321.3570175
332.0363745
292.7717097
317.266166
320.8255416
330.9919306
327.3552772
289.6513342
272.6792024
289.7285328
284.1522868
289.7225418
280.6530926
320.8233885
315.2387368
316.9943435
294.7140022
279.4128667
279.4403984
303.2390559
315.5048906
338.6605485
334.3271901
320.9258216
334.343501
304.4488051
260.3640134
271.6507292
262.2407279
292.0589539
322.0206985
328.2645635
359.0787709
335.336964
325.1690825
321.6912852
313.2722385
345.2002822
318.7179807
332.0719969
315.1827891
300.3058481
294.9894475
301.076836
302.139547
282.7612771
288.4451583
295.1150647
287.9225241
279.6326536
287.3522547
307.3338119
310.9877495
315.1573434
308.8771737
252.921403
264.8316705
261.888038
276.9818124
274.4994571
269.2098896
259.6419665
282.8128927
285.2861944
295.6035635
306.1598587
277.668776
263.5931475
261.4974904
318.1055735
304.0977392
290.3403753
275.8543917
264.2516164
290.1400285
307.9993788
297.3226399
282.850845
277.976499
270.6762555
284.8472905
268.1975362
287.6614902
306.7016897
319.1237145
349.362777
364.9558972
347.4776132
335.8573689
319.3044162
318.8061371
306.4560419
297.6199944
302.9066266
282.84185
310.600767
297.8686119
299.0342437
319.8380402
303.5021369
310.6015425
307.2492282
313.6714164
301.4418551
277.4403578
279.5453411
270.7386969
272.04825
290.8257642
308.2648465
338.4400517
323.7128819
330.4744842
326.2491876
351.7689984
369.7504662
366.923319
323.9440378
296.6935921
279.3905032
283.7904853
280.9662635
273.2321546
269.0965288
288.8989805
257.0940982
277.4264986
269.2676518
288.9018948
289.5900054
279.0168573
274.553339
277.4507493
279.2084317
280.4571205
280.1408794
293.139209
314.8480109
313.611085
290.5223283
307.6956295
301.5365762
277.3419683
269.2300708
317.7656553
315.9358237
326.8999078
337.1208358
318.83687
298.037084
319.7666391
331.3883867
310.6609846
336.7339941
328.117577
260.8343067
251.1142551
258.5297332
298.791148
282.4866857
279.4977451
296.7846904
302.644858
295.4294039
315.7965366
309.7588298
273.0007884
270.448216
295.2561993
255.0230158
271.5150117
294.5659884
281.3236227
290.3003256
289.3886555
320.0761634
319.9216277
347.1635228
325.3380896
306.0028784
309.0765928
284.4128754
281.7561258
292.3821703
268.7691506
287.6157069
325.2515365
335.2987032
284.1383111
342.2599141
303.0388834
303.1643371
284.2327226
280.352526
263.3809567
284.5917261
328.7151659
333.3959851
365.3433608
330.3779897
309.779283
324.5497462
332.1335826
340.6599371
352.9872599
348.3136681
347.4253318
362.7769955
349.2267022
233.5532933
251.1704812
261.2439528
247.1996015
293.4370539
314.0845289
307.8810798
298.0919186
294.1417207
292.7836638
274.4581632
294.485501
295.9301062
278.9828206
287.3514336
259.7272522
269.0227292
260.1295748
259.4905108
249.5947523
312.2392113
321.6312028
309.4313925
312.6845419
307.888741
316.6251534
328.6158807
351.432125
310.4770335
305.0323793
312.7819539
349.9547122
334.2434743
319.6333199
305.9248508
314.56664
280.4874475
273.948638
280.5287622
310.7617905
280.0048477
274.6114486
287.7377387
325.804618
363.6453073
350.6525544
306.662346
355.3773797
394.2922039
394.8249192
339.8547675
349.9286251
344.0064397
341.2417156
315.2019897
325.856835
309.9580459
298.1656029
294.5640794
295.6728409
322.4934984
321.0095842
325.9824207
347.3356312
356.8677726
374.1148051
361.0071888
347.5523543
349.1345345
339.0367916
336.3171387
313.5357086
326.5151933
316.4751557
284.8424268
277.4335189
266.4034978
290.794588
277.9569008
302.275608
292.0408911
324.4986449
324.8057406
288.9014475
275.4867719
289.831609
287.1919678
295.5979391
293.2205114
287.9289232
282.6330175
299.3107677
274.7750321
278.2996694
284.6285026
283.137168
292.629585
305.3564836
288.91257
302.2792388
342.4323495
316.227779
338.8785477
349.6011329
350.1073738
347.988821
333.949625
310.3081851
263.2366469
289.0083786
331.7268792
313.6337386
320.1288982
332.4333838
324.6679316
331.4154195
360.5447993
347.4906543
335.0868184
330.0548254
329.1397546
309.3152935
315.8379508
278.9694437
279.6781403
254.4638027
262.4629999
286.1238084
271.5250094
306.5222412
267.8747524
323.3058856
330.2655304
340.3539097
324.6905333
305.2772558
339.4701352
312.3147667
308.7894124
362.3595275
300.7841936
296.5732986
295.8016508
267.3150635
260.4065281
260.4160073
259.9397202
253.3040807
276.9775267
287.0211562
283.9493771
289.81738
280.3005677
309.741951
343.0016317
323.9056058
310.5318542
329.7632231
326.0192138
315.1198506
)
;

boundaryField
{
    xPeriodic_half0
    {
        type            cyclic;
    }
    xPeriodic_half1
    {
        type            cyclic;
    }
    yPeriodic_half0
    {
        type            cyclic;
    }
    yPeriodic_half1
    {
        type            cyclic;
    }
    zPeriodic_half0
    {
        type            cyclic;
    }
    zPeriodic_half1
    {
        type            cyclic;
    }
}


// ************************************************************************* //
