/*--------------------------------*- C++ -*----------------------------------*\
| =========                 |                                                 |
| \\      /  F ield         | OpenFOAM: The Open Source CFD Toolbox           |
|  \\    /   O peration     | Version:  2.4.0-MNF                             |
|   \\  /    A nd           | Web:      www.OpenFOAM.org                      |
|    \\/     M anipulation  |                                                 |
\*---------------------------------------------------------------------------*/
FoamFile
{
    version     2.0;
    format      ascii;
    class       volScalarField;
    location    "0.0008";
    object      translationalT_N2;
}
// * * * * * * * * * * * * * * * * * * * * * * * * * * * * * * * * * * * * * //

dimensions      [0 0 0 1 0 0 0];

internalField   nonuniform List<scalar> 
5120
(
296.1401783
309.5499387
298.9494792
290.8644526
302.8556375
317.3026557
318.0937109
297.3805906
296.5757037
311.8645722
322.8860323
313.6900052
303.0084829
287.0075581
293.3003622
291.4098137
282.5051738
303.940626
303.3195738
298.736834
291.9400524
296.8760557
313.8822156
316.0281874
311.1183928
304.8532303
294.4074889
305.2167992
310.2554851
296.3506236
295.3051676
300.264251
297.4798141
301.5444269
298.4019292
306.3638634
287.445453
283.9055857
295.2379873
294.3013077
288.3525261
298.433694
290.4855893
272.628805
270.7935352
279.4240177
296.8545231
298.7753303
292.6122133
298.8215481
290.7222985
291.9142363
298.5530919
308.3486967
314.6001619
305.9018495
297.8238093
311.4013328
310.7417779
292.0641027
289.5810294
279.9991396
278.4491706
294.1323228
303.4719403
312.8729237
313.1008071
309.0790829
306.330789
290.7547789
311.8953575
308.2134007
299.8972279
302.3205047
306.3319464
307.9432273
319.8568813
314.0752997
299.2099332
281.9569923
298.016901
309.5339746
303.8167442
288.1037673
296.3400558
302.9195535
313.6520174
299.5267477
297.2515383
302.8085889
289.6013388
294.5998788
287.8238285
282.6102603
279.8040526
289.6499433
302.5248881
299.8021006
308.0470092
305.9225418
305.3412636
294.8549694
327.4793072
313.751565
302.0247042
288.3262205
301.5624353
301.3290745
308.8060133
294.2567772
297.5227838
297.076009
299.0632466
303.3244912
313.4530523
323.0671672
307.2863654
312.5572699
304.0401127
301.3264295
308.5158603
304.0612919
285.542104
280.3165535
291.7769528
298.5120009
279.9801939
291.6269272
290.8464443
294.8179712
284.1392827
277.2342572
271.9764101
280.4724468
299.0623374
308.3785521
306.6203358
305.5606209
293.4016995
298.3532757
281.8029728
269.8704178
288.3414233
289.0490561
292.1695232
291.59134
302.7183893
289.9542933
278.019058
288.1029146
286.3072629
279.616847
292.0994739
303.1179583
292.8270165
292.0823464
293.5822041
290.0566584
303.5745649
300.2233483
290.14738
297.0773444
297.3313687
277.0439741
283.7929432
284.0097435
283.6910045
301.6281173
308.9869792
308.5707015
304.9516196
317.1855882
296.0736485
292.5025267
303.8817759
289.6176488
287.0462903
290.9329717
287.6561385
291.4476489
295.773173
293.7285779
289.3957122
281.5921973
286.6545552
298.3698113
299.2773929
294.3085755
300.4609227
301.6509436
296.9415053
285.324204
289.5416569
293.0188487
292.7487914
284.3762481
290.4273838
289.3478268
290.8678607
298.8255207
301.4253651
311.9540538
302.1160142
293.0737791
285.5050942
284.0761736
282.6462658
293.8641112
288.2922134
296.4800115
311.4033822
311.8295232
299.6795547
287.9050538
292.6256442
309.3742099
304.0724907
305.0986327
302.6467983
298.0384955
294.7281988
304.0480002
307.1822669
307.8573694
296.6873089
298.464454
288.5851985
301.4272079
300.6855515
296.0505128
275.9558684
272.2241023
281.0835118
298.3711193
292.7256977
311.0454655
316.8584243
299.9561346
311.1054469
296.8596832
300.7287468
289.6396729
294.6175699
305.2324766
303.9920117
296.3033978
308.3681841
303.7417541
303.3224527
321.6094493
330.59496
339.9431526
317.9236321
315.9249162
315.8702485
318.0053849
312.4945808
321.4666531
301.3016232
290.2964632
311.7121616
305.4422025
304.0795323
313.8513021
306.1711747
310.8036089
296.8432632
279.3399314
282.5503793
274.8038382
299.5899366
305.94861
312.0865934
303.2668874
291.418474
302.3476774
306.141723
303.6427916
294.9579314
309.2524419
296.738062
300.0156938
287.8331358
285.2797428
291.3045361
281.833695
298.7810056
296.1230201
284.328518
294.6764016
299.665931
297.7883864
297.7173186
299.1863532
310.0167963
316.7423238
309.3506115
296.1302847
282.636201
281.0604448
269.2462933
277.3642441
299.1766475
309.0663953
297.580148
292.9712136
287.3899079
297.2818023
307.5087034
281.5130269
291.694487
303.4621475
323.8241355
332.4838812
308.2675889
308.5944786
291.8285801
286.9484809
288.3641278
289.1125865
282.6967345
283.6178619
282.1501263
281.534737
302.4848136
288.4531137
301.0967863
304.4632116
298.093034
294.8586989
292.727336
281.0045787
290.4752346
283.4121776
293.5733137
284.6326376
289.3659212
274.1257863
285.4614402
273.2117186
294.9770165
293.0376921
312.9044297
321.6205108
301.2595933
311.0751825
305.8634774
301.570121
292.1358929
293.2821472
292.7547371
290.4015126
281.6618366
298.7734414
295.2790501
290.5221976
312.1534895
322.4895946
304.2515905
305.4280235
300.5604125
299.6902536
293.7343492
299.5631513
297.6010749
293.1758236
293.7701992
286.4763387
281.2519594
283.7319091
278.8026607
286.1390283
291.490186
292.0709254
288.8650274
305.991804
315.4205324
303.9505996
308.337771
301.4387993
292.9439463
296.8676656
301.9272173
304.4770792
289.5005525
293.137432
299.969682
314.5864529
325.0424945
327.6816101
305.8534584
303.0981918
304.2951497
309.2289121
294.0915298
296.5518224
278.9252589
283.2876489
284.2287521
286.7833448
303.7606563
295.0542676
287.7901394
295.6406546
301.8928568
309.7104167
302.9139105
299.6048456
302.5157928
308.9360889
309.5203943
314.5130891
313.8352385
300.7504198
301.9831302
287.7302917
289.327377
287.5741273
300.5693039
306.3058599
308.3199239
322.9100117
328.7750348
324.2385844
308.8104589
318.2822549
301.5614918
293.2337136
294.0626633
290.2672324
283.5502596
292.0895335
286.8396927
298.8748659
307.0416712
303.6004443
290.5092393
299.112672
293.172893
292.1366183
297.7431871
302.2101684
301.8906601
306.6553226
297.937555
306.1386281
298.0521224
281.9748675
273.088453
284.9577332
310.0424481
305.4021207
318.6255613
318.6281778
308.8720398
301.8480638
315.4712576
297.5376451
290.0571148
291.6645329
288.5964533
290.459003
291.1210592
293.662687
290.6973114
279.4131067
285.6940737
304.0164031
300.8634343
299.0033146
291.787074
293.5532549
299.2989423
287.048463
293.5583479
303.591304
292.4876442
285.9452848
299.5234737
294.6087685
316.7182961
305.9703953
303.9645709
300.1312036
292.5835512
298.0032148
296.1895936
276.3653425
268.4950369
271.0206722
282.7667333
300.402115
310.1959066
317.1976655
303.9816612
300.1362963
311.2660479
323.0837389
320.7154214
323.3654337
298.3621439
288.9055047
296.2841827
301.811491
299.4005412
299.8845696
308.8190166
321.606552
313.7509791
300.2322206
302.1153669
309.9756539
284.9879666
298.4416977
313.7803742
308.3562471
297.0844885
300.3399611
312.0730687
303.7356299
302.6629089
294.4636692
301.2810851
284.092598
287.4858467
279.76062
298.6099782
309.2466687
305.0760333
294.8707816
283.109327
271.361581
282.7804135
297.4677776
275.9003615
278.3024868
291.4845787
288.6757655
295.2367784
308.4216996
294.0634639
292.3508399
283.6792514
299.9914527
315.2269208
308.9796777
313.9849572
308.156756
292.3800995
300.4429171
293.5458228
299.678722
301.3409444
291.7514463
301.9240003
292.4511154
283.2203052
279.9201517
288.6755968
289.1819174
297.7131335
301.6486163
293.9852666
290.2723445
291.5136271
313.9999167
299.1247863
292.899316
299.5862319
306.1039726
307.855385
306.7678031
305.3485858
308.9901985
295.8333562
298.1376347
291.8598744
285.0244009
276.624457
284.7504394
288.9035674
286.5652817
306.701539
300.5218961
303.8467303
284.7142945
295.3681249
304.1138567
300.3030076
301.4430154
298.2327961
309.7862692
308.5231351
322.7194443
315.1087589
298.2043502
294.3899928
315.2714668
323.1671904
294.697359
294.9391992
283.9308041
284.6193599
292.9162395
303.3362011
307.4046723
299.6780181
284.3727423
288.7663761
292.133079
289.6665782
304.8724053
292.3621432
298.1232367
295.8872282
313.3840328
310.7962146
293.9556448
292.4543773
291.3864245
296.0510311
305.7708437
288.829032
304.160462
292.939083
275.7319205
282.9338632
284.9099142
288.049885
289.5862896
293.339927
294.0815589
286.9783325
283.0439922
285.3220674
291.7980542
300.1475138
294.9798795
286.4423841
299.7966555
296.5814305
296.8449465
297.0450993
282.3219438
292.0129802
308.7234201
308.7277547
313.9327336
296.4933925
287.1942553
273.1276128
292.0624803
289.1246874
281.2878608
288.4591745
287.2207443
292.8486374
306.3250554
305.7135098
290.0775202
301.472299
292.5034409
298.1094702
302.9588036
290.4976603
293.7502046
295.0683127
299.0181229
284.1675964
291.7279617
292.1034721
294.5019852
282.7890516
281.7281499
291.1225344
295.4527019
286.4178616
285.4555335
279.8073518
293.9899811
295.0212797
309.0855635
298.7409548
297.190605
291.1357494
292.8707044
290.5498827
289.887882
278.0070325
279.2299012
281.1532747
282.6502487
274.7887911
292.968426
312.8255696
309.3270295
306.3545014
302.0443541
304.7683236
298.8319086
304.0262965
300.8720508
283.3296521
283.7860288
301.0816519
301.5373121
289.607184
278.3724559
284.7170661
291.1825299
307.2120503
298.3990261
291.0315621
291.4713282
287.9534032
288.7964931
300.1710238
295.3418445
302.6180633
303.818075
312.4309807
303.6696622
281.0413494
291.1358563
289.7567385
282.6478105
293.2613643
295.1964561
292.2336475
294.3757125
301.2206278
306.131517
309.9404196
305.9438827
304.6833177
305.2086958
317.5361217
327.4310154
323.915119
314.0360627
302.7729141
287.4433168
306.1251764
314.0921476
307.7881545
309.7549632
300.8059278
297.1270107
294.8732022
296.6358842
291.1727691
294.3833811
294.1368212
304.8779015
294.4466627
307.4064156
311.2275168
296.1567231
299.1418536
320.8677552
308.252212
301.3915309
301.8923156
294.3245114
300.7076335
287.4488832
296.2709544
297.3126709
302.8990339
294.8179917
298.9758949
297.3036493
285.0223257
290.9032721
300.75544
286.8260684
294.197429
298.3087437
304.0297454
308.6487152
327.3934957
323.259425
319.4513191
303.7225871
288.4344953
281.3811908
293.3100455
298.6706967
294.0039502
301.7863882
291.92595
291.6280573
287.4216192
282.7634619
301.4388267
292.4580848
293.4454302
300.2210405
299.0761415
300.416234
284.159683
285.9268102
283.2753117
306.8187564
312.4217132
317.6129764
315.9189809
315.3103353
317.1257031
306.148376
316.5810538
304.0971533
310.5860646
312.5303934
293.6386577
299.2411577
310.0906272
298.6293856
299.0943115
298.5206402
300.6312544
308.8681383
297.9380532
302.9186155
312.2201287
302.5993065
286.8940129
291.7602419
302.8831847
313.0660335
303.929049
306.1424673
309.3212129
298.6832571
299.0553621
310.0378704
301.3702306
314.9685266
304.7000621
293.2229225
313.4272425
300.9605195
303.2658795
317.6587178
329.8898281
329.5579111
313.6659108
304.371142
298.3841361
306.7844358
302.3924903
310.0018311
307.6024791
309.3622851
295.5442635
316.774592
299.1133791
286.7941147
288.1530503
306.3264522
296.4793069
328.4819091
313.2934191
310.087394
307.221189
311.0168757
314.0139072
313.8882067
308.2668391
302.6109341
305.6159261
293.6798504
287.2845323
273.0624977
286.36263
267.9593738
272.5863084
280.4086257
305.7386068
309.3673984
307.0518148
305.8101382
298.3019179
314.638836
310.1005537
306.2626301
319.0065378
300.9653904
291.7973077
290.6745995
290.58771
299.2150092
306.0178316
317.5194355
300.5659708
290.3567973
291.8890382
284.4531075
294.165494
306.1128902
287.5122152
290.7915173
293.6209719
296.6799105
289.4666497
286.551844
288.953223
301.8227065
302.9282675
287.8500366
310.5791216
315.5862733
309.1000596
302.7733981
311.1462801
325.3244562
304.6558766
307.5229324
309.0415964
295.6037261
304.3647907
301.3742363
291.3022991
284.6933378
283.2010973
302.489576
299.304901
300.8161836
290.7009257
312.3026599
318.5272482
287.6940507
283.3956561
270.1279603
259.932777
274.9324364
291.8332232
296.6840453
305.7783222
311.3675434
284.4311159
295.4839184
304.7945971
311.6305938
306.6906223
306.2891443
306.7166332
296.2460524
289.7560232
298.7253829
300.9138072
295.4689699
289.8838591
301.2809958
298.0365454
304.5984767
296.8577996
306.4084022
307.6293302
309.5112004
296.699795
295.5910997
287.704133
297.3193593
288.6928759
293.2968073
289.7028652
294.6791265
296.0156012
303.7079483
294.6969223
285.8690411
291.3406981
280.0131694
275.3781428
291.3574283
293.3729067
278.266481
278.5898708
288.7954035
314.3173186
308.8415989
303.4633848
289.622727
286.0020653
289.1324548
292.7616457
290.8527374
306.9558181
305.9065559
305.0727651
310.8194423
311.4686093
309.3431087
291.183553
282.6444892
285.8397447
298.5296881
299.5675114
317.1037682
287.1688312
304.8606587
304.2097325
292.1884671
285.9977061
275.7986057
281.3750498
290.7147428
281.4286991
289.5567736
301.7262705
297.9374626
288.6770949
298.0168453
303.2896432
306.4589596
306.9210556
302.8166818
300.273516
297.4505635
296.401313
291.3620023
306.2542066
311.6346449
290.6989762
281.117275
284.0850585
281.9220044
294.479415
297.6478505
287.2119428
292.7959311
291.2677646
291.7255631
294.7568707
312.4169072
312.992054
301.9578093
296.2384038
288.768762
304.7905683
296.4965851
318.6626083
318.7287706
317.4053394
307.3297846
303.4334629
289.8979084
302.1807954
296.1649883
296.619771
291.0314365
301.8181836
316.9713966
309.1896837
289.930763
284.4393161
287.9743591
306.4255295
307.5795063
295.6102242
302.2309606
297.4108711
296.220799
297.1872864
285.0524272
272.166999
291.7891026
297.3790224
300.0722847
299.2587128
295.6839455
299.8727577
298.2499609
299.4460021
297.7802969
300.0457396
324.876028
313.4913408
296.6556712
297.3315136
304.0759375
304.5353515
295.1926701
293.4186126
301.6500386
287.4529411
287.3355412
288.4661429
296.8283121
285.2241968
289.3048703
307.5663267
291.8944814
278.7149124
286.1856004
294.0338264
294.8116189
305.3260416
309.3299144
303.6240968
293.1628251
290.3111443
290.5476048
297.9165238
300.1562068
305.421433
298.1310053
296.0655553
295.7454487
294.319634
287.0369845
284.3728566
286.7567075
291.5556466
280.6539636
284.8554797
287.3157538
296.8546734
312.0442638
296.9544082
307.5300924
323.5416655
308.1791909
309.0584614
329.1474936
313.609933
299.3718917
311.2020682
322.7546415
319.627499
326.2652364
310.244915
296.7068873
290.0611228
294.3656239
298.1510429
308.5346425
295.0944475
293.7530427
320.2738456
317.3625161
317.758929
308.032852
320.6944712
323.4668543
340.3306594
331.5609701
306.6548011
302.1141395
297.0478853
281.4398775
295.6537986
284.1434325
306.3418338
297.1827013
304.8469337
318.3334163
324.4407406
326.1066515
315.2050386
324.8181097
343.2761668
319.5482168
316.3008543
304.8357176
298.7915551
280.6543988
288.7206752
288.8758616
295.9721638
293.1418435
305.6624274
312.6961029
310.6609472
318.3492287
324.5150444
319.9189269
322.7501899
317.991002
297.3882844
290.5409845
300.8695468
308.0729456
304.9479989
294.7769806
298.0568024
301.4851071
306.9482582
308.0054622
319.0992413
312.8592417
301.6104267
294.3245877
290.2214805
291.2903629
278.5198796
274.2663323
271.7969971
276.6762748
291.3744375
290.2207656
293.8109166
303.9690413
309.1544083
291.5015257
284.6462676
290.3087669
307.3997904
316.7821988
306.2121159
326.2829178
309.8104619
308.4480171
303.9760657
292.0220165
296.0930666
313.0007922
306.0768382
303.3546563
297.9809237
305.2609428
298.7492021
301.9856608
301.9583582
305.5423278
310.2914403
301.0686757
292.6176536
306.8536306
301.3319058
295.3528257
305.558934
308.1411743
316.8838293
307.2115187
302.8470955
284.3864978
282.8798606
281.8983358
308.2072881
306.0773885
307.9528257
299.670813
295.3106775
308.7062353
295.5734562
306.0946606
303.0500911
280.6434185
295.2439441
303.0396943
303.4377682
312.5103943
327.7342546
315.9407089
297.9832288
299.8501026
306.9896006
303.0040342
321.2763378
314.5035096
320.9096582
333.358821
323.4654176
301.8875159
310.0159784
329.2537059
334.4710587
336.4076978
314.3849122
293.7916896
302.7966139
300.8512932
304.1790074
307.3112621
317.7513301
298.4771381
303.749488
307.3932028
310.7299127
307.6668887
320.7421864
311.4715639
316.5059623
307.5548048
316.1600443
307.471727
295.8659096
318.4349728
312.3162007
299.9498334
297.1155276
307.208578
297.5269484
284.6683805
294.594887
296.0137031
307.9669936
308.4372007
299.8767617
296.4790193
292.3100268
306.2819594
306.7993796
310.3172515
303.8782294
311.3541212
298.6285524
298.6621818
305.1537987
312.210503
315.047737
300.1488423
289.7494928
294.1376578
305.7440386
293.8322716
297.3387561
299.0256321
281.2840859
281.5908075
281.3661551
299.0165014
313.5447241
301.6966489
310.7409346
309.427345
327.5824325
311.5523048
287.0521792
294.4557808
286.3031543
301.6296487
306.827087
307.0531487
302.3248412
293.2818074
307.0623395
293.5137965
294.3221435
301.5577229
295.4410042
304.5666926
314.010076
323.8376594
314.4692763
318.5746445
302.6972215
311.7163644
308.6753957
300.986581
312.6615565
313.0348493
317.0374365
307.5642131
298.94578
305.8314327
295.0741618
281.09554
315.31356
289.0657935
282.5572175
274.3198657
283.609402
300.0300117
294.8654472
294.6099447
283.3966282
288.2869019
297.7056598
301.7884559
303.7942696
304.3852951
296.0292189
305.9446134
308.9556166
302.6797772
320.8418708
322.0914615
304.7104148
321.0978377
325.1535096
301.8332827
289.1342745
304.0924956
331.2551621
325.4817328
311.8057918
306.2389128
308.5037487
303.2827545
318.2553447
318.6724348
323.1115433
304.8550093
299.1957286
302.7298309
303.3347091
305.018398
322.6391004
309.767716
300.8886841
306.7043129
296.196414
306.3895946
319.2661579
307.2349369
303.600847
298.7842813
305.5449951
297.2591184
298.3264206
308.2874163
316.74099
319.2494259
308.7692034
304.9849434
304.0127323
303.9070013
306.1777427
306.5343084
300.2844661
304.9383762
308.6722721
319.4957997
318.6644607
304.2184954
297.6218365
304.0510161
307.6914217
299.7941277
310.0964869
310.5699467
293.1613511
275.9454795
280.3785949
314.4146065
302.4819529
306.0317293
300.4498418
292.0220331
301.5341392
300.4725496
305.8557917
282.4762206
282.0437079
294.9807568
303.4009177
307.9083217
296.6170569
287.3661651
286.8341009
293.891203
311.8363389
313.5734073
308.1250863
286.7511878
283.944943
290.6341043
301.8044975
301.115389
278.6998006
283.3995675
287.3346133
305.431769
300.0902974
309.841504
309.2988349
301.501101
288.7402962
306.9571414
295.2688034
300.3136251
298.7198823
302.0667471
304.2016753
299.8612362
308.9615506
314.5858732
293.5992369
287.2274995
290.1128924
297.7653304
286.4878856
285.2760589
278.1103523
294.9034758
304.227333
293.6404765
291.5483674
299.6290648
312.1496414
328.7459343
307.0149635
295.9681812
287.4214566
295.1399342
300.7130484
288.7710987
278.8017822
268.7181729
276.9269757
279.2058603
288.488125
295.4279945
290.5363138
304.7511121
307.6135946
302.6733899
305.5790143
305.4631285
302.0767644
285.6331134
283.2713672
286.3632213
284.7048471
264.7761455
272.8677435
276.1728793
296.8529269
310.3446959
306.7569287
284.6619517
283.3929386
292.6280094
300.702932
291.6724017
308.1675443
303.8118291
304.295275
306.4728393
304.721752
289.232115
289.7223522
290.1499993
289.7682073
294.3853868
285.4937877
303.0700183
300.2254657
289.6299817
299.4565895
288.0420539
288.1122226
312.9954983
306.8584838
311.955593
313.921874
303.5398943
292.7408279
294.0151976
279.3595871
275.0429492
279.5904127
292.7210793
295.3126068
312.8247875
302.7775944
309.5649597
286.3139025
282.647778
295.2222337
295.0293489
312.8150213
307.1697467
304.5544043
283.0037052
276.2962227
284.3409568
299.5544006
298.1658983
314.1314037
320.9786079
306.3073962
317.0622649
308.844239
305.5224552
305.3824736
302.3658141
276.8233674
287.4989202
295.3097837
299.7502517
305.7108674
313.8067355
316.0946698
299.9144731
283.3240532
284.728295
287.6988464
312.1730994
297.5061519
306.764024
311.1235583
297.8843762
313.4522174
298.5024691
282.5594336
273.9471188
295.5214469
290.981075
288.7540518
283.9608728
287.1186672
292.3266415
303.577821
301.3687065
307.4873343
307.373834
308.1185032
321.8994918
317.5084527
303.4608397
303.116847
294.5244072
304.8791114
314.6639917
309.6609755
320.2297303
301.9519622
304.6468587
307.7930954
298.7993486
295.457309
284.6661728
293.0167202
299.9226129
282.6265504
297.6855627
322.7033533
310.5135927
298.0706867
306.4497696
310.7241323
296.1663262
287.5547507
291.4002865
289.3794609
291.2027312
314.6515374
295.7950544
296.2888569
289.3222801
302.8119109
309.0764824
303.9742981
298.8034567
298.1392574
304.340652
313.1828718
313.0161761
318.9901634
302.7349764
296.8799634
273.322198
276.9730128
282.3361463
292.9366341
303.304842
292.7204544
302.1789882
303.6645943
291.8077049
278.3978303
284.6769947
289.565538
294.2584297
305.0221067
307.1880923
300.0644354
312.6861387
313.7976447
318.6039472
315.7089216
311.1613158
313.743554
301.6791584
297.0654736
305.6022953
286.1954813
298.8457801
308.8638915
316.5954684
306.1501164
309.091737
310.4155175
318.040778
317.0048134
309.2726404
316.5020949
317.7882676
313.3280301
315.9012026
317.2290241
327.1834006
305.5705103
301.6184567
300.2554853
298.0069821
295.457703
290.6246172
293.9933691
298.9510516
305.6765502
286.637358
276.9478708
286.0119291
312.9290181
316.737676
298.2095646
295.5882211
284.6872393
295.6039373
297.5785102
289.8053414
304.405738
302.5404624
286.6627369
280.19186
301.5658439
296.6867217
292.986175
294.8912766
304.6362174
322.1323477
321.8039508
316.0129556
312.2199148
313.1427628
321.6876589
311.1465775
297.8906005
288.2140473
285.4306369
303.6393114
308.2029314
307.4679047
320.7061473
309.6207856
316.126833
315.6501881
318.7087863
321.1396271
315.6143886
299.5224011
283.1420492
287.2749543
288.4399571
300.2784582
307.0927949
316.1608443
326.3429592
319.6842309
304.1669391
305.2617756
312.3104414
295.1126224
308.6783729
310.7842894
305.7328406
311.968098
319.0982296
322.4758289
318.3160688
304.9787513
311.5162991
320.7706665
313.7955713
301.4321779
296.0659376
302.1172724
295.0793165
276.5778115
273.7929582
301.8813219
294.9188464
300.2794613
304.0318372
301.183664
277.0721449
281.8602051
276.5106897
268.0550572
305.3328107
308.2843619
301.4078893
289.5624244
281.2799105
275.0126768
278.4073781
289.4726623
285.1609137
297.4608997
292.1757295
289.3471809
320.238526
309.8594743
294.0551023
275.9648616
304.1470096
292.5261538
306.738859
307.656823
292.2149929
300.36281
300.855781
295.5510057
291.0797897
294.6388748
298.3317727
285.1779224
306.0655261
302.2310266
299.8433382
304.7011009
298.736046
305.7324487
311.1173922
307.9554607
287.8876848
286.4455925
282.7943803
280.5501206
287.3848706
297.8229428
326.8904826
320.4057297
314.4499482
310.1707863
309.8099644
295.866052
294.6116585
296.8363224
317.0711482
304.0240368
296.1454976
280.7683256
285.1581151
289.9100343
310.3698635
309.2548589
311.5640077
309.7471425
315.7236204
308.7646477
310.0033211
325.194264
304.3512633
304.5260674
306.8838941
312.566028
293.6832955
278.8166036
283.603847
279.6671115
280.2340436
297.855614
306.420931
309.0245288
289.3297357
292.3532366
298.6694241
304.5371833
304.1517644
283.1542222
283.447229
291.2749821
306.108565
315.4079836
307.1303978
305.9011112
313.3995842
300.8096874
289.8476465
295.1150428
297.6456561
287.32193
289.0163081
288.0101218
266.4046211
274.0015248
296.9171294
303.0556103
297.5879924
294.637659
288.1955064
283.4952301
287.6479994
297.5507661
300.4958913
292.3905445
293.5016424
300.505776
293.5266939
306.3740859
301.0629229
295.1991885
291.5796198
274.5822168
306.6714319
296.2663921
286.3961049
291.7443243
308.837441
300.5275712
302.2927895
304.1535257
300.6720276
299.6213661
295.5151203
298.4742159
304.6173745
306.0612012
302.3073823
308.5353927
301.6410569
312.5162793
312.882087
303.8751431
302.0412219
291.9278322
294.4716886
298.3936903
289.7639403
293.342958
292.8425581
299.228508
285.7848623
292.2375513
296.1272453
288.8602051
281.3851965
285.9965083
297.0599719
312.23101
310.8690144
312.0848831
307.5414253
294.6953316
315.6775682
309.9126743
296.8112616
303.8162937
314.7657752
313.1649155
300.6288732
312.6015467
331.5108099
310.0622667
290.5168575
302.612571
304.6565872
310.4390393
306.738013
310.7851388
327.4074827
324.7730904
312.4810916
309.6095867
287.533191
304.1338635
310.0367403
322.7235276
319.5109226
330.2381619
326.1138035
321.2600687
295.9527943
294.1568371
301.828993
307.262476
314.711016
297.7736319
302.0728132
307.8348568
285.4514019
296.801055
292.4498473
280.9553017
311.7690431
310.0429259
315.015382
300.0983536
309.9893398
294.2726581
288.172225
288.5931467
299.1846888
309.6825157
309.0330023
307.0959488
292.7102051
288.2440696
294.6288413
302.8814486
296.9004174
293.4450866
295.0991694
303.8875816
311.3810647
305.642782
299.2178847
293.898706
293.3747612
305.2086932
319.9306378
318.2789714
301.5443551
294.9173013
292.1276998
297.8801113
301.7411242
300.3056751
286.8176468
287.8142566
286.5021348
290.7048799
290.4373567
297.3562284
281.023839
296.7213475
301.5476371
302.9521805
310.8364243
293.4796052
296.3701294
314.4581707
318.8635089
323.3330725
327.7515023
316.0596895
307.5499834
288.0683003
301.7020985
310.2979857
299.7002209
303.0998264
291.7388862
298.4225538
306.4947288
315.1543759
321.8713653
336.1828791
324.3715555
319.557213
325.580212
322.8113271
324.3070037
322.1937045
307.5524758
302.7533079
300.7211265
308.1967178
311.9996584
311.3898232
308.3341782
305.5047227
316.4891824
308.6077871
306.0704276
304.4511986
296.694284
300.9671039
305.4820346
308.7144221
308.1367908
305.6557074
297.3035629
315.691381
315.1344697
321.8195804
314.1970807
312.3209811
309.2938529
308.3973066
313.248417
327.1521297
319.6295884
312.3686598
307.5889554
300.2587105
310.8080039
309.4031491
307.3647281
295.2602893
294.0591122
306.8105983
298.2583825
299.4931802
298.1403174
294.1658817
302.3044924
322.295779
319.2524885
311.55343
300.0364893
296.7106529
300.8760338
308.1133777
289.8212103
291.1422685
278.8719248
287.5512364
285.4089653
289.2294722
296.8481696
301.5966472
299.1540702
299.2097986
297.934937
289.115003
297.5930401
295.3402176
318.983638
320.3126646
327.243424
324.6286422
320.6828403
306.4686913
289.4161244
291.9573819
297.9494948
282.1178676
288.8192785
288.586615
294.5057938
298.8272659
302.2751586
298.4738528
297.0767185
299.0005929
277.1200667
289.053253
280.4466198
280.8224453
286.5294677
288.2409465
287.9981692
273.8346868
309.5867001
303.7510657
296.9177771
294.3649691
298.0780417
300.0805143
296.9647328
309.4710404
305.4005776
286.2635388
284.0237502
295.8998668
302.4838813
307.5255837
294.8504734
287.6010049
284.1764672
288.9861742
298.0983191
300.6637401
297.2638871
309.3652676
314.8359066
319.3092361
324.9095099
319.6405941
296.9006579
299.2655328
308.3114297
316.1272809
311.1058782
302.3616948
307.9543912
306.120794
309.4338472
311.6717571
311.1481422
295.2990631
290.8939909
290.3059369
310.0877808
288.0061741
297.2283677
291.4832207
282.6499019
286.8258425
301.0478895
314.2283466
304.5935463
304.1202046
298.5457025
313.649436
301.9776567
277.4113969
282.6156687
284.929486
290.3547391
295.229886
294.8302289
304.6983979
309.3227185
323.3823728
301.9338035
299.7968412
286.4922459
281.8744152
295.8345989
306.4325465
306.3977751
299.0320316
305.5923378
290.6904726
292.0406599
309.7762223
302.5327968
294.8066226
299.5888134
279.9435402
286.44815
291.0557076
295.0177723
311.5186748
315.3482068
325.4164124
312.0164763
316.4216941
308.4849643
300.6867293
302.0074332
299.1704105
291.138588
297.242463
312.3074184
314.1164518
311.692852
313.9973127
299.1851219
293.2057875
301.45879
304.0856167
303.7965059
305.1075092
304.1921049
288.1568189
292.3520207
286.9858034
307.9092759
295.8841002
310.9538812
309.7302244
314.654626
296.860922
296.4020788
290.96608
283.1811161
289.3011499
279.1062412
276.8900637
276.8795303
300.7263528
275.1814678
293.0429611
292.8346262
291.443872
290.1606018
287.8819625
286.7666844
289.3181508
287.9833354
310.8971681
297.9907715
298.4381039
287.0014039
312.899562
303.0100833
292.3429814
317.3238004
303.338315
298.3564442
295.4712262
294.6476062
297.8721202
296.3771637
301.9976216
286.0134971
287.1466281
289.5692108
275.7021952
268.2851836
270.3112875
275.2849782
268.4210325
293.9219502
293.0103775
292.0960266
287.8190595
288.7150772
280.1343137
299.8299066
296.9560175
305.8670506
296.1815979
288.2842101
287.3899921
288.2581687
287.4538333
292.6728056
295.1229802
294.6171463
309.3928651
315.6563768
288.9402525
293.1781077
306.3242399
312.2354054
327.381697
322.679809
314.2620615
309.1573072
318.0658496
313.0114154
302.4945475
303.1118561
307.0257684
298.9653721
301.1956107
304.7505094
311.3081827
291.8954082
289.0162454
291.2635629
299.0996283
309.6499612
319.251027
315.5979789
314.3928443
303.5027881
289.4530335
305.5738864
306.3777957
297.2460749
297.6548365
288.5639358
291.208468
307.9511522
311.6119937
321.8398336
313.0857799
318.7753325
318.6545757
317.5204128
316.5140458
319.6693744
300.7095632
299.7381431
293.5282504
271.102342
287.2205464
302.164063
293.8441009
320.2471354
322.7871681
315.9627313
301.027703
288.9078585
291.6686031
291.2483269
307.9393224
296.6162211
284.9533491
283.8621366
289.6742068
300.5083792
298.3552877
295.262107
312.7078633
314.1576676
310.2812441
310.1499694
318.9902668
311.0721547
307.1106655
311.7223694
320.3053723
321.5512734
315.9865018
315.9367592
309.0454204
312.2669153
304.6549901
311.9650961
312.7569582
297.1705516
302.5146684
314.1629358
306.652959
294.3767679
301.3057203
298.0885706
307.4790004
306.9418221
304.1191562
298.1676438
292.0996047
296.8535105
298.4637829
301.4903845
314.4293814
317.6865378
306.0895299
296.9136406
307.920037
312.2311646
297.5316061
294.4520255
289.45093
294.6784595
316.7574303
316.2742559
327.5319017
312.4192343
303.2680994
295.8524666
311.4396149
316.1740548
313.5049132
298.8886677
297.5273109
294.8827905
307.7890717
304.6320612
311.1838804
330.1300497
324.5541367
312.5506523
301.303776
287.2014304
286.9578113
291.6177842
302.1236319
280.7213499
272.0339408
283.2658126
286.1426062
286.9038946
293.0773505
298.4428642
287.2877937
283.0161039
294.0292246
321.9132662
313.3762259
306.6212741
292.4956316
286.5323592
290.1318889
298.1488118
293.3032861
282.754654
284.0384897
293.3515265
281.0069758
282.8057117
307.1973213
327.4020909
303.7921435
300.9368938
310.5801429
313.154239
305.6264384
287.3615781
301.7566601
319.1816849
307.6044451
296.8138662
288.731891
276.1071076
269.8421899
285.7887344
293.9462088
298.0485104
290.2230097
297.6650314
298.3983362
292.5525828
311.2708249
326.8506038
310.9266479
310.9205556
304.044422
315.6678997
305.1529001
281.3010935
304.391952
316.8267405
305.3714039
314.982551
321.2932663
320.578036
299.4569108
315.4372808
314.7175534
297.4449301
290.0233328
307.7397456
295.3711953
299.7068159
302.9933333
316.2934007
305.5597841
303.9824622
291.3467719
309.8092615
298.0842739
316.862614
311.6492108
300.889744
310.2920953
311.8896604
309.0720569
294.9079344
287.6692006
293.2376005
281.1621219
282.0936824
289.3850178
292.6482439
295.4244399
285.2143494
280.1256448
294.178221
298.7488376
292.88267
301.2749914
297.6611964
306.5886019
315.0356343
303.9326308
304.820969
298.1272362
293.6365237
295.4417504
284.5370275
292.3558999
287.3910598
301.7152947
292.6393082
297.6895533
304.9139409
321.588363
328.211705
332.1775943
317.1794882
306.1872862
307.7222965
305.1382282
304.3202065
316.7673979
302.8567451
296.8531076
297.110811
289.4831574
276.3156329
283.1671527
278.739869
277.3070932
259.4344333
283.7013343
288.3852876
289.8142807
283.6703048
297.0293541
287.6226852
309.9688296
307.2028646
298.529424
308.253647
295.6192774
286.9599435
290.5633728
293.5172181
269.7904233
256.1252203
273.5883673
288.4522709
291.5160184
303.3811412
298.9587436
287.8922535
277.4838419
279.0272726
274.6138174
282.7850027
280.1684244
301.9473261
303.9241374
292.435665
297.240819
309.9934589
306.307795
296.9806383
286.8360699
292.0905338
275.6594861
285.8464283
286.2037221
284.535053
294.5090799
277.003379
276.1976319
280.3801889
282.2392004
277.5874245
282.1789716
281.9213617
281.1744605
291.719151
311.420808
307.1285544
291.838178
277.6191651
298.8583491
303.6785784
299.5888819
291.3946986
283.0013618
284.8145987
289.673789
290.4310675
287.1937716
301.4985193
298.6541232
306.4529385
294.0136071
292.6128229
292.4811359
292.6884034
297.8284737
289.0163853
267.5082138
277.3508966
279.4377652
279.9098264
291.7313207
304.0589342
303.6897307
282.8658876
291.0188779
294.8401152
298.5525228
303.6269462
294.9427767
287.4026818
308.0395785
315.0465765
292.7234427
285.6333895
293.4786086
281.8032775
277.4936986
297.8650208
305.178576
300.3020219
299.5457337
293.8092045
297.3142494
301.5075582
290.3470103
289.6444138
295.6381457
300.7782059
296.1673871
292.3507315
294.0306926
301.7997693
296.100988
293.166445
284.1281454
277.4640383
295.3065463
292.015342
276.4309163
275.6478554
274.5930063
280.1418962
278.4645763
279.4903613
280.975197
285.9161912
290.2944629
292.375058
301.2561513
315.7853935
309.3142999
301.6543257
309.2792867
316.0379577
318.6147419
315.2682078
313.9850357
295.6775319
299.3801133
317.1540377
310.6298014
296.9840383
302.8144859
304.4677459
304.2442233
289.6234333
289.4912144
281.5803514
281.6085673
270.9311289
287.7258123
278.0338004
283.7427516
286.0797625
289.0685725
300.1790516
293.6048582
301.4673248
314.5261748
317.7157268
303.4473643
298.1941097
282.6442935
276.4336687
284.8229675
303.2517128
303.4904944
322.3776104
318.8830663
319.298227
310.0367343
301.8653775
302.2597395
311.4020855
302.5351202
295.8231627
296.9654143
311.3874649
319.4172528
314.4154385
308.3602078
284.9367166
276.1246257
278.1464116
282.0402179
270.6286643
281.8687846
279.0970035
291.6342554
296.0205241
306.9040447
317.4888803
309.845988
308.921395
316.404566
311.8779041
314.257423
300.4196419
295.1421702
280.313815
284.3390202
290.8404198
281.3241663
279.0223545
287.335264
292.8138801
295.6060746
289.4545473
293.4821176
291.8548224
275.1017342
266.1865038
285.7739379
288.8725828
286.7957976
300.9190426
289.7957468
293.7857461
305.6176627
306.1401543
290.8732074
294.3616312
298.8090782
287.1519107
284.179258
289.6571838
304.0497261
310.9057158
306.3593973
282.8041717
288.6436969
286.5184646
294.9042911
292.6747105
302.1492331
297.8844112
289.3486584
283.1428827
273.7670548
286.0251863
291.965182
296.8575574
295.6138004
291.7486125
295.7553126
284.1201352
287.7897418
297.6485664
303.0153967
301.9553616
296.1594893
310.0294761
308.7562296
299.8666787
311.1490931
299.1059763
296.5779404
298.2151039
296.3842193
300.0381371
313.9873816
315.7075443
313.3613176
292.8512689
301.5133033
280.4202967
262.698476
265.9918132
276.1824715
290.8629748
286.6326739
298.7339199
315.0674073
324.5268093
293.6177874
287.2934203
296.6552255
297.5613066
302.7566139
313.2313466
303.3838721
303.9629404
306.3414035
304.8328257
290.9963276
283.9373753
293.2026579
289.9111939
295.6909116
299.418566
301.4895837
289.2938919
292.9044958
289.2751413
293.3103882
314.7124736
302.2243021
319.9032475
305.3484853
308.1139329
316.3539476
304.1999011
293.8475235
293.085204
297.3096526
309.4296701
302.712727
304.9322574
292.8217166
300.6107379
291.4837278
292.681006
284.375167
291.0071675
293.5459621
299.6242312
312.0533402
281.4369041
296.8832938
304.8699029
291.3342314
305.2339495
302.3722588
298.0714551
277.3255302
273.4801422
285.733656
292.6392358
306.8497726
328.1165161
306.569349
297.5901196
299.7921885
297.9575884
291.0885842
291.6652525
297.0586598
280.3606252
279.2048141
289.7580219
291.6579045
265.2787879
274.7476339
300.3812874
304.5605794
320.4221256
316.7144114
317.5246097
322.4716492
292.9979433
291.0305085
281.4839403
288.17276
290.7329401
296.507292
281.3587848
290.2686143
305.5408321
301.1718411
300.5435093
307.1453463
314.7080297
310.3601207
314.7194217
312.2082667
307.7954454
301.2897291
302.2378115
289.4580394
278.2105134
276.7992337
279.0539357
286.4064068
294.6778922
298.2028199
305.7981076
317.9437593
319.3281028
301.2400409
287.7939609
280.2432123
292.6607252
312.5355291
315.1884047
314.5588607
306.8743793
314.6592703
310.6884084
302.6825977
308.7948051
304.4789633
307.0798724
310.7508773
319.0048327
300.021257
298.8927614
308.2831208
286.2394302
287.6250203
288.3020426
279.7308222
288.5655097
294.4743406
302.311851
299.899689
301.9975033
305.9830749
302.8117115
295.2148528
295.1239679
291.9080997
292.8086043
294.8332385
302.1114545
306.6910241
312.2362041
296.7250758
300.5666498
304.1896418
297.3724903
294.7203914
298.8345162
285.7072969
293.4439465
297.4953425
297.090293
287.0620505
288.0586078
291.8922822
297.7679389
292.8318845
295.4625234
310.0855888
298.401817
287.1426605
289.2378082
290.3479594
288.6678039
292.3875926
299.4531756
304.000986
316.2766476
321.4514013
291.1208014
287.0916718
298.5438993
306.3129054
300.4308268
303.9876832
292.1208543
284.8947445
279.5266888
286.1682097
295.4871622
306.9984418
300.5398774
296.1519336
289.4644321
294.2530832
286.2117608
300.7242774
309.0282731
298.0800566
298.1629121
290.1464865
287.8476837
295.8993125
296.042233
276.7499773
290.9846429
297.6596187
300.6060269
302.7723044
299.2965394
297.447848
290.8547954
297.1803677
308.5205545
300.3394569
296.5224602
295.6871135
295.8000954
285.2465731
297.6944577
299.1754113
298.0488214
306.1210463
307.4022678
333.4622282
321.7718191
322.9844616
327.0257995
319.9455254
314.1423902
297.0195822
310.7886425
312.0430411
323.8429471
305.9831018
301.1800554
300.0584308
309.132278
313.4288462
305.8475202
295.3862583
298.6907211
300.1136534
291.9471458
276.70038
285.6968894
285.2294203
289.3289023
292.5720141
315.427029
333.6316653
316.9389751
319.8630989
298.2907035
293.7260002
312.0729947
288.3594688
307.2982204
304.9834756
309.365528
309.0238326
305.1129687
308.2642936
310.1742532
297.6594002
311.5622537
299.8689504
302.4713816
289.0731841
296.3126506
283.6576099
306.2437543
306.8406517
306.7469935
312.4429557
315.2896009
322.0875216
305.0412444
308.400348
317.6077321
333.0317467
325.1182987
316.5125565
298.5753844
293.0143392
295.0580188
286.3586548
279.604223
278.4528033
287.19285
293.4533819
291.2410035
280.0368514
281.0651382
293.4408934
274.9799347
289.457695
294.3426749
283.6445872
288.2031374
274.098416
292.1326788
299.0593715
292.6869534
298.4456047
295.9000885
301.6855243
293.7940974
298.9022499
296.6917812
295.9905745
291.4866507
288.5585766
280.6193023
279.191499
276.3668628
282.6476036
287.171559
300.7215072
304.4580368
300.9128886
302.4610147
294.4804677
303.8855411
315.5797301
313.0152667
303.5973838
309.2909785
321.5141862
301.0496158
307.7837168
282.2624304
282.4251767
305.8508348
293.6841146
284.4117851
290.9368138
295.1307581
297.2027035
286.6612786
286.3503068
296.3111911
302.2746193
298.2820235
294.6249721
308.6458723
309.0330418
294.5427495
289.395176
288.0822613
297.0263239
301.0263853
303.6652467
295.7366237
284.6053257
289.8828532
292.1574968
301.4862293
315.4388518
297.479117
286.2406024
279.426683
279.418472
300.0977579
309.1742978
298.4139914
309.7541715
322.93136
310.1582278
303.9713327
301.4988978
302.5730496
302.2557795
300.0144971
314.6707464
305.4445842
305.5179916
319.1087849
304.8236719
304.8811022
316.1404181
307.9955206
309.136999
316.0478081
299.3907365
306.8699094
308.9378234
307.0559283
300.8359748
300.8401051
295.1934661
289.0971773
275.9572805
313.8890415
301.7013379
300.0723622
306.9262726
307.2626742
311.5649075
304.2392596
303.9198924
291.1409242
288.0512354
288.3917401
294.8423132
294.9076398
286.6638347
297.5370836
297.589812
293.931884
296.4652296
302.4425766
309.0687429
282.5911256
303.1045327
297.4057525
285.3191902
280.7447298
284.7454624
295.1316519
300.3104707
298.7124043
304.8523155
294.3869897
292.8545134
303.6415824
295.9696002
289.3293094
292.337908
295.436855
298.551692
299.3845938
288.3860279
307.9911748
302.8063594
305.3447507
293.1472677
284.647625
271.6157992
258.6631625
279.6290552
298.6065875
291.0672288
285.7177887
286.2478979
281.4813778
284.0888204
300.7499802
302.6919624
291.088546
298.2665645
297.5719914
303.0475342
294.7633527
282.1061291
286.5682259
288.8802514
277.8848937
296.9503238
300.4176302
294.6417039
284.4397292
289.7338758
292.2776241
293.9837894
285.1599854
285.6669499
290.6452507
294.4133537
307.3573606
302.0584929
298.0369758
278.7444465
283.0521036
285.6085574
301.2232516
308.5798184
298.8160624
294.2226872
297.3897649
300.5630345
291.8216203
303.2019049
308.1531121
317.0866249
308.7265509
338.5428682
328.4433671
307.0600723
298.5558477
288.3077499
298.5436199
300.9166265
306.938217
301.1608481
301.9430983
297.0655154
297.1174828
295.0955954
310.0174713
298.5811434
293.2284408
282.7370437
282.3241975
299.1966184
293.1215649
300.1728209
295.7630188
293.6752077
317.6421866
293.1111871
297.835117
302.74218
299.5397558
306.3556638
294.1503701
279.4851907
276.5631349
281.3551571
290.0936736
305.3597888
312.2062881
312.83779
310.0729412
306.8648487
301.3903744
304.2667273
303.3440184
289.1885175
276.6594654
277.6189568
275.2682091
294.6175643
279.4739745
279.4581097
277.5502442
300.8865044
305.2962103
310.1262717
311.3362284
308.6705429
308.808457
309.3137405
315.608649
321.3104854
315.2779557
298.2888119
291.1918982
278.4787265
288.975484
310.9026787
296.8641559
292.2066934
283.5983654
295.6842947
295.7144463
296.5207404
306.2736477
317.2662357
309.6376461
314.5987064
290.9491652
296.7812379
300.7732548
296.2873429
294.1313561
306.2682537
298.6364619
300.5028718
299.9432511
285.0886356
285.6703247
280.1025037
303.6892227
302.7611387
297.3840048
294.0544319
290.1515303
291.2828045
294.0075065
278.5741706
278.1376288
267.5490515
290.287958
295.7048246
290.1634086
283.4588029
299.9972369
306.342951
300.4480055
309.8144231
287.6293419
304.4172766
295.1234811
295.9794992
299.4935671
314.2145879
318.1521495
314.9194869
307.1378389
313.1405499
303.0677963
299.5223737
281.4538638
297.7544345
297.0548702
300.2297153
295.797383
287.6313849
287.9636458
298.0852296
294.0149127
298.4822191
290.8570548
285.6009826
287.8554835
290.6509362
295.3322682
291.9614982
296.8052006
313.1199658
303.5604178
306.0050992
307.6988096
289.3074133
271.8272108
282.192997
288.0033889
287.5036853
291.5143722
284.7718991
282.1527238
295.3551914
319.6120172
321.5605301
317.0589264
311.6006657
298.4034731
294.8181626
280.8459826
288.6266569
283.5474412
283.7716368
287.7231966
289.3904538
293.2363295
279.2398741
274.4225749
275.454241
287.4192746
282.1967164
294.5184473
303.3060565
285.2656069
298.3211905
312.4957724
298.8873254
287.9335154
286.4608571
300.894837
288.2847089
288.1763152
298.7440821
289.9498464
281.5311679
283.1062738
290.0222917
286.4330382
283.4597878
294.5414724
296.05042
290.7207654
294.5446771
323.8534412
319.3351301
300.9527956
331.1225171
324.9920746
312.2746792
318.7524354
314.8726154
326.7998085
318.961605
328.4602121
313.1137431
311.5860984
303.6054341
323.7294464
326.9002686
322.4103194
317.3035319
308.0911829
304.7501721
324.9991895
313.1310374
333.5734282
331.0221748
316.0689717
314.3990057
312.6866647
317.539445
314.9790795
314.6644974
297.0832631
301.1529516
313.971744
313.474854
303.188362
297.5888851
311.2370188
316.834459
300.3082653
319.9443505
304.8067722
307.0229419
292.8723129
294.6246955
310.812039
299.4429972
312.9335839
304.0834008
318.5823497
316.5181512
307.9470437
301.8300051
297.4969156
298.0757632
314.0064885
305.9462035
304.3010579
310.8995089
308.1186375
307.8177735
301.3514586
293.0964772
303.3806791
298.74503
292.4973435
292.4387235
282.0162779
298.4495816
295.8553803
298.8647178
295.4873769
308.9648729
319.5618825
303.4128217
295.2178777
312.4668711
308.8271251
315.946019
309.3864133
311.4219168
300.3726029
298.1122057
284.2666561
300.2601839
300.6581189
307.0752522
312.9179454
297.4339461
302.6568578
303.4643152
308.5090418
305.0855871
313.1526324
312.6520072
306.7958451
312.6960717
309.4015481
313.3457344
316.5358608
311.6241508
302.7014947
300.6128092
296.3100191
303.9374348
313.6461423
302.3032067
272.6581121
296.0284313
307.9747514
303.7771
296.2476703
304.3898339
307.0542463
307.6271171
307.1229194
297.5931263
302.3858417
303.478126
297.3946528
298.9506742
296.2043732
306.5637007
294.8763006
289.5387036
305.1152618
314.462119
302.6413579
297.6706415
287.146829
296.7732167
308.5995624
302.9356321
316.3049187
322.3626699
308.1897404
319.4386583
307.2805864
303.694629
301.4971217
299.1928431
289.1991243
273.2968122
278.59722
289.6538283
304.2508606
310.3030203
309.7801221
301.5471024
303.462245
311.5119964
298.6144479
293.4495526
304.3802374
295.6391689
303.5429755
307.2581385
306.1971666
298.1360252
290.4394384
281.5026596
309.7850319
305.8379676
301.4368128
300.1292598
297.2815004
304.4993621
289.9845516
287.7006356
289.4793877
292.7374986
304.441361
304.6565055
289.9141117
292.0464762
291.6642509
289.7092268
296.679239
295.074097
289.5540937
292.8333745
281.7640976
282.7595326
301.4143631
283.4484778
282.0642937
272.1591704
286.6562594
293.2371727
293.5611609
296.615998
297.6972471
305.3026875
310.9453135
314.9965851
313.6534494
298.3370091
294.2410473
300.7488232
291.8012167
283.5590092
294.5460532
281.133564
292.7598223
300.6646997
309.7889094
313.8832261
300.508557
301.8354915
305.7595002
284.893283
276.7264748
272.2200856
278.7091171
274.6427334
298.8547397
297.0201387
288.1550195
290.1311619
296.7961215
303.794491
292.5851856
301.3315672
296.6692976
294.1060528
303.8929681
293.3608639
312.7687569
305.1937946
299.0411641
282.9852
285.0954719
294.0903472
299.3911021
313.7505408
305.1245878
294.4644897
297.1855082
293.34254
293.5036326
284.7414226
321.9004484
306.1205171
301.9273269
306.6683249
297.6182967
303.1744958
303.6325544
295.986937
281.9769143
303.7848998
286.9829852
267.2024222
280.8053368
282.2766505
289.621452
305.2192243
303.056893
293.1103924
297.0850431
333.872629
299.2559051
304.0523059
302.4551444
296.845803
295.360754
312.1697689
305.5358724
303.2401114
308.1199906
297.0948755
308.5370427
316.6129706
301.0432841
287.4617741
278.6104128
289.3161107
294.9999127
309.2930195
301.2510138
289.2483663
301.4519667
299.0419933
294.125293
284.0462545
294.693669
298.3621668
302.7991381
308.1295346
306.8993014
306.8049588
301.63015
306.2526779
303.0127172
310.5498765
288.7986851
294.5027722
286.7052008
289.2530083
289.345848
299.6447668
308.113768
300.8306988
305.6143596
309.249118
291.4140196
282.4235276
304.7098976
314.2608122
311.1384084
296.0686959
294.0443472
293.809914
285.0318347
272.4217222
283.243271
283.6443544
278.7534566
284.5147759
308.3613899
316.9228345
293.6739665
302.782428
303.3520706
308.1119138
310.3295064
294.6128219
299.8180483
290.5163598
280.9105504
296.9074562
298.5088695
302.2983686
298.2932575
308.7366505
297.5464623
298.7018699
305.5254619
306.0359017
324.7511206
312.8439613
301.2377111
296.677356
314.6172892
306.6229705
322.6879186
333.7254165
325.3210569
308.4767324
306.9342393
300.7778647
313.4225257
307.2315483
296.8348835
304.1998982
303.3733606
323.6016904
311.599671
309.6245451
314.0868682
319.6714707
317.5509018
311.3552078
294.9770323
293.1390472
297.823104
294.2988647
304.8792059
318.3400459
317.8885632
314.8301695
299.0284766
298.0543808
301.8176893
305.3741463
298.8507042
312.2851311
311.2443866
307.9326666
311.1320826
304.2854543
310.983446
310.7642354
306.9791647
301.0493683
283.9024656
285.8298042
289.7950145
287.5246525
289.995141
291.2520588
304.4568574
310.9055636
310.9359168
313.2301457
314.2272782
309.4729924
326.2030051
331.8700242
327.5341103
329.9732201
301.2312924
307.659445
308.7153701
309.4129358
307.4386082
312.0543269
319.1191768
318.9165153
317.8061596
330.173464
316.5452951
313.4242255
309.5107472
308.1953762
306.0912325
311.7327608
302.3506643
291.212784
286.5199727
290.0392943
287.755405
309.4485698
314.9385743
325.8707256
324.0402505
319.1390941
309.0796002
304.1248981
312.5677538
306.7424388
310.3219382
306.5526283
301.5656217
300.0026392
322.1853382
312.7724173
311.6573097
294.4503417
300.4931374
282.2236664
295.2774729
288.5326208
290.8510237
293.1074694
295.3390015
293.3206015
303.0294491
313.5737788
312.0396655
316.4086455
302.0437303
298.9089053
300.8202432
302.1598383
300.5778585
311.705395
301.6948252
310.0644894
287.0724121
299.3497312
289.6789633
293.1593398
296.8370833
303.7777491
297.3460019
294.4385006
302.2730769
295.014242
282.9846521
297.0353988
301.5104686
315.0664863
309.4502959
325.3923276
320.9499678
315.3979978
302.8325421
310.4431393
309.9344688
299.868623
310.6665475
326.4687748
315.4543608
324.8836252
297.3595433
300.0086155
296.2631213
291.6861073
291.6138921
306.912396
301.1950127
294.0540362
303.1600683
293.2992003
289.7400243
286.1923391
296.4848119
309.0026513
308.8324277
305.0870916
291.4045018
300.96938
293.8834902
295.8667761
291.8842607
293.420681
281.2843088
288.4595163
277.2488515
285.8020008
295.1508194
287.9801936
292.0159212
296.8214245
297.229955
304.8586127
305.846596
310.7075771
306.3218347
313.0981645
298.120679
296.4554296
297.5793448
307.9672902
313.8525507
302.0759903
305.3030136
305.2000452
302.4099095
309.9218157
304.5820972
300.4731722
287.881502
302.3935898
305.9402494
302.2949786
303.6680858
294.8567088
294.0352261
288.5311846
283.631283
288.7440294
286.2075204
296.0981665
288.6146067
280.5070189
282.0257059
304.2156183
312.4967952
308.6251459
302.2347881
304.5865091
302.5936604
306.8011883
310.4270319
318.3567804
317.4056323
295.3032512
285.3849248
288.4294225
301.9666685
319.1618244
307.3018126
298.7535996
302.8449472
314.0348365
303.6279283
298.7827643
293.2640415
294.8497964
290.1804287
295.9231745
282.0235192
290.6190412
299.6262712
289.2649668
292.1427481
296.4481261
295.4607766
284.6014135
292.789763
282.4315777
285.3629826
284.6334899
295.155921
297.1294194
293.0912075
296.6751134
295.6515691
301.1959048
291.7754009
297.3206973
307.8149859
294.5691898
279.4374427
271.7926465
278.2516656
290.4686133
293.5462007
295.741782
281.6369156
297.2175931
298.5482983
309.1474632
306.0670051
297.3625445
300.0659187
305.2738245
292.3225096
303.597242
291.3390479
277.0880099
285.6380576
278.3358674
296.725636
298.0023042
281.498764
295.2986011
291.8460626
297.0280062
300.9707738
303.6210404
307.0144628
280.2118642
292.2215585
294.0606244
287.5102715
277.5567215
289.4406442
298.1386978
312.3628704
299.5678121
295.5435567
304.3745392
311.9155156
307.059654
303.6348197
303.5462195
288.6659487
280.5045958
305.3407397
289.2568359
289.4584194
296.9406994
306.6409879
298.8170697
293.5058195
285.6474525
282.6367221
268.8091181
282.9808655
293.168443
310.3283059
303.4961193
298.4594296
294.513922
295.0724308
294.6702783
302.6513198
298.0724701
287.2066543
287.6893522
285.3897425
291.8202196
287.9829161
302.3234717
305.1730459
300.3652965
293.2840341
289.5841906
281.5202239
294.2033626
285.2207625
274.9144459
297.6640338
294.3049376
280.9329146
284.0282784
281.5096066
287.8050749
281.6039253
282.8957434
280.0035693
284.891443
293.6782791
296.4580902
293.9359384
289.2702409
292.311025
298.0787486
312.624491
325.5563578
311.5067832
287.1212849
289.670115
283.9984644
275.258793
299.2252071
301.1369269
287.3012225
318.9560231
308.2402195
317.4163136
310.6311805
318.039559
317.8592517
307.3065163
329.0037034
329.4028786
310.2391412
305.9828283
306.212421
311.9116572
311.3871039
306.9990583
301.6654306
295.7473547
284.6373914
292.1550483
301.0026623
286.1013024
296.1677293
284.4768334
293.0813885
304.4420583
307.5250687
301.1853489
287.173684
287.4083168
290.9809949
310.8128521
315.5561542
316.3916091
311.4544372
310.9672449
295.061886
292.3096575
277.9056132
304.4936417
290.4915768
297.539616
290.9713455
302.4122975
303.6774883
318.5124265
311.1151827
310.9013011
296.8157468
276.1190494
268.2135472
278.0989184
286.98301
283.5718313
301.8988105
296.2808462
291.6846338
297.6265505
310.684825
300.8018556
302.1627736
292.4336796
297.437782
301.2512616
300.2365046
301.9152103
309.2954173
299.6326505
311.7849769
324.8364225
311.9372271
320.0828622
323.1401221
319.3573552
317.689691
311.800691
302.4791797
305.6829114
306.4617999
314.5081024
319.7306601
278.1443907
276.3110915
277.6895652
287.9292799
287.4018759
292.4637742
294.5835521
298.4213425
316.7019262
319.5626652
303.3416645
287.7516232
290.2274678
283.5604659
286.5505304
293.8808638
299.1910316
283.6493289
294.8243007
284.9288273
302.976785
298.8557013
292.9560246
299.7473208
305.4015861
317.3196612
335.5244998
328.317638
323.0873579
307.0099297
299.5257293
306.4343441
312.0418128
294.7177427
289.2923266
285.6538663
286.2830192
293.5662398
291.5608251
285.6923818
302.3116416
293.9269118
295.1020197
302.6990789
298.4771368
301.4280935
301.8336176
290.8477838
289.0246403
289.3565386
271.402724
276.7736531
264.8022514
270.2432714
279.0199489
279.7360315
283.2609697
285.5717935
294.9681401
298.419497
306.8681047
321.5974225
302.9073329
307.107194
305.0608524
306.261672
296.9218696
299.4143997
313.6719785
307.9914881
308.2514779
296.7229623
288.726843
305.3347943
306.0608948
295.2967993
294.3527598
307.0026327
312.641548
297.3284156
301.4760778
277.9553636
280.605372
284.0018578
290.0702588
298.652173
306.3381313
309.3068385
294.0818822
323.8563765
318.1167102
322.8010427
309.7144579
299.5287428
297.8699178
309.5126349
323.5829853
326.8564895
326.5131421
309.8025833
300.6518933
295.6407896
285.9774236
292.7593302
293.1872226
288.4107554
302.1553353
291.4923246
302.5840474
293.5641373
306.7401048
298.8541243
303.9715722
303.8153451
298.4707101
298.0890586
288.9332778
302.1142256
305.0131202
304.163165
301.0995208
300.9897159
313.4479121
314.606748
306.8576016
290.0279101
291.6526927
294.9898709
294.3647467
293.9040759
296.2533679
300.4973562
299.4614706
308.2564243
306.6745282
321.7187469
328.4659855
318.1654965
309.2558318
301.5471913
329.9986383
317.0183254
298.424842
289.6791103
289.4785635
295.7495215
304.8160088
307.7187245
295.2639878
268.618601
276.1186328
298.6421785
310.5929927
308.5533142
295.4296889
290.3844447
292.3026108
293.3160949
298.517143
317.7863214
287.9955173
287.7359346
286.1952921
304.2007773
303.1576539
286.1556596
287.4748257
291.8622058
285.9983012
298.8498427
293.5798267
289.3036398
289.9260323
286.3637201
293.3888478
305.1818214
299.1754547
300.0966335
292.6097457
293.4787406
296.6558145
301.4043743
300.9530848
297.4020958
290.3612192
287.0346457
283.4192884
288.7951878
290.9025529
288.7444917
294.2126835
292.8128858
300.970612
285.6725371
277.6737796
294.9042677
291.425293
290.6888129
292.424609
293.6428276
307.0806683
292.1646274
298.5181495
308.9137835
299.980431
290.6974489
298.302716
297.4148282
305.054819
305.297712
291.4376102
278.9432956
291.6382319
299.3379968
309.2763592
316.0899029
315.2933985
312.3907097
319.148653
300.5266455
300.0107135
298.9025705
299.9474228
297.2427655
307.9406017
309.8603087
312.5543843
297.1926224
294.3635287
286.8816084
301.5496531
287.3800363
281.3959178
299.9825339
287.888497
302.865999
316.6646225
308.8913995
300.7822617
304.2664465
293.5822245
302.5742063
306.2829687
310.4391748
302.4816277
291.4521634
306.981698
289.4250752
304.968559
303.8503701
301.5228228
297.2318188
293.4467142
291.9707705
304.9549807
296.3600115
294.4416286
293.3071443
304.5211073
290.5753854
318.828743
303.3108832
302.3565505
307.9135893
304.3491724
317.9084222
328.9116466
338.0540224
329.141886
327.3918365
305.4353129
308.3672641
307.6854161
297.2043954
280.7742119
272.5464316
303.6450763
317.2136417
303.3601924
330.1620609
321.0651489
324.0129671
313.226632
308.6708718
299.2704501
311.186711
327.8928731
322.4883594
316.483868
315.6239331
311.9276647
301.1428785
299.8757701
301.0965873
298.8402007
314.5604101
305.4398796
304.0638545
298.9656436
302.3280656
300.9899487
309.6373017
328.0384293
323.8486811
321.0557064
319.7151823
330.8950811
315.3770765
290.7302438
304.435813
319.0297548
308.9370697
301.826549
301.652726
300.7678671
310.3314097
317.4849276
316.5819857
307.7690341
293.215018
290.2674344
303.6528943
304.5226264
309.2575188
287.4666525
274.6806384
278.4855891
282.4025728
279.037157
295.2304499
296.0479937
303.6184499
302.1945187
302.2829276
304.4171474
286.2153936
283.4227403
293.5976981
299.5445539
295.5615545
299.6971453
307.2552433
297.4599152
285.2923529
282.233514
276.997976
275.519468
286.7974589
298.2966704
296.4197643
289.6782178
290.6560435
280.7651406
286.5198191
286.9362808
286.7497165
281.2248574
283.7220791
284.1607819
295.8729949
303.6003439
304.6011073
289.8845362
289.7696239
314.77616
293.9324982
284.7653095
272.5378513
281.6599929
292.9582054
293.6658875
292.3099022
299.7538138
299.8757943
295.9382496
288.0680084
290.8502224
287.5801203
296.9016687
288.2749195
315.7120861
306.3034663
321.836311
305.6238086
293.3442068
306.4854675
331.868274
332.1705054
311.9645639
304.3174301
298.4616253
311.2660782
313.2171854
298.1911786
307.0456535
308.1572425
299.9795536
288.4037448
300.546294
316.3138152
296.8448445
300.6851428
288.1512504
293.5987799
297.6363603
304.8737905
295.0164703
313.4517068
305.2718996
309.0762241
313.8443708
304.2212549
304.0480343
296.0995479
298.7600493
297.629
295.7891495
292.9648152
295.2379245
298.6623042
304.5784921
298.221224
296.1930234
309.5029567
318.3966506
319.4691893
316.3616367
298.1104945
302.2127938
288.7653372
295.2042627
297.6300889
296.3600274
307.8023003
302.8265554
327.3341867
329.5382238
320.7750009
309.7969485
301.7206021
289.8951308
304.0598645
300.0697696
307.9705579
303.5778168
301.6215975
298.1635403
303.554368
303.5425364
306.6578465
303.7225838
307.2790022
309.2442137
293.9886647
319.5787524
307.2589049
305.0742327
297.6273039
295.7141421
294.8745111
290.7648235
299.9293344
301.9238879
297.9819914
305.5588867
306.4882113
297.2835387
299.2198679
293.7339091
299.2527839
297.1785426
294.0182632
287.193858
300.9320014
283.9383174
272.126792
281.401061
286.6666269
289.2449837
286.2927237
305.302104
288.6047954
284.1470385
280.93986
286.8399473
300.8356662
287.5904913
284.4712031
281.5958221
294.7008236
302.3720203
301.3566846
299.6829314
287.6392962
284.2834141
287.1842611
305.1271853
294.1130664
297.9338343
299.5516472
319.8124094
319.4782794
317.5839843
316.0535375
303.6175175
297.9626095
298.2450009
295.0850329
292.8884092
294.5353131
291.9402946
289.6440187
292.3916876
302.4852672
305.8422063
293.2468789
292.3494718
333.1223197
329.3735361
316.7653727
310.5208668
323.3854882
310.3643227
304.7529541
305.3151793
305.8640473
311.6600333
306.3880614
299.3427228
296.0633481
309.3204325
316.7308772
305.8899892
311.5343828
307.5640923
315.9224987
322.9036389
307.7834509
294.3237054
295.0977595
314.185597
306.5085033
298.0840804
300.4953592
308.9548956
307.0552517
313.949944
326.0524382
322.7643387
311.828114
305.4353665
293.7491814
302.2981059
300.5810837
290.2733842
295.7134745
302.6010591
296.943419
292.5655666
311.4712833
294.7409632
299.0864053
307.7135789
302.6682779
316.262217
313.2084033
292.5729563
302.1399877
306.518174
313.8460668
314.6555388
316.4695505
317.191054
308.6768922
304.9756261
302.5694244
293.4974301
289.1567255
275.6322303
281.4416631
298.6238928
298.6362445
297.9680223
303.2057658
292.2182246
294.0946809
308.7143663
300.4451248
303.3709142
298.0714478
299.7470219
295.2935989
299.8575488
307.1726602
299.2876915
298.147557
310.4351657
316.2294999
330.6063653
328.4215621
314.1563532
305.3338274
292.2252861
292.9317893
289.8964818
293.806319
286.0904096
301.2818929
313.9575826
299.2046191
290.5226642
286.6344964
296.6994027
304.6428994
304.4042309
292.4641957
288.4542108
294.0000644
295.1319528
312.8475396
305.7533022
300.5553688
292.6644634
307.7599415
302.8125931
300.4245663
293.7892873
269.5061368
292.4525551
293.6316914
294.6147469
293.1006816
304.6956486
304.1732442
297.8773266
307.7139881
307.282878
292.2756645
294.3530048
301.6301025
281.2926465
285.5363446
283.3162127
282.1444006
296.9862021
293.9776685
287.9075272
289.1130611
304.5636838
305.8416899
308.8855232
317.0210454
311.2905005
305.4385255
302.6073685
278.0342227
292.6092726
282.1388783
284.5424967
273.5700853
281.3323077
275.9181537
287.0686861
287.2819679
276.0414756
280.2336108
285.0073007
290.6063517
288.6499182
287.2767039
283.2447867
291.6528625
296.2689597
285.1220065
307.413096
308.6297756
302.996575
310.9273966
280.0749669
277.1497883
277.4832349
295.0344826
296.2431471
309.9849787
310.7971181
290.9337437
291.147868
301.5505773
304.1150812
298.481841
307.4097183
291.6775978
288.9097491
299.8869337
279.0279596
287.7141951
290.5243418
286.96892
292.1679735
273.744546
296.410537
300.3771787
300.1499744
301.5754149
301.8360927
304.1907591
291.7299861
283.5515391
302.5422389
320.6110347
315.1492434
306.420793
322.9082359
309.7063902
303.8431088
292.9960371
285.9620411
290.9956965
287.6551341
284.0865356
268.4756879
276.4231811
285.4673554
279.4485246
288.1178537
282.8829924
293.1674181
300.9362944
297.0086061
283.4239089
278.4375694
299.9129042
305.6777652
316.9586411
303.4725948
281.9063426
285.0014408
282.1562723
270.1328597
272.4901486
303.7528079
299.1937733
300.2524012
305.6942964
309.9613993
314.7464252
313.8632059
304.5651412
300.0635114
293.9858929
298.3554311
303.0533939
290.1478698
280.5508611
291.6044161
288.1379619
294.2917334
305.1214345
301.9354556
300.0114075
297.7451217
295.7918117
302.2629454
288.1394932
301.5945213
301.5720107
294.9278837
293.3119823
303.1111659
314.1773086
298.439517
302.5166132
314.6757499
310.6434522
307.9250089
300.0679536
286.3136225
281.6795509
288.2643528
306.6205861
296.1770203
286.5770249
297.6681958
284.4959792
293.763485
304.9573277
292.7267569
304.7429284
307.0005935
296.9145578
291.9405395
290.4808865
307.1666299
309.168555
314.7629313
318.9621261
319.024955
319.313208
308.6170741
297.0280769
319.0816986
317.4778773
290.9359764
276.9380768
285.514513
294.4283623
299.0830673
312.9003113
312.6993245
302.0344222
308.7474644
301.4901241
293.8377497
298.2408697
296.331296
291.3651622
281.8674777
286.5637584
297.2622342
316.3085154
313.9480062
313.5371498
297.2113102
297.6263757
290.3046718
297.5402566
295.8924649
290.0987254
307.3331342
308.0930652
278.7978961
284.4403459
297.0857721
293.347391
295.5457871
297.4283734
291.0082654
303.7525757
315.2708942
315.0176533
)
;

boundaryField
{
    xPeriodic_half0
    {
        type            cyclic;
    }
    xPeriodic_half1
    {
        type            cyclic;
    }
    yPeriodic_half0
    {
        type            cyclic;
    }
    yPeriodic_half1
    {
        type            cyclic;
    }
    zPeriodic_half0
    {
        type            cyclic;
    }
    zPeriodic_half1
    {
        type            cyclic;
    }
}


// ************************************************************************* //
