/*--------------------------------*- C++ -*----------------------------------*\
| =========                 |                                                 |
| \\      /  F ield         | OpenFOAM: The Open Source CFD Toolbox           |
|  \\    /   O peration     | Version:  2.4.0-MNF                             |
|   \\  /    A nd           | Web:      www.OpenFOAM.org                      |
|    \\/     M anipulation  |                                                 |
\*---------------------------------------------------------------------------*/
FoamFile
{
    version     2.0;
    format      ascii;
    class       volScalarField;
    location    "0.0008";
    object      translationalT_O2;
}
// * * * * * * * * * * * * * * * * * * * * * * * * * * * * * * * * * * * * * //

dimensions      [0 0 0 1 0 0 0];

internalField   nonuniform List<scalar> 
5120
(
275.8270957
281.4850429
263.648225
283.9130627
271.0891081
290.7829646
285.6761569
305.8112214
295.6425904
266.4059948
271.4680863
296.821678
299.2017438
268.4785597
271.5606376
298.3234931
296.6874528
276.576014
250.2520922
250.4511751
290.5902598
291.9113269
291.5753836
297.1032342
309.277152
320.500247
314.6316747
304.2334458
306.442995
301.0586511
275.4613737
265.0845467
284.3627766
309.5007334
280.4301638
304.983161
282.5332175
279.4499887
304.8008871
300.4388676
266.511842
295.3461494
304.0062581
276.2230567
295.4518584
294.1706275
294.8529235
262.5232603
277.6684483
287.1557136
306.1783113
312.0457687
296.662298
291.3256659
307.5306191
294.8024496
302.2138787
298.2361989
296.7143037
278.6588445
290.1543283
306.792955
323.4802086
328.9162856
330.5622489
292.4105271
275.1269995
305.4293865
313.5475973
319.3197357
295.0276218
305.7441678
293.3988084
327.725316
306.8564918
283.9414908
280.3558851
277.8051569
306.0184466
295.9177078
321.0744956
331.7944018
316.4537083
307.5023378
310.3827637
306.135549
300.8177528
280.6225294
281.2135551
328.455845
324.341357
322.4820592
342.1734441
298.7530032
295.8552065
311.1119561
301.6665578
332.5098566
315.7297619
318.1820231
295.8088152
301.1128084
288.682519
283.717067
303.4605776
309.8397266
291.2649794
295.4270799
297.8391036
302.0961446
311.1049704
345.6786108
285.5599609
295.3110838
283.1714398
285.1475368
291.534141
277.6468316
266.0654704
289.8756482
295.030744
297.5154148
294.8116071
309.3483549
302.8511956
317.9286968
309.6410946
322.4798612
335.2650644
307.6118991
287.6283188
265.7047121
274.1554104
281.174702
310.9534819
323.4182126
305.7120941
283.7641817
288.0929252
306.5086225
278.6097066
267.8719685
273.7021543
294.2001304
305.9380467
291.3282652
334.4448422
311.0957652
308.4087921
287.3519437
295.8336446
318.5662706
338.9704282
335.3183927
305.4329727
284.9437788
300.2304044
259.6713895
289.3304091
273.205412
317.3358739
313.8468315
285.6816866
275.9225106
273.2286745
275.5398734
285.5204488
288.8640688
285.9002328
280.8730705
248.8526175
257.8002972
296.1786489
311.7983386
306.8474135
301.5880623
306.7056937
300.6182292
279.0707234
303.0015391
295.0248697
258.8330092
268.1993806
270.1372354
269.3498864
266.7324574
274.3324593
274.7395368
285.9002955
285.9000916
312.8005808
302.5922482
277.3633851
265.2037849
266.139699
317.9726644
292.5487983
290.8049246
319.1640842
307.3186362
321.0593409
302.9306084
288.738891
267.8653495
274.5475487
279.2319293
292.7881375
314.5011391
289.5675118
276.837727
302.9350392
326.9965301
325.1971373
328.5340626
322.5595415
321.3351881
325.4369974
339.6695931
305.367462
315.8224003
310.7105068
335.7494387
321.3835766
318.7347678
306.9002056
318.6052033
307.1512784
291.4526013
323.0412033
297.4985074
307.580218
295.0923849
283.78781
296.2055325
318.5076821
302.5644789
316.4507125
315.2587909
348.2915673
307.9653485
259.543401
265.1318904
252.4496181
264.1305326
239.4399328
240.2293332
271.7971141
300.9026031
321.5471023
337.8589864
337.4283496
322.6270749
316.9606416
341.1739213
322.347401
317.2017997
332.1738333
331.3117128
300.8805891
274.2592847
267.4124948
265.8773747
283.9068213
269.9724838
281.4408916
311.5637704
309.5025113
294.3839597
310.1497874
302.2277509
310.8748157
325.3547008
327.4162289
305.1260967
299.2691333
316.8950465
326.3651037
337.6127788
293.3551213
283.9474286
318.4333526
316.008822
332.4491498
335.3755022
339.7842932
309.3257487
296.3318303
286.6780179
298.1616303
309.7620283
334.3521857
307.1127169
288.5856675
330.129287
336.962614
313.2778567
321.1663869
328.4591946
322.2116704
334.2782377
288.5935922
257.8186286
259.2232295
280.7259687
267.0369057
255.6876451
279.8004487
299.1173605
272.0441333
279.9605126
249.8194476
275.6699057
291.908719
277.1226681
308.675065
273.3072237
267.8900396
266.3088271
310.2485812
294.7239163
290.3309963
295.8620646
289.5436149
278.0037465
297.3388293
306.4983017
282.8820023
286.8895234
303.9118383
293.7501034
282.690525
266.9422412
261.098822
274.0751523
290.7264532
288.2116384
281.9233521
291.9974634
307.7493384
328.4127023
298.3905191
304.5335104
306.1912058
298.6377124
285.8009344
306.968325
309.9923331
316.3811492
286.033361
295.7857143
312.4924775
286.9660354
303.5907964
296.2823591
304.3253972
298.9635705
272.9206646
273.2409905
266.9893346
272.0031821
302.7224305
299.3723174
271.9009889
318.1349855
323.1343019
315.862259
315.2071906
306.8913034
282.0650029
264.7013049
290.310552
313.4651132
310.9000152
293.9200882
278.3169138
286.9911225
275.7293453
281.6211933
305.3699593
318.5187792
303.4466359
321.6384387
305.0711203
285.9592509
306.0441332
325.9531606
319.69457
330.2448452
342.8745515
324.0497812
302.8570478
301.392857
315.2439853
316.5508228
308.3387915
302.3236798
288.8257836
300.3368089
294.5813565
308.5937256
303.6935783
317.853727
350.2332381
320.8937751
294.1318411
319.9387118
318.3110218
307.3887083
294.0063592
311.5822773
315.5708918
319.0166753
310.4166612
281.0377923
296.9652687
354.2360556
328.14055
308.6734399
296.0646093
295.9861055
268.0356218
271.0249975
277.6125707
330.6474186
324.9454046
282.7998211
310.3313475
301.1332296
301.9919997
287.9478093
267.6587402
280.3827606
276.1390345
292.0549128
290.4481842
286.2095265
289.2525902
286.957167
301.0522177
288.8750723
267.5149952
265.1093381
260.1654034
263.4410025
264.3822939
290.9720572
283.7369884
301.5273005
299.8943932
300.4086642
323.9557933
324.3180146
332.802837
311.1555651
271.6366538
286.6602237
297.9803437
304.8102663
319.4912081
281.3535617
275.5499241
286.2791917
286.7382045
286.0454574
296.9479228
303.585814
290.2023102
309.7162021
287.5526275
298.0869646
297.9712243
277.0992023
272.2895918
243.2937149
266.2653001
273.8730945
270.6266038
295.9739588
284.8226558
285.1732546
311.5053219
293.5083444
281.8476975
299.2182874
329.2778214
331.8465273
306.3665264
276.0491244
293.1607233
283.4547514
263.7663224
259.103176
255.118776
258.6236922
273.9424909
270.0929448
283.0003362
290.1388744
305.3158159
332.4179896
302.9532594
317.0905655
299.6626895
296.8406355
302.4541439
314.4005547
328.7203152
318.4938648
303.332405
283.3737715
253.6535041
253.331583
260.1388863
259.1196301
270.1973355
281.1053418
291.1633295
312.8590755
299.3762994
308.7840291
295.2180214
287.9761719
302.3594569
304.4341268
307.1931193
293.4086157
266.054305
266.8935864
268.9585443
290.5787742
305.7325668
316.5202357
331.4334773
290.6948955
302.9734665
296.3317433
315.7582784
296.9799613
317.7068884
317.8474907
271.0585876
295.760556
315.7960502
328.8396773
315.1099217
315.3385901
312.3767898
288.4052216
300.6362038
286.7874099
273.4967002
282.4293113
274.2133384
284.0792631
275.9898036
282.24517
271.1378511
270.2508042
253.1279313
247.1771756
340.0361616
355.4689387
321.9279099
304.0571222
322.2239386
325.2667768
342.1883309
334.5372884
323.657984
302.5566422
313.6537397
302.9689099
298.8187024
279.8256639
298.8760643
299.6551392
278.4063937
310.1100387
326.9396093
349.3532047
276.5796793
267.3337425
274.3017648
266.6036192
298.9299411
279.8628167
269.3499572
294.2972048
278.6856931
275.5852459
261.7376137
294.4415588
317.0470665
294.0971739
293.4306284
296.9264516
285.1728473
285.196677
287.0786443
276.2280969
301.0522643
277.8149705
279.9416796
255.9901073
280.6261717
310.4188329
310.9411068
306.1477437
320.0055069
320.5170941
331.5790089
323.3121561
326.9373592
297.2638667
301.981468
307.9800024
303.8076633
294.3289772
305.1887577
304.3109607
284.3528911
301.9176064
304.9737192
276.4624125
248.184522
250.9880583
263.9210179
271.5427629
265.2488373
270.5215368
287.2885318
281.9964141
295.4835832
298.9589473
297.2971465
295.2850565
303.6851672
308.5550835
313.8187515
301.1141785
285.5465889
278.5131937
291.1138718
309.8324354
295.7624331
294.523457
308.1840086
282.4881033
308.8719279
325.1052763
319.5448658
320.1977845
335.6657145
319.4262108
288.7225126
280.4668019
270.8749784
279.6691366
273.6188193
271.4368889
311.6408068
287.7971987
293.5809463
282.3047494
275.7819694
279.2837435
281.6708492
271.9349909
247.3934888
246.8733963
257.0501579
315.10716
311.9537498
318.0907544
288.6573951
277.4471414
257.4830016
283.0532861
271.9799283
280.18087
302.5421656
282.27143
294.4628932
284.3097172
306.96553
308.2503225
299.5167324
316.2849812
316.6275469
294.5539702
275.4985069
294.6812895
298.3496741
309.5492109
297.3810566
312.1395431
337.2272774
338.1451238
298.1007544
308.3677834
352.2306522
314.8255476
293.9832814
321.4063013
308.8317418
312.8956176
317.0329313
321.0428409
307.6398787
293.6915542
282.6408424
285.4702885
310.0988845
291.197228
297.7951766
295.2441006
274.8591923
288.6486296
291.7390603
333.6671525
327.7908623
340.7775652
339.387811
316.8732506
327.0469485
354.3046654
331.8568082
294.0406975
283.3012875
275.9700887
297.4745572
311.8650383
290.9895968
324.0311591
303.8494406
289.67741
290.811147
318.2855814
318.2937796
347.1835144
289.7274838
303.0937055
316.6053592
315.3954381
336.6987563
302.3724422
299.4468432
295.3878109
304.0612007
312.9616248
327.7246667
297.4935254
274.1178858
275.2015427
299.7750294
287.380144
252.6966009
269.4679907
257.1645696
255.8890329
303.8788853
302.6885127
293.8689924
279.7612049
273.9629557
283.9920295
281.0808771
260.9182203
282.7324069
287.6666814
258.9864601
257.9007442
272.9826494
293.5655779
284.9588355
297.2267677
289.4539006
294.4042962
282.830233
308.8243112
304.1872172
303.5556465
292.5305491
280.1980225
318.135684
324.5780869
322.9804626
305.7348907
293.1438497
307.9032355
286.7940046
307.5846466
315.3650048
355.3065339
361.308052
330.194219
305.0372896
288.075005
287.4894378
291.5030809
302.0775969
351.2609101
346.938987
346.2553316
323.8226797
307.458282
300.5139333
285.1265932
277.7599862
292.6895029
249.7235049
237.6190943
266.7133528
244.3970202
270.0668955
265.2285347
288.434377
286.2191431
309.2534743
308.8398174
287.1197911
277.5197318
288.2910452
312.5982975
319.4257214
310.518324
306.0821573
284.5193434
302.5551099
297.3950692
266.3775014
280.317566
283.998018
268.322556
272.681928
293.3988086
289.1567812
286.5033737
266.2195056
264.7341721
314.0154992
302.3971313
278.6033164
287.8868334
309.531489
302.8180468
308.1266373
330.0297369
306.221132
296.5169434
298.4105181
296.6603591
306.9107567
294.4282596
312.3072041
311.2872248
320.5967742
303.4177726
334.253029
319.926433
283.23655
306.5417062
336.9504226
330.8253198
305.5878646
317.9147081
292.4923334
316.7788243
319.8328183
340.2844563
342.3808856
324.2606195
324.3803638
302.0049138
294.2936246
285.1668611
287.3120777
303.5972498
294.8939742
296.8546652
309.5667044
331.6443452
355.0673971
343.0732543
331.0812315
316.0934924
295.7498522
298.0154174
303.6163281
301.3211557
290.8088044
280.6751521
301.4653643
301.0157901
306.3753457
311.2945991
318.6980989
292.1777284
283.7866899
292.7543022
319.7553571
312.9809732
294.5410889
316.3796928
261.5862195
279.3825227
278.3699691
266.4894611
262.1441961
263.3528497
249.8157979
268.8287465
302.2255443
317.091094
303.8285472
273.8710339
270.1244984
277.004205
316.2511493
317.1308674
337.2209483
289.5887046
290.5158807
303.7907827
350.4895582
313.7153489
301.9350668
317.4263892
295.3867014
278.4875523
289.5126136
306.6518226
320.3583589
326.3431664
329.1471707
309.4389233
325.1359667
335.6494002
342.7326574
372.4736512
290.3615863
285.4504553
267.8659163
278.2927874
258.3976045
288.5470585
284.0687144
302.3438806
306.4541666
297.9341523
301.9611475
317.9670762
290.43992
293.469162
302.8220031
310.9378461
305.2385768
285.9975183
264.5268974
283.4642612
279.6122448
256.3939203
280.8329378
278.8561964
295.731105
310.2009838
295.2635812
295.2552401
298.7440118
275.9379662
305.6427406
292.5265562
282.6181684
291.7747698
318.1103205
314.6658663
318.1084906
286.4946141
287.5236519
284.7865884
284.4135681
275.5786421
249.528358
255.1619676
276.6254227
275.7788921
281.6590387
286.9517968
319.4662824
336.5168828
315.5396856
324.6586531
321.1123048
294.401361
270.2711044
281.430926
319.5995676
298.9808954
317.3975311
295.6423513
288.8824636
291.1378812
273.46828
249.5067399
263.9402423
273.7504745
286.8403351
282.2512101
305.8163464
318.1987075
349.2189132
312.2383417
299.8561267
322.0308504
368.5312692
294.0660773
270.5271328
271.7461967
265.5861541
299.7389276
291.2045877
307.5697104
323.2829881
312.3677487
305.6029915
328.3596085
317.2294959
335.5578712
330.1578614
308.2018076
289.9752163
326.6616145
310.44335
297.7519381
276.5548821
293.057498
299.0260412
286.1563953
297.1542969
273.571763
340.1681952
338.60467
309.1514326
304.4687979
297.6909518
296.9398682
289.7396268
314.5087893
303.7550597
318.9471811
325.5864706
286.0727719
274.4380865
244.2498311
254.6822759
270.9354493
307.5144886
327.6573433
338.7254725
334.4966734
327.2140221
297.9668238
303.3594798
324.5705024
299.8265851
310.4137646
307.4308886
315.3507837
287.2498295
314.5349759
319.1619936
296.2488329
299.7541521
301.1762806
311.5327126
280.177143
252.5863709
258.5938506
287.8087433
306.979399
267.1076591
277.9716811
278.3597992
300.8426628
329.4098638
310.8074853
289.3826573
307.2162108
299.4726888
310.4420489
303.8465497
320.9822439
297.4784569
297.4979956
295.3164917
293.0068611
283.2801981
285.937246
266.3229044
288.4701663
291.0420814
280.8155364
311.0527185
301.5976283
298.7662572
290.1634312
278.5294182
298.6608154
276.602538
261.8607113
284.6289039
313.3048874
369.2010624
343.5576611
311.1407574
293.8166067
312.2673821
296.3480156
325.8967375
313.9588698
307.929764
319.850546
303.7769799
305.6199756
316.010713
282.5499686
274.4417899
272.8069303
270.6950456
279.0547791
302.6039416
305.159462
301.1448994
288.8530373
288.7780774
314.8038272
305.1118081
295.9655866
288.5220005
278.4733915
292.0930247
291.8738242
265.1834766
275.9876795
276.1545643
280.9751083
274.843395
276.0649347
272.5832354
301.5498654
314.4351015
329.4276588
313.7682794
298.3237622
299.9927735
303.1450743
299.6890636
297.2748701
291.1456248
312.6666131
336.3120567
314.0270539
312.9080682
308.8377933
291.5258479
287.7665776
273.7236282
296.0234535
342.8828621
334.8364184
323.3102199
332.2898635
336.0950758
309.9144439
306.6688854
284.825019
269.8841884
319.3036096
319.1499949
341.9232592
304.7603601
299.1448945
282.6998105
289.4188936
304.8543185
289.618985
297.5906019
265.4884252
293.5478067
313.9801887
305.0698079
274.9039961
285.5995135
276.9185056
271.6804192
293.5883844
281.7920836
287.9905062
294.1872316
289.8065477
256.3181066
281.1027623
293.6883456
315.4283208
300.501763
281.5798223
291.2060453
262.8724127
252.8827215
240.8124843
263.1191947
278.2576146
273.9164735
278.0526655
269.292351
255.7339963
277.3531625
279.8624014
279.4846227
251.5367366
301.1856463
292.9442072
283.4508473
249.4390236
256.1313514
273.9869824
302.3852975
311.5123148
285.9530015
289.0294396
283.5649564
293.1500051
272.2430956
289.0267483
307.9287221
308.6651805
278.6385665
296.3962656
284.0004108
275.3444111
258.9011293
289.2693998
287.6676237
303.0786844
285.4082921
281.7125725
259.3642597
265.5939571
274.4279019
276.886912
257.3586146
262.2112529
273.8021507
271.3091753
270.5645956
293.5377205
268.6489545
278.8663366
297.0030642
251.5183952
267.0975337
279.73178
301.0919318
298.4600103
279.5464922
281.7071075
281.7154388
251.8963972
260.0439598
274.5208499
297.0643447
319.0018986
327.7062464
345.3076881
353.2748706
349.6449866
346.6655644
341.4710965
311.4734872
286.3082065
321.1448621
333.0304516
311.1036654
317.1214153
303.2274911
325.429803
314.5604517
313.2917032
295.6763458
332.9365889
313.399167
326.812395
305.6083042
305.3411484
321.8405974
326.3678729
335.6701222
321.2204132
303.2166172
337.8070336
281.5898235
272.3059151
306.575163
308.9899242
269.4212482
283.4909748
309.0722161
321.1206163
319.7286048
298.5954186
296.5088203
302.0674609
304.875569
321.2569441
296.2747021
295.0814308
311.9672328
327.0708152
309.604678
283.8311649
305.5740742
301.8710623
281.6044726
300.5351886
317.3883466
312.4451756
280.6872763
298.4414362
290.4921616
306.8885497
280.643125
291.2197601
307.8497328
265.810574
278.194659
299.0100834
285.5688717
242.9787575
253.5419878
268.0165773
307.7025865
304.3435436
310.3510945
296.9990798
333.8930234
321.9131777
317.6221178
258.8505188
277.4433169
300.2815451
301.3829045
288.2974668
285.7343931
304.7814373
304.2601659
313.5245293
341.5820406
336.8795383
329.007033
311.5481068
313.1395019
334.0763357
328.9858241
305.7573171
328.0593746
318.8169774
326.8743533
343.3563482
348.2122165
333.5572059
337.1257563
355.1530751
349.732867
319.3622267
319.8155997
337.128589
333.9042506
314.2860068
289.6993368
307.7571233
302.3259068
321.9541726
304.9755423
336.3109742
320.6947846
310.6983819
314.0257058
327.5125348
307.7259263
292.9052452
304.3693941
331.8377726
312.7364991
316.9686572
323.9843487
323.4294597
321.5549211
347.3541103
344.3262477
310.0372762
284.6166038
265.0250296
297.1627271
314.7798928
303.8470387
330.5263769
324.5398832
295.076653
298.2432884
296.9963243
288.7053118
313.2040443
322.9380401
328.3112073
328.0349657
296.6812095
326.0900909
297.4644037
302.8521518
295.4107116
298.0319562
309.1538718
301.1160182
300.3278038
292.3647019
278.3520721
271.1694321
263.3921647
271.3244029
289.0690542
295.9665895
317.2466228
306.6809291
308.8644869
283.0806682
268.6750187
262.5613651
280.2021599
285.8486653
300.0971904
298.3317985
286.8213176
278.9936978
275.2677972
287.6117696
284.0155942
299.8498217
293.3123427
283.5060604
283.7640918
288.8763898
299.707905
313.7693361
294.3253445
290.4235487
275.1594534
289.2022783
282.9233534
280.208667
290.7272684
278.8581397
306.8940921
336.8902553
298.2499529
279.9916958
269.4975125
277.6962461
298.6928065
289.3331136
272.6673534
288.4896058
279.1702
265.7681662
264.91016
255.3508598
246.5657724
267.1222019
295.6827354
284.9607063
265.2020998
288.1149788
275.4143663
287.5982949
300.7432502
288.8450888
293.0550395
314.5747933
322.464476
277.2272329
291.2839325
282.8681844
282.9131138
289.2546486
287.9702652
291.0462677
287.5354361
279.2773291
261.902342
288.4230716
286.9504441
305.7735012
299.6881195
308.7749272
298.0816597
302.9368003
312.9062974
295.321079
317.2250277
298.2701358
289.5238065
283.7270489
271.6253463
298.3594202
280.5324316
298.7256707
285.959165
301.473804
305.4385716
287.1667377
300.9814058
274.6072679
255.8047758
276.2869184
296.7432761
275.3219052
303.0729665
298.5722691
277.3005516
277.3383748
278.3721964
250.8052233
244.5312688
277.8504833
280.1872347
290.2116698
306.1982482
302.7068219
299.6809687
312.8225065
285.6853294
276.1643038
289.8193697
270.0416142
259.3352965
265.308741
266.8163275
251.6567456
256.1627962
254.8358974
236.4115578
251.5583181
254.2126116
248.7021996
267.2240146
288.2437964
311.2504561
330.6958553
319.5778226
313.2152303
294.4990494
329.0091916
309.3452425
285.2618123
299.8141405
289.9603446
331.2550717
325.301612
311.5833912
307.6985174
325.5571092
315.8129447
324.1871401
312.7317411
301.4873043
279.7936315
300.7918576
318.1831766
323.0118003
304.3557609
323.3006218
317.810082
319.7532005
348.7929807
341.3794458
348.382077
311.2700672
304.5581461
296.0240539
280.663639
286.7745668
306.022324
312.9291084
324.3993752
322.9480163
310.1713055
339.0282794
334.993218
335.1362977
327.4957289
304.0989345
277.3550107
302.2596088
298.2929203
308.8301396
282.8707945
267.8705767
266.4024135
321.3887102
333.0250269
329.5868683
316.7837071
246.3630438
251.3446116
272.1810936
314.9561511
345.3485453
310.2363489
320.7675355
312.4913554
325.83248
293.4069196
274.8902128
291.9865645
298.3293307
303.372817
302.5086804
308.2268075
295.2538787
273.9716987
296.139073
278.147008
315.9309357
296.7948673
342.5662601
318.1460668
299.3915277
293.1414409
293.6931353
322.9730033
297.805698
296.1080252
282.2021299
268.1618149
272.2307411
285.2519479
302.6991329
321.6487446
300.1114557
288.9722439
298.1588911
286.3010857
306.9325469
274.5364346
281.1981555
283.6051216
287.9948029
271.0956696
280.9326471
274.981801
261.0753269
309.1532581
317.2277659
355.1978676
336.8807016
344.2086327
362.3238571
358.7943182
337.4864479
299.1398484
282.1482069
283.3691209
287.3451446
301.7206644
305.1022878
303.9335689
305.6588279
301.2357863
326.3003587
320.6404698
312.2994027
313.1913817
318.8891434
355.6706999
367.6068819
353.9156218
348.6386827
330.9133564
288.960247
273.3610202
294.7079791
303.7227368
297.4849174
310.2875855
310.0305631
311.5158772
302.7239407
290.5578058
310.1928371
347.4653887
320.2811216
338.236373
320.736206
279.7009943
263.4780826
262.4272654
287.0287399
292.9414749
300.880876
334.7064847
344.9457289
340.528489
318.5599286
298.1134613
310.5797863
321.3097289
315.8165018
313.5918141
316.2114412
327.2407336
333.6646176
283.6858366
298.5156359
294.6902421
328.5651181
345.1853077
341.5206679
354.026624
340.277755
315.8639048
306.5419073
299.4789419
278.3046673
270.7851332
284.2402237
308.6141398
323.6270245
323.036483
324.9786119
312.4319082
313.7199566
294.6777975
293.0740073
287.6304169
270.8953188
282.40275
275.1449743
288.2823805
279.8346709
305.7743883
296.6633651
313.363478
326.4073708
307.0471569
316.9152539
315.0469496
301.3420315
297.8416192
320.6426052
300.8646727
304.0706111
302.444469
307.1857286
279.8038683
284.6615658
282.4110367
283.0332728
297.6152948
287.961898
307.1668177
301.6169443
309.9130434
306.5070006
292.8284679
300.7551756
306.9579251
291.8333621
284.0345283
294.0857601
299.5458163
295.3836943
300.3350626
289.0984714
291.0548415
276.1143743
294.9046762
309.5334189
318.3252167
316.573653
297.7700963
324.6269695
292.4863882
293.0211708
302.6159862
295.4494403
283.9740032
285.8393865
291.0088232
273.2977852
299.7220511
291.9860477
252.5727967
265.4520864
285.2596387
313.2297518
319.4712643
298.6199225
287.4270042
281.5496223
279.0080462
305.6323818
328.4557913
297.1711144
315.7787291
317.6053455
298.7927719
285.8794861
291.5764936
274.8010919
283.7889487
268.5138394
304.7141846
300.084272
309.1473824
296.6862429
306.826671
289.3704437
316.7102812
273.4181364
276.0106035
286.6087574
286.0777146
291.8240134
292.2267714
279.3026586
279.8918305
303.3886155
353.4177442
350.7617415
347.3748096
356.4662584
319.6036449
330.0308181
293.4340713
292.504932
308.4636821
299.651084
296.8778295
297.1876846
320.5820786
297.559256
322.1793245
314.8098338
309.3391288
323.3717799
334.4519562
314.3512171
274.4906297
278.5710817
299.8437614
321.7019462
319.1913909
280.2935894
312.5612481
319.5101501
296.8053641
306.7283963
318.0691888
332.0672971
327.1112665
306.5171239
298.3851983
297.9514999
281.1390874
277.1903151
284.367725
277.8781285
286.3128946
270.2543847
290.244261
301.6665423
257.3687012
290.2667368
279.0669489
286.339935
281.4472848
311.0265365
319.1679035
326.9878574
331.8786502
302.504364
351.1233256
342.9764947
344.3946133
341.1533814
311.0598359
299.0174674
271.3570656
313.3447165
322.5183805
308.8395358
357.133236
305.5473596
313.1754592
327.8113208
283.2725214
272.4293703
261.159217
267.5285908
284.7273455
266.2058043
264.2484862
276.5437328
262.5984126
282.0295084
260.4498651
270.7914547
279.8062218
284.3316884
321.27551
340.248098
344.1162048
329.6044186
307.576398
321.8725494
305.8733576
305.2987589
302.3964404
310.9140271
307.5435714
310.7918859
336.955342
337.5028318
335.0406433
318.1220932
306.761285
298.5710313
302.5057716
290.2627225
301.8568422
316.1629779
355.9228247
331.1184254
281.8614179
304.5247503
325.7646679
346.1892995
346.3159662
343.5688174
327.1839629
314.1230879
306.6438425
299.8452095
287.6139591
258.3423306
272.776209
281.0717946
306.2271493
296.1033616
301.2664168
319.1578053
266.7031159
293.179859
291.2843321
281.893825
295.2136979
283.141965
297.7099879
304.8533874
288.3183673
267.6687002
267.1304177
272.9644727
289.0673232
315.1171795
313.3084317
287.7366059
294.3247513
252.7773141
276.7031566
294.3282985
277.0545804
298.0461056
296.0046195
305.5644062
318.1081807
302.5324943
278.1721301
298.5043327
298.359339
297.2437895
323.392048
311.1500811
325.0659027
323.0933895
283.7408281
280.2788234
312.775115
294.8848816
285.8430048
291.2891093
286.1216974
289.9399205
304.6687944
315.4635843
334.1411378
328.6510185
335.196386
336.0024182
326.6050743
297.5909735
272.9803992
288.0995761
246.9208932
258.6672458
300.6241744
319.4652533
326.510196
326.9236803
318.197041
284.221932
281.3581729
287.7198345
283.744692
296.3468718
301.1752672
289.5239941
288.5611733
287.7645901
280.7984526
286.6663299
281.6846527
284.5160286
301.9364263
277.4114412
247.729685
240.0344406
260.6376442
268.9741633
272.6018199
280.0940939
305.3245086
272.3508016
281.8816212
263.8396324
276.1157584
318.4941184
288.1872573
292.0500964
290.259609
280.5453855
312.6811719
320.735482
311.4441433
323.7457015
299.121912
284.1613604
310.7691468
302.1323262
303.9594462
299.6583014
311.7650657
314.9763655
310.3631093
275.1364965
292.6139383
290.1247449
298.9535168
320.3805442
308.8074549
304.6395758
283.6232129
253.7149921
298.7953389
320.7453801
293.74439
304.0059375
273.4340237
299.2950004
289.3173481
284.379857
307.3048607
279.046014
291.6689541
315.3878522
299.0776611
284.7277239
285.1825626
268.8155215
265.3526725
274.5477475
279.1470634
288.6473769
296.3064165
296.1045989
284.7420693
332.9620182
331.0380634
331.1523999
314.7922538
311.8246168
316.559818
319.1774057
319.8015022
329.1742552
325.9005336
323.6144511
287.4817708
289.4823638
306.2900751
310.9613549
309.9920254
323.6646404
317.5735515
295.8467527
306.8891398
279.4542422
293.1147534
280.1586128
261.1422157
295.4051783
274.1712379
257.5540714
286.7601446
251.8932207
269.7790212
288.9664081
305.0489401
290.9137711
277.2370312
278.0351258
286.7483202
284.9150055
278.7538205
270.4965521
315.8909253
297.8965614
265.743755
271.0374692
261.7843406
252.1108807
284.717736
314.6824417
332.2736497
311.5184836
301.8140661
318.2815773
306.2842342
292.4509934
291.7658177
290.0111001
264.8130258
271.7144788
294.4945788
288.2365515
286.5018017
263.5449191
254.1088031
280.8032993
311.0930906
297.5915873
313.1366688
320.1236153
314.8869694
311.2519541
290.4758909
271.6018717
259.4935876
281.3420363
273.6768912
291.4607339
288.4804163
273.6063791
280.695852
297.2960967
274.6928099
277.8690239
310.9818462
334.8197844
317.5889343
321.9821528
303.3553788
306.5107051
289.5177192
305.8946695
303.3494434
267.3599031
257.8144707
259.8052064
276.3104783
286.0066393
280.7501829
304.2606259
296.102169
283.89446
287.2010387
291.4507152
315.7805115
292.6663254
290.2508124
288.5148969
312.1565663
310.3434943
306.5967463
322.8528578
354.9246036
337.7085949
296.5027785
278.1495758
280.8296583
319.1915672
320.7537973
311.8505019
308.8740137
301.3221128
288.2633026
278.0094035
271.0084126
313.6549066
304.0362407
323.8911076
301.7944799
313.5315994
318.9555632
281.3347155
272.9088005
286.4426769
279.9260832
268.8667395
244.0537413
257.4735995
279.9430563
319.0532367
312.18949
316.5109003
310.480292
304.9721728
303.6053012
260.9125895
256.6933889
293.4120749
315.4407115
295.6711255
314.8468254
301.7065956
275.3818702
281.5583656
277.0411114
277.9837825
287.0718076
279.9769522
265.6717235
271.5523492
295.2528877
284.4088137
293.6810692
303.3795784
297.5855231
280.9193416
295.9833136
287.3525822
309.9724203
327.8100979
342.5454673
345.869525
328.6125799
317.7649161
293.4441965
302.6803206
324.1651747
339.8948058
363.6731069
361.5008597
362.8193393
353.5877828
319.7836261
357.4099529
359.3354457
360.383775
381.9845788
346.0621192
292.5304465
294.5871697
286.1420038
288.4884491
279.0399905
320.1432155
318.8319454
313.00184
307.614396
339.7173375
307.3553569
314.399399
299.5376148
287.0084439
289.385741
263.4132925
273.8461441
313.4587765
302.8812945
299.5271138
309.9530031
295.3194738
289.0652744
295.8856154
308.4941846
317.1279579
336.1110369
336.7123285
343.2223073
349.350746
339.6128715
317.3022501
293.7815543
303.5866124
284.59689
303.849827
264.0074003
276.7160377
277.8424342
275.6649746
283.7500032
303.6946968
288.913152
270.1250415
283.8569926
293.862333
294.9189158
319.8974388
307.2467844
287.3225191
303.421019
312.5775844
324.351688
312.7469255
314.4084169
299.9261026
288.7432812
288.8599737
306.5724732
286.9935917
295.1776684
294.9663714
309.2996463
294.3622088
295.1651447
286.9823223
273.467751
249.9028868
259.1933671
257.4199874
258.2937498
265.2630523
228.8967534
246.8731653
259.8571112
262.1849018
296.6822259
312.1250006
304.9866365
301.0273448
315.88745
319.4735774
305.3488061
300.8029863
296.8767825
280.2929948
287.7535752
289.3530016
283.1333794
295.5833679
288.9486395
292.5050364
282.0771491
274.1981702
295.4254642
316.0186292
301.1148392
308.1467693
294.2511287
276.0073393
305.7590674
321.6194117
348.586119
355.1825354
319.7443135
296.6635109
284.666434
248.9111889
288.8904723
288.9500981
322.2553505
309.5463277
279.6804301
288.6747429
292.2576249
294.4310451
295.7958439
291.4937911
288.281496
298.3232842
318.2937008
309.3312873
281.5603898
270.2889302
293.8302947
296.337474
306.0653575
316.9878478
292.9854431
260.7006026
274.2265153
294.8893129
289.3364863
285.3921572
279.6762954
294.8894359
284.2186937
299.3282271
317.8316391
304.651877
298.6972799
297.8612424
301.7050845
332.7177153
306.7618572
300.6002238
275.4998161
285.3789763
285.7613991
308.1154109
305.1155989
279.1580854
281.4707494
250.3107165
286.6334276
331.9791458
330.4441255
302.5024493
317.5214346
292.0733459
261.249812
304.5605197
292.1110712
279.8056432
285.0457542
304.6053763
300.2593499
278.7425091
269.015642
297.6463767
286.1057312
286.1203415
291.8278692
310.6002559
276.4633099
295.3200944
294.2053726
298.8729478
277.2031262
263.3548566
287.13154
287.4609529
275.8249465
285.5785658
292.7736642
288.3881933
305.3389964
322.7456591
316.3912229
304.0882747
316.1645284
321.5121429
292.6156028
276.1095244
291.4141974
276.8500135
264.7846935
287.5868422
269.5178333
277.5589063
291.4109578
270.3063006
265.3869529
266.124047
278.1689441
274.701783
295.7261492
272.0398769
287.9854748
300.9290729
321.4889522
332.9566159
336.2522731
336.2954988
317.3865803
317.4386305
296.8269258
263.047205
267.1160268
281.5087088
243.7880589
258.9764038
262.2230393
261.8358839
261.664809
286.6889122
272.2431699
267.8822862
269.8991256
247.9252764
282.6424747
273.9493276
266.1826369
293.3627349
293.0348871
267.9403006
296.8524965
302.2303531
279.4874415
242.3757359
251.0847234
268.2563298
303.2960845
305.2539088
296.6950654
307.3377239
316.96498
319.7872533
312.9774627
310.2235851
288.1184919
265.4332347
259.5593937
291.6519701
300.5755757
301.1668691
296.4503765
330.30403
360.9172061
301.492278
295.7415347
287.5092751
289.8515889
299.6999715
286.2440207
320.1233626
313.0485647
313.2380262
297.5899192
296.2604469
300.9557447
287.5976188
321.5884368
361.9909308
345.9970249
322.7677618
306.5395771
298.1727352
305.5380822
280.6289116
284.2873818
302.5193251
297.4353235
266.8326392
293.3079287
295.8245886
294.7501315
292.0408438
284.9924409
303.2250933
303.6754773
291.2485846
267.536329
270.6891664
274.4822199
286.3956761
307.4791285
320.7269516
294.3956914
267.5006794
326.5390378
318.0379699
320.2808277
316.4225321
308.1970567
280.5543803
300.1025199
300.2268408
295.7243112
290.8703522
314.9627036
311.7585781
321.7724999
314.8625844
336.4417202
333.8417558
317.1410322
320.6493105
314.4003665
335.8414457
315.3959768
330.3026725
325.6551805
296.3529502
318.7231538
317.3578519
320.6486333
305.6258203
317.1110818
338.2363374
317.252897
310.9125082
301.0950814
309.5418206
318.4487061
308.6090598
320.3281778
298.5074053
288.9195242
302.6202636
303.7786179
295.4695698
334.3224814
323.7410071
311.0115858
319.3951307
297.6691901
302.782827
306.4555276
295.5692163
304.1311805
289.865523
330.4462943
299.2260727
310.8439527
266.6429259
287.6545661
285.0076536
274.9472593
298.855018
335.5727879
322.0057263
323.3514214
321.3285392
296.0291368
282.0447266
285.7062464
282.4973687
281.5392413
305.6836562
306.6385459
313.7442858
301.7781545
315.348395
295.8130542
325.8279603
347.3174905
312.18616
299.6466172
296.1758857
308.0199662
304.4737179
283.8048851
295.4260475
289.5284898
286.838649
271.7562966
279.4208071
313.1437823
304.2580445
298.929463
286.7432063
319.4750751
306.8782975
291.2026797
270.5976328
262.881519
290.1593682
298.4859407
312.391616
303.040259
302.5837629
294.7543463
307.203219
316.0756369
293.1324874
319.4134172
300.4549593
299.152735
291.2848021
293.847845
282.5505345
266.332608
287.7877336
307.1012424
297.8292379
294.3231384
272.4290777
295.1526973
306.2974036
315.9480019
315.8382882
294.3854068
303.4252673
301.1061611
303.3163436
307.3810306
327.836815
329.7704259
329.3834119
305.5348891
331.6826887
341.1523035
344.3203978
313.3249718
300.0646561
296.0047429
297.0863211
325.5962198
325.3880716
272.8480148
281.2056793
307.188691
299.7643683
312.1681114
341.0887331
317.9369074
327.7859178
312.594533
332.6731283
331.3172935
288.9450729
290.1923259
300.6607486
292.8203084
292.3019827
288.0921595
292.1980286
277.6771386
273.7189297
306.9447047
324.5814905
294.2942831
297.2457373
308.364876
325.6955574
308.4795872
297.8053794
305.346831
278.9747114
295.9156032
296.2758131
288.4711879
316.3031845
323.7675426
296.4569527
282.4148406
276.282773
289.6853848
301.5264353
323.3039289
303.5855259
295.735516
280.0587082
247.5031996
254.4052421
265.7329672
285.2466383
308.0259465
300.0816361
288.162509
274.4044721
265.1477417
271.8785148
258.097536
271.0304705
276.295407
306.0369894
342.3552309
357.550763
283.7815414
270.669162
249.068105
275.7537007
270.1229293
281.3810646
299.1030638
282.88036
292.323733
292.8982689
288.7662032
305.9787178
296.119121
316.3045976
308.6490554
296.2718652
297.295882
289.750344
278.2710154
269.9113743
297.9240467
314.0549938
335.3451511
307.6541728
295.8899822
271.3350453
305.8956973
299.2892331
272.5526621
299.8798228
302.2835316
307.4187006
311.0863789
320.6024508
308.4473799
258.5891168
278.9759911
266.5753927
277.4962946
294.6711437
309.7275926
284.9709279
285.1298521
287.1609419
296.1796792
297.1404526
296.6224002
305.505975
308.9267002
311.2283989
319.385135
310.4193479
289.5913636
283.6157027
290.6374651
302.9526859
275.8908863
263.683438
310.6843233
323.4043943
292.2112113
271.6430077
245.4052707
248.5065941
254.6271334
274.8456993
312.9853822
321.9318929
318.098518
291.6349177
297.3737045
285.036153
282.1615228
278.8879994
312.1955469
339.0740813
360.0378426
342.540784
287.2199326
313.0677211
276.8887073
273.4140806
273.4136724
300.8210252
320.2292651
318.8568285
296.1909524
325.6632392
337.9129734
295.3114269
298.111942
317.3812671
377.8778959
348.0081274
342.4005246
333.6413529
324.0881781
308.2579717
304.6444865
309.1813793
318.7982722
294.1630905
290.75559
317.7577807
305.5782921
283.0019293
295.1283374
274.8698836
279.3628029
290.8116156
304.4521705
309.6743841
323.3636507
325.0874547
313.673166
306.7737217
311.4144208
301.6934821
296.9293287
332.0461675
291.8901058
334.5567508
343.1846616
345.6534607
350.2466722
338.3632898
295.3334324
298.8651528
305.8516408
300.4395927
284.2374943
289.2999317
276.6309328
270.9151196
265.7846599
277.1218538
293.3138939
304.01426
312.9232017
288.845506
328.4997294
288.911901
294.3824807
324.2781408
326.5957156
326.277119
313.9207283
308.5026538
309.4201208
271.7851722
270.7651833
266.132832
302.3538665
303.788055
298.3036169
298.9185633
294.4859578
284.5384194
292.5679076
312.2174893
264.8655558
288.4157066
285.9945979
269.2141682
286.7702474
268.1649517
272.5032246
265.3100669
273.3827366
267.934302
286.8489943
300.4882023
280.9816474
273.0089789
285.2875819
304.8856809
315.0751642
333.3534488
314.7110926
281.5104779
308.9403142
290.61769
273.7806626
300.5780052
312.2053295
320.8431623
286.8080017
287.1700081
287.4737057
316.0195894
324.2960161
319.0805423
316.2519605
310.1906644
294.6154045
314.1465289
311.2806079
313.3121975
309.1624705
317.4409745
272.6516488
278.4744671
297.353209
310.1745095
320.2739971
304.4468403
298.5431179
268.911
271.9916921
278.2585899
289.3379474
292.8602553
280.1074921
263.2643779
266.9782073
270.6233538
274.9808529
275.9598134
279.035417
265.7046749
304.4618047
297.0456961
318.6946395
290.3943341
297.7056079
289.9388677
282.2484882
302.6449031
279.886485
286.8273502
312.1939912
324.7693057
301.0533629
310.86115
312.3694634
295.2499735
305.6058449
319.9688323
289.1973504
296.926518
314.7872818
306.9613969
287.9269814
294.0951855
285.8770109
287.8912744
287.3796846
289.1735147
317.2087773
317.3694786
290.1726708
299.2674974
275.3780199
272.6058854
262.1262444
271.6081013
255.0806294
257.6042659
271.256202
274.9866569
296.5915515
298.7430106
311.1216292
330.1453174
322.8925364
293.1377964
329.5813307
324.4767751
294.9543235
291.6893378
285.9274182
259.3605239
285.4048047
302.3176537
316.2129598
319.6415708
321.4128295
278.366348
283.1548981
289.3835474
302.2715039
278.3115371
295.1785361
278.4036203
283.947936
322.5148338
343.5533119
311.8257291
280.0300163
297.3444585
306.0212969
327.9456841
328.3549989
300.0977151
291.3552672
308.5950132
305.1865703
297.3595048
301.8084756
299.4553645
259.7530328
269.2537314
283.3716376
289.0326773
270.2262498
272.6955279
280.4354646
323.655245
334.7530684
299.5027952
324.5642428
324.8728531
308.8473736
293.6702041
311.7802544
284.6872634
290.0812939
275.8059891
283.2366478
278.9568568
306.8122262
290.4709011
299.3128094
290.7218993
304.6449379
311.5076442
297.0879418
290.047876
307.4993421
322.3148852
315.6216859
304.9675121
317.3473297
312.2999478
302.2708371
304.1648923
340.8499693
324.7801283
320.2771975
305.1302509
255.2338385
282.7878225
297.6505624
327.9699461
310.2126377
300.526675
333.3189406
303.0290905
305.5430667
352.8960451
349.4970083
325.3426894
299.0600723
314.5918478
299.0047761
303.7029871
288.8224922
293.6953922
285.7888989
260.5738749
301.498183
301.132158
300.3823048
316.2607358
321.4423069
291.2700256
301.319716
327.0740518
322.7490341
291.0855848
254.2497393
280.6863784
279.6617805
288.3190591
272.1953406
295.342544
321.9914143
335.0987217
311.3434474
287.6487285
290.7549632
306.9839588
282.9901415
280.1018187
284.9779346
278.8469734
287.0993227
295.0349243
268.7567164
310.6865699
362.4589474
334.9341297
338.480689
282.3351754
293.8503637
290.2969617
303.6738336
275.2892477
297.094599
299.9596812
291.9588298
288.6285342
291.3305734
293.1229249
294.3000328
302.8744433
296.2257427
274.1720633
281.3994982
293.8414315
282.7020949
298.1395894
288.6703869
314.7200799
325.597904
287.0501947
295.3554771
291.4484889
309.9952229
310.7134938
294.2018712
297.9241229
291.3758227
290.1895702
329.0746507
338.0249276
311.57432
313.8358195
321.7247408
293.8551093
277.347093
266.7719428
277.9371426
318.0879522
308.961758
288.9657747
278.7506544
300.094045
319.63698
300.8924086
285.3412812
280.4244058
283.011167
275.0815363
242.9514973
249.0526676
268.8921922
286.1080095
293.5219234
296.6161437
309.1725902
273.6702047
251.1479523
260.9271988
245.9451269
273.8420021
291.6116011
310.8751693
305.5488327
289.4524359
304.9066649
294.1834877
272.1295455
276.7570637
295.673565
287.3057711
303.2571982
273.8451141
242.9610604
248.0659476
249.3700636
294.148439
283.3781648
270.3043114
269.5315398
267.2705353
285.3345085
277.7072432
304.7288741
342.7910556
291.4224581
279.1868663
270.5506969
261.4224832
259.1131607
289.4260098
268.8363776
279.6150855
282.3022023
296.1921007
274.577632
286.762098
293.9879459
289.7801818
297.4015345
307.4007279
285.2620738
287.8737956
301.9171544
303.1847766
294.3716188
291.6453904
287.3134174
283.7249472
274.6756914
251.5373735
274.7882897
306.8652693
297.4708278
275.3845834
265.5548154
272.9103996
296.7849926
276.7655245
290.3513716
305.9355522
318.366617
317.0340656
319.7819913
319.6954694
333.6013376
304.4894944
280.9930973
278.7896785
271.1342239
279.6781098
330.5623388
316.4469446
335.5722848
315.4987304
303.8925684
288.7114673
295.0204901
299.8053583
276.4813526
287.7294173
292.7439434
307.2792767
306.9936417
302.2752393
282.5636716
285.0705314
305.0859475
318.794154
345.9443391
340.4410104
324.662789
314.2827548
278.9642638
233.3261865
242.6215204
262.9849091
265.052094
279.8025434
290.1678391
311.4929807
306.5677999
305.668704
319.5898616
296.9992331
255.4910092
287.5517928
305.9478972
308.7975347
308.346882
310.3395049
341.2801681
300.088757
301.3646052
300.8744929
295.1534449
285.9202404
293.8227534
298.4920696
292.0947521
284.7986307
289.6176715
282.6972533
286.5734741
282.0101479
302.292346
331.2168387
310.9481989
264.2345881
268.2616083
274.6503608
257.4639994
279.7649583
300.5221721
292.260904
309.6031667
315.7023747
313.812553
299.7924139
305.332246
283.8900888
297.7371414
286.3756836
288.5463571
293.0769222
286.1146577
290.2985275
303.071271
322.4556425
359.6408079
340.4155631
311.4372621
301.001509
308.6788952
306.1035521
290.4733194
307.6872482
310.8918573
325.9814927
315.560608
305.5109906
300.9293355
301.0813615
281.1672526
291.4416158
320.1385861
316.8357128
326.7861317
318.7679207
291.4729764
297.5547684
295.818563
303.243789
312.3506284
302.2297227
290.2816755
285.0789358
297.755305
316.1296182
307.4051251
286.5607499
293.5321123
293.4072311
319.261193
307.1191615
330.6819434
319.493806
296.064246
282.0895345
303.5200574
291.7942994
306.2999901
288.2828815
280.7076823
286.8474618
310.878096
314.1729299
344.4824621
319.4919217
312.1621742
305.1920961
278.3900614
288.1326766
288.0787258
312.5979027
318.7920276
319.6028102
323.3451366
334.7812009
345.3678904
344.9768975
293.7550126
300.6512369
304.1722321
297.5062049
288.5899406
320.9795625
327.9876418
317.2292807
303.3396796
307.543662
304.060558
304.7808612
298.0963861
314.9047225
282.0026217
313.7553672
316.5398547
311.2307484
300.2278843
319.8261717
351.6524974
320.7326012
326.0760564
324.7361868
293.0958806
261.1181126
271.2949228
262.6069028
278.7727441
291.5175261
287.7114771
326.1336952
318.6647189
291.5885344
346.0475202
324.2960614
305.5864468
304.9931866
304.0267786
319.9608079
295.7860175
309.3241617
319.9975865
320.5910995
313.0599462
305.4849471
295.4082695
329.5655402
308.7888923
295.539678
301.0234532
324.4217885
324.7213757
314.2017298
323.0372482
290.9593118
305.8641838
304.7802937
287.0601604
313.1004316
321.7586342
342.5212862
348.1230187
378.2424411
352.7029205
354.4804897
330.0188896
291.6849542
279.1391434
301.2567681
298.4445164
282.9968779
279.118835
302.1289011
278.7083548
299.7225493
316.733456
293.8218173
286.0599741
313.5746317
328.0934708
302.7199111
302.8011641
326.3194429
325.1345963
339.2372815
321.0251981
304.0224615
286.0574423
244.7155666
236.6719462
257.2790948
263.788822
253.0037946
285.1571601
278.5096933
255.9756755
267.8733627
300.3758388
308.9975961
319.4319284
291.9065684
283.2518
269.1209261
276.7536287
265.4974512
291.0905535
304.1484203
314.7072784
336.7128817
344.0432134
304.1089987
284.257264
286.9407019
299.9462988
290.6821456
286.4536464
287.4246729
289.4927458
295.165505
268.7978049
284.2893307
276.8776485
246.9973295
254.7707408
241.5837912
255.1118043
276.8703653
267.8051787
268.3025497
276.8176696
305.5469373
289.6767135
294.4535276
300.154647
300.7892899
340.6357202
347.6342507
331.0657396
290.4309455
277.6118467
274.7554086
289.053547
305.5734334
300.0360096
283.6729406
274.5084704
266.0336391
299.9233926
264.2143759
275.0453287
296.4988258
291.4299518
298.7474318
283.3055848
273.6765621
277.1968643
258.3927005
282.160663
275.0273691
321.5443492
302.455523
306.0230838
322.0418768
325.3640092
318.1581005
290.0404172
297.6453285
289.932816
274.8334548
284.8085449
298.6967314
286.4002129
275.2776638
304.5243594
315.317875
285.7711156
288.0389379
304.4989281
311.1225917
282.0451065
298.4269146
297.2645295
314.9135802
316.4161037
288.1360206
299.2282461
305.10328
273.0608978
281.9682064
264.7894309
267.8819322
288.4356127
307.0228796
329.0935225
320.692803
319.6092828
321.3421293
325.9315101
310.0986865
306.7381346
300.089631
311.3118023
301.0125326
264.8576754
281.276004
313.7742993
313.1172701
297.5953684
301.5691636
298.3607129
304.1250629
314.5840943
327.8665584
310.1436587
328.0260356
289.7120266
296.23338
313.7149701
335.4397448
302.2452054
288.1018254
274.159983
271.9135312
297.7380053
321.1834074
302.13809
288.6961578
306.9747757
300.1206361
309.903508
309.2184934
298.9392214
311.8704295
282.5799151
260.0975027
278.6489756
271.1267567
266.8148349
243.3980123
250.4228701
289.3186399
310.0255638
308.6580405
312.6079129
318.3471683
306.57918
303.9286047
307.0781005
304.6926043
280.3474969
277.5386153
272.53152
270.3154064
272.1221859
266.531767
270.4603939
287.7762096
288.025199
292.9388566
287.9323182
308.056786
329.3497314
312.9122506
311.5693019
286.7708124
284.2373391
331.2587417
323.1013328
334.9177831
330.2503014
307.8299103
311.0606033
285.8915294
297.4431204
354.7900116
351.3958055
309.8881904
275.4345475
297.6790486
298.1998672
286.992515
272.4313157
296.5056156
309.3380582
291.4252011
280.1453479
265.497661
257.5292037
303.3235214
316.4619242
310.1282751
293.5059987
284.3789058
300.6047413
290.068845
300.5760017
274.4706297
275.1628292
248.9643981
294.3806739
295.1389111
300.8306565
291.541722
285.3698019
279.0234836
253.0537045
275.5370884
288.8058739
291.5303746
298.7450428
279.8243287
299.075524
302.9602659
292.9195527
315.6916496
316.6945202
317.4170335
297.0638488
296.3016351
286.5990171
296.5777572
304.7569632
297.2989133
274.1383689
285.1902783
321.7150309
318.1172812
298.5420342
302.7083763
307.2113716
291.5722786
316.9691638
310.2985024
320.7729339
325.7039117
296.4890894
297.9082251
286.1003242
312.6532941
294.6365857
282.5533778
266.8418968
265.7852394
292.1048091
297.8259916
271.5998538
284.3491714
295.9234063
294.8093598
297.7058723
314.2023835
314.7193357
312.3138214
295.4428362
308.6262497
320.6737778
340.5373469
353.2400916
332.3697554
320.6404782
312.631648
295.6912695
271.327533
251.6068831
264.3297966
262.2216914
310.0422359
314.7236313
317.9892353
336.1400077
307.4038118
308.5213523
304.9821261
260.2185554
261.7355846
262.4540878
274.0136832
284.9189936
267.5041602
282.3276726
286.6576774
301.3216398
327.2380714
288.9593264
303.7362297
289.8721103
303.6733082
307.5417033
297.486453
295.6403704
275.7279077
278.1057316
276.5923528
282.501998
285.9178743
283.7131766
285.2545883
287.5214294
283.7639952
250.0423514
267.4248701
286.4121542
286.8421492
294.2017236
300.3999065
297.8723028
279.2373799
277.2627357
281.5532051
301.0179777
313.1787235
311.3744042
297.7788365
286.6966759
276.1022879
304.5293924
311.4775014
282.723434
253.7588695
242.3158647
265.929868
269.7573986
264.1647575
235.2976349
233.4951561
243.5767232
265.0972791
311.5851204
331.3259328
323.230707
315.3580219
296.7418411
304.650225
319.8466361
315.8561865
323.0280877
300.1550995
276.1068056
264.5206089
291.0458635
295.8607016
270.3248727
264.2369315
252.7205562
279.1717689
297.1956404
299.3958139
280.0530235
259.4367433
298.3278986
299.0340823
294.2047445
292.3677431
290.6205126
321.0960885
331.1705477
344.0694257
320.6658176
323.9942086
323.1053384
325.1905022
321.407189
316.2258242
299.3612329
269.6956866
293.7095997
305.6922202
291.2555912
300.9671798
286.6247883
267.7031682
247.7653604
245.3543559
293.4095901
309.4730371
269.2581347
282.5511332
302.2045707
298.0754585
308.1374271
294.5327465
273.6742794
286.0684751
334.7488385
343.1897073
345.266547
308.1169968
275.0703048
276.6206276
284.9553718
293.5009776
306.0759046
291.3978983
268.9385162
295.8969927
307.7105397
297.4633862
283.526046
293.5768076
303.6047458
299.0855274
313.9493488
308.8315709
317.8493126
346.2568871
336.2924897
293.3086183
287.0640223
288.9169135
305.8077838
309.8016947
320.6139375
307.4497012
321.9329563
311.3840117
317.296128
326.6321966
282.2172292
287.5624444
279.8588231
297.7237608
286.0104823
298.0699944
295.4086373
274.3943348
290.6236604
293.726709
318.4633886
308.1070809
318.0366927
302.756107
304.6720672
304.7824027
255.080155
280.4082127
292.0183523
264.0890166
250.7735822
288.1586086
269.7739078
261.3481879
292.9211614
284.9631894
261.9425205
243.6152127
259.9808132
270.1705165
278.2692683
279.1225139
242.5813036
262.2150756
261.2817349
251.7469853
250.18456
242.6262599
257.9277634
281.3192558
266.7774072
284.4960237
300.53532
283.8735198
259.5850839
246.4993068
256.7382723
254.1572989
275.3249627
280.7549408
284.8899948
292.8516464
308.8637011
279.7774545
265.8054322
242.626351
294.0507742
292.6245542
281.6315839
274.5859644
270.8860703
274.7234727
303.7863124
297.40837
283.3896322
286.2070914
329.3269866
341.8642865
323.3343848
293.6815532
257.3473395
258.8029682
255.0851524
292.7626425
288.2509661
279.4042883
270.7338227
257.8304059
296.7366133
311.6611524
346.072642
329.2065247
316.4256111
323.1121594
296.2127636
317.8015784
309.6281299
300.6937186
275.3745266
291.9292072
323.8398687
265.3525189
260.4355129
290.1741686
300.4687498
291.3860044
302.4888418
294.3681903
274.9236289
278.3083029
309.2731109
290.4663609
298.7863928
293.9602316
287.0138296
279.411266
277.9834062
300.8587221
299.8348105
280.4804682
279.4567039
281.8010129
274.8336227
274.1359104
287.4104049
280.7030408
272.1224466
269.418341
285.7780064
301.9987484
287.3353632
317.0851953
345.7318501
294.2031669
275.4855153
276.877826
267.7708607
264.9778891
264.5132381
257.3918175
251.2671133
257.9104763
263.9480803
308.5780699
320.04427
295.2350945
323.0907626
311.9780159
306.743005
329.4826057
347.0688143
300.4671716
260.6784355
272.1986491
265.1808215
283.9068066
280.2585938
271.8095454
251.451957
268.7092568
289.0724034
306.2692811
323.1615241
321.8540829
292.4132598
309.4985375
302.3768713
274.380995
298.5880568
289.7378626
275.9860088
263.2465141
261.1879193
262.9553942
254.4549298
280.4681569
315.18147
325.7064937
303.8361268
290.8870533
256.9076146
259.8516408
296.0807325
321.4392646
322.9579814
294.5934391
288.6723633
280.550692
284.4808041
299.2218628
284.0903281
284.0143396
296.1795553
313.7503075
317.9923712
266.0913556
268.6152711
279.8039529
273.999493
270.0133625
289.7050231
301.1760687
282.4375519
281.9044861
275.4646638
267.6028358
291.8183878
288.3098864
281.5154785
294.8230036
307.8158843
295.0498327
302.7244162
284.1896531
282.4133736
297.3952385
292.3807722
278.586771
247.5755735
235.8392292
266.8806849
261.0812144
271.4377294
293.3398147
287.1936091
289.0260477
265.4990643
269.5094823
267.7294606
254.8438429
289.5975531
307.4521463
308.053473
290.8737582
279.2720215
281.2560298
303.1042454
298.6009849
290.998205
317.8116767
318.0921677
286.2237465
288.9306177
290.1251144
328.3169813
301.2178221
314.6088325
306.8498914
301.3407615
281.6699453
282.8492004
287.3416318
293.7850167
287.3977787
292.370321
275.7520551
259.2241537
271.0374799
281.1160668
277.2175867
260.2316427
262.3751407
254.3681378
263.4507937
282.666692
306.1331734
293.3378129
327.7251497
293.2791363
295.8629674
288.3847377
270.0379486
281.1463728
280.6813316
289.183647
305.3186298
323.3734165
323.649785
313.1418858
288.7184976
305.203564
302.8868176
326.1753188
332.7336256
318.3927383
293.7128421
295.2314029
252.5199365
272.9329989
288.0782881
282.9494533
290.1156957
306.1003249
316.3351621
327.1703927
339.010321
342.9885156
343.4365361
351.8338435
347.9874746
321.0341245
314.8148104
285.4798529
307.6464683
293.4104814
324.3148523
282.8204645
261.539097
257.0826463
259.2900967
276.0355463
272.9907321
262.6263304
280.2575441
269.5386561
280.41172
286.741921
290.859525
286.9832623
305.7632324
331.2471322
318.8840072
313.4888605
293.2189858
277.5898584
292.2986827
350.9304289
321.006705
313.7907918
300.2761076
281.2600278
292.7192287
317.4949198
297.7301745
295.6960296
304.0127546
301.8291427
318.6443415
313.9366987
300.1488669
304.6019286
356.7754269
340.8352921
341.596723
335.5457938
322.306448
265.5239144
282.0119595
311.8838148
328.7078183
358.1553701
319.0639478
312.1618278
311.9966275
296.5060516
292.2463403
298.891218
274.6163784
293.0602516
314.4710561
324.8157057
300.5918301
311.4077522
300.7262192
341.3759646
306.3193841
323.4609437
278.1573908
262.7745016
281.8724208
312.3861665
288.6040897
279.3770999
283.3396269
288.3798882
319.9859558
315.4078586
302.0310243
264.7149876
270.6569732
274.1375995
291.5252667
295.4392712
316.7969077
305.0848029
313.906531
347.7529551
362.477174
357.6666915
322.2446645
298.3007964
298.7080814
284.4352598
283.8395146
293.8993046
285.0126244
277.9819113
278.9330889
300.406975
310.8557264
290.5132502
290.2226712
326.9583959
323.4523496
293.6493544
331.2766062
309.489867
290.8830801
299.9299755
318.9886365
319.4920212
324.4026755
321.6351829
339.7096664
312.7363283
323.0129277
316.78272
302.9801635
316.0408267
298.4161466
299.390213
307.7592733
282.4726438
289.953629
323.8698094
307.536635
299.9933395
315.1185573
323.7266014
305.6759085
281.940849
305.9624464
306.9126471
298.7225641
302.7649734
299.6471591
289.0747661
274.2091217
278.7090286
320.3980365
327.4745412
319.174601
336.8408405
319.572082
271.5238366
284.2525309
304.5723615
290.1437938
288.7193989
298.4685755
298.8520817
297.0285515
297.0005702
296.3114603
274.4121305
272.3538489
278.7106695
298.1438267
297.4608517
290.3857398
306.1959869
298.2776265
289.6938536
281.5658311
314.0491931
306.3919931
326.0025534
337.6794564
316.4459592
274.3125693
247.7276561
284.7655652
293.378385
290.0380274
279.4628726
283.8104533
269.690908
302.5491454
306.8858005
325.6839863
332.0625601
321.4070755
321.6220227
291.7864174
272.1372126
303.7300312
284.9443867
306.5301526
267.971958
283.4052632
284.5149848
302.0798284
290.1726609
287.3437892
281.8492809
271.8471727
291.2103943
286.4662146
299.1604884
314.7815869
341.9683004
319.4667977
283.3241078
277.7420538
278.6931265
271.395215
264.8845514
263.6902485
260.0816671
268.4636012
276.2000128
267.5155906
274.0582989
316.3108623
322.8032992
329.7822322
282.5697567
294.1320553
284.079054
278.0084291
279.7398447
275.1928286
292.7856261
297.578147
285.1698726
294.8980015
306.800302
320.7920127
316.8239646
289.9380532
274.9249604
275.0655058
274.6425888
293.1390214
286.8058812
255.5444701
257.5828189
272.8003177
302.5444628
309.1469958
257.7919434
256.2063203
257.7560778
248.2502608
252.1887682
282.0975572
293.9891871
308.1015732
299.7487872
310.484325
312.6260158
301.2343259
275.4548822
292.4096005
306.9450756
324.1081624
309.1238101
301.9266281
277.2014836
269.9245411
284.1799291
273.8703821
257.1583477
277.7790598
269.4171611
290.9566763
294.2055744
292.2625986
284.8716126
290.2509368
288.2114337
298.1296706
294.6818903
289.421094
275.9373669
289.2800006
301.5606168
309.9180047
324.984248
309.3920066
308.9669876
301.948197
270.1502545
267.9796977
276.4658394
280.6315482
288.3553302
285.1037384
284.7362285
255.136607
238.877586
277.5099181
265.5637241
277.8769961
278.0901935
246.9630749
254.0518032
259.6790986
290.7079582
287.419381
309.7564901
320.780296
303.3663626
283.4183014
277.2034204
287.285704
266.1425578
305.7240342
296.4260707
300.7428056
317.3124272
323.0533892
320.9964427
327.4000316
308.7295609
307.5349907
297.1614356
308.5538056
290.7750648
305.8243437
298.8197255
293.8791206
344.2039696
316.5329258
284.9298318
252.2684391
337.1245602
292.5958858
303.976025
292.8312344
307.9899627
310.4480662
306.6847292
316.8977168
306.2787551
297.1175494
289.5117233
300.8403173
300.7109135
312.1188239
355.1909187
361.0102584
343.2992306
332.8499441
329.2503748
351.2366465
317.4010584
333.2229935
306.4217953
303.3848613
307.868682
328.221134
306.937879
313.2421175
341.7059389
320.8060021
340.1508751
315.8418709
323.5002064
324.6054677
335.4182628
314.6483427
314.6207418
321.4320051
329.6955114
337.0357077
300.9482125
341.4441294
348.0180391
348.5845694
318.6749659
307.9098337
300.512133
304.5858926
268.8797168
294.51265
286.5503469
298.0841616
279.9899618
295.1031197
254.4283819
273.1605541
294.6468684
279.319455
311.2964111
315.6478188
371.9177996
379.422477
358.7381243
333.4563307
319.6998585
306.6372281
314.3636374
317.4492658
306.5614061
263.4882008
275.6217821
279.1716795
308.2906489
318.0778737
308.7417747
335.3779939
318.1386473
334.9715314
314.1844857
346.6811907
305.9290609
306.0013384
297.8552106
322.0177113
289.7407929
272.0128913
265.7097665
251.7209795
270.0043562
257.1591834
275.3548667
282.4303436
260.8277206
315.3333574
338.4301767
299.6056902
295.4934682
281.1885518
278.5420562
281.4282671
299.8383078
296.1695558
299.0388649
300.4238994
307.2025583
282.7185501
295.5447317
286.962367
302.7877098
307.959535
326.0315404
320.6990625
275.338737
280.4356201
259.9290876
283.975985
291.6717614
320.0196158
309.7059774
304.9745747
266.9991033
247.4618264
299.5100258
334.905124
327.1517307
268.9297897
244.1700158
285.9526886
274.9079426
280.0035831
306.4163706
322.9575852
327.9614471
276.1426876
262.9641655
267.6006525
268.831168
270.0937881
302.7785253
283.4076182
337.2704488
334.9463512
292.9291796
284.4830188
272.623156
283.2325026
272.4552466
291.1618318
285.2461337
266.4892237
273.1392867
270.0719794
273.9731151
298.9055509
305.715726
297.221909
308.9030395
320.4499904
310.0520055
334.2272309
292.0147479
290.9039245
301.3453402
317.8997084
320.0530509
299.5820777
295.2133196
302.276336
314.3007303
276.7434637
307.3760876
301.3981665
282.2839964
297.5549972
287.1627195
307.5797208
302.0437619
294.3403584
291.8325519
286.7046841
284.2570253
280.7508856
291.4670029
309.7318552
317.4771645
311.8205757
301.6032334
296.6081156
298.9431922
329.2957287
302.8826241
286.8996641
279.1948296
277.6504371
264.775322
256.3168477
259.3808224
279.3478326
281.7148988
268.3706559
271.4908307
273.1098034
272.3963633
256.1307243
301.6856056
318.6021653
339.9610918
339.239492
284.835022
273.5494003
269.7911515
273.9276853
274.6675016
266.6665431
260.8473465
295.8347383
301.2948959
294.8324729
278.8838038
264.3001206
279.8458417
304.0102275
311.1295005
341.4356509
328.102906
329.9561173
290.6869089
276.4984456
296.0741129
289.8741445
320.1742699
288.666297
311.7898063
295.4024208
316.0958799
324.1390738
308.2359232
292.730633
303.2589933
281.2603969
291.9195764
286.1180515
312.9153166
324.8565992
297.9735611
289.588222
308.958541
281.1998235
274.1682796
274.7080581
274.3520393
300.7805108
273.2752912
278.7331093
286.1399804
253.3480459
293.9663288
315.0263443
290.5506748
298.1792748
268.1157083
261.0041439
265.1831048
268.8244195
275.2548123
272.3797427
276.7521749
279.7669129
299.2292419
259.2104962
281.2625524
282.8971319
296.0418507
281.77082
274.9583491
293.5093088
301.7861251
264.3798814
254.40745
270.463399
287.554286
302.194053
301.709935
308.9444778
296.2173464
288.8757617
256.4544769
244.0089171
263.7017256
273.3868185
257.842421
254.2111758
273.2306406
260.9578682
307.5494403
341.2061002
327.3248058
318.699609
304.6304749
300.4110345
276.8648193
281.9586617
276.1855554
275.9832585
275.2451705
281.3425411
305.9883279
300.37217
300.2898234
274.971769
273.144167
272.8573149
322.4004599
287.4751339
287.5290318
302.4416443
304.0514337
335.0263847
329.7788953
289.7896487
318.3459298
299.8794521
328.0203166
334.6991913
325.0138688
290.7685026
313.8818782
318.2442119
288.3031602
284.5551925
291.4113746
301.0309828
281.8351245
270.6391038
296.9232244
286.4341384
301.5224359
315.067179
295.9095443
319.0856606
318.7930458
308.0408605
289.3423006
283.5557535
301.8102884
293.20863
287.703938
264.5457365
269.1923774
274.470708
271.2293785
259.2186481
280.0879247
289.5172561
287.329703
262.3022083
316.5664208
316.6220069
311.7736046
321.1624492
261.7415941
293.621509
291.8729324
306.7253891
299.1132928
305.9427653
301.137744
264.3218677
288.5722367
277.1557745
318.6532342
290.9952681
270.9272917
256.0715497
264.2216652
263.9881772
263.4612563
289.4093573
260.7788141
262.9654491
284.4575567
275.4320014
279.4346296
275.3176113
272.8984707
294.6048887
295.6708884
278.4861672
263.3627227
253.5714412
280.176067
304.2334973
291.1616403
288.0360253
270.3342976
272.3794932
267.5338608
290.4927226
288.5593846
277.6728952
301.0574321
293.4322341
262.6069557
280.0721902
299.6062516
296.6888861
282.259023
278.1295766
309.5559094
328.9932253
305.4825238
291.7138068
309.1269614
330.1222985
306.5467253
311.9836858
345.1226473
330.9515347
306.5999317
311.0409705
267.6192005
270.4990593
287.7048809
255.7660178
239.1582436
268.3495276
322.6897567
336.406696
341.7069336
325.5320396
295.5915643
312.102049
319.4862826
318.7727213
347.0952488
320.8916342
316.144212
265.9870261
284.8680162
281.6179109
336.4945994
304.3107113
318.8880682
300.7349712
304.3624752
293.9923812
273.9591384
288.4400304
270.8639972
283.131884
281.7701173
272.2549678
298.6645529
314.0350044
300.3768891
297.9822628
289.0783041
319.6373896
285.3167564
286.3837529
300.4747801
278.3743081
265.7038457
276.220996
280.5082534
274.7612721
308.0164866
305.1259658
285.3037475
279.3700504
275.4469176
278.9216435
280.7139462
260.7343153
314.2640445
307.4808421
312.1652932
283.5939361
307.2358946
316.706194
286.6924523
276.850476
273.6332359
301.5857542
309.4069776
269.6781709
285.6691539
279.8685151
316.1283151
323.6830551
301.3431757
259.5235393
265.6550907
287.7094481
279.3292112
274.2591956
284.5731309
275.9118226
297.8510658
298.050231
299.3701883
320.896939
286.743067
283.5722771
290.3142617
294.0886032
288.6196964
291.4046144
285.9163546
286.2607556
266.3640051
287.2002644
304.0639159
279.6874637
266.1931363
256.0292585
249.9877055
237.4466231
258.0293444
276.9020897
258.5549633
307.5705001
335.1581954
307.2447735
293.881419
285.5161867
288.4186957
289.3893302
303.9726998
300.0546192
306.9629503
295.909643
296.8498989
287.8097245
305.5940167
307.6757414
302.5436146
302.6766649
299.9940863
288.4193024
)
;

boundaryField
{
    xPeriodic_half0
    {
        type            cyclic;
    }
    xPeriodic_half1
    {
        type            cyclic;
    }
    yPeriodic_half0
    {
        type            cyclic;
    }
    yPeriodic_half1
    {
        type            cyclic;
    }
    zPeriodic_half0
    {
        type            cyclic;
    }
    zPeriodic_half1
    {
        type            cyclic;
    }
}


// ************************************************************************* //
