/*--------------------------------*- C++ -*----------------------------------*\
| =========                 |                                                 |
| \\      /  F ield         | OpenFOAM: The Open Source CFD Toolbox           |
|  \\    /   O peration     | Version:  2.4.0-MNF                             |
|   \\  /    A nd           | Web:      www.OpenFOAM.org                      |
|    \\/     M anipulation  |                                                 |
\*---------------------------------------------------------------------------*/
FoamFile
{
    version     2.0;
    format      ascii;
    class       volScalarField;
    location    "0.0008";
    object      translationalT_mixture;
}
// * * * * * * * * * * * * * * * * * * * * * * * * * * * * * * * * * * * * * //

dimensions      [0 0 0 1 0 0 0];

internalField   nonuniform List<scalar> 
5120
(
291.6353145
303.5746871
291.0724591
289.9222143
296.5954782
311.2916677
311.7391689
299.4677665
296.4312784
303.283671
312.8766131
310.0910695
302.1750597
283.0405929
288.3109043
293.6030777
286.7344236
297.8858826
291.1351166
288.14245
291.9497232
296.7211152
309.2111955
312.1511084
310.8191981
308.9400167
298.9810422
305.0852697
309.4620823
297.8300999
291.2402995
293.1828952
294.6525348
303.4566846
294.8492337
306.3295136
287.8019816
283.8963039
297.7882889
296.4710519
284.8015272
298.2234959
293.2355864
273.5948697
275.8026394
283.2831926
296.7300925
291.6448888
290.3416796
296.8913771
295.0718103
296.8624212
298.474702
305.562887
313.5153535
303.9013463
298.8549279
308.4318556
308.0419214
290.2351263
291.5393756
287.0024884
289.585248
301.8676561
310.2018863
310.437552
307.6123921
309.7331548
308.0468326
297.0174118
308.4511684
308.2711798
298.7506746
310.0430027
307.4146546
303.1126296
310.9750799
306.993973
301.2774344
285.5962565
305.2264733
315.7933089
307.6753036
292.8269306
300.1839665
304.3551374
310.8300114
295.8462144
294.2278763
309.384918
299.5088297
301.0573242
300.6820246
286.9114145
283.510814
294.8651514
303.0038926
307.0128464
310.1327789
310.5947447
303.1179652
296.865854
319.3898145
307.9140028
304.4962155
296.133767
299.5765034
300.6360841
306.6811431
296.4056679
302.0028084
310.2872809
298.0739193
301.8965631
306.294116
314.4517419
303.5258033
304.9770206
295.4058206
298.8891188
306.4350682
302.9237611
287.9977624
287.6381172
294.4240563
303.2363509
287.673745
298.3977589
300.7559996
297.665331
285.1959064
275.4203422
272.6192876
280.863776
302.7005098
312.7452552
307.4166266
300.9514175
292.914729
301.3206754
281.5411537
269.7380861
285.4557066
290.5654748
295.8859667
292.0141068
310.2924193
295.1411187
285.0870801
288.3636962
288.3060936
287.6292671
303.4045378
309.9272865
295.2629737
290.911817
295.5579605
283.8268888
300.9354817
295.4031267
296.0136799
300.4101121
295.1004265
276.8827085
281.9251084
282.5268815
284.4514046
299.1175292
303.8840581
302.7654447
290.9204237
302.4069622
296.392451
298.5139535
304.7200025
292.740237
292.2379062
293.1365248
286.0371158
294.2080162
296.6692687
286.529327
285.3022927
280.4974193
285.967243
292.8392272
294.4235599
290.8891123
297.5863656
299.1793617
301.5667437
289.6646386
287.2379775
287.6115826
287.3028884
292.0492576
291.2488109
290.0832409
297.9157379
301.2936687
305.993642
310.7069434
300.2477009
286.8916181
282.6575645
283.3286425
285.5934061
299.5957833
289.1525517
293.3777302
310.0452525
315.4963339
306.5148263
298.5124042
300.2552792
313.2448222
309.4390075
313.1603936
304.1023143
302.8851833
298.2539615
311.0482582
310.8206057
310.4730217
299.326356
303.2986276
292.9616067
299.41652
306.1268703
296.7445781
284.1085422
277.9545337
282.5998003
299.4127073
300.6840491
310.4892229
317.3001339
303.4239903
318.1001984
299.1898691
291.0741895
284.0586156
284.811296
296.2845305
290.785537
284.1458087
300.6370937
303.1494806
308.6141788
326.1040864
332.6555118
335.958704
318.0417155
322.4031414
317.4179559
317.9737274
318.0940194
325.1079227
301.7424213
286.5522359
303.0115639
296.8775339
300.8758049
303.796972
299.9808125
311.711605
301.6878033
283.8676348
289.2136303
280.9504319
303.1031672
311.0315565
315.6437021
304.0600676
293.2350216
305.7935096
311.5907666
312.0645937
295.3713451
304.4630589
301.589517
303.6200813
299.0825424
298.0118286
303.084141
288.9713748
298.3334434
294.1122888
287.546343
298.1617899
307.7907994
300.4845255
296.0393625
306.9248953
316.6636122
316.146577
312.7447542
304.3536021
292.2525968
292.1998889
274.1284826
273.4813796
290.5833381
303.7051321
291.3419037
285.8513825
286.7057173
298.180604
299.8049785
281.4150553
282.8901493
297.620504
318.4491201
322.6176434
309.0077267
301.0120288
287.1573463
282.6470526
293.9690383
290.6803652
285.3366154
286.619785
283.9051587
281.1575494
301.440186
292.7291456
297.6587603
301.078682
301.4005137
297.3133502
291.2351117
278.2992051
284.033595
281.6652311
293.1667746
285.7464933
288.1158701
279.0179922
291.351172
287.0195322
296.5306981
296.6011401
311.4601987
315.8955358
298.0429512
310.6243191
307.549063
305.6509143
291.1147396
294.1220121
298.2961351
289.9875349
287.2981441
298.8274079
297.974747
293.0546111
304.0086774
313.1580361
296.8801
298.4733061
301.3457208
300.609055
290.5577511
303.9258225
303.4706814
299.073469
298.6895235
291.4596688
282.2637666
280.518043
281.957558
292.239162
297.2181119
294.0575673
288.2627107
302.8980674
307.2088683
299.7415354
308.4089884
305.8139567
295.12043
302.2259326
303.3429223
302.3471401
292.8090721
299.9354699
304.7556697
318.7578615
329.471209
327.1136695
305.4882063
303.146878
306.5091086
310.734887
297.1885474
298.0581982
281.0962379
287.0949886
286.4531023
291.5809443
303.7925015
300.3207915
300.1680293
300.9779166
300.7385937
312.0023335
306.9003726
301.8409053
301.6324926
309.7944022
311.6727026
316.213372
313.5645534
296.5060071
301.3663407
302.5444436
298.6026077
292.573042
299.7020634
304.551062
300.0584876
312.5196179
318.1875527
326.5376317
312.9339351
312.0469835
303.5839966
295.1815983
296.1225676
290.3982622
280.7092203
290.2342402
284.7930178
297.8419586
303.5079924
300.3303078
292.3394243
297.1055473
295.7158935
292.2535168
292.0157337
295.528768
293.9808563
297.939351
290.7225682
302.5643802
294.9230851
286.4601744
279.043417
288.50932
313.6767883
309.8120232
321.681488
317.4084024
302.2103008
298.9471715
312.3927439
299.4718033
296.889569
289.8684999
286.438744
290.6380772
290.3180658
292.1004653
292.3431766
285.861979
287.4402218
305.3155107
298.1511325
299.2861434
293.2422515
290.5084446
294.3750169
278.9552184
287.8908596
297.5990188
288.1553634
288.5555684
296.747775
293.4895995
315.9719834
303.6274718
299.7448863
300.5596641
301.1085846
306.0996108
299.0573679
277.004654
274.7781196
274.565549
278.6402797
291.5425401
298.1154674
305.1516458
297.8808774
294.5715384
306.3292155
316.4701657
317.6645723
325.6688727
299.5413223
295.271958
297.3318102
301.1945582
300.3871233
303.0292293
313.0635706
322.6823852
313.6383867
298.4456564
291.4200167
297.6726675
279.8372403
288.7422007
302.9471945
302.1561973
295.8540857
304.0363091
309.6438012
304.9994819
301.819829
293.984951
302.1727361
288.1595282
291.5078112
283.0247557
292.1736833
300.8591954
297.390631
294.1392429
288.4534034
281.2355174
293.7262377
296.1785647
281.5914786
282.4486438
297.4640067
290.566063
300.5846632
311.8470054
289.2493214
293.2793115
291.8912871
308.4355304
315.9802005
311.1539425
314.1904285
303.8196462
294.4480874
297.2642437
288.933052
296.2200361
295.168379
290.988078
296.6951516
291.2575348
281.979796
278.1254057
280.9825109
279.6218566
307.7783188
314.7386766
300.3328133
293.2490325
298.542571
316.9131102
309.6601272
302.8905221
306.4002659
306.7203812
309.5622176
306.2723995
304.1561871
303.6476057
296.9968397
298.6703986
289.0536068
290.3511315
287.8380069
298.863047
285.7539003
282.0481867
299.2658388
292.4695856
303.1640756
284.5224628
291.5710561
302.4939362
296.7994081
296.800798
291.0082414
306.4995841
311.1852003
317.5096485
310.751232
298.0610992
292.5883158
308.5465226
314.8169939
289.8419263
296.5126042
283.9935755
284.5021052
286.3295681
298.5013274
308.5235972
302.8605956
291.3973671
297.4583124
298.9366385
300.3209124
310.2724725
301.2370963
298.280198
297.9946314
312.3943824
309.749482
294.4282772
295.3989372
294.2131678
293.852259
305.0569383
292.767366
298.6871267
283.8943076
271.6223717
279.8104089
282.6266516
282.6223596
284.8901988
292.0263622
291.1260375
289.8988562
287.7542034
288.7286076
293.1605595
301.9231397
299.247528
295.6916911
300.6813707
294.0961886
293.377891
296.2056614
288.9157138
293.121754
305.7496657
308.8762506
306.8177534
300.1064576
297.6786725
284.0347501
298.7628545
300.3280509
291.2650712
290.4332794
287.6666733
287.8504258
299.902511
298.2660199
286.2005519
304.260698
291.4831876
297.1412059
299.1807789
287.7910197
291.8089096
293.0957371
292.6557515
275.7952747
282.4705824
285.3432687
299.1429718
289.7301803
290.6630192
290.5589432
291.093673
279.8680496
285.8161686
278.6840206
292.3103048
297.1715204
303.2543149
298.0377402
295.541171
297.3226252
298.3436884
293.6077177
296.1714051
287.7069417
283.2560562
281.4774446
285.9056607
280.3776209
296.9391538
313.0512626
312.8343174
315.5043709
311.2549959
304.4348272
301.7477875
315.2431576
304.0963779
286.2719665
294.7195157
303.6667669
304.3170043
296.575643
288.5406519
290.8189894
294.0245658
302.2346069
295.8277717
295.4655019
291.6279976
290.4355398
290.902236
294.6621368
294.3056926
301.5492361
312.2276241
315.6723934
312.0676197
296.5451923
298.5250709
298.5186021
298.7359256
302.3685522
295.7415934
291.333397
290.8065303
301.3362873
307.912998
305.688267
310.3966033
304.5914404
302.1181707
312.8190824
326.1659315
322.9438192
320.999449
300.2385313
291.3758794
309.4060425
314.9349277
315.1507379
308.7952491
300.5886847
297.0711696
297.1221781
300.2704369
299.9446532
295.9724133
289.978534
298.5868084
296.1037432
303.4185269
298.2622955
290.8065676
290.2866911
308.1146282
307.9691492
301.8533867
300.4717471
292.4110338
295.4413983
287.0188896
293.6336635
290.3149686
299.0033972
293.7744247
289.9125873
289.1570902
282.8387001
292.0091474
297.6535458
289.8623606
293.3694883
297.5385177
299.3747248
308.978796
322.213033
319.2683123
314.7234495
300.3488356
294.4803018
290.4913822
299.5708423
300.2100822
294.1045941
303.1297692
291.0016392
295.1955746
293.6525693
297.7763458
315.8241773
301.6581983
296.4796792
298.662515
297.5575274
299.2970909
288.0100337
300.8646208
298.5830068
316.4523072
316.053944
315.8947594
313.0064798
309.794685
309.8593088
303.4430047
300.5450764
288.8162217
300.4287023
298.4272782
288.4805871
291.7762331
304.8958415
295.7993209
301.5210117
300.7761464
298.7378364
302.7489583
295.9551217
305.1455866
315.0492991
306.1169484
292.4487431
290.9297706
303.2508379
310.1964053
297.2475309
301.4339971
304.4462714
293.3214777
294.1049253
306.5107467
298.9697919
308.7372641
296.3200267
288.6166809
314.3926857
301.5774289
298.3610422
311.8985379
327.2659507
326.2768823
314.0207521
311.0301508
300.537257
305.7061023
302.0356655
307.5786305
308.123366
307.8971145
299.3934
315.9041134
303.2884106
290.6173424
298.3479461
310.2100453
293.697831
325.9852926
319.4804164
314.8979791
307.4318862
312.4599838
309.9978869
314.7245419
310.6954217
310.522215
312.8239108
299.8818888
295.2303155
279.0319056
288.0837426
271.9278445
276.5646176
286.584048
303.6936379
306.58929
307.8485046
313.0019061
313.3139946
321.8894134
315.6980404
308.724728
314.6838608
300.4790205
294.8523696
293.0167462
290.9207881
296.4061013
305.7567228
314.3872686
302.1343556
295.9881567
298.8464825
286.2155663
292.5041502
303.5530803
295.265221
296.4385392
294.3702167
301.7379732
283.5671343
285.1164356
286.6752495
294.6837422
296.1516534
283.536767
298.3896083
306.0168471
308.2025131
306.4808453
309.8224953
315.993388
298.5648706
302.8481092
311.0015732
300.8359989
310.7017097
299.9742801
291.7079734
289.6661602
299.4871138
305.7787418
301.3997076
304.8965211
292.2725363
305.5587332
312.9891965
291.7312165
291.3295311
281.1013285
273.9233761
281.7223176
298.4554985
305.4421043
313.7830935
323.5517998
285.7560224
293.2685673
296.6994443
304.5634312
296.4313055
302.3744199
302.0001053
297.5802007
293.265073
299.0844207
302.1946079
301.0695326
290.3063481
300.0993219
300.2910346
307.1681253
299.3493583
303.2547555
299.4653648
304.2774473
293.5206539
287.8759416
286.7564097
293.6274216
290.8859632
297.8024203
291.8323816
295.5266326
296.9947713
298.5268431
297.4899367
287.8728092
290.2239191
282.4485533
284.9942199
296.9236221
299.010501
280.2273191
280.7195707
288.1358909
307.6557861
301.9113323
292.1158731
281.6840664
283.876384
285.9939266
290.6605948
291.206397
310.9553252
313.3870085
307.6445341
314.516971
314.4062183
306.0852041
287.1347565
282.4972759
293.7194608
299.2979201
305.5624197
312.6424657
288.1632539
302.316658
298.7598499
283.9632663
282.097625
276.3068219
282.8930058
289.053786
287.0446744
296.384466
313.2441217
301.6580895
292.3983925
304.2966324
318.8240644
304.1975891
299.761452
295.363003
292.1342884
298.3968791
295.4158601
296.1255475
311.5681863
312.5475485
294.4499723
292.8685613
291.9500003
293.6074137
302.9577842
300.8557372
288.4551912
300.1615739
295.3105278
293.6156436
291.4040558
308.926274
310.3330155
298.5857505
296.8888452
285.2034972
312.6237906
305.6270814
317.1684006
315.9142254
313.3837524
305.4776738
300.2987754
297.0551829
304.4735116
302.6394477
303.9573488
290.5220985
296.8277694
302.4265881
297.9796342
286.2747214
291.2200964
298.2731604
314.3563114
313.7393875
302.4428098
301.5486409
298.8191792
302.2948376
298.0150286
290.2468917
279.7996336
296.4465575
295.8835168
304.4676949
304.7263162
297.2256487
300.8496228
299.4518744
302.1741299
294.7031309
290.5099585
312.1912807
308.602669
299.119199
290.8891903
298.3646554
298.9231791
297.0892161
301.176061
303.3685918
287.9737778
292.3829664
292.250153
300.618547
289.4687457
297.294726
305.7280954
293.3277289
283.1352062
288.7131507
292.696799
293.5386985
296.8978774
304.6160828
301.6118315
291.0070189
296.0368229
293.9319236
298.5090499
298.6374535
300.6749316
298.3132186
292.2978444
289.5725143
293.6995449
293.8627354
302.5561764
299.2256528
295.8447544
284.7176905
291.1447583
289.5261181
304.1451428
313.2744381
299.830806
310.4725704
319.8121796
308.3868166
311.0839501
318.459846
304.5317238
293.8238277
301.6553165
314.0059164
316.4663525
322.2478002
309.3848179
295.2996783
290.5022665
298.8963035
299.6776953
307.5882346
294.0602857
291.1046216
312.647054
310.9070144
306.7825147
300.8508498
310.7116828
313.5928825
323.8995317
317.966357
298.5628373
302.4045452
302.61217
294.4651887
300.3841045
287.9257605
306.5589007
299.976059
305.005234
313.8236795
316.639375
323.1695283
321.4417607
324.9288795
337.5834249
317.5722901
312.202742
301.9909327
294.3418552
284.3592264
300.7777186
299.1909985
302.6527693
302.907008
313.2105746
312.9858845
311.0921503
313.7740935
313.3960717
321.0678963
322.9388075
324.5882441
300.1748736
294.4272617
298.1177255
304.4646137
305.0433084
294.087495
298.3543048
294.03471
303.7995101
309.5985459
315.8501325
304.1885595
298.224988
290.8840443
286.8293743
292.2042821
279.5631196
277.5640265
276.8069876
279.8770634
283.6468467
288.1177485
293.8155725
307.2116573
307.4368812
289.4281437
286.3507291
284.3447995
296.274438
301.6954301
297.0340685
315.9361668
302.0487707
301.9005378
296.5743695
284.2459681
292.9010203
306.4897541
300.4750132
291.5715541
300.6006832
302.8761632
296.0839293
292.3631646
294.3598832
301.4889168
309.5204391
303.1038224
291.3810401
303.5804203
297.4776443
295.0253809
297.5613615
303.5276788
315.0767299
308.7407807
298.8150521
288.410288
283.8629627
281.4102584
297.5874367
304.1932779
304.3401493
301.0671101
294.2014178
302.5180574
286.6938109
296.4808891
296.6245064
279.9184508
287.4943109
294.532182
297.2237864
304.0649597
315.0719051
311.1385498
291.6778134
295.1137913
304.7054866
291.4565545
309.3495903
307.8981297
317.5269803
326.3791374
314.0974678
297.7502816
304.2608941
312.6641699
318.4975001
323.3755934
310.566997
299.648502
308.2479309
310.2766605
314.9390281
316.2765263
324.7682567
308.8558072
306.4477819
303.6049675
313.4984368
314.0489551
320.3007618
313.18715
313.968204
312.6396273
316.5499906
309.7380688
296.26995
321.4561211
312.6027589
306.073995
299.3999358
307.5742312
302.6636132
294.0798173
304.5384635
303.0183117
307.9868195
315.7555945
296.5260827
291.4106653
296.1537042
307.1334627
301.4387309
305.3642095
305.6269143
314.0946019
303.7237952
299.1359465
303.4053853
310.0910986
313.457272
305.7041673
291.2645282
294.4124725
307.3619942
301.7201633
300.2533343
296.5472829
287.2988601
286.7913002
281.6037855
300.5483315
314.7439387
304.1865599
304.4913095
307.0308829
319.5838949
311.0187817
285.7350198
294.1266466
292.1941287
293.4269286
300.2549061
305.1114803
298.386628
281.5138226
294.4881827
288.1199913
297.4274848
302.4240928
300.5447623
303.523139
319.4289347
323.4351272
315.57393
305.4774921
297.2153067
310.109934
307.3690472
298.5442075
307.0392667
311.9088801
315.2111078
309.9744875
309.3853416
312.9486656
303.6253
288.3791483
315.5660814
299.5447768
293.0260098
281.0677897
293.6017927
304.4439232
302.5245778
306.3635382
300.7599242
300.1058198
307.432095
314.6506362
314.7723524
307.8435983
301.2809583
312.9170878
314.5583392
305.8310325
314.2725888
320.8307365
304.3800644
321.5586853
321.0410443
309.8316355
297.4877382
306.1555868
328.017845
326.0726282
311.6834944
305.346114
309.3190421
311.1186003
317.5502699
318.5378762
323.5782929
309.4743966
304.1393346
313.7354827
313.358711
306.5794936
315.5410148
303.0342997
303.3588122
308.9919151
298.3471684
311.7295377
320.5615545
305.5677912
303.4936741
298.9915651
302.4717193
300.859294
304.392327
313.067893
319.5573637
314.4667086
312.867331
303.6344121
303.9323889
302.671272
304.4531146
307.2605762
300.7303848
304.111735
305.2471043
311.2733868
308.8067978
295.3751113
291.8307311
300.6659467
304.950818
304.1530038
309.4523956
310.5791684
290.7817815
274.3751376
276.1276398
307.7672944
299.007561
304.7382994
301.7667129
292.4103564
297.8324594
296.2829698
303.3600564
283.0296228
285.7954876
294.6903748
299.1285838
302.6543338
295.0218146
290.7845275
294.1018669
294.8773181
307.5395898
304.6370741
303.4723331
286.5544545
284.3377733
293.0173311
297.3774248
302.5373851
291.9908652
287.4601847
287.1030704
298.9614097
295.5831279
307.7115525
305.0078633
295.6401049
290.6410277
301.5812914
288.7013436
292.8342787
290.027363
291.6038023
296.7943869
299.31935
304.749887
305.3578566
292.8391788
284.6106736
289.7702218
298.8694918
287.6419547
287.8720569
287.9762469
301.8231204
298.9059692
293.388307
289.7569457
296.5129546
309.1809379
321.7257897
304.653058
294.4215544
286.0909887
289.0171805
298.417509
288.4353236
285.38481
275.4614509
284.2663114
283.849247
292.0592045
299.6775082
292.2331244
308.1329738
305.5025211
299.8392517
301.0834362
298.0708868
301.3754074
284.8169004
287.5902441
287.1334931
289.3008317
275.7161181
277.5075172
282.7848337
291.4599244
297.7100453
299.9766367
288.3874904
282.5237451
296.3285196
300.6315549
289.1011281
302.9938843
298.9070816
293.4892823
293.9938064
298.8596062
287.638561
291.1304189
295.1696325
293.4753907
295.741962
292.3783234
298.9357854
295.3027029
289.8851555
293.0184615
283.0706043
284.1594923
304.5300243
296.9386185
300.4753589
300.5926614
287.446306
282.4817464
285.0788552
273.001025
274.3402698
281.721017
296.868868
303.6462171
315.3538027
305.7322251
307.1904193
296.9796788
289.03269
293.0582511
296.6345262
307.5743008
312.7966981
309.8263244
290.3213684
285.649999
294.9419999
303.7302579
304.4708177
314.8586942
317.3988429
301.193825
313.6467169
311.533091
309.7173839
305.2071873
307.6125463
286.2558377
295.4424626
308.9951588
309.272083
315.8575282
313.9843548
314.1068261
299.6577699
283.2495004
285.3569279
292.039078
313.1027614
303.2802884
309.9757846
311.4531277
306.2034928
318.5333382
307.2657475
293.5098215
281.3276532
291.7176663
294.137514
291.3313681
291.6817721
287.2363629
287.7983946
295.8211779
306.6018902
313.2235585
312.5492813
310.3002779
306.625798
304.22907
297.2225325
306.6441009
308.5212928
306.3333014
317.0437188
310.4627333
322.073366
301.2226135
299.4454264
305.1247856
299.6555564
297.5334115
288.4757351
296.7835136
299.3492447
281.4285375
297.6968651
315.4329629
312.1924837
298.207951
313.7164158
312.5011352
296.9377449
289.0958312
292.0071896
296.7156629
293.4615191
310.5566811
292.9090285
289.9988824
285.6086266
298.6236041
307.7881068
309.2425109
300.6172548
296.7689188
304.5145488
307.5056922
312.0286332
308.6436858
297.6839879
294.1757785
277.0673696
276.338166
282.352642
289.5068261
294.5844442
296.5594272
305.4781031
314.5543489
301.905236
295.4478634
305.5198603
306.4832609
305.1875779
303.9933449
302.032449
296.6879376
307.8719369
311.7829158
316.112293
313.3904431
310.6928582
312.6005275
308.3653489
303.3934556
308.5908189
293.6524465
304.2338579
320.8374828
331.2035031
318.3751388
317.5767584
315.1381099
312.9093704
308.2278469
307.0708288
314.7654313
314.7121353
313.770892
315.4689529
316.208435
321.61724
302.2806055
303.6018159
311.5211172
303.84038
306.5830877
299.0006434
291.3318349
291.1086299
294.5369471
286.866123
280.989236
289.5848562
317.9076012
322.8220517
306.9804805
301.162171
287.7425254
298.9510508
304.1289488
297.1757404
307.4931928
306.4904639
297.3408803
293.9432949
297.6854216
297.140522
293.6189887
302.2787124
313.0600347
326.4853805
329.1957429
322.5953471
313.9633811
312.0974021
317.034253
304.5018622
292.9468196
287.4406989
291.3475737
308.8688704
311.8900318
311.8938865
319.2362541
311.0715361
311.1946133
310.8060442
312.75043
311.4007235
308.4935823
294.876762
284.4876352
286.0812309
292.5919312
299.8957352
308.8802687
318.8245931
322.2695158
319.3283028
307.6067612
304.3937701
309.2115051
301.9997655
307.1537621
309.3100334
305.265063
310.9717798
310.7813229
314.183501
310.343729
300.0648828
308.4758398
314.2964306
314.1028011
302.2772473
299.6410113
303.1554697
294.6401519
283.1910372
283.2693833
299.215968
292.4664693
299.6551954
304.0872696
301.201152
282.3434657
284.3445843
280.4185714
271.7288005
303.5935081
309.4059595
307.3182094
297.0752706
286.4956337
286.078494
282.1781021
291.5924278
289.0104209
297.3128805
291.3472535
289.3089151
315.5397302
303.3946334
295.4544178
279.5607385
293.6415822
287.3397838
302.8666044
309.5335015
299.409418
300.1724531
298.087291
293.3732196
290.1420069
297.8779917
304.1236596
288.2447986
309.111395
306.228564
300.1187082
301.1622084
297.9329544
300.0994385
305.1232103
299.5145791
291.8778316
289.9145083
288.1704115
284.1500919
291.7450605
296.5989976
326.1859839
310.8808847
306.4286079
305.6737906
305.409677
295.557521
294.4082259
294.0247915
311.1142998
304.7261678
307.4869149
295.233038
298.3158067
304.3641881
313.4061816
313.8119759
309.1719578
307.1270206
314.8420655
307.0698068
308.3451783
321.3512777
309.1092096
303.5078797
310.6571551
313.5326878
297.9959392
290.7440435
296.7259627
287.9637873
279.0697883
293.8213293
305.8171017
313.6385908
296.5573152
291.4533463
302.0328302
308.5100826
302.7973845
289.0505909
292.1601493
302.1410125
311.754017
314.3309944
305.9976442
304.8041969
306.8622207
295.4830035
288.8426236
292.0402268
295.819777
284.4772021
290.3327262
291.5873963
265.1178945
279.5926245
294.0411851
299.7265037
293.7286827
298.7638345
296.1184561
294.9688626
298.4021267
299.6054245
311.9625499
304.0956671
305.371695
310.1916433
297.6854349
305.0815575
295.6449525
299.3530449
299.1359512
282.4121803
318.4104863
298.3916353
292.2364112
299.8847626
304.1013488
295.194624
294.6462859
296.8516263
297.6589527
292.2530578
287.746077
293.1240944
294.0538389
300.7612714
292.5783383
300.6842557
297.2026879
306.6650505
315.4957141
312.7892497
312.3682883
300.9914565
297.6960209
303.7917527
293.5232772
295.9251751
295.3541261
302.5734674
291.3916965
297.3566407
306.1668256
300.1763537
292.8368903
292.355691
299.0429194
310.0837937
309.4217919
307.2582074
307.0026555
299.8853404
324.7527968
314.4842638
293.6443133
304.1904751
317.4093066
320.5345976
310.1574551
320.0185835
331.2211075
311.3911351
294.7609236
302.553787
300.7505714
298.7325768
298.488953
304.7592974
323.9610169
319.943462
311.6585962
311.9007443
283.8690504
302.123908
306.8127053
314.6676501
314.7566991
319.4944417
319.5163773
318.0842525
294.1232625
288.1289266
293.0797569
299.0468143
309.0620768
303.0656243
305.0329603
303.7498764
287.8036035
288.8137924
289.9667877
283.9733959
304.2914801
308.3244443
311.3946214
301.4905982
312.3886294
296.6530759
286.0259636
291.2839947
299.721477
307.3109335
312.3721876
308.4688008
300.9474183
296.1595136
292.4887345
298.7489697
301.2240552
294.2101717
293.5212356
301.0883437
307.073038
302.5686249
300.7037654
299.6974859
303.0174346
310.3468605
323.2859705
323.197172
307.8736986
295.9247501
288.6674898
296.0977877
290.1859492
292.0588107
289.9103074
295.3356526
296.6313188
301.1853831
298.9197028
297.5041155
282.1365887
295.9280778
298.1065088
301.694546
309.0557984
292.6569994
295.4705979
309.2046033
310.8009489
315.6946549
317.930862
309.091939
306.4317562
286.2694529
290.4426519
295.6602771
291.5654117
296.0481674
287.7792604
294.5877282
306.7531167
305.4512734
313.1612374
319.5681577
313.4979605
319.8431747
316.2760242
315.0523866
316.6664007
313.347365
309.5453755
308.100387
303.5492667
311.8535461
309.8358694
306.0531668
308.9916471
305.0202905
314.0427222
306.8088643
307.823669
307.3502803
300.0485973
295.7488094
303.1148507
305.0799694
305.9612435
309.3171423
300.3986847
313.750803
309.3942424
309.8868313
311.1383904
314.5034999
305.7508258
307.871014
305.5263751
321.5332085
313.3866895
306.6415699
308.2313735
295.5553021
307.7053632
311.3411475
305.8033423
293.1470563
292.285623
298.0433989
290.9354985
293.796224
293.6928063
292.8678682
300.8052638
316.6700849
312.0094254
316.5183594
307.624179
305.6468362
305.7668118
309.4492331
297.064095
298.0947604
288.9628655
298.2765806
295.0988533
297.3766028
295.5584747
299.4402704
301.582056
302.1958997
301.7203197
297.7664956
302.5032417
296.3037569
316.9478277
312.3190191
320.1450436
315.7606933
308.3708278
304.2234962
285.9935284
285.1917391
295.9576869
276.7045349
285.9303455
289.4882931
297.2064106
297.0677539
297.3072503
294.1289609
295.9230974
296.1466082
278.3107576
286.1910123
289.9046065
285.6103768
281.6476714
284.1780251
281.9756973
269.1507623
306.1080641
306.9534806
305.7501115
299.6346431
299.3994412
305.8385494
299.740195
305.9364077
302.7303968
287.1630505
280.392012
291.7557303
301.3023326
303.054995
293.9091396
283.5871595
278.9269033
288.0038769
300.8878378
300.4723927
301.3488759
312.4612707
315.5507793
318.2274297
318.0112919
309.8041867
289.3660026
295.2999169
300.0125425
309.7382526
305.6659409
295.3051015
301.0699643
303.8182973
301.004918
303.7435688
311.53659
306.1258384
298.0936601
298.3401581
308.7343417
292.931242
295.9170098
295.2890086
288.3013612
283.0687266
292.4478093
303.8393699
299.2328808
301.083727
295.2320449
311.9448178
301.3635888
279.3493301
283.7470281
286.5980025
296.0673258
294.862541
293.9473764
300.7928759
311.246674
322.3248438
304.4797892
304.9545451
301.0376123
293.3507697
296.7442184
301.1297753
301.0889277
303.8973662
309.3944625
295.6798328
296.4363942
308.0358868
299.9665977
291.5209058
294.1198131
286.9027058
289.9183832
298.398992
296.7085361
312.234565
316.655048
314.970959
302.8807113
309.2290963
302.0038458
294.1746479
290.1365485
291.2724676
289.2791994
301.818379
312.6346247
315.3486174
311.7792342
312.1687551
300.25845
288.1795504
293.802341
302.4855099
307.0762805
303.5918816
307.3370185
291.8829172
288.7693626
286.3192794
300.5747731
291.6830414
306.0305954
304.1627643
305.0278331
291.6856394
296.4855551
289.8195963
285.9164353
293.1347539
283.2815241
278.0018335
281.2747264
298.3456676
283.1252593
301.8163377
304.1632334
303.6400908
299.3402772
294.0532681
290.7789179
292.8127758
295.7590421
317.4212502
313.5728297
313.8838904
304.781405
322.0313445
307.0250927
306.7622183
326.9358133
316.5084086
318.2742495
308.5948546
295.5608527
297.3933958
295.2555169
300.3184586
285.7115471
294.5355132
296.4805707
284.770818
278.2879898
286.8397249
282.9498122
278.458686
295.1919969
292.5068521
292.7229331
282.9596817
286.0072773
287.5740783
301.3005733
298.9385307
306.84863
296.0177546
289.3179994
290.8544443
293.3114905
294.0882156
303.0817683
306.0485995
308.6439813
321.1016649
322.2046186
296.5015572
293.8251173
306.338388
306.7366083
322.6543507
309.8583303
305.3753498
301.8466388
309.1254781
305.0737056
303.2939803
300.0383031
298.2553748
295.827647
299.6229257
302.5982719
313.687783
295.4839324
288.9451443
294.1160125
302.2498993
312.6673402
317.9652764
315.5939486
311.2643896
300.2253484
289.7770224
306.5707213
301.308744
298.1513753
298.4536058
295.2245137
292.3281344
304.5445238
305.3277671
310.6638078
299.3339337
305.7094746
305.8970807
304.0093992
305.2287813
300.1377415
288.8046228
290.7714205
286.2726046
280.5609154
296.5779684
304.1594646
296.9135014
319.8082636
322.5875775
313.4524144
301.2974582
291.6661796
289.1437072
290.7276175
304.2590604
294.0833657
288.2948506
285.7406285
290.6365862
296.2138002
292.9058977
296.3621015
313.5882925
310.9568753
310.0914863
307.3118333
309.679108
309.8305764
310.7398153
320.836457
328.4920889
323.0083646
313.330539
310.4969174
295.5627783
307.0635887
301.131389
315.6289263
312.817969
292.8102503
298.7543013
308.1331463
303.3965097
295.0958274
298.9705262
296.1042662
305.425733
310.7984517
305.9906159
295.552513
287.873008
296.2436885
298.1287887
302.7822954
315.2890949
312.6868694
297.6128903
293.4538781
305.8381057
307.0443814
295.5301793
293.0725171
292.5605012
292.6428382
313.2289634
318.6893914
324.2356415
310.6161066
302.9247005
298.21229
317.3731149
314.0750211
311.1765158
293.3763957
295.0665811
292.8770754
308.0688109
305.4922834
304.220193
320.3967121
309.9525803
308.0416848
308.1137426
297.398843
290.7133825
297.6006804
300.7957074
277.7546056
280.2746165
285.7506241
285.3535116
286.8267149
295.991546
298.9009997
285.5308327
280.2738332
295.1091764
314.422252
308.0372314
304.5862162
297.9561643
285.9343284
293.8230298
298.4764628
294.9530292
282.6182824
280.7466687
292.2560077
283.247858
281.7355722
302.7809692
319.6851796
300.4896627
302.193381
314.9736448
315.7203241
307.7608635
293.7394729
306.2627785
314.1423957
301.4092741
295.9868356
286.4034016
274.570776
274.0817111
282.2228937
290.4870933
296.8216453
286.0739682
290.7794321
291.4598917
289.8859861
305.5343864
321.460591
303.812797
306.9908263
304.4291883
317.9491418
312.2672203
294.0706256
311.68987
316.9921015
308.2633679
310.9487629
309.0977748
309.5835927
295.5963014
301.1980034
302.7606507
291.3805251
284.6802651
298.4062754
294.3228418
294.7412847
296.6269209
307.1298628
294.421842
299.6888408
288.1329515
301.0180065
297.5545169
311.7831101
302.6874242
300.541033
310.5845338
305.6877176
297.22433
287.5907956
284.2716736
295.6605912
286.75451
287.276295
294.6808682
298.496569
300.6881216
291.5468956
286.9913096
293.0486661
292.2871763
286.7062359
299.5376139
298.5594351
305.4617659
311.3628902
309.2205486
316.8839025
299.7817986
294.1755564
294.1405284
285.9019018
294.163184
287.4954015
306.5557996
297.5354357
302.5604579
304.0352032
315.7695706
321.4507065
322.1875006
318.5025024
318.4571713
316.8865928
310.8219479
305.7090142
313.5553714
304.2002532
293.9167339
294.6108539
292.7705743
281.1299205
280.619095
282.6445026
282.3791003
268.6782134
286.0247636
287.8395942
292.814202
288.7300674
296.7407342
284.2972407
301.2355573
299.7176395
296.019098
308.2657836
302.1118084
289.8852367
286.4311149
302.2018743
282.8280497
272.3364161
284.239743
293.4009517
288.9536495
302.7155265
299.5720277
289.8756953
280.6990939
286.7826665
283.083824
292.7657359
288.7697516
311.1362202
311.2443036
298.0720816
303.3054148
311.2653306
314.0075295
301.9509933
297.3633549
299.3565796
280.0855694
293.0797083
293.072403
293.3387962
298.4970054
287.099605
291.3496276
290.2754159
291.4377872
284.36197
290.7851335
291.9746037
287.67486
299.1091495
309.948693
303.7419822
295.2490129
283.3541518
298.1486061
310.8389093
305.1064281
296.4235981
291.4072162
287.7098739
293.090424
294.7167629
289.7848559
302.5094348
296.9273993
311.7103406
296.1575241
298.3597933
287.0244122
292.0984628
294.8220179
286.0859876
274.3861512
290.7327445
289.3299494
291.0809425
298.856935
302.8580992
299.1082774
283.6575456
289.5863137
292.3144964
300.5187669
304.4541715
299.7910814
292.6196996
310.8253059
311.4689839
299.8506666
299.5903978
298.4206062
286.7511415
282.2415798
300.8561158
306.4277317
297.5899945
299.402238
293.2306686
295.0889324
294.7175152
287.9035727
295.1549696
298.6999824
300.507087
294.195557
299.2481751
297.3402941
300.4718627
292.8845284
288.2606196
286.4535275
283.7147065
300.2531839
295.3597662
283.0154964
280.1389945
281.5014527
287.7797435
281.6185956
288.0437108
285.6258895
289.2110859
291.2764197
293.5217081
298.4015241
306.0144711
304.5244042
303.6398557
307.4693007
310.9021261
307.7250189
310.4419037
312.2187333
301.1714993
304.2605983
312.5731868
309.1038234
298.6473412
303.7862799
305.2437767
309.5635709
297.8863381
297.5350398
287.5156429
293.7062134
287.7033304
301.1274833
286.2760904
288.2647887
289.1956126
291.4855444
306.7778654
301.1148933
295.5957058
307.1863785
315.6762364
302.8883847
301.7055209
297.3589603
286.4556651
295.382809
305.931686
310.9961754
325.2088292
312.6615281
312.853955
307.9221433
300.0684963
300.0986737
305.9278011
300.1768215
292.066483
292.3085551
312.5925481
322.5229657
311.2039544
307.0910112
290.0394532
287.076749
286.9390803
286.6937795
279.8124917
281.1849135
283.4661528
292.9684616
294.4524214
309.4527776
319.1909464
306.9686813
303.681013
308.1426392
307.6966444
313.010692
304.4885202
297.2297674
283.8781456
284.3531356
283.1427488
276.4235301
276.343886
287.1248914
296.5253599
296.7960297
289.2510499
289.6195865
286.5854562
275.6763541
264.6334836
282.4691312
286.571085
291.4368112
309.5997093
302.6705657
291.4469914
297.362817
293.7636388
288.2796338
288.6340453
295.8018044
290.5344884
284.1250786
290.4913062
301.2968195
306.2859372
307.4009734
287.0356882
296.1403053
292.1959542
295.7456717
294.4861199
299.3706223
293.3842361
284.741884
286.8870966
282.9599125
297.8145738
295.6511802
297.0616353
290.6333019
295.0186376
296.7710512
281.9383114
290.8711031
298.6598162
304.2183568
304.0264881
302.5660237
310.2891035
297.0113485
295.0672693
300.4663928
294.3166372
296.9074134
301.7268182
294.5009426
297.4883325
308.3158155
311.9615938
310.0369228
294.2038131
302.7723638
286.9429655
274.3201673
279.7701004
285.6691643
291.6145242
286.3932208
297.279626
313.5294389
315.7845674
288.2089842
292.578733
303.5743815
296.5586863
297.1047189
298.9588116
291.4997281
295.0809272
301.131764
307.6401367
299.0498779
292.4281646
293.0754267
292.0744028
295.1601194
296.469058
297.8127141
294.6074484
304.7308396
308.0862492
305.5467853
308.4715848
304.6007263
311.2864472
299.5649868
301.9201069
315.34889
308.7141424
299.5946661
295.0796966
304.1396199
316.8457274
302.1601049
303.6768287
297.9568851
316.4763732
304.493954
304.3499744
296.1159709
298.7974044
296.6745515
301.0673539
311.8790584
291.1480113
297.0561302
302.5812187
297.5786833
306.1531059
298.4397326
297.5357786
276.8578735
274.9434023
287.8936189
295.6004607
307.7606755
327.0842771
310.6283093
301.0629568
301.3330473
300.9104991
293.9241348
293.5126843
306.1902971
283.5799368
292.7336841
302.441398
304.9063035
286.1659502
289.6326025
299.7302103
303.7183583
318.0675394
313.5592465
311.3891219
315.7417961
289.7033611
286.3725173
278.5717282
287.1849926
292.752559
298.5524494
288.9290803
290.2644252
311.6678703
298.647885
300.2379445
312.0057096
318.4933364
314.8707595
314.7209424
311.5033478
308.5271525
295.0764074
295.1082869
284.4020421
284.0624726
283.1907522
284.2293284
289.5128623
294.8586851
295.1790338
302.7585371
317.0654366
307.7876633
299.1835737
288.0394256
278.0866383
291.636584
302.7356677
304.561072
302.8137565
299.2301509
303.746294
305.0608589
302.4618274
302.2462576
297.4767117
302.2080134
310.2300297
319.4131767
309.035638
302.9161325
303.0197852
292.4337619
288.9134341
286.5290891
284.5273081
294.5947762
300.330326
300.5678619
298.2870385
299.1393367
308.2781725
308.2136198
301.6644367
300.4898762
297.2733536
293.7587312
300.4781718
305.2019974
309.0276028
312.3459825
301.771383
294.8509635
298.9560703
297.6158014
298.801198
304.1802474
290.4921131
294.9370086
291.7045451
291.8263384
285.2313622
288.4755329
292.4877464
293.4087646
286.73524
289.0566261
300.8986334
293.3257509
285.9752061
287.4049195
284.8201045
292.6480079
293.6118152
304.6989812
301.5242886
313.3290201
314.7876543
289.5112462
292.2478151
295.1781053
302.3075456
303.6694657
309.2040697
294.7426036
291.7558413
288.3338832
289.8994186
298.6339443
310.0677588
298.3715504
296.3780158
296.3128036
297.384382
286.782902
299.9496392
304.9080451
297.1696479
298.2046344
291.0283551
295.9915723
301.6817743
296.8815336
283.5949182
287.7794475
292.3065111
293.1704752
296.2954546
290.3486148
289.8548246
287.0799737
291.7810388
306.1218336
300.3004841
300.7796263
303.8497792
302.2654301
287.5746364
305.7369383
305.8693339
298.0857681
302.713118
302.4535685
316.0972088
312.8736742
318.5264463
324.7726158
319.9304876
316.2088947
292.6149643
305.0525339
307.4810365
319.4812033
300.090083
300.2072957
295.2545545
303.8835475
316.207196
314.4724266
299.1991933
294.9171329
299.9609277
295.1015864
287.3397844
294.7803192
288.884603
289.8585473
296.3252365
313.2485307
326.6410751
314.0586773
315.2865221
288.807804
288.1929028
305.365416
288.5576051
299.5197821
298.5100465
303.9821164
312.3289462
312.4764373
306.9990434
313.6369077
304.2595747
311.0651705
298.7195779
304.9716865
287.9621419
294.893778
281.9850432
300.6112711
300.3483399
307.1259201
308.5382074
312.1039608
315.3130694
305.2399688
309.5576375
313.0333502
323.4820932
321.4237785
318.1904239
303.3842559
296.0970643
300.0576761
292.5640638
284.8601036
284.1599401
298.7517481
300.7853885
298.6912366
286.3017698
275.5288246
291.203761
281.3272505
298.3950246
298.2547711
288.8118897
298.2066628
280.1407611
295.009834
309.974617
305.0519242
304.7643596
297.0365993
305.0994559
295.2848575
300.3702441
294.8513072
295.5176178
290.2701219
282.3093934
286.0904091
284.9934101
281.8079127
291.0546839
296.5182761
299.4406076
304.9861521
308.6329467
308.0771619
293.8014015
291.6537481
307.9066855
305.3519987
300.1509537
301.6731894
316.873229
306.2511234
314.6778649
289.6505802
284.1531758
303.1792904
296.7603449
284.9283584
288.9515924
293.2271251
293.8719214
287.0002119
289.2041539
291.394942
305.0543601
312.9305645
303.1747116
315.6460924
305.0210755
294.4858351
289.7087377
292.2729396
292.1947764
301.0227883
303.9747069
295.2675783
286.4928593
292.0307768
293.2012092
299.9338811
312.8440812
297.7247168
283.4779951
280.1586525
283.5513566
296.218313
306.7584041
296.4385818
311.0562842
323.7901134
305.4492823
303.5170152
299.9310163
304.5616378
304.6294825
299.2073927
311.9495282
302.3057268
302.1216
321.4903088
312.2188111
306.5785649
316.1607721
311.2092483
306.1349618
309.1370758
293.2200283
300.6645259
311.6237897
307.6188142
298.3960457
297.1263113
296.4412279
296.4435644
281.3827705
306.9393225
296.5845996
296.0368968
298.7477127
292.2140004
296.8043373
296.3785273
300.2083295
292.3851422
290.6612752
293.5375001
291.327933
287.1354853
282.194536
287.5198702
292.3535778
293.8892337
300.7902888
303.5604429
304.3287784
287.8467227
301.7633063
292.7795494
284.0488099
284.6825137
285.6897056
297.5187678
293.8283933
286.4331016
291.8490425
283.3576419
293.4019155
299.0943934
290.834932
285.6203392
287.8338424
294.2934236
294.2717206
300.6231735
301.9160403
303.9326601
297.0556778
297.1614338
285.2446899
278.7982738
276.4271439
261.2804328
279.7001354
294.9684422
292.302568
283.3427398
286.7751035
284.6251222
285.3679931
300.6359923
304.5630574
289.8820213
296.2013336
298.7895644
303.9991466
295.7256881
285.921586
289.7900902
288.5518805
277.8028379
286.9747941
296.4902479
298.6230946
287.5840895
287.5600276
288.008187
290.312239
288.1069102
283.6687938
290.6550234
297.4310804
310.6246339
305.8897658
304.7454634
289.5248932
294.4077372
290.8005071
297.9415549
302.4410665
293.5146112
291.5831148
305.1415298
304.7995931
303.1654266
306.0885726
307.3285283
310.9057619
305.8477191
330.8935667
318.4900254
303.9824078
298.3050842
294.4233318
301.4111557
301.8700514
301.2103413
297.8885147
303.9016123
302.365372
309.5351698
306.2601686
313.7685743
302.9436241
292.1076612
273.90481
275.8466823
293.1668994
288.6026403
296.4235649
295.0013126
297.9087636
315.4411465
297.2577799
303.97197
301.4004699
292.3987879
303.2004591
298.8074957
287.5988449
284.5909614
289.1624442
302.6942387
304.4623326
311.6480432
311.4173479
307.1909871
303.1389695
300.4062608
303.388294
301.1019399
288.2443477
279.8138851
278.7932007
278.2964161
292.5131931
285.8294478
292.1717725
285.909408
294.3014847
298.0663066
303.8711477
302.4815248
303.7247139
307.2101827
305.8452416
315.3487676
321.7837377
315.3906508
299.5675586
294.5387994
279.7799879
291.3001133
306.012862
295.1256421
293.1100995
285.0760771
294.6878847
298.0487436
303.3941395
319.7025962
323.2632008
310.370754
312.2129883
295.7766328
299.678933
298.5702603
299.3708329
298.3200608
311.3833086
303.0540551
302.1707894
300.5891473
289.5137739
285.382462
283.682565
307.5153069
306.297441
304.4291575
300.483414
290.7578366
293.1050501
294.591922
285.0021706
286.3084027
274.9729788
290.3976644
293.9075888
292.1325215
291.3783222
301.7512527
302.2922915
298.9505547
306.9581897
294.2944299
305.2190731
304.4809499
301.6988376
300.2206125
309.1692218
316.70334
310.116196
307.6808421
307.2928578
298.1538761
296.4442825
288.2916719
301.6885344
308.0363735
304.8907164
299.25166
291.7900107
286.4958928
296.6547074
293.6686357
302.6608261
297.7800837
293.7912598
295.7494414
300.0652533
306.4930952
303.4692952
296.2019386
310.8558753
303.8006533
304.4403415
303.8969721
296.7907718
285.2013992
290.9867354
291.9625113
292.1404146
294.4069902
289.193229
285.5718017
299.8151981
313.3966229
320.1397954
317.085919
311.5534177
299.5465755
300.3766252
296.6634534
295.8824936
292.7091302
291.9036854
289.2374348
284.6719606
289.4010031
276.2793501
275.4969495
279.3121092
287.7552245
292.5721742
300.1011913
301.9146581
298.6328695
304.7347136
311.8974825
301.1487565
292.6980895
295.1923656
301.283458
293.6441942
295.6897341
303.8203874
295.4408006
287.7529722
287.0632381
299.3157246
292.1430458
286.1006276
296.0647813
302.793232
298.0600836
299.3028275
323.7122125
311.9886583
302.2036071
325.4741898
317.3828502
313.0424772
319.9774732
321.499085
332.1770132
332.6458107
334.6828223
323.1606056
316.8428474
303.1700114
317.1768132
322.8274431
318.3804216
310.6081511
302.0590488
304.6092067
314.3678904
310.5289256
331.0370188
323.4699951
310.6764391
314.4146843
316.4849555
314.6071351
312.8696553
319.1612456
304.451497
311.3597965
316.3036191
311.3523155
299.1310027
285.2713898
294.2663658
302.076679
291.821148
304.7277542
300.9003121
301.2751714
284.4665052
288.3749198
308.2502541
302.6125065
315.1906922
301.2979968
309.5939726
303.8855024
300.6310295
293.0359906
296.098855
299.6682787
314.5345818
313.5884632
313.2309532
310.2304841
304.1356373
303.9090359
301.5042505
292.760616
299.687708
296.4562384
292.0142684
293.1275972
279.1643195
295.5188559
291.5380289
286.5939776
285.8618578
292.1575259
303.7553883
296.9663939
289.0582168
302.7609534
302.6176368
314.7775041
305.3028921
307.64043
300.6326625
299.2659673
301.8594445
314.6587602
308.6741313
303.1675321
305.323728
292.4936616
299.9874822
304.3346705
307.0971403
300.8308653
305.2142623
302.8453621
305.8996744
302.3023758
302.2497956
309.3918678
310.68306
309.1436771
298.7474881
295.2799437
292.5100661
295.0638619
307.2851458
297.3935894
284.5428482
298.4684644
307.5693706
308.8225706
304.7072306
309.0620369
303.8415352
305.4040048
303.7566236
292.9481947
298.8368943
302.6831833
295.6526359
294.2705042
298.6251887
309.1404458
292.9221773
289.3826717
305.9962507
314.3631507
298.5697817
298.1868284
289.7697011
301.3986299
310.5459941
299.5079097
313.3571657
318.3267209
300.6645643
311.3438049
299.080516
296.2001387
298.4022713
302.0043845
298.4090565
284.1622914
288.598557
297.8337783
310.0342313
310.7610053
309.8459543
301.5006563
305.2663204
309.81116
292.7115228
291.5996962
306.8720817
299.7681237
302.6004958
306.3615528
304.8237756
300.2044342
296.6984115
292.9128732
309.9982962
311.1157689
298.7096216
299.428815
301.877296
312.1492455
293.844383
288.5446222
287.500237
288.6205203
303.3580432
309.0636454
293.0637861
291.5621351
295.1123526
292.3261077
300.4418172
299.4382842
292.5757377
297.8949688
282.1117132
278.1041843
297.8124623
282.5502105
279.4212425
265.8009918
278.2972599
292.9192039
298.3469121
299.8848999
302.2196534
309.2301841
310.0810891
312.5842775
312.7092935
300.4819348
291.8283785
297.0731149
289.0003314
281.6026705
290.2663258
278.4330952
287.6381281
298.0756815
304.1859959
308.6623993
298.2104061
304.194792
311.7423614
291.7416956
285.4228437
275.7411822
280.0759042
287.5057564
304.8587098
306.4299421
298.3744672
294.6858724
300.6272018
300.7298353
294.5237779
311.8126699
306.7929235
297.4171842
300.4995842
294.6897234
310.3668043
301.0512133
292.8813254
286.3236949
291.4487825
293.8870709
294.7061609
302.4138389
294.766035
297.4247252
302.3958927
297.3684613
293.5842845
284.7848476
317.654259
303.1272349
302.3364759
299.9562877
292.8085581
291.9277703
302.2794277
296.4646303
286.5280328
301.2700356
286.7691105
270.3760201
274.9962173
280.852941
289.6294446
302.1024553
302.910804
291.6462497
298.7958176
328.2641456
301.5250043
308.3802566
306.0857763
301.8263673
296.1214545
309.8436713
301.9160688
302.8105543
308.0535176
297.6087694
303.5629173
310.1415113
306.4196128
294.922507
283.8231085
292.9473644
298.1691422
305.7101145
305.586928
295.768584
305.7089647
304.4785466
295.0162371
287.1330832
293.3512643
302.3181956
303.0783975
304.5153581
301.2353543
302.0687959
302.9649552
306.4945888
298.2415582
307.8814805
291.7412548
296.1748334
289.0783093
294.7619088
294.2441046
302.6288779
305.2523607
303.260477
308.9666477
316.2714185
306.0056809
293.7508143
308.6347754
314.0050919
307.8736847
290.8881698
285.5265376
288.3816109
281.8345963
281.5720477
290.0972153
291.2148793
293.6589863
291.0270089
308.9527119
314.105869
287.7538663
294.3679912
295.3330493
301.2426501
305.6187448
289.9468537
297.2981094
291.1318375
286.0142014
303.7470666
298.6845387
304.9352854
298.1069971
309.0558206
300.548858
299.9993371
303.7532948
300.1260539
316.7996878
306.0378624
297.1828349
294.103282
306.9225849
302.3140672
314.1552898
322.2367017
308.1329294
299.560099
302.9980514
297.9784735
309.0056241
305.641127
297.3443924
298.9359226
298.488388
314.6535197
309.2361772
310.5897675
313.9269649
314.5059399
311.6952545
303.701383
297.6800748
297.8921649
294.9699388
285.3088105
291.3671625
306.9653155
307.4762795
303.5503602
285.5091038
285.6925849
290.3139539
297.3284897
301.9049468
316.7182766
313.9699624
309.9260875
308.4297592
304.7760679
313.6960539
312.9344548
311.7829797
301.2941627
282.101869
281.2608977
290.3171176
290.0319294
286.9074715
286.1910016
293.0500435
303.6436656
307.7642156
310.1517507
305.9296068
297.176053
319.6306115
323.9364566
320.3632291
321.9733222
299.4001912
310.5533383
314.1649085
317.4149999
311.0761426
315.0490845
320.8849684
320.7408053
318.9747045
326.8661131
312.4444802
303.0788482
306.3845276
308.027956
302.7520495
309.7588192
299.212171
287.5735825
278.5599677
281.8013563
289.6587532
309.518448
306.2530812
317.2435804
320.5565026
315.1981196
310.2137469
302.1371497
303.8606677
302.4577597
317.3109202
316.8630766
312.8352996
301.9351611
311.1393826
304.5121972
306.1925865
294.6352636
302.7357095
285.2945456
289.1382379
291.2275351
296.3044858
294.6679169
292.8465045
294.0334344
303.3968354
310.2997791
312.6743906
314.8048933
306.0879439
311.0911385
312.2725172
301.360142
298.7500728
306.7889107
302.9718691
310.2428847
295.9841052
301.9105538
297.7562036
297.5521085
301.7449254
309.1992577
294.2784516
293.3322564
297.4536588
296.7542607
284.7247384
297.4269827
300.1546409
305.8293353
306.0671372
319.4091719
320.6048612
314.3975952
306.4244179
309.8692362
310.4970359
302.1251533
298.2169099
315.9382801
310.156411
311.2581208
287.4268416
297.7090292
290.3780045
284.9831805
292.4897241
301.2353971
291.5025507
281.7034848
293.1080416
287.8806237
286.9975396
284.4270852
284.4742726
299.6401122
298.340428
293.9549008
284.0480561
289.842668
286.1961223
292.9459538
286.8567792
291.425194
286.6933115
287.8301593
272.9707187
275.4316604
286.6113849
281.5427438
288.5870321
292.853038
293.941243
302.0052568
307.0554075
303.6280587
298.1729447
298.0294219
297.2836203
296.2208755
294.5721624
300.5136376
304.1895641
296.3720716
306.170072
303.7162675
298.9762672
306.0994249
311.0991055
310.8152409
296.8059981
300.65334
294.8364566
292.5893023
293.9082351
295.0071089
292.9233225
286.3940252
281.0033282
282.0463149
288.6684689
300.0034473
302.3887059
293.0813783
290.8720423
310.3438133
309.7519075
310.8783024
303.9267263
304.039095
297.2614799
303.6271787
313.4166527
307.1420913
306.5177112
294.7658585
289.6573119
289.3488632
303.6867942
314.9844715
302.0434736
295.1733265
305.1073118
309.6317276
302.8395354
298.2696228
292.2008807
291.8972117
288.3448647
297.8964876
286.694538
289.5484259
296.2512251
288.339154
289.9718037
294.0007977
294.3715749
284.957245
289.4506767
280.4081897
285.5479492
288.5800018
294.4605217
301.6493809
304.8561185
297.214532
291.8308569
296.1770026
286.665359
290.9639028
299.4445684
287.0858529
274.222019
269.5936789
276.1466377
295.0024229
300.2088321
296.9056332
291.185274
300.5314641
300.7183652
313.6497216
315.5033752
298.2013452
291.7989116
298.5718127
287.3316296
301.6361522
291.1147009
277.0964172
280.0848711
278.2625269
296.2132284
299.7907145
290.0371279
301.1134861
292.0127037
299.8856973
301.481314
297.9000887
305.9977389
282.849907
289.0182882
287.4311427
282.3915467
275.3729714
282.5616475
295.7469555
313.7584986
305.9819498
297.6242055
301.9436212
300.9790058
298.9532074
303.0307585
307.6748195
296.3598262
284.2761895
301.5690868
287.1582452
288.9450888
297.8755956
302.1210497
296.4954836
294.6451488
292.6548547
291.1391666
268.4027008
279.859027
290.4514571
302.1715211
295.8913913
297.1883403
297.0465263
293.2381776
291.7898593
296.9141765
291.5179087
288.8052219
288.274482
284.8703352
292.8555947
293.538376
302.3802407
305.7605534
298.0419119
290.9531563
291.762312
284.3707432
291.3494866
277.6346678
265.9775134
290.5019882
286.0845121
278.7513964
287.11529
283.6517826
289.0103098
278.1101628
280.7941259
278.8317409
280.1826215
293.9555659
299.515237
297.2064748
289.9316044
289.9027783
295.0810782
311.0054435
320.1031446
308.1107945
293.7235017
295.628884
285.5227689
278.9673059
297.2197623
307.7711133
290.7597429
318.5783165
308.0572183
313.5014216
303.636108
310.2352219
311.2599017
304.5084657
319.8014759
321.580119
303.1540793
296.6243393
298.432947
304.6688204
302.9981806
295.4001931
292.7169405
286.5496755
280.7762466
289.82314
302.8676022
288.4634815
303.1572229
286.7782634
293.7971217
301.0565956
299.5313327
296.6289036
286.033626
288.6519669
296.1422406
314.343465
317.7029125
315.7623044
306.5704083
310.2418146
297.0438918
300.1895283
291.054068
308.2584886
292.0461498
297.2230997
282.9958261
296.941459
302.304355
312.1405681
307.2220819
310.1425765
301.4003789
288.9399978
284.2206913
292.9516383
301.0422937
300.3933213
313.3225265
302.6857093
297.5315155
295.6578329
311.1039813
299.436728
307.6083331
290.0323741
288.7133072
291.2414003
291.5511892
296.5879894
301.2508748
291.6555921
305.9665927
314.2086471
305.7241461
312.8186664
316.6245139
312.6378449
316.0491179
318.2884764
307.614991
308.8363548
303.5961882
305.9944994
313.2196308
294.3457787
287.1835003
286.503095
291.193293
286.8944185
293.6710086
300.4856822
298.5350081
312.6712193
316.9046486
303.8814782
294.673047
295.5875453
287.8066061
291.1228623
307.3675662
307.9718576
295.7103491
303.2576497
292.9305619
297.8833037
298.0440121
298.8047428
307.4165483
318.0872043
318.6345329
331.0298566
325.3065103
316.8982873
303.8927751
299.5775236
300.5130548
308.4584518
299.1276223
297.2988907
289.2539041
292.4992165
295.3967207
302.1440217
290.3854963
307.7375268
292.0276701
289.5374555
299.3198805
303.1543759
299.7179749
297.6515193
289.9444298
289.1326684
296.9809384
282.5236227
283.0823538
264.9796419
271.1568902
278.7496632
282.7078109
287.4075389
295.1390975
298.4683414
302.9545046
318.1930431
332.898527
317.3507739
310.9898088
304.0472815
305.2211359
294.8058919
296.4671758
309.2484113
302.3696456
301.3408274
293.1454095
292.3865948
307.3837435
302.7360764
294.190341
303.01298
311.3112365
308.705436
306.6906957
303.2181137
281.4261283
285.7710522
292.2432806
296.6135265
304.2985163
310.8055236
315.9816356
298.8386167
323.7435487
318.061627
318.1198836
311.8042481
299.3824631
298.327391
309.4828606
314.0627872
318.6430738
326.7061475
309.4971042
301.0192601
301.0516389
295.0484769
296.2113707
291.4191516
292.6103239
303.2520378
293.4279807
303.5828924
295.3058559
303.1982138
293.6927785
299.1268674
308.1888955
305.1420587
302.88437
298.0554421
305.663165
299.2251171
301.0201135
303.4999914
299.8876343
307.7240538
311.3504945
305.2261593
291.6617363
293.4936737
296.3059705
290.8139998
290.2084006
293.1302121
300.4795709
299.5280348
305.0496878
307.1381764
316.9205739
320.921606
310.977537
312.5716227
304.1465938
329.3320182
321.8372228
302.7074428
287.2872102
281.9336579
294.3557873
302.7500207
304.214229
292.1619514
272.9186712
276.0704773
300.2198193
310.007747
313.4381563
304.8248772
297.7575839
298.7374513
293.1723789
293.3793641
314.8295881
289.0863006
293.1075314
282.7696649
299.757193
299.7782073
290.2903026
288.8136891
291.4497556
285.4357265
294.0924475
293.8790918
289.6986801
292.493743
293.6348373
306.6745415
309.4247461
296.5093468
296.8015533
290.8489545
290.8011409
288.3181595
292.0750627
291.6775806
291.5979543
287.1956593
282.8771264
282.3161035
294.7346864
298.1798768
298.6517363
291.8134274
293.9136643
297.5772694
284.0615956
278.4838265
290.6129319
292.2229048
292.9944271
291.181475
294.7501248
307.707761
299.339041
302.9095772
304.8279777
295.0006447
287.8254797
293.3734218
296.7560507
300.9993973
294.0460353
284.0398756
277.6460814
295.0890836
301.9653551
299.3157268
303.3511806
304.6152212
300.4431471
307.1614608
298.3057844
299.4894239
301.1198953
300.5739
302.2709173
310.4689176
308.0312645
303.769516
296.2744857
297.5969898
295.2689997
303.6869662
291.2888198
281.8966389
295.4039318
288.1222634
297.3735078
305.7996477
302.8120525
295.4962704
302.7331877
294.597846
301.277985
302.8347713
307.6462122
300.4518085
293.6870198
304.7411944
290.0390786
301.0262402
301.6860401
301.6102275
300.6108191
302.006742
296.815408
306.0781277
297.7675102
288.9312311
287.9882214
299.0676064
288.4964974
311.8690055
299.6038757
298.6517173
297.3509122
289.9349123
309.6327819
314.571395
324.1413412
317.2974309
307.3429402
293.184851
297.4911247
303.7327131
295.0702221
288.4946699
285.1676315
304.1420157
308.9402059
297.2219597
320.9329234
309.1970228
319.8163199
309.9288195
306.9519123
303.9825294
314.3298371
326.5048373
323.8430438
315.6854612
314.7347716
308.7422809
303.7986717
298.954336
303.603158
300.199226
310.6783707
314.7695037
307.1951535
296.7927807
290.3749899
310.1439321
306.0134897
322.8837757
316.3315409
317.6623785
317.6840036
325.3363212
317.8181288
296.3726405
303.5182833
313.071672
308.2696124
302.6320898
304.7595659
314.5976704
322.8793594
323.4629699
320.3965696
313.3596319
307.1698627
298.77252
313.0307975
307.0075744
308.9527979
292.8001831
285.2064054
284.2382772
288.9647028
291.5391779
300.4359544
305.5543307
306.2244512
306.709099
307.089571
311.7006292
294.000823
291.1987408
300.5486117
307.3241151
306.3259823
300.137646
314.9474507
308.6973415
300.3135394
290.8985283
284.4291983
281.333784
291.0252614
292.4722703
296.0781518
289.1908505
293.5083609
281.5352067
289.6135045
281.1890382
284.6593578
284.1628092
282.8943473
290.302134
300.6025342
317.9166621
320.7478735
306.7579414
300.7964067
316.0250225
296.8880989
292.0531746
283.40864
288.3608557
288.605666
290.355731
289.8300813
302.163964
304.6805828
299.9579624
299.659138
297.7597401
299.3840046
301.1399133
300.9906887
314.1030133
306.3440484
317.2218784
310.0865558
293.3848119
299.605494
318.3347741
315.3084163
303.4916807
295.5131236
294.5722339
305.3225116
303.1516154
303.8233365
314.9210604
306.6358894
299.845335
288.0269316
296.9347595
309.8650833
297.6334244
301.3981336
290.7515991
295.3961655
299.862364
300.7491355
295.786839
309.1764771
305.1675496
309.3543704
316.9985587
308.0805488
298.4826118
293.6075033
292.1751463
295.9612477
296.0035198
299.935326
298.8844063
300.3813165
297.8582027
287.8625123
297.1962651
316.9591141
322.1976745
308.5445577
300.2300778
295.9797075
296.4845457
287.7484813
297.7277727
303.2422836
303.6292447
301.1436527
293.7940565
314.7645281
316.7594897
309.6197494
308.4584115
297.9022371
301.9702454
312.6768479
299.602942
303.11616
296.4337197
297.7895242
292.6213848
301.1169158
300.2515365
298.2084576
297.4094941
298.8514054
301.0551734
295.7392444
316.6937193
305.6229367
306.4687126
302.8588384
299.3808981
304.151542
291.4533089
298.4376557
302.1846683
302.1012335
308.6880307
305.6615942
296.9903169
300.1718517
298.4996257
294.8731836
299.6738494
296.180416
286.8017407
300.4678708
285.1284854
280.5093022
286.6121841
288.9617739
290.0970802
286.5843351
301.2394916
287.7167489
286.8432553
287.9280065
294.6447682
304.1487561
292.006824
287.7593097
286.1833925
303.4598308
303.8557043
298.6294835
294.8469524
285.4802218
279.3549506
279.2525267
293.6494634
290.6941649
294.3987124
293.2436426
309.4778976
310.4079
308.5879017
302.9369042
304.0922799
304.3888113
309.6160523
306.1390614
291.1314967
289.4196868
286.2479899
286.115556
288.6960564
294.141979
295.5561666
294.3293802
295.1189695
326.0799721
319.5873198
306.0531398
304.4699532
319.6483831
310.7469974
314.1156062
310.8900092
311.1786808
308.547319
301.6145763
299.1158383
294.9867597
311.9207713
310.8376516
307.8605468
308.7639019
310.1879918
318.4777803
319.7624877
304.975404
296.651829
292.3431528
309.7883213
303.2766656
302.1152647
305.8364572
307.0117738
303.437314
312.8972269
316.4218281
312.6378628
304.0889843
299.4304729
296.238113
296.8236445
296.7425641
289.5948262
287.8464348
300.8771747
300.5486629
292.2740326
309.2293849
289.9119337
291.3447899
298.7831011
296.4497998
309.0049499
305.7564266
289.5294951
297.9264347
305.4733088
303.1552093
308.5759873
309.7011855
313.1016416
302.9979627
298.422628
300.6349574
295.4594152
284.0013312
271.5719892
279.3788511
296.5677894
299.4944297
298.9045143
305.8709541
294.6234796
293.3783059
298.9894549
290.5901132
295.9631602
294.6412276
291.718639
286.6396087
294.1470632
296.6311957
301.3486745
307.7245091
314.5066239
316.9759976
325.5691961
322.6281956
307.307088
300.7439939
289.1861443
289.0847889
286.5051407
290.9818637
290.8336094
301.0763003
311.0158438
294.6483161
287.5082143
284.9664258
304.4105568
301.6550147
301.2434794
296.7606445
295.2157418
306.8695069
303.8769017
308.2462197
309.7455927
300.9937312
300.4763365
314.1705404
307.8635072
298.8945961
299.2310848
280.2923441
292.8090719
292.8123469
294.5760633
295.6256722
300.0576858
296.7849037
298.1841357
302.8279421
305.9384034
298.3948663
296.6180981
308.0010467
289.6204718
290.7736362
285.3023743
282.5801767
298.6826093
294.1094421
287.8785396
283.4335253
297.2300496
300.2622411
301.9091476
304.1666286
304.4435286
302.680722
300.1481748
274.8758751
298.1495175
289.3751632
290.6481388
283.8623052
277.4457623
281.1982329
288.623602
291.7322868
281.3577706
286.268481
288.5551121
285.6242901
289.2331401
285.9807767
292.806505
293.383701
292.4454865
279.4665011
298.6947986
299.8900147
293.9732347
306.1461527
276.5443177
275.2384642
279.3663563
290.9189588
292.8381673
302.9948861
303.6081903
292.3534596
293.0980633
297.6988126
296.8214877
288.6659419
301.3711736
294.833681
289.5317404
297.2861248
277.3485776
284.375219
285.3110077
288.2905022
291.3284971
275.3562199
297.9000045
299.1341498
292.4832556
297.4147842
301.6762458
302.7839356
290.180922
282.6833362
304.4503302
322.7214486
313.2579253
303.9556001
321.7524182
313.9926735
306.0809709
298.2053656
298.4330172
299.4436108
291.928046
291.2071856
268.8860592
275.4109376
286.3901263
275.1036787
279.2014732
280.7126075
299.8990425
309.595352
308.3216231
292.5162408
282.0263021
302.7395186
309.0801308
317.4352995
314.0238628
291.9624425
293.1987282
278.871497
273.764685
274.7272439
310.604458
300.5600563
304.2581804
305.1086729
309.6374297
311.9915124
305.1567099
300.683698
293.644037
292.6571144
295.093744
297.0294748
292.2486781
288.4817475
294.134281
290.9952173
293.638552
308.5848863
299.0096551
297.4881286
298.4065985
292.6825165
294.8642094
285.860814
297.9224523
297.4037432
297.6767752
295.9875228
299.3554093
307.4383205
294.0150397
297.8746425
308.4856592
301.2767617
309.7046202
303.2467271
294.29822
283.4356953
293.1396837
309.1116426
294.7793114
284.6748339
293.7673098
289.2312353
297.9706166
297.9172574
292.4712893
299.6424451
309.4266684
303.908387
295.3391624
284.2836393
298.5041812
304.5953831
307.2156582
309.6001381
311.6002324
308.6500879
306.0290226
297.6080233
315.0979068
318.4295052
290.3238389
279.7873884
287.1688191
294.855213
296.6284599
307.8532698
306.7248899
298.777082
299.0249648
298.2835408
297.6892022
295.2843065
290.9018985
284.0224922
275.6129599
277.345134
288.9872447
307.6637536
302.4546073
313.7433462
307.6359023
299.854934
291.3482696
295.1634697
294.479963
290.3655308
306.7544448
306.5719696
285.7179483
287.0822799
297.6219988
293.5049312
298.9300891
300.1819942
293.7149878
303.6756315
311.9279385
309.4691913
)
;

boundaryField
{
    xPeriodic_half0
    {
        type            cyclic;
    }
    xPeriodic_half1
    {
        type            cyclic;
    }
    yPeriodic_half0
    {
        type            cyclic;
    }
    yPeriodic_half1
    {
        type            cyclic;
    }
    zPeriodic_half0
    {
        type            cyclic;
    }
    zPeriodic_half1
    {
        type            cyclic;
    }
}


// ************************************************************************* //
