0	2.30707251374e-13	-5.76771733253e-05
2e-12	1.1483525359e-16	0.0576625123386
4e-12	5.72020192861e-17	1.92126018677e-05
6e-12	3.79848461194e-17	7.20668249838e-06
8e-12	2.83752892926e-17	3.84387267956e-06
1e-11	2.26093554012e-17	2.40247404441e-06
1.2e-11	1.8765393115e-17	1.64739906299e-06
1.4e-11	1.60197591492e-17	1.20119674772e-06
1.6e-11	1.39606061241e-17	9.15159844447e-07
1.8e-11	1.23591197714e-17	7.20649792523e-07
2e-11	1.10780069541e-17	5.82305682151e-07
2.2e-11	1.00298970428e-17	4.80366303949e-07
2.4e-11	9.15654173826e-18	4.03070609412e-07
2.6e-11	8.41761460519e-18	3.43057775658e-07
2.8e-11	7.78431063563e-18	2.95527176047e-07
3e-11	7.235505901e-18	2.57238336442e-07
3.2e-11	6.75535728986e-18	2.25939132241e-07
3.4e-11	6.33174937204e-18	2.00024582362e-07
3.6e-11	5.95525896041e-18	1.78325681884e-07
3.8e-11	5.6184466445e-18	1.59974525414e-07
4e-11	5.31536085875e-18	1.44315750593e-07
4.2e-11	5.04118364213e-18	1.30846963032e-07
4.4e-11	4.79197300663e-18	1.19177782422e-07
4.6e-11	4.56447251245e-18	1.09001139542e-07
4.8e-11	4.35596844846e-18	1.00072805952e-07
5e-11	4.16418128864e-18	9.2196562987e-08
5.2e-11	3.98718219651e-18	8.52133011893e-08
5.4e-11	3.82332808388e-18	7.89929028206e-08
5.6e-11	3.67121058523e-18	7.34281237165e-08
5.8e-11	3.52961558901e-18	6.8429930676e-08
6e-11	3.39749086253e-18	6.39239115455e-08
6.2e-11	3.27391994283e-18	5.98474848628e-08
6.4e-11	3.15810092307e-18	5.6147711769e-08
6.6e-11	3.04932909576e-18	5.27795660382e-08
6.8e-11	2.94698265892e-18	4.97045557678e-08
7e-11	2.85051087268e-18	4.68896173237e-08
7.2e-11	2.75942418963e-18	4.43062217557e-08
7.4e-11	2.67328598566e-18	4.1929648275e-08
7.6e-11	2.59170559653e-18	3.97383900211e-08
7.8e-11	2.51433242558e-18	3.77136652837e-08
8e-11	2.44085093539e-18	3.58390133153e-08
8.2e-11	2.37097637232e-18	3.40999584069e-08
8.4e-11	2.30445110176e-18	3.24837293581e-08
8.6e-11	2.24104145488e-18	3.0979024141e-08
8.8e-11	2.1805350052e-18	2.95758116244e-08
9e-11	2.12273820839e-18	2.82651638328e-08
9.2e-11	2.06747434987e-18	2.7039113482e-08
9.4e-11	2.01458175446e-18	2.58905325295e-08
9.6e-11	1.96391221975e-18	2.48130282692e-08
9.8e-11	1.91532964138e-18	2.38008541331e-08
1e-10	1.86870880322e-18	2.28488328668e-08
1.02e-10	1.82393430991e-18	2.19522901563e-08
1.04e-10	1.78089964259e-18	2.11069971104e-08
1.06e-10	1.73950632147e-18	2.03091202751e-08
1.08e-10	1.69966316149e-18	1.95551780727e-08
1.1e-10	1.66128560918e-18	1.88420027379e-08
1.12e-10	1.62429515054e-18	1.81667069745e-08
1.14e-10	1.58861878128e-18	1.75266546721e-08
1.16e-10	1.55418853185e-18	1.69194351303e-08
1.18e-10	1.52094104076e-18	1.63428403167e-08
1.2e-10	1.48881717059e-18	1.57948447571e-08
1.22e-10	1.45776166173e-18	1.52735877169e-08
1.24e-10	1.42772281972e-18	1.47773573788e-08
1.26e-10	1.39865223222e-18	1.43045767653e-08
1.28e-10	1.37050451266e-18	1.385379119e-08
1.3e-10	1.34323706746e-18	1.3423657051e-08
1.32e-10	1.31680988445e-18	1.30129318038e-08
1.34e-10	1.29118534024e-18	1.26204649753e-08
1.36e-10	1.26632802455e-18	1.22451900953e-08
1.38e-10	1.24220457986e-18	1.18861174428e-08
1.4e-10	1.21878355478e-18	1.15423275109e-08
1.42e-10	1.19603526982e-18	1.12129651131e-08
1.44e-10	1.17393169433e-18	1.08972340583e-08
1.46e-10	1.15244633358e-18	1.05943923333e-08
1.48e-10	1.131554125e-18	1.03037477379e-08
1.5e-10	1.11123134263e-18	1.00246539253e-08
1.52e-10	1.09145550929e-18	9.75650680446e-09
1.54e-10	1.07220531542e-18	9.49874126777e-09
1.56e-10	1.05346054422e-18	9.25082821054e-09
1.58e-10	1.03520200257e-18	9.01227181305e-09
1.6e-10	1.01741145697e-18	8.782607059e-09
1.62e-10	1.00007157434e-18	8.56139746722e-09
1.64e-10	9.83165867102e-19	8.34823301574e-09
1.66e-10	9.66678642274e-19	8.14272824012e-09
1.68e-10	9.50594954142e-19	7.94452048929e-09
1.7e-10	9.34900560317e-19	7.75326832416e-09
1.72e-10	9.19581880845e-19	7.56865004601e-09
1.74e-10	9.04625960133e-19	7.39036234249e-09
1.76e-10	8.90020431475e-19	7.21811904084e-09
1.78e-10	8.7575348397e-19	7.05164995853e-09
1.8e-10	8.61813831641e-19	6.89069984306e-09
1.82e-10	8.48190684597e-19	6.73502739261e-09
1.84e-10	8.34873722071e-19	6.58440435097e-09
1.86e-10	8.21853067194e-19	6.4386146702e-09
1.88e-10	8.0911926339e-19	6.29745373548e-09
1.9e-10	7.96663252252e-19	6.16072764645e-09
1.92e-10	7.84476352804e-19	6.0282525511e-09
1.94e-10	7.72550242047e-19	5.89985402716e-09
1.96e-10	7.60876936695e-19	5.77536650764e-09
1.98e-10	7.49448776017e-19	5.65463274674e-09
2e-10	7.38258405708e-19	5.53750332307e-09
2.02e-10	7.27298762725e-19	5.42383617683e-09
2.04e-10	7.16563061001e-19	5.31349617907e-09
2.06e-10	7.06044778008e-19	5.20635472962e-09
2.08e-10	6.95737642083e-19	5.10228938235e-09
2.1e-10	6.85635620479e-19	5.00118349495e-09
2.12e-10	6.75732908103e-19	4.90292590207e-09
2.14e-10	6.66023916871e-19	4.80741060944e-09
2.16e-10	6.56503265665e-19	4.71453650796e-09
2.18e-10	6.47165770839e-19	4.62420710599e-09
2.2e-10	6.38006437241e-19	4.5363302785e-09
2.22e-10	6.29020449725e-19	4.45081803214e-09
2.24e-10	6.20203165112e-19	4.36758628482e-09
2.26e-10	6.11550104586e-19	4.286554659e-09
2.28e-10	6.03056946476e-19	4.20764628736e-09
2.3e-10	5.94719519436e-19	4.13078763059e-09
2.32e-10	5.86533795954e-19	4.05590830595e-09
2.34e-10	5.78495886212e-19	3.982940926e-09
2.36e-10	5.7060203225e-19	3.91182094694e-09
2.38e-10	5.62848602425e-19	3.84248652582e-09
2.4e-10	5.55232086147e-19	3.77487838612e-09
2.42e-10	5.4774908888e-19	3.70893969082e-09
2.44e-10	5.40396327384e-19	3.64461592307e-09
2.46e-10	5.33170625188e-19	3.58185477337e-09
2.48e-10	5.2606890829e-19	3.52060603323e-09
2.5e-10	5.19088201055e-19	3.46082149464e-09
2.52e-10	5.12225622311e-19	3.40245485529e-09
2.54e-10	5.05478381634e-19	3.34546162868e-09
2.56e-10	4.98843775797e-19	3.28979905965e-09
2.58e-10	4.92319185395e-19	3.23542604379e-09
2.6e-10	4.85902071622e-19	3.18230305177e-09
2.62e-10	4.79589973188e-19	3.13039205741e-09
2.64e-10	4.73380503392e-19	3.07965646961e-09
2.66e-10	4.6727134731e-19	3.03006106781e-09
2.68e-10	4.61260259121e-19	2.98157194088e-09
2.7e-10	4.55345059546e-19	2.93415642912e-09
2.72e-10	4.49523633404e-19	2.88778306926e-09
2.74e-10	4.43793927269e-19	2.84242154222e-09
2.76e-10	4.38153947235e-19	2.79804262358e-09
2.78e-10	4.32601756775e-19	2.75461813644e-09
2.8e-10	4.2713547469e-19	2.71212090673e-09
2.82e-10	4.21753273148e-19	2.67052472066e-09
2.84e-10	4.16453375807e-19	2.62980428427e-09
2.86e-10	4.11234056011e-19	2.58993518504e-09
2.88e-10	4.06093635067e-19	2.55089385516e-09
2.9e-10	4.0103048059e-19	2.5126575368e-09
2.92e-10	3.9604300492e-19	2.47520424888e-09
2.94e-10	3.91129663595e-19	2.43851275558e-09
2.96e-10	3.86288953897e-19	2.40256253602e-09
2.98e-10	3.81519413451e-19	2.36733375576e-09
3e-10	3.76819618874e-19	2.33280723929e-09
3.02e-10	3.72188184493e-19	2.29896444405e-09
3.04e-10	3.67623761098e-19	2.26578743544e-09
3.06e-10	3.63125034752e-19	2.23325886308e-09
3.08e-10	3.58690725646e-19	2.20136193818e-09
3.1e-10	3.54319586999e-19	2.17008041179e-09
3.12e-10	3.50010403999e-19	2.13939855403e-09
3.14e-10	3.45761992783e-19	2.10930113457e-09
3.16e-10	3.4157319946e-19	2.07977340343e-09
3.18e-10	3.37442899169e-19	2.05080107311e-09
3.2e-10	3.33369995168e-19	2.02237030123e-09
3.22e-10	3.29353417964e-19	1.99446767394e-09
3.24e-10	3.25392124472e-19	1.96708019017e-09
3.26e-10	3.21485097203e-19	1.94019524648e-09
3.28e-10	3.17631343486e-19	1.91380062251e-09
3.3e-10	3.13829894713e-19	1.88788446713e-09
3.32e-10	3.10079805618e-19	1.86243528509e-09
3.34e-10	3.06380153573e-19	1.83744192433e-09
3.36e-10	3.0273003792e-19	1.81289356371e-09
3.38e-10	2.99128579318e-19	1.78877970134e-09
3.4e-10	2.95574919115e-19	1.76509014327e-09
3.42e-10	2.92068218745e-19	1.74181499281e-09
3.44e-10	2.88607659144e-19	1.71894464014e-09
3.46e-10	2.85192440185e-19	1.69646975236e-09
3.48e-10	2.81821780134e-19	1.67438126401e-09
3.5e-10	2.78494915129e-19	1.65267036796e-09
3.52e-10	2.75211098663e-19	1.63132850654e-09
3.54e-10	2.71969601102e-19	1.61034736316e-09
3.56e-10	2.6876970921e-19	1.58971885423e-09
3.58e-10	2.65610725686e-19	1.56943512129e-09
3.6e-10	2.62491968725e-19	1.5494885236e-09
3.62e-10	2.59412771591e-19	1.52987163093e-09
3.64e-10	2.56372482201e-19	1.51057721661e-09
3.66e-10	2.53370462725e-19	1.49159825086e-09
3.68e-10	2.50406089198e-19	1.47292789452e-09
3.7e-10	2.47478751147e-19	1.45455949267e-09
3.72e-10	2.44587851227e-19	1.43648656884e-09
3.74e-10	2.41732804871e-19	1.41870281934e-09
3.76e-10	2.3891303995e-19	1.40120210762e-09
3.78e-10	2.36127996441e-19	1.38397845904e-09
3.8e-10	2.33377126113e-19	1.36702605585e-09
3.82e-10	2.30659892217e-19	1.35033923216e-09
3.84e-10	2.27975769185e-19	1.33391246928e-09
3.86e-10	2.2532424234e-19	1.31774039108e-09
3.88e-10	2.2270480762e-19	1.30181775968e-09
3.9e-10	2.20116971302e-19	1.28613947115e-09
3.92e-10	2.17560249736e-19	1.27070055144e-09
3.94e-10	2.15034169096e-19	1.25549615244e-09
3.96e-10	2.12538265126e-19	1.24052154813e-09
3.98e-10	2.10072082903e-19	1.22577213098e-09
4e-10	2.07635176602e-19	1.21124340835e-09
4.02e-10	2.0522710927e-19	1.19693099907e-09
4.04e-10	2.02847452606e-19	1.18283063017e-09
4.06e-10	2.00495786749e-19	1.16893813366e-09
4.08e-10	1.98171700071e-19	1.15524944348e-09
4.1e-10	1.95874788975e-19	1.14176059247e-09
4.12e-10	1.93604657701e-19	1.12846770954e-09
4.14e-10	1.91360918137e-19	1.11536701691e-09
4.16e-10	1.89143189634e-19	1.10245482736e-09
4.18e-10	1.86951098828e-19	1.08972754172e-09
4.2e-10	1.84784279467e-19	1.07718164625e-09
4.22e-10	1.82642372243e-19	1.06481371032e-09
4.24e-10	1.80525024626e-19	1.05262038406e-09
4.26e-10	1.78431890706e-19	1.04059839595e-09
4.28e-10	1.76362631042e-19	1.02874455085e-09
4.3e-10	1.74316912503e-19	1.01705572766e-09
4.32e-10	1.72294408131e-19	1.0055288774e-09
4.34e-10	1.70294796993e-19	9.94161021201e-10
4.36e-10	1.68317764046e-19	9.82949248348e-10
4.38e-10	1.66363e-19	9.7189071442e-10
4.4e-10	1.64430201189e-19	9.60982639513e-10
4.42e-10	1.62519069442e-19	9.50222306459e-10
4.44e-10	1.60629311963e-19	9.39607059189e-10
4.46e-10	1.58760641205e-19	9.29134301003e-10
4.48e-10	1.56912774759e-19	9.18801493065e-10
4.5e-10	1.55085435233e-19	9.08606152837e-10
4.52e-10	1.53278350147e-19	8.98545852601e-10
4.54e-10	1.51491251823e-19	8.88618217943e-10
4.56e-10	1.49723877276e-19	8.78820926442e-10
4.58e-10	1.47975968117e-19	8.69151706277e-10
4.6e-10	1.46247270451e-19	8.59608334925e-10
4.62e-10	1.44537534777e-19	8.501886378e-10
4.64e-10	1.42846515899e-19	8.40890487176e-10
4.66e-10	1.41173972829e-19	8.31711800821e-10
4.68e-10	1.39519668696e-19	8.22650540932e-10
4.7e-10	1.37883370665e-19	8.13704712913e-10
4.72e-10	1.36264849844e-19	8.04872364478e-10
4.74e-10	1.34663881207e-19	7.96151584292e-10
4.76e-10	1.33080243507e-19	7.87540501141e-10
4.78e-10	1.31513719202e-19	7.79037282945e-10
4.8e-10	1.29964094375e-19	7.70640135595e-10
4.82e-10	1.2843115866e-19	7.62347302243e-10
4.84e-10	1.26914705167e-19	7.54157062171e-10
4.86e-10	1.25414530411e-19	7.46067730067e-10
4.88e-10	1.23930434246e-19	7.38077655026e-10
4.9e-10	1.22462219791e-19	7.30185219801e-10
4.92e-10	1.21009693367e-19	7.22388839957e-10
4.94e-10	1.19572664431e-19	7.14686963054e-10
4.96e-10	1.18150945515e-19	7.07078067909e-10
4.98e-10	1.1674435216e-19	6.99560663727e-10
5e-10	1.1535270286e-19	6.92133289648e-10
5.02e-10	1.13975819001e-19	6.84794513675e-10
5.04e-10	1.12613524805e-19	6.77542932304e-10
5.06e-10	1.11265647272e-19	6.70377169637e-10
5.08e-10	1.09932016127e-19	6.63295876826e-10
5.1e-10	1.08612463765e-19	6.56297731423e-10
5.12e-10	1.07306825201e-19	6.49381436777e-10
5.14e-10	1.06014938018e-19	6.42545721382e-10
5.16e-10	1.04736642315e-19	6.35789338345e-10
5.18e-10	1.03471780664e-19	6.29111064794e-10
5.2e-10	1.02220198056e-19	6.22509701351e-10
5.22e-10	1.00981741859e-19	6.15984071528e-10
5.24e-10	9.97562617701e-20	6.09533021276e-10
5.26e-10	9.85436097738e-20	6.03155418436e-10
5.28e-10	9.73436400963e-20	5.96850152269e-10
5.3e-10	9.61562091647e-20	5.90616132923e-10
5.32e-10	9.49811755646e-20	5.84452291024e-10
5.34e-10	9.38184000006e-20	5.78357577154e-10
5.36e-10	9.2667745256e-20	5.72330961484e-10
5.38e-10	9.15290761547e-20	5.66371433242e-10
5.4e-10	9.0402259523e-20	5.60478000362e-10
5.42e-10	8.92871641532e-20	5.54649689065e-10
5.44e-10	8.81836607668e-20	5.48885543416e-10
5.46e-10	8.70916219795e-20	5.43184624963e-10
5.48e-10	8.60109222669e-20	5.37546012343e-10
5.5e-10	8.49414379302e-20	5.31968800919e-10
5.52e-10	8.38830470632e-20	5.2645210243e-10
5.54e-10	8.28356295205e-20	5.20995044601e-10
5.56e-10	8.17990668849e-20	5.15596770794e-10
5.58e-10	8.07732424373e-20	5.1025643977e-10
5.6e-10	7.97580411258e-20	5.04973225193e-10
5.62e-10	7.87533495365e-20	4.99746315493e-10
5.64e-10	7.77590558639e-20	4.94574913384e-10
5.66e-10	7.67750498829e-20	4.89458235702e-10
5.68e-10	7.58012229211e-20	4.84395513006e-10
5.7e-10	7.48374678309e-20	4.79385989367e-10
5.72e-10	7.38836789636e-20	4.74428922033e-10
5.74e-10	7.29397521428e-20	4.69523581155e-10
5.76e-10	7.2005584639e-20	4.64669249534e-10
5.78e-10	7.10810751446e-20	4.59865222397e-10
5.8e-10	7.01661237494e-20	4.55110807058e-10
5.82e-10	6.92606319164e-20	4.50405322737e-10
5.84e-10	6.83645024585e-20	4.45748100274e-10
5.86e-10	6.74776395153e-20	4.41138481919e-10
5.88e-10	6.65999485308e-20	4.36575821093e-10
5.9e-10	6.5731336231e-20	4.32059482156e-10
5.92e-10	6.48717106022e-20	4.27588840158e-10
5.94e-10	6.40209808703e-20	4.23163280731e-10
5.96e-10	6.31790574793e-20	4.18782199701e-10
5.98e-10	6.23458520715e-20	4.14445003049e-10
6e-10	6.15212774671e-20	4.10151106596e-10
6.02e-10	6.07052476451e-20	4.05899935883e-10
6.04e-10	5.98976777236e-20	4.01690925938e-10
6.06e-10	5.90984839414e-20	3.97523521085e-10
6.08e-10	5.83075836392e-20	3.93397174797e-10
6.1e-10	5.75248952422e-20	3.89311349445e-10
6.12e-10	5.67503382414e-20	3.85265516239e-10
6.14e-10	5.59838331772e-20	3.81259154925e-10
6.16e-10	5.52253016217e-20	3.77291753723e-10
6.18e-10	5.44746661624e-20	3.73362809061e-10
6.2e-10	5.37318503855e-20	3.69471825591e-10
6.22e-10	5.299677886e-20	3.6561831579e-10
6.24e-10	5.22693771223e-20	3.61801799993e-10
6.26e-10	5.15495716601e-20	3.58021806202e-10
6.28e-10	5.08372898975e-20	3.54277869903e-10
6.3e-10	5.01324601805e-20	3.50569533921e-10
6.32e-10	4.94350117618e-20	3.46896348355e-10
6.34e-10	4.87448747871e-20	3.43257870327e-10
6.36e-10	4.80619802805e-20	3.39653663983e-10
6.38e-10	4.73862601312e-20	3.36083300221e-10
6.4e-10	4.67176470796e-20	3.32546356684e-10
6.42e-10	4.60560747045e-20	3.29042417546e-10
6.44e-10	4.54014774095e-20	3.25571073446e-10
6.46e-10	4.47537904107e-20	3.22131921366e-10
6.48e-10	4.4112949724e-20	3.18724564483e-10
6.5e-10	4.34788921527e-20	3.1534861206e-10
6.52e-10	4.28515552757e-20	3.12003679353e-10
6.54e-10	4.22308774353e-20	3.08689387483e-10
6.56e-10	4.16167977258e-20	3.05405363358e-10
6.58e-10	4.10092559819e-20	3.0215123953e-10
6.6e-10	4.04081927677e-20	2.98926654124e-10
6.62e-10	3.98135493654e-20	2.95731250715e-10
6.64e-10	3.92252677649e-20	2.92564678204e-10
6.66e-10	3.86432906526e-20	2.89426590842e-10
6.68e-10	3.80675614015e-20	2.86316647981e-10
6.7e-10	3.74980240607e-20	2.83234514028e-10
6.72e-10	3.69346233454e-20	2.80179858459e-10
6.74e-10	3.63773046269e-20	2.77152355571e-10
6.76e-10	3.5826013923e-20	2.74151684527e-10
6.78e-10	3.52806978887e-20	2.71177529158e-10
6.8e-10	3.47413038064e-20	2.68229578018e-10
6.82e-10	3.42077795767e-20	2.65307524126e-10
6.84e-10	3.36800737098e-20	2.62411065053e-10
6.86e-10	3.31581353164e-20	2.59539902751e-10
6.88e-10	3.26419140988e-20	2.56693743489e-10
6.9e-10	3.21313603425e-20	2.53872297768e-10
6.92e-10	3.16264249077e-20	2.51075280354e-10
6.94e-10	3.11270592211e-20	2.48302409993e-10
6.96e-10	3.06332152677e-20	2.45553409564e-10
6.98e-10	3.01448455828e-20	2.42828005862e-10
7e-10	2.96619032443e-20	2.40125929604e-10
7.02e-10	2.91843418644e-20	2.37446915309e-10
7.04e-10	2.8712115583e-20	2.34790701294e-10
7.06e-10	2.82451790593e-20	2.32157029555e-10
7.08e-10	2.77834874648e-20	2.29545645731e-10
7.1e-10	2.73269964763e-20	2.26956299054e-10
7.12e-10	2.68756622686e-20	2.24388742236e-10
7.14e-10	2.64294415074e-20	2.21842731503e-10
7.16e-10	2.59882913426e-20	2.19318026427e-10
7.18e-10	2.55521694017e-20	2.16814389963e-10
7.2e-10	2.51210337828e-20	2.14331588321e-10
7.22e-10	2.46948430484e-20	2.11869390982e-10
7.24e-10	2.42735562188e-20	2.09427570567e-10
7.26e-10	2.38571327661e-20	2.07005902861e-10
7.28e-10	2.34455326074e-20	2.04604166705e-10
7.3e-10	2.30387160993e-20	2.02222143959e-10
7.32e-10	2.26366440316e-20	1.99859619466e-10
7.34e-10	2.22392776214e-20	1.97516381e-10
7.36e-10	2.18465785076e-20	1.95192219234e-10
7.38e-10	2.14585087445e-20	1.92886927624e-10
7.4e-10	2.10750307971e-20	1.90600302451e-10
7.42e-10	2.06961075347e-20	1.88332142741e-10
7.44e-10	2.03217022261e-20	1.86082250195e-10
7.46e-10	1.9951778534e-20	1.83850429174e-10
7.48e-10	1.95863005094e-20	1.81636486671e-10
7.5e-10	1.92252325873e-20	1.79440232227e-10
7.52e-10	1.88685395805e-20	1.77261477916e-10
7.54e-10	1.85161866756e-20	1.75100038305e-10
7.56e-10	1.81681394273e-20	1.7295573042e-10
7.58e-10	1.7824363754e-20	1.70828373672e-10
7.6e-10	1.74848259326e-20	1.68717789882e-10
7.62e-10	1.71494925944e-20	1.66623803168e-10
7.64e-10	1.681833072e-20	1.64546239964e-10
7.66e-10	1.64913076346e-20	1.6248492898e-10
7.68e-10	1.6168391004e-20	1.60439701141e-10
7.7e-10	1.584954883e-20	1.58410389549e-10
7.72e-10	1.55347494458e-20	1.56396829499e-10
7.74e-10	1.52239615121e-20	1.54398858378e-10
7.76e-10	1.49171540123e-20	1.52416315693e-10
7.78e-10	1.46142962493e-20	1.50449042993e-10
7.8e-10	1.43153578404e-20	1.48496883855e-10
7.82e-10	1.40203087139e-20	1.46559683882e-10
7.84e-10	1.37291191049e-20	1.44637290603e-10
7.86e-10	1.34417595514e-20	1.4272955352e-10
7.88e-10	1.31582008908e-20	1.40836324014e-10
7.9e-10	1.28784142554e-20	1.38957455364e-10
7.92e-10	1.26023710693e-20	1.37092802691e-10
7.94e-10	1.23300430446e-20	1.35242222928e-10
7.96e-10	1.20614021776e-20	1.3340557484e-10
7.98e-10	1.17964207453e-20	1.31582718922e-10
8e-10	1.15350713019e-20	1.29773517423e-10
8.02e-10	1.12773266756e-20	1.27977834309e-10
8.04e-10	1.10231599647e-20	1.26195535232e-10
8.06e-10	1.07725445346e-20	1.24426487515e-10
8.08e-10	1.05254540146e-20	1.22670560112e-10
8.1e-10	1.02818622942e-20	1.2092762362e-10
8.12e-10	1.00417435201e-20	1.19197550178e-10
8.14e-10	9.80507209347e-21	1.17480213536e-10
8.16e-10	9.57182266601e-21	1.1577548897e-10
8.18e-10	9.34197013758e-21	1.14083253293e-10
8.2e-10	9.11548965284e-21	1.12403384806e-10
8.22e-10	8.89235659836e-21	1.1073576329e-10
8.24e-10	8.67254659968e-21	1.09080269985e-10
8.26e-10	8.45603551841e-21	1.07436787574e-10
8.28e-10	8.24279944938e-21	1.05805200147e-10
8.3e-10	8.03281471783e-21	1.0418539318e-10
8.32e-10	7.82605787665e-21	1.02577253555e-10
8.34e-10	7.62250570363e-21	1.00980669465e-10
8.36e-10	7.42213519878e-21	9.93955304844e-11
8.38e-10	7.22492358169e-21	9.78217274646e-11
8.4e-10	7.03084828892e-21	9.62591525832e-11
8.42e-10	6.83988697137e-21	9.4707699275e-11
8.44e-10	6.65201749181e-21	9.31672622615e-11
8.46e-10	6.46721792233e-21	9.16377374726e-11
8.48e-10	6.28546654191e-21	9.01190221014e-11
8.5e-10	6.10674183393e-21	8.86110145179e-11
8.52e-10	5.93102248383e-21	8.71136143063e-11
8.54e-10	5.75828737671e-21	8.56267222083e-11
8.56e-10	5.588515595e-21	8.41502401401e-11
8.58e-10	5.42168641616e-21	8.26840711409e-11
8.6e-10	5.25777931044e-21	8.12281193921e-11
8.62e-10	5.0967739386e-21	7.97822901755e-11
8.64e-10	4.93865014973e-21	7.83464898759e-11
8.66e-10	4.78338797909e-21	7.69206259551e-11
8.68e-10	4.63096764592e-21	7.55046069354e-11
8.7e-10	4.48136955136e-21	7.40983423895e-11
8.72e-10	4.33457427637e-21	7.27017429292e-11
8.74e-10	4.19056257964e-21	7.13147201953e-11
8.76e-10	4.04931539558e-21	6.99371868208e-11
8.78e-10	3.91081383235e-21	6.85690564452e-11
8.8e-10	3.77503916981e-21	6.7210243678e-11
8.82e-10	3.64197285764e-21	6.58606641055e-11
8.84e-10	3.51159651339e-21	6.45202342602e-11
8.86e-10	3.3838919206e-21	6.31888716224e-11
8.88e-10	3.25884102691e-21	6.18664945897e-11
8.9e-10	3.13642594223e-21	6.05530224931e-11
8.92e-10	3.01662893694e-21	5.92483755514e-11
8.94e-10	2.89943244004e-21	5.79524748729e-11
8.96e-10	2.78481903743e-21	5.66652424715e-11
8.98e-10	2.67277147016e-21	5.53866011906e-11
9e-10	2.56327263267e-21	5.4116474758e-11
9.02e-10	2.45630557113e-21	5.28547877347e-11
9.04e-10	2.35185348173e-21	5.16014655195e-11
9.06e-10	2.24989970905e-21	5.03564343322e-11
9.08e-10	2.1504277444e-21	4.91196212081e-11
9.1e-10	2.05342122423e-21	4.78909539651e-11
9.12e-10	1.95886392853e-21	4.66703612427e-11
9.14e-10	1.86673977926e-21	4.5457772435e-11
9.16e-10	1.77703283879e-21	4.42531177163e-11
9.18e-10	1.68972730839e-21	4.3056328019e-11
9.2e-10	1.60480752671e-21	4.18673350259e-11
9.22e-10	1.52225796829e-21	4.0686071159e-11
9.24e-10	1.44206324208e-21	3.95124695719e-11
9.26e-10	1.36420809e-21	3.83464641397e-11
9.28e-10	1.28867738552e-21	3.71879894458e-11
9.3e-10	1.21545613222e-21	3.60369807812e-11
9.32e-10	1.1445294624e-21	3.48933741291e-11
9.34e-10	1.0758826357e-21	3.37571061528e-11
9.36e-10	1.00950103778e-21	3.26281142008e-11
9.38e-10	9.45370178902e-22	3.1506336279e-11
9.4e-10	8.83475692667e-22	3.03917110557e-11
9.42e-10	8.23803334678e-22	2.92841778539e-11
9.44e-10	7.66338981253e-22	2.81836766307e-11
9.46e-10	7.11068628151e-22	2.70901479864e-11
9.48e-10	6.57978389307e-22	2.600353314e-11
9.5e-10	6.07054495593e-22	2.49237739286e-11
9.52e-10	5.58283293589e-22	2.38508128072e-11
9.54e-10	5.11651244367e-22	2.27845928242e-11
9.56e-10	4.67144922295e-22	2.17250576271e-11
9.58e-10	4.24751013857e-22	2.06721514543e-11
9.6e-10	3.84456316481e-22	1.96258191168e-11
9.62e-10	3.46247737387e-22	1.85860060071e-11
9.64e-10	3.10112292452e-22	1.75526580774e-11
9.66e-10	2.76037105078e-22	1.65257218411e-11
9.68e-10	2.44009405088e-22	1.55051443646e-11
9.7e-10	2.14016527623e-22	1.44908732557e-11
9.72e-10	1.86045912064e-22	1.34828566656e-11
9.74e-10	1.60085100959e-22	1.2481043275e-11
9.76e-10	1.36121738964e-22	1.14853822893e-11
9.78e-10	1.14143571803e-22	1.04958234323e-11
9.8e-10	9.41384452342e-23	9.51231694197e-12
9.82e-10	7.60943040325e-23	8.53481356297e-12
9.84e-10	5.9999190982e-23	7.5632645373e-12
9.86e-10	4.58412458827e-23	6.59762160322e-12
9.88e-10	3.36087045689e-23	5.63783698605e-12
9.9e-10	2.32898979383e-23	4.68386339364e-12
9.92e-10	1.48732509946e-23	3.73565400952e-12
9.94e-10	8.34728189998e-24	2.7931624885e-12
9.96e-10	3.70060104036e-24	1.85634294971e-12
9.98e-10	0	0
