/*--------------------------------*- C++ -*----------------------------------*\
| =========                 |                                                 |
| \\      /  F ield         | OpenFOAM: The Open Source CFD Toolbox           |
|  \\    /   O peration     | Version:  2.4.0-MNF                             |
|   \\  /    A nd           | Web:      www.OpenFOAM.org                      |
|    \\/     M anipulation  |                                                 |
\*---------------------------------------------------------------------------*/
FoamFile
{
    version     2.0;
    format      ascii;
    class       volScalarField;
    location    "0.0006";
    object      dsmcRhoNMean_O2;
}
// * * * * * * * * * * * * * * * * * * * * * * * * * * * * * * * * * * * * * //

dimensions      [0 -3 0 0 0 0 0];

internalField   nonuniform List<scalar> 
5120
(
3.5
3.18
2.81
2.56
2.58
2.87
2.7
2.69
2.59
2.65
2.53
2.49
2.21
2.33
2.48
2.49
2.44
2.7
3.14
3.47
2.62
2.56
2.54
2.7
2.94
2.71
2.9
2.91
3.13
2.91
2.91
2.86
2.98
2.92
2.7
2.86
2.86
2.9
2.79
2.69
2.73
2.39
2.29
2.31
2.26
2.5
2.7
2.65
2.77
2.76
3
3.23
2.95
2.98
2.96
2.9
2.83
2.88
2.68
2.67
2.5
2.87
3.03
2.7
2.83
2.76
2.5
2.62
2.92
2.94
2.63
2.34
2.27
2.24
2.51
2.46
2.23
2.5
2.38
2.35
3.1
3.06
3.02
2.69
2.57
2.61
2.73
2.84
2.64
2.41
2.68
2.9
2.96
2.81
2.75
2.77
2.71
2.84
3.08
3.15
2.45
2.44
2.47
2.6
2.7
2.81
2.45
2.53
2.61
2.87
2.72
2.68
2.67
2.93
3.16
3.27
3.13
2.78
2.64
2.57
2.81
2.91
2.56
2.69
2.85
2.76
2.95
2.92
2.99
3.05
3.08
3.24
3.07
2.91
2.55
2.65
2.51
2.45
2.81
2.8
2.9
2.72
2.81
2.82
3.11
2.99
2.84
2.69
2.58
2.7
3.02
2.87
2.96
2.78
2.72
3.03
3.09
3.18
3.04
2.85
2.93
2.93
2.99
2.99
2.84
2.99
2.81
2.96
3.03
2.98
2.97
2.89
3.16
3.05
2.85
2.48
2.66
2.7
2.84
3.28
2.74
2.45
2.37
2.46
2.61
2.81
2.74
2.67
2.79
2.76
2.88
3.02
2.9
3.18
3.18
3.08
2.7
2.38
2.53
2.68
2.7
2.81
2.72
2.77
2.99
3.08
2.91
2.56
2.33
2.57
2.65
3.05
3.27
2.97
2.95
3.07
3.36
2.99
2.84
2.51
2.75
2.65
2.59
2.93
2.52
2.91
3.21
3.46
3.46
3.46
3.09
2.89
2.8
3.01
2.86
2.69
2.67
2.8
2.89
2.83
2.81
2.84
2.69
2.55
2.71
2.87
2.72
2.79
2.66
2.81
2.55
2.59
2.57
2.46
2.75
2.72
2.72
3.04
2.96
2.96
2.63
2.36
2.36
2.58
2.79
2.93
2.89
2.95
2.83
2.64
2.56
2.66
2.88
2.75
2.82
3.01
2.89
2.67
2.96
2.85
2.4
2.38
2.36
2.43
2.13
2.13
2.26
2.54
2.64
2.71
2.68
2.7
2.59
2.68
2.42
2.53
2.48
2.54
2.71
2.44
3.09
2.82
2.95
2.82
3.06
2.73
2.69
2.68
2.65
2.96
2.91
2.9
3.04
3.04
2.84
2.79
2.8
2.8
2.66
2.72
2.66
2.64
2.68
2.64
2.78
2.67
2.82
2.64
2.43
2.13
2
2.38
2.53
2.56
2.63
2.59
2.66
2.74
2.38
2.58
2.56
2.79
2.91
2.71
2.81
2.57
2.49
2.81
2.85
3.06
3.08
2.76
2.63
2.51
2.32
2.42
2.28
2.33
2.46
2.52
3.06
3.04
3.03
3.15
2.82
2.78
2.93
2.94
3.15
3
3.05
3.27
3.44
3.42
3.4
3.47
3.39
3.52
3.27
3.09
3.1
3.21
3.14
3.26
3.38
3.62
3.34
3.29
2.76
2.93
2.99
3.32
3.14
3.1
3.04
2.99
3.12
3.22
3.23
3.23
3.18
3.48
3.41
3.44
3.36
3.22
3.42
3.26
3.06
3.22
2.96
2.91
2.74
2.74
2.95
2.7
2.65
2.75
3.05
3.33
3.1
3.08
3.11
3
2.54
2.28
2.5
2.76
2.87
2.71
2.66
2.71
2.78
2.9
2.97
3.33
3.39
3.36
3.08
2.92
2.74
2.84
2.69
2.52
2.92
3.31
3.29
3.18
3.16
3.16
3.07
3.08
3.03
2.58
2.45
2.42
2.36
2.54
2.72
2.86
2.88
2.98
3.06
3.01
2.92
3.02
2.91
2.92
2.86
2.73
2.66
2.64
2.66
2.69
2.83
2.72
2.66
2.95
2.84
2.76
2.75
2.97
2.97
2.98
3.01
2.72
2.8
2.72
2.53
2.8
2.89
2.73
2.87
2.94
2.94
3.04
2.82
2.68
2.53
2.52
3.12
3.21
3.02
2.77
2.72
2.69
2.96
3.36
3.36
3.43
3.28
3.06
2.82
2.57
2.66
3.13
3.3
3.53
3.4
3.21
2.82
2.97
3.14
3.19
3.05
3.14
3.03
2.85
2.71
2.59
2.65
2.7
2.96
2.97
2.72
2.69
2.59
2.49
2.6
2.8
3.32
3.23
3.07
2.93
3.29
3.07
2.8
2.73
3.01
3.29
3.26
3.21
2.66
2.89
3.28
2.97
3.11
2.94
3.1
3.31
2.46
2.46
2.58
2.98
2.65
2.52
2.73
2.55
2.55
2.59
2.78
2.98
3.16
3.18
3.04
3.26
2.99
2.76
2.45
2.57
2.88
3.05
3.35
3.14
3.18
2.76
2.91
3.14
3.18
3.19
3.01
2.8
2.7
2.97
2.79
2.65
2.85
2.82
2.77
2.9
2.77
2.54
2.44
2.35
2.61
2.75
3.01
2.96
2.74
2.58
2.88
3.04
2.97
3.09
3.19
2.96
2.67
2.76
2.65
2.9
2.3
2.3
2.57
2.61
2.65
2.68
2.68
2.66
2.83
2.98
2.94
2.89
2.93
2.82
2.83
2.81
2.9
2.8
2.75
2.44
2.63
2.77
2.92
3.12
3.01
2.92
2.91
2.8
2.82
2.9
2.71
2.69
2.62
2.69
2.55
2.4
2.41
2.62
2.93
2.66
2.74
2.57
2.32
2.46
2.43
2.58
2.5
2.59
2.45
2.48
2.63
2.9
2.61
2.69
2.89
2.85
2.71
2.55
2.56
2.86
3.13
3.01
2.63
2.68
3.03
3.01
2.84
2.84
2.68
2.69
2.49
2.49
2.44
2.43
2.31
2.54
2.57
2.54
2.72
3.01
2.72
2.82
2.9
2.6
2.69
2.68
2.84
2.87
2.85
3.06
3.07
3.01
3.11
2.89
2.91
2.69
2.84
2.64
2.65
2.67
2.7
2.8
2.75
2.53
2.57
2.57
2.49
2.83
2.73
2.67
2.66
2.64
2.6
2.72
2.86
2.92
3.2
3.11
2.96
2.84
2.84
2.77
2.59
2.83
2.97
2.8
2.83
3.07
2.86
3.21
3.1
2.92
2.89
2.57
2.46
2.51
2.71
2.81
2.85
2.96
2.81
2.86
2.98
2.97
2.96
2.81
2.83
2.59
2.77
2.5
2.57
2.61
2.5
2.89
2.74
2.61
2.49
2.29
2.29
2.49
2.84
2.86
3.2
3.08
3.06
3.13
2.92
2.85
2.67
2.8
2.57
2.84
2.91
2.51
2.58
2.71
2.87
2.8
2.94
2.89
2.95
3.04
3.21
3.39
3.09
2.99
2.69
2.66
2.66
2.89
3.02
2.86
2.95
2.89
2.97
2.8
2.65
2.73
2.93
2.64
2.92
2.79
2.63
2.33
2.78
2.65
2.58
2.76
2.76
2.56
2.66
2.96
2.97
2.95
3.03
2.83
2.88
2.96
3.09
3.04
2.63
2.64
2.7
3.14
3.16
3.2
3.05
3.04
2.81
3
3.05
3.21
3.11
3.19
3.25
3.09
3.1
3.07
3
2.69
3.12
2.95
3.06
3.39
3.38
3.21
3.22
3.17
2.96
2.93
2.86
2.76
3.04
2.91
2.82
3.15
2.89
2.87
2.86
2.88
3.24
3.35
3.06
2.96
3.23
3.17
3.39
3.29
3.12
2.84
2.61
2.33
2.4
2.36
2.31
2.31
2.6
2.78
3.06
2.89
3.2
2.92
2.88
2.83
2.84
3.17
3
2.74
2.78
2.54
2.7
2.49
2.55
2.71
2.74
2.76
2.76
2.85
2.91
3.29
2.33
2.69
2.71
2.71
2.65
2.77
2.34
2.38
2.52
2.6
2.81
2.95
2.68
2.79
2.71
2.62
2.87
2.78
2.51
2.35
2.69
2.76
2.96
3.03
3.19
3.29
3.12
3.12
3.01
2.77
2.43
2.34
2.5
2.49
2.65
2.67
2.67
2.64
2.53
2.52
2.77
3
2.78
2.66
2.96
2.83
2.53
2.45
2.53
2.34
2.21
2.34
2.37
2.52
2.59
2.87
2.67
2.38
2.45
2.5
2.52
2.33
2.18
2.07
2.22
2.24
2.33
2.54
2.46
2.98
2.89
2.69
2.52
2.66
2.4
2.33
2.42
2.59
2.53
2.65
2.5
2.54
2.69
2.76
2.62
2.67
2.71
2.59
2.57
2.42
2.25
2.25
2.2
2.4
2.63
2.69
2.62
2.45
2.35
2.39
2.87
2.56
2.84
2.84
2.9
2.8
2.44
2.45
2.63
2.56
2.67
2.63
2.93
2.68
2.84
2.81
2.93
2.77
3.03
3.01
3.06
3.17
3
2.97
2.95
2.96
2.97
3.03
2.94
2.84
2.66
2.74
2.71
2.8
2.98
2.95
2.94
3.04
2.82
3.02
2.74
2.52
2.62
2.5
2.5
2.32
2.25
2.2
2.37
2.26
2.32
2.47
2.52
2.74
2.7
3.01
2.67
2.73
2.84
2.89
2.46
2.43
2.49
2.24
2.21
2.71
2.73
2.71
2.65
2.68
2.72
2.59
2.6
2.54
2.55
2.5
2.42
2.51
2.52
2.54
3.05
3.13
3.1
3.09
3.07
2.81
2.65
2.68
2.97
2.94
3.09
2.56
2.43
2.35
2.32
2.76
2.74
2.63
2.53
2.59
3.12
3.08
3.18
3.13
3.03
2.87
3.15
3.1
2.96
2.71
2.42
2.71
2.73
2.67
2.58
2.74
2.86
2.95
2.78
3.04
2.91
3.12
3.15
3.24
3.26
3.28
3.26
3.45
3.13
3.42
3.25
3.08
2.96
2.81
2.85
2.93
2.74
2.56
2.53
2.63
2.97
3.13
2.86
2.72
2.88
2.97
3
3.13
3.06
2.91
2.81
3.1
3.08
3.23
3.03
2.75
2.57
2.8
2.67
2.96
2.92
2.9
2.92
2.85
2.86
3.03
3.03
3.05
3.08
3.31
3.63
3.44
2.85
2.47
2.58
2.7
2.88
2.9
2.88
2.94
2.84
3.11
3.02
2.99
3.11
3.24
3.03
2.88
2.99
3.08
3.04
2.89
3.33
3.38
3.03
2.98
3.17
3.29
3.16
3.1
2.75
2.84
2.96
2.69
2.4
2.23
2.18
2.23
2.69
2.6
2.77
2.81
2.82
2.93
3.05
3.29
2.97
2.88
2.87
2.81
2.92
2.94
2.8
2.83
2.68
2.72
2.64
2.88
2.68
3.17
2.82
2.86
2.88
2.79
2.6
2.51
2.41
2.7
2.76
2.81
2.6
2.66
2.44
2.54
2.23
2.08
2.27
2.52
2.84
3.2
2.98
3.13
3.1
3.23
3.26
3.15
2.92
2.84
2.82
2.82
3.15
3.07
3.06
2.96
3.07
3.2
3.1
3.04
3.1
2.79
2.46
2.61
2.59
3.02
3.07
3.09
3.35
3.35
3.25
3.3
2.52
2.73
2.6
2.65
2.88
2.9
3.11
2.8
2.86
2.83
2.81
3.3
3
2.54
2.7
2.74
3.02
2.85
2.8
2.7
2.74
2.97
3.02
3.02
3.06
2.8
3.07
3.19
2.77
2.7
2.74
2.57
2.72
2.75
2.59
2.65
2.63
2.47
2.65
2.75
2.52
2.48
2.67
2.94
2.99
2.91
2.68
2.68
2.69
2.74
2.65
2.81
2.53
2.35
2.6
2.27
2.34
2.39
2.42
2.51
2.4
2.43
2.27
2.43
2.41
2.71
2.73
2.79
2.83
2.63
2.69
2.6
2.49
2.81
2.62
2.83
2.87
2.72
2.89
2.74
2.92
2.89
2.99
2.88
2.83
2.33
2.17
2.34
2.68
2.8
3.08
2.94
2.99
2.8
2.65
2.43
2.74
2.51
2.64
2.67
2.27
2.54
2.56
2.69
2.67
2.77
2.73
2.97
2.85
2.78
2.5
2.73
2.77
2.75
2.92
2.79
2.84
2.9
2.76
2.61
2.75
2.66
2.56
2.31
2.71
2.88
2.96
2.75
2.92
2.86
3.13
2.86
3.14
2.89
2.82
2.8
2.63
2.55
2.57
2.61
2.68
2.64
2.65
2.67
2.57
2.69
3.02
2.86
3.16
2.94
3.2
3.09
3.05
3.04
2.91
2.76
2.61
2.71
2.98
2.83
2.58
2.53
2.7
2.99
3.04
2.97
2.71
2.63
2.58
2.38
2.59
2.89
2.97
2.95
2.97
2.91
2.85
2.75
2.58
2.62
2.5
2.35
2.37
2.28
2.46
2.38
2.51
2.62
2.97
3.05
3
2.98
3.02
3.28
3.2
3.3
3.34
3.38
3.21
2.89
2.53
2.67
2.7
2.65
2.68
2.85
3.05
3.23
3.43
3.42
3.25
3.16
3
3.09
3.44
3.25
3.24
3.14
3.13
2.99
3.65
3.41
3.29
3.31
3.14
3.13
3.11
3.25
3.04
2.93
2.78
2.89
3.13
3.31
3.26
3.18
3.42
3.14
3.08
3.26
2.31
2.16
2.43
2.56
2.85
2.98
3
2.97
3.28
3.07
2.69
2.99
2.78
2.65
2.59
2.75
2.72
2.96
3.06
2.77
2.71
2.33
2.47
2.74
3.23
2.94
3.04
2.77
2.49
2.31
2.73
2.51
2.49
2.62
2.82
2.84
2.52
2.41
2.47
2.42
3.03
3.15
3
2.67
2.67
2.47
2.26
2.36
2.37
2.51
2.75
2.71
2.79
2.73
2.64
2.82
2.93
3.11
3.06
3.17
2.7
2.75
2.73
2.75
2.63
2.59
2.28
2.16
2.33
2.35
2.31
2.56
2.59
2.78
2.44
2.74
2.62
2.65
2.8
2.72
3.15
3.11
3.17
2.99
2.83
3.01
2.82
2.95
3.05
2.89
2.81
2.74
2.8
2.72
2.72
2.71
2.69
2.69
2.69
3.02
2.8
2.83
2.9
2.84
2.73
2.93
3.1
2.67
2.57
2.45
2.52
2.35
2.49
2.59
2.58
2.71
2.56
2.49
2.67
2.71
2.59
2.62
2.61
2.48
2.33
2.14
2.19
2.27
2.24
2.11
2.4
2.64
2.57
2.56
2.6
2.35
2.64
2.55
2.72
2.81
2.78
2.57
2.5
2.45
2.55
2.42
2.82
2.71
2.65
2.61
2.78
2.87
3.05
3.24
3.34
3.23
3.34
3.37
3.35
2.77
2.8
2.74
2.79
2.94
2.81
2.75
2.8
2.81
2.83
2.76
2.7
2.68
2.92
2.9
2.91
3.12
2.6
2.66
2.6
2.56
2.93
3.06
2.94
2.68
2.77
2.78
2.78
2.65
2.52
2.42
2.81
2.69
2.23
2.2
2.09
2.12
2.2
2.35
2.47
2.72
3.05
2.98
2.78
2.49
2.32
2.46
2.57
2.58
2.63
2.74
2.78
2.58
2.92
2.91
2.9
2.9
3.02
2.83
3.07
3.11
3.13
3.06
2.93
2.75
2.84
2.59
2.5
2.64
2.71
2.97
2.88
2.9
2.9
3
3.04
3.29
3.4
3.28
2.97
3.26
3.08
3.21
2.99
3.34
3.25
3.22
3.25
3.19
3.37
3.27
3.17
2.84
2.7
2.83
2.91
2.72
2.86
3.04
2.98
3.03
3.09
3.24
2.94
2.98
2.91
3.04
3.04
2.88
2.43
2.56
2.84
2.86
3.5
3.56
3.41
3.16
3.09
3.02
2.77
2.9
2.85
2.66
2.97
2.85
3.04
2.86
2.67
2.59
2.66
2.86
2.83
2.93
2.86
2.96
3.02
3.13
3.13
2.88
2.75
2.82
2.7
2.95
3.14
2.75
2.71
2.52
2.6
2.45
2.66
2.58
2.85
2.9
2.96
3.25
3.05
3.05
2.74
2.73
2.6
2.69
2.51
2.48
2.69
3.12
2.93
3.28
3.24
2.9
2.7
2.8
2.79
2.68
2.69
2.36
2.12
2.01
2.37
2.51
2.58
2.37
2.95
2.86
2.69
2.5
2.79
2.63
2.79
2.99
3.15
2.88
3.05
2.77
2.72
2.77
2.83
2.59
2.68
2.52
2.37
2.71
2.54
2.5
2.7
2.96
3.01
3.06
3.35
3.23
3.19
3.16
2.91
2.86
2.7
2.84
3.01
3.2
3.08
3.01
2.91
2.68
2.51
2.45
2.8
2.65
2.64
2.65
2.45
2.6
2.89
2.96
2.95
2.69
2.41
2.7
2.92
2.97
3.04
2.91
2.76
2.49
2.53
2.59
2.49
2.73
2.81
2.95
3.16
3.06
2.96
3.06
3.25
3.11
3.09
2.82
2.81
2.98
2.8
2.79
2.99
2.79
2.73
2.75
2.61
2.79
2.77
2.82
2.51
2.47
2.8
2.75
2.65
2.78
3.3
3.04
2.83
2.8
3.15
3.04
3.05
2.92
2.83
3.04
2.73
2.44
2.33
2.21
2.36
2.39
2.46
2.78
2.73
2.77
2.97
2.9
2.93
3.22
3.05
2.87
2.93
2.81
3.3
3.16
3.15
3.29
3.45
3.26
3.37
3.28
3.05
2.95
2.74
2.54
2.81
2.71
2.91
2.81
2.76
2.75
2.77
3.08
3.03
3.13
3.27
3.19
2.86
2.9
3.05
3.15
3.38
3.4
3.12
2.82
2.53
2.82
3.17
3.09
2.99
3.29
3.15
3.21
2.73
2.58
2.63
2.92
2.73
2.72
2.94
2.88
2.72
2.48
2.62
2.97
3.03
3.05
3.02
2.9
2.85
2.85
3
2.89
2.37
2.43
2.57
2.75
2.55
2.53
2.58
2.73
2.7
2.66
2.56
2.53
2.75
2.77
2.72
2.83
2.7
2.63
2.6
2.46
2.82
2.84
2.79
2.82
2.97
2.96
2.94
2.73
2.77
2.66
2.6
2.78
2.58
2.64
2.72
2.79
2.67
2.77
2.85
2.68
3.03
3.21
3.12
2.91
2.64
2.69
2.82
2.74
2.68
2.93
2.76
2.85
2.81
2.67
2.53
2.77
2.92
3.03
3.27
2.95
2.87
2.59
2.74
2.93
3
3.07
3.06
3.08
3.21
2.7
2.73
2.76
2.92
2.89
2.88
3.19
3.4
3.22
3.09
3.22
2.89
2.84
2.9
2.7
2.64
2.53
2.5
2.56
2.87
3.07
3.04
3.06
2.84
2.92
2.73
2.46
2.6
2.71
2.78
2.6
2.67
2.8
2.51
2.69
2.77
2.99
2.89
2.81
2.57
2.56
2.78
2.73
2.92
2.71
2.68
2.61
3.01
2.96
3.04
2.92
2.42
2.53
2.62
2.53
2.22
2.28
2.39
2.41
2.65
2.82
2.64
2.81
3.12
3.17
3.12
3.06
2.82
2.45
2.29
2.4
2.82
3.18
3.22
3.31
3.13
3.27
3.08
3.2
2.96
2.94
2.98
2.91
2.7
2.59
2.53
2.34
2.64
2.62
2.75
2.82
2.78
2.69
2.67
2.53
2.7
2.83
3.18
3.14
3.04
2.91
2.94
3.21
3.51
3.37
2.94
2.55
2.61
2.51
2.54
2.56
2.79
2.85
2.53
2.91
3.06
3.14
2.99
2.9
2.67
2.63
2.75
2.64
2.8
2.7
2.79
3.03
2.95
3.02
2.74
2.73
2.9
2.75
3.03
3.07
3.02
2.88
2.75
2.73
2.55
2.55
2.59
3.02
3.13
3.23
2.91
2.75
2.77
2.69
2.91
3.03
3.07
2.96
2.69
2.47
2.32
2.38
2.47
2.49
2.4
2.58
2.62
2.67
2.71
2.56
2.69
2.88
2.98
3.04
3.04
3.06
2.58
2.5
2.45
2.58
2.55
2.6
2.73
2.64
2.37
2.46
2.78
2.97
3.06
2.92
3.18
2.94
2.78
2.97
2.82
2.85
2.49
2.69
2.61
2.55
2.49
2.45
2.37
2.54
2.75
2.71
2.79
2.96
2.97
2.9
2.71
2.59
2.64
2.52
2.51
2.73
3.08
3.1
3.35
3.31
3.02
3.1
2.53
2.58
2.57
2.78
2.84
2.89
2.94
2.77
3
3.13
3.06
3.09
3.13
2.85
2.63
2.78
2.66
2.62
2.65
3.03
3.29
2.93
2.98
3.02
3.04
3.11
3.41
3.71
3.44
3.02
3.07
3.17
2.93
2.85
2.4
2.4
2.57
2.69
2.6
2.67
2.29
2.3
2.64
2.68
2.72
2.69
2.77
2.63
2.4
2.61
2.69
2.87
2.72
2.67
2.72
2.84
3.02
3.17
3
2.96
2.85
2.81
2.77
2.74
2.95
2.75
2.78
2.75
2.85
2.68
2.42
2.61
2.71
2.82
2.93
2.72
2.62
2.69
2.89
3.15
3.31
3.45
3.26
2.93
2.71
2.67
2.77
2.7
2.62
2.78
2.66
2.87
2.77
2.74
2.64
2.6
2.53
2.56
2.71
2.63
2.7
2.77
2.73
2.7
2.87
2.82
2.88
2.89
2.87
2.65
2.56
2.43
2.41
2.46
2.65
2.8
2.84
2.95
2.63
2.54
2.69
2.82
2.95
3.03
3.12
3.05
2.82
2.67
2.69
2.73
2.98
2.7
2.65
2.97
2.83
2.85
2.57
2.33
2.36
2.44
2.74
2.99
3.1
3.06
2.78
2.66
2.76
2.86
2.93
2.81
2.61
2.64
2.94
2.99
2.5
2.59
2.62
2.75
2.97
2.86
2.84
2.79
2.63
2.57
2.58
2.64
2.43
2.35
2.41
2.55
2.51
2.56
2.4
2.82
2.32
2.45
2.65
2.7
2.95
3
3.1
2.69
2.91
2.79
2.82
2.85
2.99
2.67
2.87
2.9
2.78
2.9
3.03
2.79
3.18
3.26
3.47
2.87
2.62
2.56
2.72
3.02
3.03
3.23
3.07
2.97
2.63
2.83
2.87
2.75
2.55
2.4
2.56
2.81
2.98
3
2.91
2.75
2.79
2.69
2.73
2.76
2.72
2.42
2.38
2.66
2.58
2.84
2.94
3.14
3.01
2.96
3.03
3.03
2.75
2.83
2.66
2.49
2.56
2.5
2.45
2.47
2.57
2.86
2.82
2.64
2.66
2.41
2.45
2.51
2.79
2.61
2.8
2.81
2.55
2.77
2.9
2.96
3.04
2.91
2.91
2.96
3.03
3
2.77
2.79
2.73
2.81
2.73
2.64
2.51
2.59
2.51
2.52
2.84
2.82
2.75
2.78
2.96
3.18
2.97
2.93
2.74
2.99
2.8
2.97
2.76
2.78
2.98
3.07
2.98
2.74
2.64
2.78
2.31
2.57
3.09
3.21
3.08
2.94
3.4
3.07
3.06
2.95
2.85
2.76
2.76
2.9
2.66
2.68
2.7
2.89
2.76
2.76
3.23
3.03
2.81
2.9
2.75
2.83
2.76
2.87
2.54
2.49
2.7
2.51
2.27
2.41
2.48
2.86
2.88
2.89
2.89
2.83
3.06
2.78
2.59
2.75
2.84
2.6
2.51
2.96
2.8
2.71
2.59
2.63
2.89
2.89
3.22
2.95
3.16
2.96
2.99
3.19
3.1
3.23
2.98
3.03
2.74
2.46
2.55
2.58
2.29
2.51
2.64
3.03
2.83
2.89
2.97
3.02
3.01
2.68
2.69
2.86
2.65
2.68
2.61
2.73
2.43
2.83
2.79
2.85
2.69
2.93
2.88
2.87
2.99
2.98
3.04
2.85
2.9
3.06
2.88
2.85
2.88
3.1
3.29
3.11
2.87
2.79
2.89
2.8
3.09
2.71
2.86
2.67
2.71
2.69
2.46
2.59
2.67
2.73
2.84
2.9
2.37
2.69
2.67
2.38
2.57
2.64
2.7
2.68
2.61
2.99
2.8
2.28
2.35
2.25
2.36
2.56
2.45
2.44
2.63
2.69
3.17
3.22
3.21
3.27
3.31
3.03
2.86
2.94
2.78
2.39
2.54
2.55
2.74
2.92
2.98
2.9
2.7
2.6
2.77
3
2.95
2.97
3
2.98
2.83
2.66
2.63
2.68
2.3
2.68
2.85
2.8
2.9
2.83
2.74
2.83
3.17
3.06
3.06
2.98
3.02
2.93
2.96
3.05
3
3.21
3.16
3.03
2.92
2.96
2.63
2.57
2.54
2.67
2.92
3.14
2.85
3.14
3.04
2.81
2.71
2.96
2.6
2.62
2.82
2.5
2.72
2.82
2.89
2.75
2.81
2.79
2.62
2.96
2.99
3.22
3.22
2.8
2.74
2.87
2.59
2.61
2.77
2.63
2.77
3.05
2.81
2.54
2.48
2.69
2.74
2.92
3.01
2.69
2.4
2.5
2.77
2.87
2.61
2.68
2.82
2.69
2.75
2.78
3
2.79
2.89
3.04
2.86
2.95
2.68
2.57
2.73
3.08
3.15
2.8
2.7
2.64
2.8
2.57
3.19
3.15
2.93
2.57
2.7
2.77
2.92
3
3.31
3.1
3.25
3.04
2.98
2.74
2.78
3
3.27
3.4
3.13
3.25
3.24
3.12
3.09
3.04
3.14
3.05
3.42
3.2
2.99
2.87
2.94
2.74
2.81
2.75
2.81
3.13
3.04
3.09
2.91
3.07
2.9
3.17
3.46
3.46
3.45
3.28
2.92
2.82
2.79
3.09
3.14
3.07
3.22
3.08
3.01
3.08
3.07
3
3.06
2.91
3.31
3.08
2.66
2.71
2.74
2.86
2.88
2.89
2.73
2.68
2.85
2.99
3.13
3.14
3.2
3.32
2.87
2.97
3.1
3.21
3.01
2.87
2.86
2.47
2.42
2.64
2.61
2.87
3.24
3.45
3.25
3.28
3.17
2.7
2.71
2.63
2.71
2.73
2.83
3.08
2.7
2.63
2.94
3.14
3.15
3.21
3.33
3.12
3.1
2.95
3.05
2.96
2.73
3.09
3.02
3.1
3.03
2.71
2.72
2.65
2.81
3.09
3.29
3.31
3.29
3.44
2.98
2.93
2.87
2.84
2.83
2.68
2.76
2.49
2.68
2.6
2.6
2.62
3.01
2.63
3.33
3.25
2.8
2.76
2.57
2.63
2.74
2.71
2.64
2.33
2.59
2.63
2.63
2.66
2.62
2.72
2.8
2.75
2.82
2.88
2.51
2.6
2.77
2.63
2.79
2.87
2.78
2.72
2.45
2.36
2.42
2.53
2.55
2.62
2.89
2.71
2.77
2.72
2.66
2.36
2.82
2.6
2.35
2.27
2.3
2.49
2.4
2.5
2.65
2.76
2.97
3.01
3.16
3.1
3.06
2.89
2.73
2.88
2.93
2.8
2.55
2.38
2.73
2.82
2.66
3.02
3.05
2.98
2.82
2.94
2.76
2.99
3.01
3.13
2.94
2.97
2.9
3.02
2.99
2.66
2.76
2.62
2.55
2.56
2.71
2.78
2.83
3.12
3.07
2.96
3.09
2.79
2.45
2.47
2.32
2.2
2.64
2.49
2.59
2.7
2.72
2.59
2.41
2.47
2.41
2.58
2.65
2.95
2.84
2.93
2.7
2.81
2.96
2.92
2.88
2.94
2.84
2.92
3.01
2.78
2.83
2.91
3.2
3.26
3.12
2.99
3.01
2.95
2.77
2.88
2.83
2.71
2.87
2.86
2.94
2.74
2.72
2.8
2.94
2.84
2.82
2.72
2.69
2.67
2.83
2.6
2.47
2.42
2.57
2.59
2.88
2.84
2.76
2.55
2.58
2.65
2.81
2.67
2.73
2.95
2.93
2.86
2.88
2.81
2.64
2.55
2.72
2.77
2.76
2.82
2.91
3.1
2.92
3.08
2.8
2.72
2.73
3.01
3.08
2.89
2.76
2.68
2.67
2.64
2.73
2.65
2.76
2.86
2.74
2.88
2.96
3
3.17
3.2
3.05
2.88
2.37
2.43
2.65
2.78
2.61
2.46
2.55
2.58
2.59
3.01
2.82
2.98
2.93
2.86
2.86
3.07
3.13
3.02
2.93
3
3.4
3.16
3.01
2.67
3.3
3.12
3.13
2.85
2.73
2.58
2.46
2.5
2.58
2.6
2.87
2.99
2.98
3.02
3.16
3.04
2.98
3.11
3.19
3.21
2.72
2.95
2.95
2.77
2.77
2.76
2.78
2.69
2.79
3.05
2.81
2.82
2.96
2.95
3.01
3.28
3.28
2.94
3
2.83
2.59
2.58
2.71
3.02
3
3.1
2.98
2.72
2.56
2.73
2.77
2.61
2.56
2.51
2.36
2.34
2.34
2.37
2.64
2.47
2.95
3.35
3.16
3.2
3.01
2.98
3.1
3.13
3.17
3.08
2.35
2.29
2.36
2.67
2.57
2.69
2.7
2.85
2.8
3.03
3.01
2.94
2.74
2.88
2.92
3.07
3.03
3.04
3.1
3.24
3.04
3.01
2.67
2.51
2.3
2.35
2.54
2.7
2.52
2.92
3.02
2.97
3.04
3.1
3.04
2.74
2.86
2.8
2.99
2.97
2.62
2.55
2.7
2.67
2.67
2.88
2.88
3.1
3.14
3.26
2.8
2.92
3.08
2.76
2.67
2.76
2.76
2.85
2.94
2.96
2.86
2.77
2.79
2.67
2.48
2.53
2.27
2.38
2.69
2.96
2.78
2.52
2.26
2.2
2.2
2.11
2.35
2.7
2.75
3.03
2.99
3.01
2.73
2.63
2.97
2.73
2.85
2.98
2.85
2.76
2.58
2.64
2.71
2.65
2.42
2.48
2.68
2.53
2.66
2.65
2.52
2.62
2.82
2.83
3.07
3.09
3.16
2.99
2.78
2.77
2.95
2.92
2.99
2.82
2.76
2.74
2.66
2.74
2.79
2.84
2.98
2.81
3.01
2.74
2.7
2.56
2.39
2.19
2.62
2.75
2.86
3
3
2.87
2.77
2.86
2.94
2.62
2.62
2.88
2.87
2.77
3.09
3.07
2.77
2.71
2.6
2.51
2.44
2.88
3.09
3.15
3.07
3.38
3.27
2.93
2.93
2.89
2.8
2.66
2.92
2.63
2.89
2.72
2.65
2.65
2.64
2.9
2.84
2.99
3
2.93
2.96
2.67
2.65
2.73
2.78
2.83
2.83
2.79
2.69
2.45
2.5
2.72
2.89
2.82
2.82
3.01
2.98
3
2.83
2.84
3.04
2.99
2.89
2.88
2.92
2.93
2.69
2.67
2.38
2.57
2.87
2.69
2.75
2.51
2.46
2.56
2.6
2.74
2.86
2.76
2.67
2.51
2.65
2.87
2.68
2.79
3.09
3.03
3.02
3.03
2.79
2.9
3.15
3.08
3.04
2.98
2.93
3.05
2.76
2.91
2.94
2.81
2.85
2.66
2.74
2.9
2.84
2.73
2.78
2.64
2.72
2.92
2.74
2.68
2.67
2.62
2.42
2.68
3.28
3.04
2.8
2.8
2.84
2.95
3.13
2.86
2.86
2.98
3.07
2.72
2.96
2.98
2.84
2.83
2.93
3.05
3.37
3.2
2.9
2.93
2.74
2.81
2.62
2.74
2.82
3.11
3.07
2.84
2.87
3.12
2.98
2.7
2.61
2.72
2.85
2.89
2.93
3.02
2.87
2.97
2.71
2.85
2.95
3.16
3.21
3.25
3.13
3.04
3.21
3.15
3.28
3.43
3.24
3.49
3.26
3.07
2.8
2.67
2.8
2.75
2.86
2.89
2.89
2.71
2.57
2.72
2.92
3.38
3.34
3.32
3.39
3.29
3.1
3.08
2.98
2.86
3.05
2.98
3.49
3.18
3.39
3.41
3.17
3.1
3.01
2.95
2.68
2.72
2.95
3.07
2.98
2.93
2.97
2.99
3.17
3.17
3.05
3.22
2.11
2.56
2.52
2.67
2.35
2.42
2.39
2.25
2.51
2.7
2.68
2.61
2.73
2.69
2.52
2.45
2.58
2.48
2.3
2.17
2.66
2.81
3.09
3.15
2.92
2.69
2.8
2.8
2.47
2.44
2.41
2.47
2.73
2.74
2.54
2.53
2.49
2.85
2.7
2.69
2.74
2.8
2.63
2.73
3.02
3.11
2.89
2.78
2.68
2.42
2.71
2.62
2.44
2.58
2.51
2.57
2.6
2.43
2.4
2.64
2.78
2.64
2.57
2.92
2.96
3.04
2.97
2.83
2.86
2.7
2.7
2.51
2.46
2.55
2.61
2.74
2.52
2.77
2.77
2.64
2.72
2.63
2.55
2.79
2.7
2.74
2.67
2.67
2.65
2.59
2.66
2.58
2.08
2.25
2.57
2.6
2.79
2.73
2.9
2.68
2.89
2.93
2.9
3.12
3.09
2.96
2.81
2.9
3.19
3.28
2.95
2.71
2.58
2.76
2.47
2.56
2.69
2.66
2.82
2.79
2.41
2.28
2.35
2.37
2.32
2.52
2.78
2.6
2.72
2.75
2.86
3.19
3.2
3.03
3.11
2.87
2.89
2.87
2.55
2.5
2.36
2.4
2.33
2.34
2.36
2.52
2.55
2.69
2.84
2.65
2.82
2.56
2.13
2.18
2.32
2.72
2.94
2.97
2.84
2.38
2.85
2.71
2.47
2.59
2.81
2.71
2.87
2.88
2.53
2.84
2.86
2.74
2.67
2.53
2.56
2.46
2.41
2.34
2.58
2.61
3.04
3.05
3.02
2.95
2.85
2.77
2.76
2.95
3.17
3.16
2.94
3.05
2.97
3.19
2.95
2.92
3.01
3.26
3.37
2.93
3.19
3.14
2.97
2.98
2.82
2.72
2.75
2.43
2.76
3.04
3.06
2.98
3.06
2.96
2.87
2.86
2.8
2.91
2.92
3
2.61
2.68
2.67
2.72
2.75
2.61
2.64
2.81
2.39
2.51
2.52
2.63
2.6
2.58
2.74
2.89
2.72
3.2
2.92
2.69
3.03
3.18
3.19
3.12
3.24
3.24
3.45
3.34
3.38
3.21
3.14
3.07
2.94
2.99
2.96
2.94
3.21
3.04
3.37
3
2.64
2.74
3.07
2.97
3.21
3.07
3.08
2.82
2.55
2.83
2.81
2.66
2.66
2.51
2.53
2.51
2.75
2.61
2.45
2.76
3
2.98
2.76
2.77
2.84
3.33
3.46
3.61
3.6
3.21
3.1
2.99
2.76
2.75
2.64
2.82
2.66
2.78
2.68
2.82
2.89
2.78
2.61
2.79
2.98
3.06
3.27
3.24
3.19
3.06
2.75
2.8
2.97
3.22
3.2
3.06
3.02
3.2
3.09
3.02
2.69
2.46
2.39
2.49
2.51
2.5
2.46
2.34
2.36
2.58
2.6
2.78
2.81
2.88
2.95
2.88
2.73
2.53
2.53
2.66
2.84
2.58
2.54
2.45
2.87
2.9
2.77
2.88
2.67
2.5
2.39
2.69
2.44
2.5
2.85
2.99
3.03
3.26
3.18
3.05
2.41
2.36
2.45
2.44
2.52
2.41
2.41
2.56
2.69
3.01
3.01
3.06
2.94
2.97
2.98
2.64
2.5
2.48
2.3
2.52
2.74
2.66
2.5
2.66
2.39
2.44
2.49
2.53
2.43
2.42
2.67
2.39
2.43
2.46
2.19
2.26
2.73
2.72
2.85
2.76
2.61
2.58
2.71
2.54
2.79
2.74
2.66
2.34
2.5
2.57
2.65
2.82
2.92
2.82
2.99
3.18
3.15
2.78
3.13
2.8
3.08
2.85
2.95
2.72
2.99
2.78
2.89
3.14
2.92
3.02
3.01
3.07
2.88
2.88
3.18
3.03
2.87
2.84
2.98
3.03
2.51
2.49
2.53
2.53
2.61
2.39
2.3
2.4
2.55
2.55
2.83
2.63
2.72
3.12
2.88
2.92
2.9
2.98
2.72
2.59
2.05
2.13
2.56
2.37
2.67
2.62
2.54
2.44
2.34
2.31
1.96
2.27
2.42
2.55
2.56
2.18
2.36
2.37
2.32
2.28
2.66
2.51
2.68
2.59
2.44
2.54
2.5
2.4
2.46
2.48
2.62
2.79
2.69
2.51
2.62
2.56
2.86
3.17
3.06
2.85
2.98
2.9
2.74
2.59
2.65
2.72
2.69
2.94
2.75
2.56
2.82
2.58
2.55
2.76
2.84
3.18
3.14
2.83
2.82
3.05
2.61
2.44
2.44
2.82
2.75
2.88
2.8
2.83
2.56
2.55
2.5
2.43
2.62
2.62
2.83
2.96
2.83
2.61
2.62
2.52
3.01
2.92
2.9
2.95
2.86
2.81
2.77
2.73
2.94
2.96
3.05
3
2.96
2.98
2.68
2.89
2.74
2.73
2.69
3.03
3.23
3.49
3.26
2.89
2.86
3.08
2.91
2.93
3.22
3.51
3.56
3.56
3.22
3.53
3.35
3.36
3.06
2.98
3.19
3.25
3.05
3.04
2.92
3.02
3.19
3.29
3.16
2.96
3.07
3.15
2.98
3.02
3.11
2.82
2.9
2.7
2.87
3.08
3.16
2.96
2.66
2.65
2.81
3.04
2.73
2.35
2.45
2.37
2.26
2.46
2.66
2.55
2.51
2.65
2.92
3.16
2.89
2.62
2.83
2.82
3.04
3.3
3.18
3.06
2.95
2.92
2.69
2.97
3.17
3.54
3.62
3.58
3.34
3.3
3.16
2.97
2.89
2.89
3.12
3.04
2.41
2.56
2.76
2.66
2.83
2.97
2.92
2.85
2.92
2.94
2.97
3.02
2.98
2.92
2.95
3.18
3.27
2.79
2.44
2.34
2.63
2.38
2.76
2.65
2.51
2.63
2.66
2.63
2.69
2.61
2.68
2.84
2.71
2.84
3.01
2.91
2.78
3
2.98
2.68
2.74
2.74
2.83
2.87
2.94
2.62
2.71
2.79
2.7
2.87
2.9
3.21
3.53
3.32
3
3.05
2.83
2.85
2.53
2.64
3.15
2.98
3.11
3.01
2.84
2.98
2.81
2.59
2.97
3.01
2.8
2.82
2.67
2.69
2.62
2.81
2.82
2.92
3.22
3.14
2.54
2.7
2.66
2.75
2.71
2.62
2.82
3
2.76
2.94
3.05
2.92
2.91
2.82
2.45
2.42
2.45
2.71
2.55
2.51
2.79
2.96
2.98
2.94
2.63
2.71
3.1
3.17
3.02
3.14
3.11
3.21
3
3.28
3.1
2.96
2.87
2.76
2.83
2.8
2.95
2.91
2.87
3.15
2.79
2.86
2.53
2.63
2.65
2.57
2.4
2.44
2.53
2.56
2.49
2.59
2.69
2.56
2.38
2.57
2.94
3.18
2.91
2.57
2.9
2.96
2.86
2.64
2.82
2.8
2.63
2.47
2.54
2.57
2.42
2.51
2.58
2.44
2.73
3.01
2.92
2.86
2.86
2.86
2.82
2.82
2.84
2.97
3.03
2.96
2.98
2.96
2.9
3.1
2.89
2.87
3
3.11
2.82
2.85
2.3
2.54
2.69
2.83
2.81
2.65
2.8
2.66
2.76
3.07
2.88
3.02
3.07
3.19
2.85
2.84
2.28
2.48
2.52
2.15
2.73
2.9
2.69
2.7
2.82
2.55
2.58
2.82
2.93
2.74
2.72
2.77
2.99
2.91
2.8
2.8
2.5
2.64
2.64
2.83
2.75
2.68
2.72
2.52
2.8
2.95
3.14
3.03
2.93
2.75
2.96
2.68
2.59
2.41
2.75
2.51
2.75
2.77
3.01
2.78
2.55
2.56
2.75
2.77
2.65
2.63
2.75
3.23
3.3
2.82
2.73
2.79
3
3.05
2.84
2.76
2.72
2.88
2.75
2.62
2.69
2.89
3.09
2.7
2.68
2.56
2.72
2.68
2.79
2.6
2.64
2.92
2.73
2.63
2.75
2.76
2.8
2.82
2.75
2.94
3.05
2.83
2.78
2.96
2.93
3.14
2.96
2.87
2.6
2.74
2.49
2.29
2.56
2.73
2.84
2.85
3.22
3.02
2.93
2.93
2.88
2.75
2.68
2.37
2.47
2.49
2.73
2.98
3.03
3.12
3.03
3.17
2.88
2.69
2.61
2.59
2.6
2.62
2.8
2.67
3.08
3.17
3.03
3.08
3.23
3.14
3.3
3.32
3.04
2.6
2.41
2.49
2.64
2.88
2.85
2.98
2.91
2.95
2.98
3.05
3.11
3.2
2.91
2.7
3.07
2.76
2.52
2.57
2.75
2.82
3.1
2.79
2.83
2.92
3.01
3.12
3.15
2.94
2.83
3.07
2.98
3.14
2.9
3.16
2.95
3.14
2.92
2.91
2.65
2.57
2.58
2.73
2.98
3.09
3.27
2.95
2.81
2.77
2.66
2.9
2.94
2.72
2.67
2.62
2.83
2.78
2.95
2.99
3.26
3.06
2.89
2.94
2.72
2.82
2.92
3.06
3.17
3.22
3.09
3.05
2.48
2.41
2.45
2.63
3.07
3.17
3.13
2.9
2.87
2.61
2.59
2.89
2.79
2.53
2.57
2.33
2.62
2.58
2.45
2.36
2.84
2.79
2.76
3.03
3.24
2.98
2.8
2.51
2.5
2.67
2.54
2.51
2.93
2.92
3.04
3.23
3.27
3.49
3.21
3.12
3.13
2.93
2.84
2.82
2.78
2.72
2.7
2.61
2.74
2.82
2.82
3.18
2.8
2.8
2.75
2.78
2.73
2.67
2.66
2.96
2.36
2.26
2.53
2.65
2.89
2.77
2.9
2.78
2.76
2.8
2.65
2.78
2.81
2.48
2.71
2.35
2.26
2.31
2.66
2.42
2.97
3.04
3.26
3.06
3.27
3.04
2.99
3.08
3.21
3.23
3.08
2.96
3.02
3.07
2.97
3.08
3.16
2.7
2.73
2.75
3.12
3.09
3.09
3.03
3.06
3.09
3.02
2.63
2.64
2.7
2.72
2.87
3.13
2.93
2.97
3.03
3.08
3.35
3.41
3.43
2.55
2.64
2.69
2.55
2.51
2.54
2.48
2.6
2.65
2.86
2.82
2.92
2.67
2.92
2.95
3.17
3.42
3.18
3.02
2.69
2.61
2.71
2.56
2.41
2.4
2.3
2.23
2.24
2.22
2.2
2.36
2.58
2.85
2.81
2.79
2.98
2.91
2.93
2.74
2.67
3.01
2.72
2.75
2.76
2.84
2.76
2.76
2.56
2.62
2.84
2.72
2.47
2.51
2.64
2.85
2.98
3.03
2.94
3.01
2.78
2.98
3.09
2.96
2.74
2.66
3.19
3.25
3.2
3.04
2.99
3.03
3.08
2.95
2.95
2.85
2.68
2.79
2.88
3.01
2.93
2.78
2.55
2.44
2.54
2.69
2.52
2.41
2.76
3.26
3.19
3.27
3.11
3.12
3.11
3.18
3.06
3.02
3.12
3.11
2.87
2.83
2.89
2.98
3.25
3.44
3.32
3.18
3.18
2.86
2.78
2.65
2.59
2.69
2.7
2.75
2.84
2.89
2.74
2.54
2.76
2.99
3.38
3.22
3.16
3.04
2.91
2.63
2.67
2.58
2.8
3.07
3.08
2.96
2.77
2.93
2.89
2.98
2.92
2.76
2.98
2.53
2.24
2.36
2.59
2.23
2.47
2.69
2.81
2.79
2.85
2.73
3
2.8
2.47
2.71
2.62
2.75
2.88
2.87
2.77
2.78
2.99
3.07
2.89
2.98
2.91
3.02
3.13
3.3
2.93
2.83
2.5
2.33
2.45
2.44
2.46
2.55
2.76
2.73
2.89
2.58
2.67
2.55
2.44
2.52
2.48
2.57
2.48
2.69
2.81
2.82
3.03
3.13
3.33
3.02
2.77
2.74
2.7
2.56
2.34
3.11
3.09
2.88
2.86
2.67
2.56
2.48
2.54
2.77
2.55
2.63
2.77
2.79
2.72
3.1
3.16
3.18
3.17
3.12
3.11
3.02
3.18
3.29
3
2.74
2.71
2.87
2.61
2.82
2.85
2.9
2.86
3.01
3.37
3.32
3.13
2.96
2.63
2.77
2.74
2.78
2.5
2.52
2.54
2.69
2.65
2.57
2.86
2.72
2.7
3
3.09
3.03
3
3.05
3.1
3.09
3.1
2.76
2.82
2.62
2.95
3.01
2.78
2.82
2.87
2.86
2.69
2.6
2.5
2.68
2.65
2.68
2.65
2.78
2.87
3.14
2.78
2.7
2.74
)
;

boundaryField
{
    xPeriodic_half0
    {
        type            cyclic;
    }
    xPeriodic_half1
    {
        type            cyclic;
    }
    yPeriodic_half0
    {
        type            cyclic;
    }
    yPeriodic_half1
    {
        type            cyclic;
    }
    zPeriodic_half0
    {
        type            cyclic;
    }
    zPeriodic_half1
    {
        type            cyclic;
    }
}


// ************************************************************************* //
