/*--------------------------------*- C++ -*----------------------------------*\
| =========                 |                                                 |
| \\      /  F ield         | OpenFOAM: The Open Source CFD Toolbox           |
|  \\    /   O peration     | Version:  2.4.0-MNF                             |
|   \\  /    A nd           | Web:      www.OpenFOAM.org                      |
|    \\/     M anipulation  |                                                 |
\*---------------------------------------------------------------------------*/
FoamFile
{
    version     2.0;
    format      ascii;
    class       volScalarField;
    location    "0.0006";
    object      Ma_mixture;
}
// * * * * * * * * * * * * * * * * * * * * * * * * * * * * * * * * * * * * * //

dimensions      [0 0 0 0 0 0 0];

internalField   nonuniform List<scalar> 
5120
(
5.653282603
5.623915528
5.510512838
5.638084049
5.645526785
5.556152197
5.643260837
5.616305524
5.589642154
5.446404905
5.480381271
5.594677011
5.563581668
5.636162191
5.640290405
5.595009315
5.549032991
5.616098319
5.510803863
5.652880999
5.689028094
5.673527619
5.735964669
5.698119386
5.547051861
5.693484481
5.731886549
5.704922633
5.561824634
5.625768022
5.662119588
5.719584479
5.588946239
5.510203678
5.526115346
5.487983706
5.515687489
5.517962062
5.512111986
5.457991332
5.427007296
5.433504594
5.460958016
5.570024775
5.54861639
5.480155877
5.513856723
5.518437091
5.603957001
5.601769567
5.515897562
5.533221472
5.475327988
5.466036127
5.497755898
5.597365872
5.691050092
5.644464843
5.533045904
5.527108763
5.579085187
5.695031255
5.706850329
5.706508392
5.619015115
5.743671584
5.947115984
5.911745585
5.653077983
5.619747129
5.719828995
5.626379299
5.599182342
5.599151326
5.590426991
5.517878893
5.614716163
5.637233824
5.709385465
5.652479451
5.5337305
5.444500658
5.546721399
5.627456262
5.766951722
5.729718994
5.617170131
5.584692218
5.650532317
5.719544567
5.818445921
5.653897079
5.629183153
5.637400881
5.873629841
5.913808869
5.777690486
5.580542648
5.527314833
5.591736792
5.533124468
5.656378718
5.612016908
5.72719511
5.741163286
5.617044126
5.762891085
5.899715432
5.84307329
5.791466798
5.747493204
5.692146036
5.790643507
5.685986856
5.595404294
5.678017621
5.704852123
5.695798037
5.75205283
5.580654314
5.618324628
5.57305143
5.650168249
5.544862566
5.457553415
5.629676247
5.561342382
5.54469432
5.562206224
5.695752466
5.676923024
5.577766914
5.536907456
5.657532732
5.640456154
5.43087301
5.438856151
5.444781576
5.425059597
5.567108443
5.698783104
5.836572055
5.671803367
5.499685047
5.52624198
5.547148377
5.660328014
5.542416823
5.434372168
5.40268992
5.5316662
5.565023787
5.585949779
5.45627512
5.386264754
5.512020476
5.471815872
5.429385399
5.579178486
5.611341241
5.613310535
5.567376281
5.506940191
5.707778004
5.774522172
5.866100944
5.72775007
5.839865554
5.803351653
5.665972898
5.769413577
5.65285352
5.499051836
5.392721224
5.402380615
5.399469371
5.400996457
5.685449149
5.752849366
5.724448266
5.585263758
5.575593118
5.635490679
5.538147626
5.396912728
5.437427886
5.472402073
5.57368097
5.678145498
5.683804775
5.642532944
5.623131723
5.637911025
5.589214953
5.481328983
5.517768085
5.652662315
5.432194775
5.343893495
5.490838484
5.552439501
5.556238532
5.806164967
5.654919488
5.588331399
5.473740291
5.454864495
5.388822806
5.384971339
5.488124096
5.536346262
5.487598483
5.528125752
5.562292956
5.558622558
5.657140533
5.588897927
5.567029346
5.590802231
5.537629696
5.715386175
5.590754765
5.511090452
5.502668243
5.54869737
5.540879456
5.531972196
5.476490122
5.529241366
5.596584378
5.651561793
5.62342843
5.553321005
5.620978582
5.699900588
5.685797331
5.789787938
5.69281331
5.632579862
5.663635925
5.61628349
5.508759298
5.522947607
5.713266681
5.66725295
5.546785414
5.621346791
5.751365488
5.895133158
5.686291761
5.598729866
5.671866242
5.655822929
5.611506881
5.60491275
5.604944914
5.69702846
5.701968803
5.597984665
5.680456867
5.446171597
5.384000544
5.52237934
5.517760856
5.66271286
5.60486111
5.582466322
5.531074113
5.501212
5.486202289
5.595882334
5.592981994
5.565991178
5.689493256
5.590137459
5.551413527
5.531847493
5.6629598
5.749266748
5.515219133
5.652452925
5.583705902
5.615113065
5.550061192
5.482967526
5.424746328
5.529949513
5.575832044
5.667601446
5.710916904
5.557434951
5.649028281
5.601206019
5.525495682
5.665427869
5.651498641
5.588035359
5.429793903
5.691032393
5.625634812
5.552272356
5.534171757
5.571817016
5.640788788
5.588305457
5.655132118
5.670903554
5.733606116
5.661732277
5.579774731
5.558463369
5.503355223
5.553580173
5.611216901
5.66265467
5.749672845
5.749235047
5.671646734
5.597604755
5.558122837
5.533196196
5.580541813
5.531155376
5.560971752
5.48600885
5.49463025
5.563284887
5.530067301
5.451217442
5.653084457
5.569087618
5.60539172
5.458621204
5.505986069
5.533249548
5.571715591
5.533599575
5.550060765
5.623012394
5.636223961
5.565139818
5.590485377
5.471997735
5.451171599
5.487885876
5.422375784
5.349775877
5.369616083
5.47446848
5.508462634
5.555539315
5.668126942
5.617581202
5.49647013
5.521790063
5.532259645
5.411919947
5.451580152
5.448299481
5.57537049
5.505147026
5.450264954
5.504385476
5.502931988
5.597445076
5.639900789
5.586254594
5.60329812
5.531217219
5.554398918
5.60939687
5.536334945
5.593822932
5.579309887
5.604860166
5.612900416
5.628963302
5.601145798
5.584408902
5.520635826
5.651777306
5.62959496
5.50209399
5.479432786
5.62332756
5.516212589
5.690746798
5.689910769
5.735207196
5.730882637
5.737316136
5.695344885
5.594765387
5.579902564
5.675351571
5.652506566
5.606686
5.645615318
5.860170306
5.77670423
5.764563777
5.83944931
5.579929684
5.674061619
5.732128793
5.718791665
5.729075083
5.655163009
5.691298552
5.610084324
5.595261714
5.62444062
5.527568647
5.552103924
5.689973349
5.645579091
5.73205352
5.600297379
5.633544466
5.649923274
5.497074636
5.554923688
5.670500526
5.633563807
5.557523895
5.684710988
5.58869427
5.5748165
5.523908862
5.691339923
5.60567352
5.60825643
5.635304486
5.624443477
5.60150892
5.445971815
5.319171036
5.449665118
5.556928397
5.596323732
5.661701185
5.722298311
5.757189235
5.826624808
5.880774922
5.700295515
5.633976419
5.595824373
5.651482126
5.626695412
5.616519064
5.634120154
5.474221997
5.574680667
5.605032127
5.697939264
5.729172979
5.616415364
5.603183026
5.733894344
5.613746336
5.345800803
5.517179428
5.6595897
5.618689765
5.45708061
5.49145679
5.604620729
5.616384735
5.528088353
5.52175823
5.552926398
5.66127214
5.6760626
5.71045104
5.714053952
5.734124059
5.759452999
5.635240913
5.714812347
5.611572427
5.584555225
5.669982249
5.643326284
5.623288252
5.619866737
5.647358885
5.582281598
5.578756669
5.592598413
5.601296589
5.504414407
5.52718643
5.567951747
5.660553145
5.581370969
5.56593186
5.575999654
5.588537448
5.581747096
5.49986395
5.433474853
5.602178859
5.607308673
5.53706964
5.608329004
5.669442763
5.619974342
5.674083975
5.684805269
5.696245122
5.671542685
5.696153034
5.907676444
5.908671972
5.690486295
5.608078164
5.49778008
5.43901098
5.553761485
5.578189285
5.477183419
5.386361574
5.524644812
5.598094068
5.701819862
5.551852474
5.496297756
5.494823286
5.536152783
5.545113339
5.538730039
5.446089155
5.512398193
5.281623736
5.377933106
5.481288614
5.576234858
5.719928904
5.60708247
5.742966355
5.67541085
5.536101179
5.55314428
5.636745368
5.528193703
5.484053392
5.47922984
5.337281636
5.40742403
5.509973113
5.510852496
5.484271821
5.495353694
5.549544362
5.440599264
5.577961737
5.589638911
5.677838532
5.738167722
5.481395553
5.614429733
5.59768571
5.334267761
5.394639261
5.503759931
5.573289414
5.583562774
5.542070905
5.661072105
5.564731802
5.621575164
5.718896249
5.670775842
5.57627452
5.64488667
5.596716147
5.5593457
5.58490058
5.459865068
5.508205757
5.48170776
5.400929142
5.480078141
5.567995866
5.659995705
5.617235908
5.632248
5.588872458
5.469740657
5.550392854
5.662442791
5.550540396
5.503354384
5.513834964
5.532095145
5.52076035
5.434776318
5.416059792
5.531692586
5.601559179
5.550756654
5.532157897
5.405333206
5.278200875
5.381254613
5.494746238
5.629331127
5.707783219
5.794051956
5.712718979
5.427979749
5.539716521
5.72813023
5.523192149
5.463870397
5.499235038
5.455218733
5.475491796
5.664188259
5.568998401
5.46855088
5.407974556
5.4048036
5.433531727
5.32548046
5.297361471
5.383339146
5.528859628
5.646005669
5.771034765
5.84499226
5.973362417
5.721225511
5.668552546
5.631492764
5.662367106
5.718674958
5.636443075
5.465707361
5.703885955
5.591955618
5.58751738
5.581032112
5.606416349
5.618426619
5.643686213
5.550942316
5.63533216
5.655571059
5.676319688
5.517214849
5.473902889
5.514083937
5.574048002
5.657671677
5.635451589
5.756918178
5.591390127
5.597179662
5.562800517
5.607336269
5.710286062
5.85996926
5.732060341
5.586414929
5.722465235
5.778518298
5.598946685
5.552651264
5.589221336
5.639506812
5.73030747
5.793293905
5.589065109
5.755166682
5.698212122
5.690079862
5.681782232
5.623465442
5.535981326
5.534223984
5.588586435
5.456633671
5.467251584
5.461392574
5.479460516
5.56493944
5.58491929
5.731101596
5.62864442
5.588601388
5.596976525
5.653246308
5.71372388
5.742428085
5.479005845
5.624174213
5.663839209
5.538126467
5.675776256
5.833475361
5.6687602
5.577867461
5.496991515
5.502148843
5.549567622
5.628699783
5.5571484
5.543768271
5.683076493
5.825891513
5.74823426
5.737729138
5.641670041
5.637009553
5.645613831
5.82799781
5.54013424
5.55472341
5.649241224
5.616370718
5.758782285
5.727090899
5.806544795
5.636279103
5.59625053
5.696098367
5.587821488
5.706091047
5.680487526
5.698359161
5.736527256
5.803333202
5.83158451
5.712666044
5.490603339
5.499418986
5.601126301
5.640884973
5.580942473
5.728746872
5.770472996
5.663199612
5.681173991
5.778181009
5.645022589
5.665953259
5.704322085
5.680055678
5.729816497
5.658106971
5.699034212
5.672105097
5.445462012
5.416142888
5.50653879
5.490376955
5.564222812
5.50925662
5.544951499
5.683616783
5.59703157
5.647610526
5.886827015
5.875304703
5.906636193
5.871238285
5.718069233
5.66791475
5.715245098
5.791729231
5.613804905
5.511403387
5.595997937
5.610631133
5.564230583
5.608463945
5.613671181
5.606948902
5.619400169
5.721914025
5.466589467
5.228231385
5.314107515
5.47307786
5.510522076
5.56393923
5.552434744
5.504951852
5.538953338
5.597166125
5.726439323
5.790307817
5.607762209
5.676961379
5.739379303
5.830502352
5.869421453
5.66734038
5.400735119
5.507508271
5.467232594
5.571334467
5.528379158
5.703206913
5.621240065
5.603163979
5.448942163
5.453220634
5.60121299
5.702282705
5.693893422
5.565509128
5.475012603
5.513456909
5.418255822
5.502650818
5.473389682
5.467359857
5.5263394
5.523903824
5.504655476
5.665718247
5.690834166
5.40252587
5.425695554
5.593357445
5.582645539
5.672335307
5.617604883
5.571404126
5.619724789
5.468467854
5.457502385
5.6166734
5.74318836
5.651360959
5.566367999
5.472824205
5.630721405
5.615981269
5.568033244
5.51185341
5.451369468
5.535478778
5.532018003
5.556308511
5.632986743
5.45797837
5.459923064
5.576650897
5.635168569
5.57292972
5.699780277
5.639105318
5.73188588
5.740476153
5.647543498
5.653627909
5.615193306
5.67691988
5.816449179
5.720102466
5.550486628
5.793033653
5.789964098
5.740184051
5.74279875
5.515530536
5.401445517
5.343955396
5.497193016
5.566863349
5.511639746
5.376139126
5.499322005
5.553082517
5.548203179
5.611579298
5.498502693
5.475208173
5.45371967
5.575427897
5.61740729
5.559190232
5.668148388
5.565016736
5.625480419
5.532887707
5.599063446
5.566216818
5.43939847
5.376040787
5.540281611
5.583334949
5.62100866
5.457872105
5.45060619
5.461700977
5.649909638
5.73668528
5.746416228
5.698486779
5.563792121
5.577929774
5.605218341
5.643170478
5.684083234
5.712662942
5.634236471
5.688225836
5.793960382
5.870723015
5.649596481
5.494323036
5.593948274
5.723125625
5.655418536
5.596839202
5.63527212
5.6344894
5.659726391
5.603803352
5.578658139
5.673200789
5.769636476
5.707042663
5.743461425
5.565555903
5.548148736
5.6371058
5.690292687
5.763656006
5.855129573
5.882168484
5.718494987
5.649929317
5.688506128
5.663443362
5.604869239
5.535409317
5.587549454
5.521296095
5.391248442
5.488888106
5.665809318
5.663839566
5.590802517
5.656704933
5.669259862
5.642798408
5.486774414
5.61012676
5.665461516
5.617135238
5.743663012
5.782908998
5.844829889
5.812306484
5.602608588
5.640659841
5.50561913
5.481647601
5.494643482
5.5568499
5.589571891
5.596633765
5.601090777
5.68953376
5.629280331
5.713326845
5.613937246
5.54630949
5.462839519
5.595117677
5.651844641
5.687016403
5.573320036
5.727662526
5.709972694
5.592294024
5.686374066
5.568950731
5.50786574
5.618463797
5.601328986
5.540157427
5.648344883
5.5444927
5.523502592
5.50620555
5.664498455
5.615930896
5.723280414
5.648276624
5.697680047
5.773975405
5.808885061
5.762610985
5.693052372
5.657239425
5.549288306
5.72761304
5.92153971
5.850228459
5.669226713
5.568338939
5.58166828
5.574116636
5.69579522
5.598803426
5.675207714
5.597559309
5.413010701
5.507041888
5.591505421
5.528488812
5.574430437
5.61236371
5.85274584
5.76688771
5.670933864
5.664635957
5.693919037
5.828628447
5.871711304
5.916536426
5.949083711
5.823722235
5.747289917
5.693947569
5.701641347
5.719528512
5.753215479
5.71509816
5.849110283
5.745605803
5.725969753
5.888588662
5.672723326
5.902120167
5.907545533
5.872895101
5.749037702
5.650138283
5.57731384
5.574234168
5.532942007
5.612874138
5.609981208
5.606223594
5.69515326
5.586969699
5.591877435
5.782913502
5.810346909
5.952027224
5.829155204
5.754048352
5.847351034
5.663534342
5.693123929
5.639403636
5.594992616
5.625737702
5.697746705
5.660779266
5.659737907
5.72922363
5.573930428
5.666351926
5.634455436
5.516620703
5.56493903
5.437906953
5.654997757
5.827868221
5.78483416
5.721360664
5.445564084
5.458455124
5.59694867
5.573383317
5.590993441
5.495810224
5.555099567
5.631436552
5.773883812
5.863023004
5.770880671
5.774608195
5.703062547
5.694987602
5.678390839
5.676483081
5.477865699
5.447252247
5.559610019
5.560634078
5.495014455
5.370339048
5.436278567
5.516240041
5.575742034
5.48427299
5.515443414
5.678902205
5.610769823
5.636786907
5.622826745
5.554145559
5.564154075
5.654780118
5.72510762
5.729940916
5.870107076
5.586608649
5.521619225
5.515957087
5.516877031
5.616400789
5.726452428
5.700701764
5.657418028
5.615133433
5.68105352
5.562888882
5.612593767
5.651031389
5.573690265
5.659390963
5.541171578
5.534458125
5.476777923
5.614919362
5.750591154
5.555513062
5.473192435
5.472582174
5.672350013
5.547093242
5.545803558
5.517280965
5.527889285
5.644315715
5.643043726
5.613550411
5.644874339
5.667880489
5.652879378
5.565054192
5.548653233
5.667337878
5.743273791
5.699431794
5.599591753
5.536813126
5.665300128
5.56223432
5.520119007
5.501052988
5.649130067
5.656794151
5.766116162
5.677749528
5.591467662
5.488696273
5.483706185
5.392697254
5.536697912
5.433977605
5.397991622
5.541294599
5.708209776
5.737701143
5.757595532
5.659728564
5.720467416
5.676674178
5.764292169
5.813652191
5.647915714
5.637085725
5.706629402
5.617596867
5.659490823
5.55380699
5.47054544
5.482867209
5.425143282
5.371288961
5.428542359
5.489381572
5.491773337
5.536304377
5.596272529
5.549149579
5.527615641
5.625257332
5.576698876
5.554353266
5.737289131
5.654543889
5.601847476
5.693445687
5.634295837
5.573595965
5.581890333
5.588657546
5.717280557
5.629004163
5.493622957
5.411537588
5.490042808
5.602873439
5.5817042
5.49858541
5.543913452
5.523670539
5.453590334
5.452224127
5.542744675
5.604096852
5.702603833
5.696804405
5.589105591
5.504431119
5.455003946
5.733234974
5.563533842
5.508928328
5.4816655
5.591381122
5.668186774
5.590393311
5.391104334
5.46979941
5.437738489
5.556810424
5.494059282
5.570644125
5.686793407
5.722045532
5.817144983
5.670994861
5.550028846
5.66395719
5.558339968
5.440191214
5.34424413
5.393960315
5.488499256
5.440757224
5.359132526
5.316747986
5.549756001
5.580180497
5.525621306
5.543974833
5.390849457
5.466607522
5.439985302
5.6920787
5.746405584
5.718447715
5.668841862
5.719285586
5.631879041
5.549935248
5.630775635
5.719559984
5.696002212
5.67196448
5.775437458
5.766175928
5.615813172
5.618133973
5.537895523
5.384124027
5.592314115
5.640326613
5.490957192
5.493373239
5.501626877
5.576603623
5.490844993
5.612462102
5.612663006
5.571625751
5.471891188
5.536492819
5.614224449
5.599538308
5.545177799
5.651025428
5.601714519
5.555291911
5.639848831
5.575758078
5.634918852
5.550327449
5.651358445
5.585857388
5.523961901
5.602056267
5.696758409
5.693695422
5.71694547
5.943609312
5.823218477
5.771486428
5.683006683
5.731068022
5.71840142
5.629283277
5.627963889
5.779528309
5.672550136
5.726274716
5.584830168
5.650641033
5.55901268
5.606712175
5.582132048
5.567191309
5.627110286
5.658245605
5.657031111
5.598059669
5.569578782
5.604121788
5.524690622
5.397634318
5.477908014
5.477321743
5.473428672
5.471557915
5.424947456
5.575727399
5.423098436
5.498111887
5.582533683
5.607542016
5.52933908
5.547343289
5.686485605
5.573288928
5.618008666
5.595009741
5.586026888
5.652157402
5.684115461
5.639053138
5.67320147
5.708282111
5.628283035
5.601735479
5.566666474
5.475045096
5.514532794
5.666942223
5.621225844
5.767995989
5.595534836
5.477295006
5.390862565
5.496909202
5.604512132
5.635249126
5.464813304
5.453949189
5.518591503
5.600327122
5.67684809
5.618331957
5.563035317
5.588881542
5.467422703
5.524640467
5.51172677
5.378141435
5.408328668
5.464384889
5.673264738
5.77491266
5.86824803
5.763075947
5.657462175
5.580993259
5.735066796
5.679568994
5.721209129
5.802448605
5.916931453
5.900395348
5.842263033
5.657742076
5.583991332
5.618823906
5.765565811
5.660703107
5.555622699
5.523181556
5.477798651
5.573108779
5.476702011
5.478052043
5.494302714
5.422930243
5.475956093
5.565939635
5.631402099
5.539453062
5.625044611
5.799230349
5.883606949
5.674165001
5.56299874
5.717975173
5.574221691
5.687741764
5.630719132
5.647408301
5.476501622
5.572377325
5.557262458
5.500212696
5.612621645
5.656139366
5.768566193
5.798513833
5.760028037
5.709061344
5.724968287
5.537275544
5.487206053
5.62386808
5.672489634
5.61094378
5.634140721
5.437424482
5.548417472
5.701389525
5.72414838
5.599269183
5.791790228
5.931681817
5.813511926
5.808602608
5.743058555
5.529868949
5.60476787
5.609770743
5.63662103
5.62528003
5.516334203
5.657160072
5.733228749
5.728156461
5.705847439
5.855197782
5.696715179
5.597380339
5.495995363
5.544122385
5.512136857
5.607156869
5.544736311
5.557091695
5.646911455
5.539885892
5.641812522
5.594489054
5.538525704
5.509265679
5.4659953
5.673643495
5.684342464
5.754176507
5.949161826
5.905340366
5.796758106
5.626218097
5.514405324
5.722404682
5.499717289
5.476939228
5.586291949
5.650551198
5.617473527
5.704780956
5.60619954
5.566548513
5.601946367
5.575858282
5.667744581
5.80932688
5.817415675
5.823970942
5.824641249
5.889041365
5.750918895
5.830096462
5.726030089
5.682932349
5.557949054
5.628254195
5.599923016
5.487832005
5.504823276
5.658360611
5.740459126
5.702957187
5.621821493
5.70717333
5.655023421
5.666066759
5.678602627
5.8935655
5.739851771
5.764878751
5.809416269
5.672688554
5.735748277
5.797859893
5.895066602
5.824240126
5.733072277
5.776415052
5.752394733
5.704577362
5.65671692
5.590248738
5.500506256
5.36620302
5.426806283
5.496580893
5.716608999
5.657351998
5.476181413
5.504192184
5.449845966
5.52738331
5.516923272
5.426306879
5.348658302
5.430726373
5.566578233
5.451135513
5.543409744
5.54927239
5.607244502
5.707892015
5.597743658
5.476338152
5.556315334
5.587753281
5.627506336
5.481913998
5.621487115
5.636192047
5.699506195
5.679316584
5.571416505
5.68575235
5.791933198
5.659712722
5.489690323
5.474799416
5.558761869
5.449383858
5.483291195
5.535163995
5.524041724
5.554846743
5.549598335
5.456094958
5.570898904
5.626584067
5.551834264
5.550700979
5.575686686
5.495695659
5.420537907
5.531223489
5.484856898
5.419603583
5.457456686
5.587499942
5.615576535
5.554539691
5.631562534
5.856258291
5.742537079
5.520634411
5.533939308
5.405109629
5.321642499
5.411098583
5.388243124
5.450862861
5.643995959
5.691698286
5.728008224
5.595241512
5.651759472
5.601465185
5.676333129
5.522930073
5.667903044
5.678760047
5.661071684
5.531955287
5.699546831
5.863892951
5.907555252
5.709624512
5.683684729
5.427972282
5.60597684
5.705580053
5.687730853
5.778556079
5.86248985
5.754229228
5.812666977
5.801764273
5.769772052
5.695856779
5.639824789
5.63731697
5.720528731
5.742311148
5.769040188
5.648423613
5.727282036
5.693138122
5.555474003
5.582017069
5.439759657
5.471634395
5.645778817
5.635426419
5.736046024
5.737941014
5.590094403
5.570989093
5.478882943
5.456002431
5.563629164
5.471289235
5.469182047
5.54522279
5.59808835
5.5933201
5.511574921
5.402291549
5.441920049
5.393462159
5.561672037
5.754142725
5.553067247
5.419995539
5.342896487
5.529545189
5.596307459
5.570088412
5.524452247
5.643087477
5.549678403
5.541350624
5.582080948
5.518400405
5.653038658
5.663772699
5.530548399
5.557459009
5.444292501
5.524595991
5.732215447
5.607120073
5.511848024
5.598616313
5.73735752
5.738993938
5.709401162
5.760823768
5.765837223
5.638577385
5.625144654
5.383296945
5.488121498
5.661977387
5.543798562
5.508211908
5.509249916
5.577850702
5.692043965
5.690731877
5.694806955
5.702622226
5.757400274
5.623766524
5.571056427
5.516306721
5.54095149
5.650471946
5.787418293
5.875522255
5.776726996
5.760997001
5.840933453
5.785272611
5.679736636
5.642471603
5.817347535
5.738500099
5.696744679
5.676013499
5.617354243
5.682914676
5.617111365
5.633509311
5.61882021
5.591900413
5.572956787
5.65010451
5.681872888
5.692082235
5.804392839
5.855107427
5.73847395
5.754226629
5.716894862
5.623265562
5.557518919
5.61200287
5.706765416
5.665601179
5.714795608
5.737016425
5.65875664
5.565718368
5.612767637
5.603930045
5.612512868
5.602672884
5.535366908
5.512341245
5.649773255
5.705453969
5.624730674
5.576038341
5.528613114
5.490902394
5.547641148
5.592337472
5.615202486
5.672686515
5.792899311
5.754012129
5.693033569
5.580702377
5.664093564
5.56726975
5.616039881
5.488752817
5.530556247
5.574022298
5.632908498
5.785153917
5.891573373
5.769703042
5.668172285
5.824329259
5.676262486
5.638281602
5.608564702
5.674867994
5.856823743
5.72190083
5.700991694
5.562695638
5.46875431
5.737121539
5.689174147
5.745583603
5.584342545
5.543897555
5.611383648
5.71232953
5.70008143
5.808611983
5.650029498
5.46599798
5.498774409
5.470192667
5.649356857
5.832516819
5.586574258
5.600237083
5.632049378
5.808249953
5.601955688
5.487404818
5.52772169
5.580631
5.648236492
5.493508735
5.629557005
5.730913288
5.604537674
5.41976157
5.555217654
5.612048524
5.789830346
5.772132877
5.734195385
5.650178365
5.490124294
5.450006948
5.542742677
5.484547685
5.509962742
5.540605099
5.600570533
5.513153722
5.548187749
5.669668573
5.809685654
5.770779856
5.68313188
5.481738886
5.526239982
5.539964469
5.596234606
5.698850217
5.705502888
5.577209377
5.64226796
5.549205514
5.553099488
5.705297659
5.620905703
5.665856332
5.629531718
5.730075947
5.852018566
5.759459041
5.654730307
5.701174935
5.789778888
5.627118732
5.553149085
5.757748312
5.723250874
5.778764978
5.76041056
5.791353407
5.681254794
5.652776943
5.525160398
5.582137494
5.548393284
5.534837826
5.627775755
5.407819058
5.399083379
5.567234421
5.394630801
5.472653283
5.377519609
5.430204526
5.426675029
5.487336447
5.450039489
5.35384068
5.394287716
5.589749566
5.531914416
5.62009434
5.691394287
5.593356808
5.544683874
5.465066686
5.400352903
5.474576986
5.641863751
5.47518535
5.449882517
5.586921684
5.510678542
5.432233999
5.553999099
5.531987823
5.611638381
5.77134347
5.719153205
5.67091324
5.810383005
5.675281261
5.723195972
5.605203768
5.515821052
5.584577173
5.557792078
5.429328398
5.464725874
5.709526231
5.62094832
5.580977189
5.558809917
5.643830159
5.544715269
5.610826456
5.642728861
5.484581298
5.59678815
5.712872269
5.829679532
5.782741211
5.690035721
5.798033603
5.784767209
5.838223911
5.745017833
5.617417843
5.599936127
5.6980096
5.77193851
5.689387438
5.625522884
5.61141003
5.591025839
5.536416044
5.415601664
5.420766333
5.611618385
5.705242603
5.665651289
5.541799049
5.678977677
5.704389284
5.739839717
5.725786613
5.690358203
5.826304194
5.790293038
5.731494845
5.704052669
5.788063064
5.774051671
5.799163789
5.693438336
5.848080268
5.829395801
5.626783469
5.737953013
5.820262263
5.62208945
5.653067753
5.530187609
5.575751591
5.739817
5.784706852
5.816774031
5.594754612
5.613454357
5.753494781
5.820896449
5.694934743
5.690674031
5.562115948
5.574879403
5.513102126
5.56912409
5.661350992
5.680832722
5.649901404
5.611050957
5.630562256
5.655605387
5.556545788
5.51223964
5.481740358
5.410700553
5.594962604
5.687016544
5.557955768
5.591821512
5.659662417
5.423017026
5.42082004
5.29808679
5.375696534
5.447752715
5.490137861
5.745728993
5.638912583
5.633224929
5.556417593
5.688626584
5.710500787
5.663260092
5.700026866
5.680500418
5.542676384
5.576122692
5.620502744
5.563610229
5.767659619
5.644340226
5.620855852
5.619217411
5.564556049
5.466510401
5.510013469
5.645470745
5.628398107
5.752952783
5.834293324
5.659350442
5.651264212
5.708595642
5.810889959
5.756905414
5.680117686
5.617336665
5.560301875
5.512428815
5.556868634
5.752335795
5.527465846
5.527665506
5.495968416
5.591422176
5.533083709
5.644139918
5.66167265
5.590670527
5.56562667
5.587585697
5.53645878
5.643893323
5.707216553
5.561862949
5.500568364
5.605882582
5.635757859
5.545901174
5.485947556
5.542105464
5.6618022
5.651417882
5.753547388
5.612574207
5.620068288
5.576912507
5.560245906
5.622200518
5.440348538
5.532572243
5.598292404
5.459861348
5.472526972
5.593497136
5.775063276
5.767053898
5.728147785
5.631763191
5.591496523
5.458467575
5.462051369
5.443502196
5.460854659
5.693768894
5.575550975
5.551267327
5.773099345
5.624917039
5.714467957
5.720762366
5.745156729
5.490805161
5.502225361
5.487149952
5.423193503
5.526436908
5.411743983
5.385026769
5.357303759
5.48320921
5.562868222
5.712366385
5.764011234
5.58642467
5.550849645
5.563844213
5.507255322
5.597015348
5.532526306
5.539255502
5.633210388
5.791691739
5.704753831
5.801840044
5.836601995
5.89896326
5.855232733
5.838250304
5.603605215
5.581672523
5.528164379
5.660712441
5.653295051
5.570985743
5.568720352
5.585207472
5.61250524
5.510545806
5.509449742
5.540489648
5.41174906
5.504780573
5.609087523
5.667816993
5.639360486
5.623643629
5.673290678
5.50374677
5.451654314
5.572985991
5.736633807
5.857369502
5.801009277
5.743989827
5.634768107
5.499232482
5.485317417
5.471712851
5.478569513
5.500794476
5.490339648
5.528485308
5.587394757
5.626673385
5.548715484
5.583933094
5.594225918
5.536960194
5.375310512
5.4135572
5.553150516
5.630986493
5.658041184
5.565178278
5.464086674
5.457769807
5.404953094
5.746091701
5.730219602
5.652071322
5.552655272
5.500343932
5.364073623
5.414980329
5.571870709
5.551580642
5.442565721
5.461027694
5.4441343
5.529854158
5.674139565
5.711322751
5.782208341
5.719029195
5.617797727
5.551284984
5.681829994
5.679151578
5.600242992
5.62622379
5.638258297
5.651542215
5.727888437
5.592073
5.479390301
5.522623042
5.35703667
5.454605732
5.584927685
5.677047681
5.642943322
5.608690689
5.541188339
5.508574764
5.597320263
5.685354718
5.756889341
5.700261939
5.563650963
5.476273284
5.605132229
5.678333253
5.621623137
5.637120628
5.647143671
5.488534739
5.481367629
5.54655241
5.542191196
5.452617742
5.52598394
5.65650849
5.746722264
5.815439888
5.676615713
5.726473474
5.783576781
5.682181416
5.70500716
5.622775608
5.58786807
5.554635877
5.568646831
5.405475847
5.483003684
5.500861074
5.56541653
5.619749824
5.643162894
5.664265311
5.64256062
5.52772098
5.40156954
5.575959586
5.678479537
5.565926911
5.664326623
5.499650558
5.646887572
5.668650122
5.515005869
5.447864868
5.453554106
5.46741657
5.46041902
5.484813542
5.479603858
5.362221665
5.573981869
5.68218146
5.462050429
5.408895971
5.545751237
5.584687235
5.444867191
5.299217468
5.332774442
5.443842618
5.51200315
5.538425334
5.554365445
5.577095141
5.602048644
5.506157411
5.401702232
5.508613042
5.551106261
5.605494934
5.431913303
5.557668857
5.595248169
5.656674192
5.368454478
5.47788988
5.628821058
5.52582579
5.527638763
5.694006443
5.689534955
5.630693849
5.54526061
5.599295543
5.619479093
5.61466359
5.673716041
5.648139249
5.651392591
5.612070361
5.611377065
5.626990488
5.661132704
5.666456334
5.757124701
5.494893483
5.54889045
5.627546127
5.561402198
5.453802513
5.467902636
5.502054689
5.647905942
5.532141392
5.420998996
5.502328562
5.410095524
5.463008162
5.6364485
5.537716699
5.645000861
5.697761233
5.658680786
5.638770463
5.631915653
5.56199593
5.468213191
5.491811979
5.618525947
5.376060949
5.582449052
5.707956966
5.734571822
5.682807293
5.490610854
5.349132833
5.334473596
5.604004671
5.673695337
5.894961653
5.82224879
5.847768313
5.835479274
5.62729292
5.624810187
5.707784778
5.623849043
5.425980688
5.321298228
5.540124918
5.566102498
5.62568777
5.77064293
5.764188509
5.706169966
5.704562251
5.798562921
5.698466155
5.728563955
5.806103812
5.75764719
5.530775182
5.689337615
5.706894395
5.598958327
5.595194043
5.584867863
5.485666467
5.523316532
5.525361225
5.55341703
5.592536739
5.686715582
5.678793534
5.476737001
5.524947984
5.615598088
5.617849951
5.637309418
5.735686493
5.675332011
5.69647282
5.635061452
5.593374739
5.622564409
5.59379007
5.565384861
5.661184235
5.685659986
5.399242436
5.522184524
5.561373664
5.656213441
5.644529941
5.751722786
5.822846338
5.582058119
5.60526693
5.672020633
5.83788445
5.65722692
5.590291846
5.389681159
5.552509934
5.534011457
5.588413928
5.672487231
5.575372368
5.42175246
5.543200423
5.59164865
5.60733756
5.418468448
5.56382367
5.652981386
5.65384211
5.597782861
5.579572754
5.53117178
5.459832387
5.616557567
5.54429843
5.274532078
5.177269184
5.270748446
5.428143627
5.409514428
5.376493613
5.398035103
5.551656716
5.435433104
5.5011566
5.612063622
5.664437893
5.538466236
5.427329978
5.381533003
5.433492934
5.541533029
5.566299758
5.689768032
5.621105519
5.634832434
5.578014795
5.569581138
5.728887721
5.669772593
5.822371893
5.642228445
5.421968403
5.597647801
5.65359553
5.563768623
5.543466864
5.509561974
5.498432707
5.432762846
5.319928724
5.360539909
5.506234208
5.613800977
5.626947891
5.59486349
5.48935525
5.541328544
5.662013792
5.74313879
5.611308925
5.471836542
5.591458959
5.605271622
5.56913043
5.500799667
5.553219201
5.590136899
5.529995167
5.458865016
5.497422315
5.506420283
5.591521904
5.551884911
5.711655339
5.74847594
5.7232849
5.595896433
5.554148984
5.751213364
5.627503883
5.689679204
5.479323161
5.37744184
5.476117237
5.512044898
5.454380325
5.606265672
5.529935802
5.511217481
5.595325568
5.649372653
5.605107414
5.642919641
5.542412771
5.616639076
5.603611404
5.688123968
5.771694048
5.717778356
5.639833387
5.600224565
5.445546756
5.563694616
5.598117242
5.583999305
5.514891033
5.447851749
5.62784776
5.70830248
5.699422709
5.758217559
5.863828901
5.770534888
5.640485109
5.562201874
5.596307599
5.360891573
5.416332387
5.452127314
5.591018984
5.406117105
5.505403897
5.366572424
5.440957799
5.358030663
5.393843889
5.567499165
5.618017982
5.797323213
5.857664182
5.730310471
5.693856595
5.78416827
5.818814849
5.63042843
5.579486721
5.485258135
5.551361118
5.554523351
5.451018888
5.447602196
5.416922813
5.38435284
5.445598214
5.548717849
5.60864231
5.612306695
5.784356358
5.891411671
5.942420564
5.839985565
5.763424989
5.633093967
5.695227559
5.76727193
5.603867811
5.591475872
5.481556269
5.568996304
5.549714306
5.519271547
5.524652427
5.503999511
5.656234852
5.647330201
5.650777997
5.651107761
5.49262191
5.562578936
5.60627216
5.672048623
5.537415988
5.511537279
5.531773696
5.410573651
5.411757271
5.462293564
5.504081966
5.417035108
5.389842049
5.432854934
5.55149653
5.638025228
5.59662368
5.625580803
5.599544139
5.657536481
5.655848475
5.711504461
5.553361751
5.655755056
5.571564997
5.544832899
5.444422634
5.488308734
5.53685852
5.556700673
5.624284873
5.614436322
5.69544893
5.473800859
5.850330838
5.889337505
5.678241162
5.569262002
5.62250808
5.542399671
5.649883328
5.801241969
5.599723405
5.572772153
5.631185745
5.688814822
5.636748263
5.565645381
5.508181484
5.524598635
5.692558189
5.674801992
5.583162175
5.658601862
5.819830977
5.705447112
5.749939935
5.722019131
5.62012093
5.647334329
5.583115697
5.64081685
5.656569792
5.575872658
5.656068879
5.65243729
5.587707629
5.592994339
5.763937942
5.663252248
5.555746768
5.745686271
5.896933329
5.878164873
5.659396776
5.705763619
5.610673382
5.593364569
5.573667494
5.62245124
5.756447227
5.69598715
5.603675969
5.60110976
5.494872956
5.538470486
5.414194882
5.468262436
5.579451977
5.527195748
5.594506318
5.564469883
5.564786164
5.643945154
5.495958899
5.500496234
5.591198848
5.608994566
5.642186286
5.625129393
5.527140868
5.583129989
5.611258779
5.576696354
5.487266563
5.571667794
5.686624274
5.661704345
5.656355928
5.716914801
5.68423549
5.63445506
5.530564254
5.446472802
5.471772936
5.598303774
5.620617272
5.609962836
5.632444219
5.694122337
5.649492124
5.599228111
5.554788241
5.555490755
5.583693171
5.592294858
5.593884587
5.640436811
5.668541508
5.613847747
5.660481142
5.629443346
5.587666754
5.571671883
5.49549372
5.443103589
5.574811654
5.590677207
5.524574901
5.482761666
5.449981919
5.574635753
5.529587732
5.562180394
5.654953521
5.586163937
5.663945943
5.677575791
5.51734992
5.532875238
5.479743344
5.476664503
5.517398609
5.591881876
5.585032995
5.640629106
5.599165708
5.548156166
5.685029095
5.717450877
5.680011127
5.707860082
5.727378068
5.912639835
5.961646109
5.74811095
5.707496919
5.609830569
5.727828998
5.674316262
5.56908336
5.551084271
5.47285803
5.410305787
5.512264961
5.639810874
5.62088172
5.7439674
5.608571286
5.657156941
5.687091814
5.768047268
5.551265281
5.646318057
5.548184707
5.483736088
5.506454343
5.755037726
5.683666113
5.613994636
5.570219823
5.608234079
5.773032797
5.701681064
5.713615594
5.57278432
5.480535098
5.599653589
5.634970867
5.678388961
5.791363221
5.705080187
5.603607008
5.293011439
5.405298477
5.506550135
5.590112998
5.61288357
5.647365969
5.703606967
5.622265808
5.522614169
5.616400242
5.78924581
5.665512761
5.708933829
5.737797247
5.661236749
5.691534896
5.523426109
5.578615903
5.590696283
5.520558774
5.741283444
5.6842018
5.783486979
5.757157393
5.681671108
5.661839748
5.659763027
5.619337753
5.604792798
5.6330318
5.589922829
5.612186924
5.568191655
5.543379446
5.611571774
5.71286875
5.727771929
5.754042327
5.621472838
5.651987801
5.606213771
5.708155206
5.718297506
5.724998617
5.803893798
5.568865428
5.518196366
5.527831916
5.572877624
5.673869638
5.65918617
5.584163671
5.684693558
5.675032037
5.553391922
5.545048691
5.496491916
5.552819517
5.594852849
5.735767046
5.723369387
5.666499157
5.719645787
5.687295093
5.514921819
5.617499914
5.676529758
5.538182667
5.603880072
5.62392595
5.526265855
5.608987901
5.577930748
5.62051905
5.601426138
5.610580534
5.451447744
5.540272633
5.364320013
5.405350777
5.521345405
5.353245124
5.37439664
5.376586805
5.464541894
5.464603722
5.488901412
5.517022964
5.491582025
5.466570468
5.643807854
5.505486043
5.499308602
5.483154649
5.39106627
5.559302396
5.533208813
5.426403233
5.470626157
5.413067661
5.539039476
5.623342365
5.674712532
5.496114222
5.542508818
5.514328537
5.587290601
5.414974702
5.521351701
5.524740508
5.449208903
5.726866819
5.671405736
5.472962245
5.586550195
5.645938201
5.731868994
5.851835302
5.921737094
5.679803792
5.547964878
5.682380043
5.661653312
5.641922807
5.603371675
5.643447487
5.451227685
5.421200757
5.604919617
5.747420051
5.736444116
5.502690356
5.544706123
5.561855833
5.618751396
5.628452506
5.719004203
5.639862119
5.678045109
5.679547448
5.565538252
5.486017982
5.475170484
5.511328269
5.513067134
5.482586966
5.528241286
5.551024954
5.665714774
5.595315584
5.58907242
5.48836812
5.337293152
5.349147803
5.435271352
5.641693143
5.674932599
5.670033673
5.646509388
5.567658763
5.696143634
5.744207502
5.682767299
5.651399391
5.530117258
5.503971081
5.633619287
5.625407659
5.55586514
5.619454515
5.627309754
5.717460728
5.536396917
5.509375372
5.583534236
5.61698133
5.638041755
5.55684867
5.52979186
5.59783262
5.572780618
5.627989573
5.491769064
5.428914735
5.520241948
5.433010027
5.514534638
5.53028781
5.68814028
5.688434499
5.721761229
5.69104994
5.542581095
5.651145119
5.52545673
5.472566366
5.469034146
5.494486301
5.614365977
5.649238937
5.675061857
5.526502014
5.547906777
5.649105381
5.69692026
5.625435708
5.551615679
5.589946796
5.862829144
5.741749431
5.644658382
5.766941593
5.689916999
5.645347161
5.655162155
5.723004904
5.774704559
5.808944323
5.828187105
5.67206787
5.6375691
5.714534912
5.556312126
5.576245363
5.697374427
5.553683208
5.757938538
5.84456507
5.698798728
5.6722471
5.798148821
5.756641359
5.761740535
5.722772273
5.622306156
5.715196576
5.630866294
5.582797662
5.632554822
5.688767034
5.7686945
5.584414334
5.646888576
5.80717317
5.718651748
5.577581942
5.584620658
5.589777165
5.747558994
5.789380588
5.750514686
5.815890736
5.640689633
5.614044666
5.525408466
5.439199383
5.348385225
5.583023574
5.586078945
5.623489146
5.513034373
5.54490002
5.575859334
5.638962342
5.769798879
5.810544402
5.770500202
5.746438477
5.568381607
5.68304918
5.76957624
5.771767719
5.881543074
5.837026744
5.733005197
5.840157262
5.771158001
5.639438619
5.582453362
5.63985808
5.651715929
5.687517791
5.569384429
5.585989731
5.466254594
5.538635479
5.635833172
5.58789641
5.569886557
5.682379974
5.847049899
5.736359064
5.678331301
5.68960983
5.631391004
5.606182406
5.587043772
5.528200265
5.531850125
5.485540689
5.450032138
5.483050692
5.41545923
5.456607328
5.565996799
5.528663261
5.511789443
5.658610319
5.775566225
5.651421491
5.624940284
5.55252469
5.586055628
5.606028954
5.561510699
5.573847085
5.589706621
5.702503625
5.680292838
5.845107976
5.742445903
5.689978522
5.694452965
5.819550331
5.663538733
5.636440447
5.731125862
5.786995397
5.731951236
5.542471073
5.562036851
5.635000615
5.726227547
5.685000374
5.61019746
5.534292116
5.557134034
5.42535471
5.586397013
5.752704237
5.765543767
5.841304594
5.80793828
5.70660844
5.702256407
5.699800705
5.649270116
5.586579756
5.504321887
5.572329353
5.625220648
5.676155691
5.803157438
5.688483025
5.731500894
5.666433379
5.694944545
5.835575625
5.789761728
5.700878165
5.713238958
5.638814613
5.523858849
5.68946762
5.697689469
5.759512179
5.660489035
5.737341913
5.817994919
5.754608008
5.661365052
5.755901416
5.610916158
5.597566585
5.63782897
5.756017454
5.785670644
5.556185609
5.50863613
5.379407876
5.543009919
5.806952945
5.79569076
5.763523883
5.667865218
5.706235701
5.680079774
5.645829776
5.623497516
5.720368026
5.777172987
5.484728134
5.575994986
5.626739361
5.594887277
5.637495324
5.666241493
5.567595323
5.478862111
5.653137873
5.557039395
5.401494965
5.408562879
5.598361497
5.534049366
5.511322821
5.517404528
5.595002479
5.546510501
5.50660715
5.441487424
5.440279694
5.455271484
5.556174825
5.463634631
5.477471186
5.422179381
5.559871928
5.593579879
5.60417605
5.496495442
5.547233737
5.544378193
5.510888879
5.55316069
5.714097834
5.652809542
5.679257179
5.607254412
5.691517469
5.528128254
5.539548526
5.601338046
5.648354269
5.547317758
5.438289216
5.556372737
5.576817539
5.610325196
5.549450769
5.429763104
5.467220239
5.538712205
5.526607134
5.483384303
5.458525266
5.422765726
5.420422358
5.42947517
5.293349091
5.459114318
5.518141444
5.49324823
5.624135948
5.61763424
5.509834822
5.466682593
5.58985412
5.534207867
5.535609479
5.653640391
5.640376779
5.587668957
5.651580012
5.642298866
5.542424863
5.551101456
5.618391457
5.527301932
5.432952389
5.507165147
5.461152427
5.569757343
5.509258721
5.428806417
5.430759066
5.593647464
5.586485245
5.621365644
5.750305923
5.844373396
5.6946834
5.6905595
5.717829143
5.759354726
5.528034262
5.536043397
5.5970949
5.60799412
5.599519074
5.470348111
5.517078435
5.719943775
5.74093036
5.762870231
5.625793792
5.729594422
5.808285913
5.725785303
5.625954728
5.548350436
5.485365369
5.444853193
5.553714913
5.599913853
5.764009246
5.807078643
5.838520515
5.839664393
5.618129866
5.546829504
5.586725001
5.586345246
5.611181396
5.572218237
5.613036821
5.619286124
5.803130167
5.742218954
5.668798439
5.676582404
5.657055471
5.682061953
5.762065457
5.699146435
5.693395203
5.687067215
5.651364897
5.608009248
5.621521538
5.670477045
5.756098899
5.774447335
5.644300452
5.67038584
5.697960883
5.653929918
5.743038483
5.884128082
5.811946262
5.84585586
5.867810606
5.917524566
5.966252635
5.761641086
5.709190482
5.694095256
5.62711982
5.580657104
5.573004163
5.618159749
5.778034847
5.767686554
5.789819358
5.81581407
5.821790164
5.78791869
5.753635272
5.679290087
5.628111908
5.709848927
5.982265485
5.916640382
5.733073588
5.619804419
5.637721852
5.657577026
5.739020957
5.666492444
5.801023565
5.715886674
5.570640988
5.796895407
5.666850123
5.684553589
5.558680771
5.53749529
5.669597577
5.630345447
5.563957473
5.620948337
5.739287572
5.688805943
5.703946083
5.677239371
5.67521669
5.651719653
5.644804817
5.654199743
5.512676907
5.591010762
5.699587146
5.657362887
5.662517386
5.601034109
5.565069986
5.631467498
5.57581653
5.683699602
5.519224743
5.554509068
5.595077067
5.551897753
5.526264256
5.431488572
5.562369653
5.592398275
5.692014127
5.781549975
5.684293223
5.749510973
5.442190129
5.544549749
5.658892093
5.606626182
5.821247255
5.686410387
5.670515111
5.667311839
5.762329092
5.549515553
5.584562854
5.568829631
5.632219311
5.831960215
5.919956888
5.766131996
5.681317251
5.615437023
5.585726852
5.586401585
5.886785308
5.877340664
5.701459754
5.615824171
5.64388207
5.726594174
5.723021617
5.709888759
5.68364288
5.778227195
5.655069848
5.664967811
5.630970462
5.646423957
5.712042802
5.708808573
5.677087191
5.578341586
5.636600564
5.712280711
5.542323637
5.493750826
5.614009008
5.727227581
5.806111081
5.73147639
5.749902313
5.686843306
5.673663066
5.679211022
5.738593312
5.677429012
5.581731691
5.757787813
5.732548864
5.593430202
5.658726349
5.798845155
5.790923541
5.582839284
5.596877378
5.490749171
5.587128667
5.559503322
5.642419815
5.623014966
5.709840257
5.610853813
5.551053125
5.606421053
5.499359738
5.537757079
5.64519252
5.563580795
5.622362176
5.716058108
5.607566438
5.551897076
5.563075856
5.690361076
5.557796864
5.55388974
5.628043084
5.664487581
5.67999213
5.581414879
5.435671726
5.483437212
5.582143189
5.454773392
5.418373734
5.433758033
5.406499837
5.594568659
5.697204049
5.721721197
5.727204461
5.845895174
5.769488034
5.552786664
5.58867615
5.571333091
5.479971219
5.680702742
5.670172029
5.595562321
5.610372969
5.618196029
5.569460779
5.553416266
5.614631933
5.495941283
5.402341061
5.495102506
5.601241279
5.572370629
5.667545642
5.551409504
5.62227426
5.535000256
5.573667655
5.530182954
5.614952929
5.455246925
5.443155151
5.518133508
5.499322496
5.448421307
5.45418572
5.463636822
5.444915131
5.612978546
5.688062945
5.677556642
5.59060938
5.584195892
5.625504201
5.502113673
5.619698138
5.565873675
5.673399856
5.623826974
5.591513521
5.677462795
5.743393036
5.643284336
5.553530994
5.340192707
5.488821274
5.507023632
5.430128146
5.398619489
5.582426422
5.539188287
5.615930004
5.596373902
5.596389946
5.623316373
5.598815479
5.650927672
5.703659177
5.690985351
5.78415398
5.878787844
5.782375861
5.68523932
5.544077437
5.5316227
5.488667311
5.537978677
5.636227277
5.62942262
5.49790477
5.504866941
5.468512217
5.488119032
5.489348464
5.554484191
5.605457964
5.635957094
5.490803355
5.448365358
5.479057289
5.545646833
5.610532206
5.64249975
5.723630281
5.886106024
5.573614694
5.41881189
5.393525309
5.48973455
5.58016286
5.627554789
5.575094568
5.612151935
5.46064286
5.307104553
5.442683647
5.532592276
5.428689578
5.389716061
5.423537717
5.520113566
5.485519715
5.440327938
5.511886787
5.631328252
5.674834648
5.549370897
5.615964645
5.582374314
5.60069324
5.694753847
5.642187275
5.706027905
5.526862291
5.462545025
5.535243631
5.468410251
5.668926839
5.631177295
5.642238453
5.591252772
5.59252769
5.555273579
5.440654015
5.442212035
5.470068409
5.527589385
5.610438884
5.741144436
5.605986795
5.570354634
5.64639396
5.592521847
5.675448782
5.630531113
5.667268667
5.569720669
5.566047252
5.729320643
5.672635039
5.625794547
5.57969585
5.656178911
5.61058376
5.673846048
5.633650665
5.480911206
5.417193717
5.428797679
5.521712572
5.565681332
5.641880142
5.587382127
5.553423365
5.562571637
5.676302296
5.737227778
5.68955134
5.681556661
5.847573405
5.890008535
5.741006101
5.692175657
5.612426301
5.504101749
5.545067965
5.577377579
5.538772061
5.529917505
5.643353679
5.643427344
5.633461926
5.643684209
5.647992301
5.525413961
5.547737892
5.6070625
5.612231391
5.653702252
5.684746517
5.755880811
5.732772148
5.765529439
5.669758453
5.639567657
5.723770843
5.632034251
5.54357923
5.588742549
5.601148185
5.599525736
5.600385149
5.700217604
5.609074424
5.750100851
5.744716903
5.703495273
5.467854257
5.339507367
5.449311416
5.363837909
5.398620798
5.465163801
5.39397438
5.422773326
5.644250727
5.609409544
5.614485232
5.687669179
5.559295463
5.461084526
5.412794768
5.415342246
5.502640509
5.512355104
5.551763481
5.513788405
5.510264575
5.607697462
5.422653806
5.572791882
5.598163618
5.694114617
5.785797443
5.61953475
5.71863584
5.597452035
5.436999132
5.643832744
5.539456464
5.58696997
5.643429939
5.606981705
5.633404871
5.613433828
5.50102864
5.422077843
5.697400485
5.625347802
5.631299637
5.670922514
5.590713191
5.822428993
5.818852916
5.868859775
5.773460599
5.734917623
5.740573088
5.558784548
5.589121226
5.473535099
5.46983484
5.597448466
5.575446718
5.546618952
5.559283338
5.710215706
5.579584083
5.598274143
5.56148528
5.636197212
5.578886385
5.609536375
5.732309457
5.696415959
5.775153886
5.737916418
5.755175987
5.880537475
5.695258213
5.595596065
5.452405807
5.514566094
5.594818856
5.688812619
5.698085115
5.54086386
5.5831523
5.639488363
5.564875482
5.557181778
5.646784762
5.68887318
5.624097123
5.626478666
5.635737642
5.795570632
5.585619422
5.598988511
5.689451241
5.777006603
5.526054828
5.591101445
5.478060974
5.5607931
5.625369068
5.628750667
5.628316495
5.606607095
5.708651286
5.589103978
5.542581637
5.557976311
5.730852688
5.742446142
5.650442316
5.661276676
5.717124149
5.793831278
5.679161886
5.43310037
5.383703768
5.442340706
5.534080169
5.363434487
5.666968536
5.702815314
5.519519048
5.570748233
5.516663945
5.539433313
5.556547931
5.52895317
5.492529096
5.36857158
5.540104351
5.616936094
5.693861429
5.71136541
5.778159017
5.72010182
5.638697536
5.452439774
5.541472134
5.625076638
5.517091354
5.452848643
5.638485343
5.633551344
5.53359803
5.527078763
5.530766473
5.426417433
5.507511681
5.597717141
5.624217713
5.564521437
5.530447827
5.472056621
5.565616574
5.819273155
5.863768981
5.852346943
5.719763927
5.582061469
5.55409955
5.625119121
5.647062993
5.698228478
5.685080777
5.482945543
5.636666576
5.608770789
5.594565875
5.668704171
5.683879898
5.752137798
5.595343189
5.700722262
5.647216908
5.707632842
5.634688014
5.61545305
5.650285797
5.710750438
5.627950716
5.575483689
5.607476837
5.478490193
5.486002592
5.511628375
5.504760473
5.606118302
5.743933931
5.623204898
5.469487295
5.612511643
5.733929325
5.713269508
5.591596357
5.550091527
5.592362557
5.576721106
5.521305766
5.713161679
5.790918149
5.618795035
5.595593072
5.558542349
5.503544222
5.443879819
5.486411228
5.528674825
5.674551397
5.547243553
5.687780788
5.471421522
5.429694063
5.492044882
5.492793537
5.460800292
5.323860361
5.340494259
5.43994937
5.580449622
5.615788053
5.642423341
5.857370672
5.777578225
5.707745519
5.74175631
5.629409831
5.449942957
5.436703308
5.417636835
5.41272306
5.379843017
5.363992046
5.448932712
5.452696575
5.571290474
5.719507629
5.751593278
5.801081089
5.77229861
5.815913884
5.760918418
5.415985444
5.502642195
5.627506764
5.53351621
5.562251354
5.504354353
5.500030468
5.380216496
5.474368342
5.704797109
5.595288258
5.474345232
5.494873082
5.664092361
5.754875532
5.884086334
5.736854949
5.67764853
5.596376231
5.505159924
5.554628504
5.576333941
5.555486348
5.547625755
5.61778238
5.526166335
5.644812935
5.653683468
5.510414608
5.507451723
5.622915266
5.406377928
5.470261884
5.649749689
5.546073793
5.47325907
5.621790047
5.818720616
5.832468826
5.652169725
5.732770424
5.591652971
5.69386989
5.690206727
5.633190072
5.528235672
5.433294399
5.497185133
5.593478134
5.585199636
5.601546164
5.590791307
5.61040842
5.523902794
5.498744421
5.453149216
5.485367856
5.597827602
5.703705461
5.719356243
5.673791048
5.583261114
5.393107563
5.442403877
5.511653978
5.540721122
5.580708312
5.635603068
5.594784866
5.607469711
5.604458517
5.633515542
5.61187733
5.505111938
5.650738267
5.782998379
5.623205004
5.638565547
5.615690506
5.629997545
5.663046415
5.697910006
5.713914468
5.732042608
5.783071306
5.625240014
5.65088709
5.565063352
5.548255557
5.578566296
5.601126278
5.512818687
5.400462221
5.436940347
5.567115796
5.639479055
5.650415074
5.666061607
5.70478212
5.686935519
5.667346829
5.618144992
5.819823502
5.600554671
5.605411907
5.693000564
5.647550595
5.754747573
5.602516704
5.566758114
5.648850799
5.584522157
5.503015235
5.52021399
5.509258505
5.423743419
5.574964441
5.620525118
5.593071538
5.690637905
5.658596421
5.740150731
5.547805792
5.614559674
5.797989094
5.766023477
5.820109125
5.746661772
5.764863028
5.739971986
5.713813869
5.604605203
5.547925371
5.611084393
5.593205869
5.557881828
5.480366626
5.608768744
5.673321901
5.705318556
5.627610715
5.623833943
5.677151711
5.627921518
5.628880811
5.459829941
5.428148984
5.463337056
5.526130773
5.62643113
5.692783488
5.811792775
5.715130712
5.644769635
5.702772252
5.511922949
5.595802022
5.553448038
5.504588598
5.542859916
5.601607463
5.659234814
5.526035746
5.529343373
5.51152873
5.655911388
5.633272857
5.628700683
5.521975535
5.512946434
5.636103648
5.586111833
5.540322321
5.406663522
5.515587763
5.675274129
5.672080696
5.533708005
5.458455474
5.496662705
5.602219426
5.585776453
5.679666726
5.785566072
5.681021965
5.599553058
5.593263496
5.554785771
5.608404104
5.471167481
5.428243546
5.488661708
5.443690784
5.554367644
5.562547044
5.459090371
5.467058924
5.623444185
5.397829702
5.543666756
5.73175484
5.539794039
5.423477843
5.36851182
5.49843671
5.517222551
5.512934285
5.528568824
5.521442284
5.618522766
5.573948288
5.437036705
5.364030334
5.47583933
5.608488739
5.670848915
5.579141199
5.585713122
5.749456555
5.800625758
5.553082799
5.760356574
5.879971081
5.828798813
5.677942747
5.641340624
5.754804223
5.654559874
5.5787907
5.551237673
5.499149897
5.701376246
5.577883501
5.566613546
5.512864953
5.622965704
5.588694413
5.586334169
5.570581724
5.575077802
5.755126025
5.541264335
5.61719842
5.658811774
5.642933996
5.543997944
5.547088251
5.50089685
5.57580177
5.556821157
5.532641358
5.486178131
5.586546681
5.63219331
5.691066426
5.717078665
5.768041416
5.758511501
5.67858142
5.616289859
5.590172923
5.762710545
5.811294211
5.824109261
5.863879673
5.756260142
5.76081274
5.53362013
5.533938593
5.593305012
5.693545003
5.733247919
5.697902113
5.711486392
5.581463034
5.664128574
5.608512772
5.635194712
5.634365069
5.5459761
5.507293558
5.657606806
5.657302788
5.505705975
5.601654052
5.614708659
5.449433753
5.516751363
5.548760263
5.633810436
5.607656581
5.615901401
5.614441604
5.643633449
5.522737289
5.445543246
5.416503185
5.522984072
5.5616235
5.540241759
5.66141255
5.671617409
5.62320966
5.547480292
5.57828374
5.562500711
5.537949375
5.495963017
5.354744633
5.427126957
5.539277686
5.664613643
5.595257161
5.633666542
5.677842049
5.696214033
5.718168344
5.770023394
5.754147426
5.798005052
5.613318241
5.442108005
5.329079674
5.372583284
5.50862683
5.537420571
5.57718264
5.655082484
5.705613899
5.690208034
5.633764487
5.698347061
5.728867946
5.648556985
5.607138213
5.663272531
5.798046779
5.826567145
5.640507961
5.589015926
5.715932173
5.549601094
5.455576346
5.504368355
5.455570939
5.566696786
5.721374119
5.739455319
5.732164123
5.70201526
5.619900562
5.640103045
5.660928871
5.558804007
5.645293697
5.797329039
5.653381574
5.607765454
5.550743105
5.5942871
5.72069867
5.665676658
5.590619719
5.648509178
5.542139056
5.573345011
5.480678167
5.278553032
5.285492585
5.414080259
5.577109441
5.533254124
5.840806626
5.710486291
5.602077196
5.600903242
5.823937303
5.84095684
5.721858489
5.794814387
5.483626975
5.592435321
5.713170741
5.706012635
5.70484706
5.658843439
5.625073584
5.735064372
5.564034351
5.581065466
5.721258368
5.762801991
5.755615044
5.85918054
5.794027221
5.619406441
5.627336111
5.581361916
5.619619969
5.567398214
5.570493618
5.511801071
5.541563958
5.655017441
5.56850887
5.514025392
5.6193459
5.699648534
5.586238282
5.621109865
5.614120946
5.674695445
5.75095801
5.803250967
5.563966433
5.602990808
5.609864815
5.536952372
5.642752093
5.681378929
5.698848288
5.594041406
5.592079655
5.583599776
5.680843598
5.715269615
5.579919314
5.679753211
5.736690091
5.821091589
5.632325571
5.670241388
5.722825321
5.682701048
5.623730104
5.662334613
5.571311999
5.531970037
5.499535068
5.600791836
5.548268774
5.380373936
5.384485421
5.61417035
5.571378115
5.670452459
5.753710393
5.836207305
5.7212267
5.650049078
5.651384655
5.635758366
5.615869183
5.634545919
5.724163794
5.676185208
5.793374088
5.75257247
5.678293733
5.567372544
5.492129016
5.517990007
5.535822349
5.650507202
5.767148645
5.67717374
5.74149297
5.639689286
5.668686114
5.71814509
5.557081188
5.579900923
5.748099801
5.673743691
5.640414103
5.640537765
5.524509885
5.523098761
5.575273087
5.467204165
5.681051688
5.649843393
5.719591115
5.727927565
5.487332342
5.546538903
5.411402187
5.498997867
5.560093802
5.634638653
5.723789803
5.804276571
5.762403679
5.792224216
5.800002959
5.66739556
5.566967737
5.531329933
5.640543081
5.666082843
5.601008145
5.539814586
5.457430681
5.355062666
5.446592894
5.50445439
5.520205094
5.475766215
5.486464361
5.617475638
5.612733079
5.506683102
5.544102262
5.517953089
5.603975262
5.515695828
5.581826731
5.621620438
5.628288742
5.53652174
5.367252102
5.434033314
5.510763531
5.64749084
5.799014332
5.749060671
5.73928561
5.852303838
5.731959656
5.539708025
5.475341067
5.621860493
5.613769956
5.480939047
5.502004327
5.561616073
5.606849686
5.703712619
5.741954082
5.481185821
5.566002387
5.552724211
5.690424926
5.680533677
5.607704899
5.744365561
5.616849041
5.72768864
5.576903285
5.744769517
5.738525846
5.463203779
5.563160683
5.705774007
5.668058708
5.644670257
5.617727019
5.640356243
5.605846464
5.686866025
5.635052589
5.582758099
5.646735941
5.823099094
5.718275383
5.635809433
5.530501265
5.609201171
5.611057175
5.584546641
5.698452203
5.64929985
5.577240024
5.546174541
5.720745268
5.569063339
5.596225091
5.538690383
5.52601848
5.41341128
5.639789049
5.654211632
5.487152204
5.508603064
5.539249117
5.672986072
5.805257239
5.754386287
5.769370583
5.628586284
5.623069055
5.649202178
5.534454722
5.590810995
5.584294629
5.501579858
5.410774773
5.361187638
5.60374516
5.602399535
5.611340376
5.628978217
5.626043305
5.607017728
5.687200551
5.619962222
5.55691816
5.716387713
5.748073895
5.771607371
5.58840151
5.43531194
5.556922262
5.623295754
5.598981863
5.695582915
5.689855097
5.456182819
5.453882368
5.634786581
5.573722984
5.525547437
5.616706208
5.7377346
5.493146893
5.511628389
5.633772964
5.579728006
5.576641203
5.645617585
5.652251566
5.711062957
5.592209027
5.480336706
5.662326567
5.614458767
5.58730471
5.556269355
5.513198735
5.6351049
5.669229165
5.74855667
5.632853878
5.603635766
5.571162207
5.532933794
5.563598286
5.641767389
5.782613521
5.733187903
5.771613749
5.610089871
5.613863118
5.718073677
5.633934034
5.742172666
5.660318414
5.539293607
5.538056996
5.568992282
5.488592753
5.449364751
5.550045251
5.580427045
5.676727051
5.713207361
5.640841036
5.706066427
5.694633928
5.827428088
5.711724356
5.678032269
5.681746522
5.670577007
5.634046438
5.6227597
5.536812522
5.563920753
5.748468715
5.622494307
5.635428605
5.686973823
5.641932532
5.553527346
5.655985354
5.614370401
5.52046253
5.413938627
5.608902187
5.686664976
5.698336538
5.639500156
5.495484382
5.60513876
5.702481202
5.673729359
5.579158815
5.515960335
5.499095352
5.448395722
5.554353844
5.606104867
5.702638151
5.647126655
5.651547917
5.629466691
5.600806458
5.669732981
5.62319238
5.649151188
5.547252099
5.673751209
5.663088323
5.527441976
5.513301986
5.473386646
5.540965684
5.582052964
5.470260877
5.587883598
5.633912046
5.766734442
5.88490544
5.712601573
5.770765754
5.751329737
5.691751903
5.606652561
5.619213443
5.539209477
5.59929959
5.646520784
5.631191195
5.535880815
5.712611057
5.895414322
5.851722615
5.690303933
5.623482735
5.584942658
5.515969826
5.445765799
5.449259654
5.465426148
5.240625571
5.321733173
5.420274748
5.278820916
5.273450499
5.423715013
5.47679499
5.536011872
5.598065685
5.706352675
5.618595832
5.545600275
5.556354754
5.507551973
5.638838172
5.539137279
5.757038414
5.605962203
5.640028198
5.543366733
5.529464671
5.572451421
5.555933866
5.603111103
5.633123063
5.559174641
5.655211304
5.836299721
5.834646043
5.649727677
5.661068188
5.670687656
5.712001632
5.823244467
5.72481509
5.608106017
5.557163007
5.702896198
5.775971774
5.854823189
5.793283341
5.807983067
5.81593898
5.754595883
5.658466614
5.514934634
5.505449095
5.490564366
5.571367199
5.604879816
5.631285211
5.684061242
5.708812897
5.750284811
5.837566567
5.658405413
5.892722913
5.714515791
5.691789188
5.66218013
5.714279442
5.536203107
5.598611784
5.558887611
5.591852665
5.667541452
5.653502726
5.614536638
5.648148408
5.595235624
5.716281923
5.754138009
5.741078594
5.604277291
5.807573195
5.81643689
5.478971209
5.434841555
5.469324417
5.439156081
5.343032461
5.359317032
5.40556921
5.543726039
5.593075881
5.591087179
5.648109376
5.5932211
5.458643433
5.548074768
5.483599741
5.554543257
5.653170528
5.67953684
5.591768602
5.505628365
5.543442846
5.584487834
5.529939127
5.461608766
5.603494297
5.78589181
5.561682515
5.522229509
5.550473978
5.57473694
5.590259289
5.482362866
5.551232136
5.56549329
5.558390696
5.448199405
5.489281832
5.46239137
5.483368516
5.402767359
5.571192758
5.607297774
5.603880293
5.68452299
5.713035464
5.642693445
5.671988525
5.529825177
5.502846248
5.371299291
5.438793493
5.525168102
5.597414973
5.533849793
5.628527393
5.547811544
5.624964085
5.527946018
5.576826677
5.645351859
5.422420346
5.691032404
5.820738518
5.779760884
5.688191981
5.654033989
5.691591634
5.613915592
5.645338673
5.761536807
5.678573815
5.660478655
5.458382041
5.492695991
5.57283453
5.515747376
5.737299108
5.724919089
5.784226159
5.5106657
5.768226684
5.742137279
5.561002263
5.665526388
5.640447676
5.497090383
5.446700171
5.431902758
5.742641098
5.632070586
5.673979757
5.679428127
5.615395492
5.573807453
5.509523842
5.571335123
5.56999613
5.725077489
5.712738066
5.823517064
5.58979999
5.502804938
5.60104923
5.613218077
5.607641638
5.679784387
5.678386444
5.493190426
5.489504111
5.475578678
5.51431986
5.559341101
5.569251736
5.48995013
5.666159788
5.574394613
5.623613712
5.486614156
5.551424248
5.642359298
5.538939275
5.546951352
5.503407785
5.569914064
5.461223056
5.555684876
5.514550954
5.613239825
5.703213748
5.741191641
5.698818989
5.604991147
5.569063864
5.634040685
5.424815717
5.461916648
5.626153705
5.784821183
5.652561398
5.495449376
5.719224771
5.727741931
5.599678266
5.53260805
5.623585838
5.559668659
5.512436106
5.517954411
5.493007023
5.551233069
5.652647626
5.694687506
5.724776189
5.752153431
5.756449759
5.659588841
5.598406415
5.576550557
5.550564636
5.577368847
5.548334351
5.505089038
5.59324384
5.613412564
5.754412142
5.671177343
5.590986148
5.643984154
5.61638092
5.471832035
5.602235141
5.652215158
5.664077234
5.688996847
5.612851309
5.519207949
5.571063146
5.65323806
5.659174731
5.615066645
5.657885192
5.67527946
5.551631409
5.595084319
5.452742068
5.324784664
5.476588489
5.69800367
5.723406971
5.65890645
5.564206643
5.679602609
5.623471163
5.507712116
5.639340921
5.653208022
5.505681967
5.562462513
5.641020055
5.686492834
5.737216538
5.700056484
5.71083159
5.543875404
5.741782358
5.782616789
5.619988552
5.510380005
5.434562579
5.581848299
5.576717006
5.592993509
5.581743233
5.629082281
5.490626797
5.536431343
5.436643075
5.547747196
5.702038501
5.805791759
5.609802786
5.575412393
5.665035863
5.613464611
5.69812042
5.625564679
5.555689131
5.632310834
5.585483128
5.447842372
5.567638312
5.466372769
5.506023422
5.58091535
5.641240405
5.582867135
5.711669553
5.789373043
5.844739611
5.748299174
5.426625575
5.468461104
5.36936748
5.503054915
5.50066323
5.515330272
5.513324782
5.618755398
5.7313034
5.765790606
5.812213099
5.652436139
5.520213807
5.563353042
5.604804626
5.690222808
5.576100757
5.598611589
5.534950353
5.399426964
5.386241826
5.637970116
5.582396318
5.65673216
5.708513162
5.655179014
5.698406315
5.771688307
5.67843919
5.571742856
5.460153136
5.551981374
5.514558384
5.456617815
5.585273654
5.568137565
5.445857849
5.324081046
5.34706879
5.394032274
5.514359267
5.615451725
5.549610087
5.590810131
5.503761573
5.563957594
5.721989421
5.717790275
5.699322284
5.771416926
5.83500696
5.736829795
5.617117585
5.650495061
5.656447135
5.627811839
5.543912933
5.696368539
5.617487141
5.609036387
5.627487533
5.769462783
5.673545829
5.477729269
5.403085622
5.664949001
5.593593227
5.547921182
5.569479572
5.650231408
5.608222354
5.745752082
5.856423167
5.728556705
5.628361735
5.63633043
5.565898644
5.560617597
5.576704453
5.507669529
5.598108563
5.602096151
5.584071976
5.642246265
5.67986025
5.57658021
5.548677947
5.600815944
5.616764674
5.706824783
5.67680207
5.800372858
5.639082395
5.596059769
5.512774613
5.569465378
5.564908479
5.556885109
5.595578213
5.681986264
5.583773597
5.549967102
5.554251965
5.469608449
5.52694317
5.601814593
5.560408306
5.668584912
5.719853057
5.778459503
5.665015608
5.633689795
5.562011206
5.611481032
5.598857682
5.388365031
5.518927907
5.504826225
5.386273853
5.495880866
5.765551217
5.731343878
5.636760927
5.619773347
5.663613786
5.721688989
5.629267086
5.624637785
5.607661105
5.507413409
5.558719263
5.56765202
5.616931387
5.645643889
5.480286551
5.702148914
5.644586246
5.692358325
5.820297325
5.700561004
)
;

boundaryField
{
    xPeriodic_half0
    {
        type            cyclic;
    }
    xPeriodic_half1
    {
        type            cyclic;
    }
    yPeriodic_half0
    {
        type            cyclic;
    }
    yPeriodic_half1
    {
        type            cyclic;
    }
    zPeriodic_half0
    {
        type            cyclic;
    }
    zPeriodic_half1
    {
        type            cyclic;
    }
}


// ************************************************************************* //
