/*--------------------------------*- C++ -*----------------------------------*\
| =========                 |                                                 |
| \\      /  F ield         | OpenFOAM: The Open Source CFD Toolbox           |
|  \\    /   O peration     | Version:  2.4.0-MNF                             |
|   \\  /    A nd           | Web:      www.OpenFOAM.org                      |
|    \\/     M anipulation  |                                                 |
\*---------------------------------------------------------------------------*/
FoamFile
{
    version     2.0;
    format      ascii;
    class       volScalarField;
    location    "0.0006";
    object      Ma_N2;
}
// * * * * * * * * * * * * * * * * * * * * * * * * * * * * * * * * * * * * * //

dimensions      [0 0 0 0 0 0 0];

internalField   nonuniform List<scalar> 
5120
(
5.620625567
5.6522366
5.498590711
5.606950229
5.593129177
5.595705199
5.681709565
5.70209922
5.62193257
5.391201728
5.416786782
5.452525204
5.440720401
5.529267003
5.578175438
5.481695678
5.415748706
5.463359794
5.33314601
5.508380113
5.57441715
5.545035858
5.635298299
5.604369503
5.431351273
5.600180563
5.697895079
5.550256118
5.400042195
5.46100923
5.532884543
5.663374773
5.507695969
5.535600905
5.471717283
5.390118467
5.464668609
5.494957158
5.527117258
5.432399775
5.376883561
5.341951949
5.328285452
5.447390775
5.425110439
5.405938238
5.37909915
5.446767033
5.573692528
5.566683017
5.542478093
5.542775864
5.440551655
5.312539608
5.421512698
5.578752782
5.675377802
5.632269701
5.524681534
5.44845162
5.540598698
5.805351992
5.783583953
5.718753872
5.581382921
5.687337369
5.872539304
5.849358427
5.624247285
5.611214282
5.637484043
5.565318658
5.567562104
5.63972546
5.606271919
5.472685035
5.562102134
5.543170803
5.678541482
5.603996871
5.432890334
5.343370105
5.533716364
5.670706417
5.771707547
5.663055614
5.508536676
5.510207895
5.618165734
5.66887935
5.816010846
5.669852818
5.634459311
5.576210464
5.789646235
5.768107313
5.653595972
5.476502796
5.472071964
5.488620849
5.543540637
5.584443759
5.535437769
5.625725582
5.638074367
5.552808693
5.776444762
5.921236375
5.902807884
5.735703592
5.593449915
5.52737772
5.669327679
5.590414181
5.521711038
5.656101232
5.74759495
5.742566464
5.689000442
5.558432077
5.611358336
5.526544372
5.524984876
5.432848356
5.397411207
5.555740216
5.508622219
5.418844336
5.472481407
5.64800801
5.677080912
5.502317738
5.45477047
5.546251362
5.539232003
5.301992659
5.299044112
5.326161861
5.365839422
5.444102066
5.55551318
5.732767064
5.600428564
5.408774489
5.422407873
5.466109295
5.615021501
5.416442845
5.325470813
5.358246185
5.486123485
5.498462081
5.532319151
5.336897818
5.228031277
5.365578099
5.322524865
5.218625479
5.445799869
5.506197116
5.580348479
5.524091964
5.447388685
5.601456488
5.629662544
5.670098232
5.517982212
5.677383868
5.664307732
5.447636708
5.552893766
5.41748165
5.389413861
5.425013704
5.411650093
5.29968126
5.245211009
5.582667583
5.629942438
5.659454629
5.488353274
5.51042925
5.53991746
5.482410358
5.368317773
5.362244418
5.3810047
5.404699974
5.511324521
5.557784175
5.603230865
5.52493948
5.515328302
5.409506818
5.412091462
5.520715032
5.585542388
5.316121266
5.297899542
5.486140974
5.425931595
5.441615684
5.676938716
5.472435461
5.483358457
5.486850791
5.46787467
5.385888196
5.316714451
5.459048486
5.522597829
5.471914124
5.460367437
5.460676285
5.502391728
5.639871877
5.577341828
5.578559604
5.501021929
5.377196351
5.601276496
5.558815718
5.509843944
5.427648456
5.499331489
5.509363579
5.433094328
5.393673481
5.427208052
5.522193781
5.580673587
5.470061387
5.4860496
5.53493154
5.585536937
5.624056063
5.708689667
5.570245228
5.523010306
5.568331442
5.594073034
5.422771362
5.458873236
5.652043121
5.541617722
5.446242837
5.5592218
5.680803627
5.811765598
5.518800475
5.442278383
5.583648715
5.55789174
5.510200358
5.585494112
5.563871133
5.649269314
5.640030769
5.530816255
5.633688021
5.353070162
5.277182118
5.457013372
5.476346096
5.680056214
5.525104516
5.440066019
5.391914151
5.389792538
5.356396414
5.458162982
5.500851244
5.491541412
5.624965675
5.484500032
5.466439534
5.485854834
5.681647584
5.84135463
5.465047948
5.585207271
5.570183136
5.545087146
5.512097806
5.426372411
5.325622534
5.472266992
5.570071166
5.690896861
5.709276772
5.476077448
5.596032307
5.626546264
5.530950826
5.618937992
5.640421762
5.652665371
5.427336612
5.603695599
5.553421335
5.529563508
5.520581078
5.548196573
5.619242381
5.531390623
5.596335733
5.58200166
5.635552907
5.634049827
5.555276136
5.566411405
5.446685908
5.512978193
5.513514387
5.571086735
5.618299449
5.598715252
5.506610164
5.520638613
5.549830148
5.562937301
5.570666646
5.495605512
5.466236906
5.453144226
5.497925221
5.572157208
5.547333273
5.383107351
5.594174588
5.495098264
5.609932665
5.442997824
5.485347249
5.554067402
5.517190849
5.433827637
5.463778751
5.56987094
5.600448345
5.465924504
5.490783336
5.402437373
5.470198039
5.453420815
5.395614102
5.33596583
5.316519361
5.435199173
5.44707996
5.440019359
5.598825226
5.459677449
5.368348722
5.488806748
5.55267592
5.369954348
5.373686898
5.371937253
5.482098389
5.356367236
5.313832933
5.351538635
5.369067446
5.459015636
5.563311031
5.492680326
5.544384695
5.399414103
5.438746683
5.45894432
5.352923755
5.463466246
5.501469163
5.511594162
5.479266399
5.44881835
5.435146979
5.404402482
5.35318421
5.610336149
5.588124624
5.508918463
5.38255043
5.558162358
5.465034379
5.65558851
5.587165852
5.530468339
5.530625874
5.563972834
5.519057722
5.447379803
5.442654647
5.536936108
5.534181951
5.569110268
5.585186682
5.796800636
5.687356593
5.620288899
5.689640261
5.527808692
5.622462754
5.617685178
5.54710128
5.510918777
5.469103657
5.531127938
5.455433459
5.443043973
5.479726183
5.454463653
5.398911334
5.518687876
5.412346301
5.535861316
5.464370408
5.559259374
5.653444432
5.409481752
5.569387941
5.587330731
5.474437877
5.378838898
5.541856913
5.383186354
5.394189815
5.387023369
5.537420581
5.535696744
5.532593895
5.556783306
5.468851112
5.449682558
5.27475015
5.149605391
5.287578547
5.453401878
5.509351133
5.569157044
5.685559631
5.746631069
5.808231134
5.847156054
5.625166821
5.586949967
5.521204335
5.577103671
5.531042313
5.433186631
5.461428911
5.391275839
5.402066986
5.422791656
5.525057899
5.55802008
5.449280547
5.436487804
5.634121461
5.428060365
5.232311668
5.434981947
5.630389179
5.631242265
5.479383208
5.52700323
5.562027103
5.591546494
5.382333581
5.414465973
5.452522909
5.47990767
5.578543797
5.58284004
5.601967192
5.630206773
5.625815357
5.449981864
5.460945378
5.557754044
5.534679211
5.68279957
5.54994412
5.515221208
5.533176357
5.574761136
5.577368211
5.512068202
5.519264232
5.601589237
5.515004558
5.599595153
5.532814746
5.622807412
5.500887617
5.475580551
5.454845485
5.465722674
5.52512902
5.316381698
5.263783174
5.462966195
5.486669385
5.369779696
5.506192764
5.526357325
5.48042339
5.556259678
5.573906425
5.501365928
5.509460511
5.569545219
5.791444951
5.709797451
5.512268851
5.452205735
5.372665245
5.282650606
5.324359382
5.541502841
5.451646613
5.363156703
5.505208645
5.564991561
5.659821707
5.479007388
5.445549565
5.484024083
5.434163799
5.488846268
5.456471618
5.391859623
5.416501111
5.180347421
5.278474864
5.359381095
5.401122786
5.573878263
5.545391124
5.60102641
5.558425679
5.525968221
5.502362968
5.6126843
5.505091653
5.429047916
5.424867823
5.253466065
5.351647569
5.480344161
5.479254824
5.397794413
5.367109418
5.427687116
5.378027822
5.585358578
5.479182721
5.577748239
5.612681105
5.382082812
5.586128038
5.545649659
5.284918829
5.340739439
5.469653996
5.557112852
5.477972015
5.408659937
5.525555722
5.435143851
5.504598135
5.621302742
5.522171988
5.445298738
5.557331545
5.508500724
5.589964441
5.56416081
5.411204866
5.45418782
5.399643029
5.262850164
5.386884902
5.493221655
5.558499019
5.486970178
5.545190039
5.568393384
5.446914714
5.563598098
5.622765261
5.459907085
5.446948724
5.434790848
5.422385502
5.430685028
5.30585424
5.327136484
5.50582093
5.60544172
5.443876492
5.449400502
5.337069874
5.222399728
5.407761563
5.503583993
5.605464645
5.676679698
5.673083041
5.638152536
5.437593113
5.524859183
5.734820199
5.423751455
5.423510802
5.436027642
5.442611984
5.467850563
5.573969015
5.544041795
5.461557713
5.438005508
5.446029499
5.495173157
5.284673637
5.282688654
5.305782904
5.471187082
5.641006551
5.802786054
5.82264796
5.953794178
5.655130716
5.633558607
5.601436499
5.69357091
5.730703561
5.612080806
5.42089154
5.579165584
5.470372289
5.52713404
5.504985076
5.486038809
5.54059827
5.579058557
5.458737644
5.546784167
5.625523089
5.650576222
5.426892429
5.4455829
5.52496422
5.549973423
5.582201036
5.557881388
5.711256177
5.57155494
5.503779056
5.545236486
5.561644364
5.639862878
5.741257783
5.746492258
5.566411791
5.704073405
5.800441393
5.546929728
5.45582334
5.521939611
5.63497186
5.758562675
5.774947079
5.479024778
5.593232696
5.582935632
5.60545805
5.588376029
5.569115151
5.355876797
5.33294623
5.412643673
5.315670758
5.28234663
5.302631572
5.347085202
5.35167267
5.418685398
5.681953418
5.460622502
5.385907683
5.447887701
5.559126631
5.636016718
5.694037153
5.370231447
5.501449592
5.526884866
5.374654852
5.623615771
5.795325509
5.608404452
5.421471559
5.362838375
5.385133017
5.419592203
5.542070086
5.487868339
5.412865396
5.568471007
5.693696824
5.697865221
5.728398976
5.572892746
5.578346532
5.535640666
5.736330986
5.436106757
5.409134573
5.630508238
5.565500597
5.729363811
5.715054679
5.79206413
5.63036465
5.554422568
5.54646287
5.492441173
5.612047758
5.630058242
5.64326598
5.637108684
5.734981515
5.759540564
5.67178898
5.442060735
5.40487057
5.445439846
5.60851218
5.532174926
5.647318451
5.664920976
5.584497047
5.601734706
5.657891639
5.54609088
5.582504461
5.588382102
5.558717446
5.636903453
5.646076592
5.727984383
5.704054026
5.463234137
5.382980148
5.50437451
5.455429064
5.551009968
5.445676543
5.487732577
5.558836125
5.493935145
5.635280962
5.892621525
5.784518712
5.78968667
5.713651088
5.573241626
5.50117296
5.593590911
5.698115104
5.508800945
5.448111621
5.525557456
5.511808953
5.440163185
5.526069071
5.539675441
5.541975903
5.548706759
5.702643666
5.484127717
5.198021144
5.239090442
5.457511077
5.469832091
5.554387767
5.576224629
5.502147375
5.444737689
5.474732351
5.631838459
5.674214674
5.44417634
5.573150778
5.786298525
5.916008606
5.867547871
5.575004359
5.338425598
5.433487035
5.407613313
5.519030472
5.484822914
5.666029221
5.519992361
5.414126575
5.360311084
5.342120932
5.482616387
5.649227419
5.632649341
5.45969571
5.407412611
5.405125649
5.274197048
5.469874587
5.496571347
5.439159665
5.451398566
5.506020693
5.50827554
5.619313079
5.659392188
5.319553857
5.351762966
5.489131989
5.46194442
5.536660685
5.502435713
5.43567578
5.491490777
5.326943036
5.342508155
5.534436982
5.752639693
5.621677367
5.530189373
5.387242763
5.512283802
5.510290352
5.548484135
5.462465868
5.518785154
5.511636867
5.528808607
5.516540215
5.629952378
5.397680105
5.306467402
5.487545012
5.575301351
5.496335298
5.643103221
5.567070877
5.616816231
5.663317196
5.542537799
5.529784752
5.648841196
5.686194027
5.746940285
5.63234296
5.417563206
5.725446024
5.77150624
5.646665059
5.654973539
5.440071659
5.352715906
5.253141565
5.35962256
5.456484926
5.325441568
5.266610465
5.470578582
5.498151757
5.479361609
5.607845259
5.423240377
5.391813986
5.367008867
5.436475941
5.524370445
5.518326441
5.471357807
5.369729043
5.409724816
5.325035847
5.455279004
5.512057603
5.379371556
5.358916229
5.520615925
5.529286915
5.596807131
5.488172717
5.452268825
5.402576243
5.59300176
5.688931347
5.681146576
5.58199498
5.435380196
5.515734119
5.619757941
5.672559372
5.656330331
5.730853562
5.699179485
5.628858718
5.723838544
5.833489738
5.566987633
5.395552652
5.456433924
5.623129074
5.63655319
5.573999092
5.518368121
5.567995336
5.602380265
5.515575774
5.448480349
5.54926169
5.653292769
5.609085936
5.756170075
5.564969687
5.489674541
5.638378295
5.749734977
5.766762518
5.852381319
5.829992789
5.66298618
5.561902477
5.518248769
5.498687078
5.586702126
5.447391699
5.513559573
5.465035686
5.299896966
5.428484954
5.554082662
5.614202213
5.517460022
5.533421344
5.579021218
5.540283087
5.437489619
5.612556013
5.662552639
5.615700641
5.748466999
5.780748705
5.82431191
5.795752265
5.706810221
5.649140659
5.399114559
5.415372269
5.474041745
5.519151132
5.561392837
5.611553713
5.622150251
5.744112715
5.548560507
5.681044846
5.582199674
5.452451041
5.396986402
5.517203102
5.591485726
5.651430113
5.5160055
5.742371449
5.531733165
5.41173708
5.574744751
5.473710655
5.412814645
5.642093102
5.580699275
5.45747518
5.530501314
5.480696783
5.525394757
5.453909573
5.607370131
5.537553554
5.642057455
5.509585625
5.63184145
5.669768166
5.690594167
5.613452554
5.535561573
5.54150615
5.435430049
5.634398957
5.875859384
5.750271695
5.574804747
5.51012943
5.585410136
5.509753433
5.627814332
5.568554937
5.613159633
5.502223961
5.33924692
5.451282138
5.522216855
5.464897632
5.381955973
5.472244428
5.7972218
5.8042331
5.657152229
5.640255704
5.631827039
5.708516279
5.77576091
5.792727637
5.825782915
5.777102451
5.676129031
5.562450501
5.505472736
5.513533187
5.571523656
5.554244443
5.692822242
5.659493389
5.635256047
5.839001668
5.640944661
5.881362298
5.794224884
5.743385127
5.599302244
5.565746398
5.521757286
5.516898059
5.530741254
5.489006532
5.564349965
5.515458934
5.569083509
5.478926373
5.524126701
5.691833286
5.708157647
5.829959532
5.751937924
5.709805033
5.768652937
5.562660393
5.584742688
5.524066608
5.490278147
5.585896571
5.774297994
5.730606512
5.718064377
5.624584415
5.420163347
5.541885195
5.599699183
5.470569385
5.462026616
5.389907625
5.666950547
5.796213296
5.708013619
5.578503142
5.387464543
5.4377537
5.602838678
5.521490056
5.556954524
5.493124351
5.47475455
5.511233415
5.590440428
5.823223775
5.810565877
5.768304028
5.56729128
5.627402696
5.635308805
5.644117956
5.334261309
5.358292663
5.496593092
5.454857137
5.413135917
5.302237914
5.285189181
5.39985555
5.475768965
5.35706131
5.484413339
5.618221685
5.536888812
5.57154271
5.599830647
5.575933336
5.54916773
5.558061604
5.5794863
5.587951379
5.730009996
5.450543626
5.35776661
5.417206132
5.568209313
5.582158389
5.652977399
5.660059245
5.570674031
5.536978592
5.624336609
5.546616883
5.568042592
5.64303437
5.486934192
5.532822503
5.433384462
5.422726071
5.470847127
5.573137857
5.71634823
5.514971562
5.425139072
5.423455321
5.568702309
5.467149984
5.515442851
5.478529599
5.444119904
5.538241887
5.556317758
5.552258081
5.596468136
5.68931533
5.690437437
5.560138745
5.55546312
5.629438703
5.691716062
5.598308816
5.475720903
5.361007246
5.499731156
5.384155564
5.480832565
5.43843503
5.455781309
5.521076462
5.690751929
5.712154926
5.622731953
5.496920356
5.495265337
5.324208715
5.464815116
5.317599065
5.303417777
5.503283892
5.607100868
5.587659575
5.590232754
5.475988121
5.602664016
5.659221125
5.648306112
5.733769647
5.595775096
5.567419471
5.648910458
5.567874544
5.588875237
5.476197801
5.39944692
5.393570086
5.254400843
5.160322762
5.290731387
5.381315604
5.46180955
5.460550307
5.453268081
5.510090361
5.497262052
5.566904057
5.444681945
5.428651097
5.595457173
5.539768438
5.478750037
5.566664549
5.552940293
5.522103312
5.604331671
5.599765361
5.621527568
5.45610539
5.316806285
5.247031679
5.354992735
5.522247061
5.502013508
5.395243928
5.435945689
5.449421649
5.428670226
5.538962298
5.574550785
5.547295458
5.579799259
5.568204072
5.50427957
5.441238923
5.403194528
5.636775071
5.455872595
5.416583619
5.344599695
5.464233384
5.551477345
5.536418861
5.354464066
5.415270267
5.441165928
5.568975377
5.390881711
5.451856804
5.480178473
5.51936473
5.598133163
5.429513501
5.308276338
5.473985473
5.426713466
5.378636953
5.268349497
5.316441209
5.430565496
5.452624249
5.248148859
5.173029961
5.397936523
5.500115706
5.430952344
5.416171865
5.318136463
5.50766972
5.448715098
5.720660895
5.698223446
5.625334614
5.61724283
5.587826396
5.493526836
5.417348694
5.520921027
5.684839255
5.564214147
5.508016337
5.678616201
5.645251578
5.455215759
5.553740112
5.539016499
5.345456195
5.532656893
5.605614829
5.436193117
5.362918133
5.256492938
5.37450494
5.347628392
5.486724367
5.528311665
5.487921233
5.414604966
5.431642725
5.540699402
5.532380725
5.462499792
5.613673484
5.558881808
5.479200791
5.525675128
5.551173232
5.6496021
5.515843086
5.571231962
5.405940774
5.392291042
5.457673448
5.51889172
5.590578011
5.604878612
5.862152383
5.746763176
5.723222743
5.629735053
5.592075109
5.652218119
5.536930406
5.542568998
5.800801644
5.748400752
5.76823922
5.572152779
5.593887325
5.493650089
5.607800203
5.468391563
5.46645671
5.588408463
5.604308262
5.561055914
5.418474422
5.486473894
5.496224848
5.449228437
5.275008325
5.324446931
5.312315143
5.447191583
5.463338265
5.452990129
5.567404778
5.331999286
5.405793652
5.503188987
5.546176449
5.470221924
5.494755155
5.57249397
5.477736496
5.41792009
5.453175597
5.433302854
5.519469668
5.587210257
5.539904743
5.600151809
5.63108562
5.620205789
5.621321024
5.497555728
5.395353697
5.390455966
5.604432869
5.587195494
5.773161782
5.575073205
5.548622412
5.344296913
5.442249351
5.577470936
5.536004569
5.287077988
5.326376662
5.388736199
5.460154466
5.541227248
5.582579728
5.452877355
5.475631113
5.380225319
5.4377406
5.477720036
5.270482247
5.275557376
5.444228739
5.70235036
5.769868442
5.861024831
5.717275379
5.630543591
5.60923539
5.645749306
5.54448689
5.615162482
5.716351903
5.818832226
5.730983439
5.72859265
5.572728626
5.496839976
5.542543435
5.628560519
5.557691874
5.492336736
5.430479001
5.49121473
5.507454289
5.389646773
5.448909115
5.433050047
5.306216066
5.467019646
5.581140794
5.581311023
5.475579657
5.55189727
5.687888297
5.828495122
5.606074062
5.467602252
5.67060125
5.470525733
5.624975084
5.561885135
5.547860632
5.339012997
5.454603099
5.480380766
5.365974458
5.542222049
5.650226973
5.736821786
5.757790597
5.747000969
5.735250768
5.767822853
5.527453375
5.399896827
5.562708161
5.631718724
5.568290146
5.471177047
5.387506871
5.565937674
5.729583785
5.69686425
5.595929075
5.83129879
6.020929015
5.862385883
5.801263189
5.697910729
5.485829243
5.560844006
5.482565807
5.491939969
5.519049759
5.50633514
5.571417093
5.668999413
5.623569542
5.641502158
5.745322615
5.585721891
5.540224828
5.507660926
5.473326199
5.430669637
5.499117573
5.491427114
5.559980526
5.671389661
5.573955519
5.636706494
5.550023106
5.52591079
5.44947284
5.395134565
5.59398635
5.617988123
5.697072021
5.793515828
5.830354412
5.677206525
5.504333082
5.415121614
5.704420955
5.481030838
5.444099264
5.521012539
5.524419856
5.50793414
5.570139986
5.461309051
5.453980527
5.485072995
5.459222892
5.535870711
5.752808237
5.798957242
5.742138872
5.793356415
5.808325356
5.72542249
5.819107257
5.73788936
5.725573645
5.525978929
5.608270558
5.574520349
5.42072877
5.404874196
5.601512286
5.697537042
5.657456227
5.663503727
5.743375949
5.638890427
5.623355814
5.568267989
5.873837371
5.692524212
5.688374758
5.700042747
5.55996115
5.643990886
5.717445229
5.812537558
5.715816251
5.620359112
5.726501373
5.588733416
5.626288932
5.654536313
5.652783768
5.422225929
5.322741683
5.402634664
5.462238459
5.625706384
5.599621002
5.401563782
5.385290149
5.368044428
5.463350874
5.437512448
5.380032056
5.2440906
5.347544362
5.395834793
5.293120786
5.411419815
5.430428797
5.51798932
5.564559544
5.514087552
5.353022141
5.487669758
5.54414227
5.61358447
5.465695765
5.500052939
5.467660638
5.557457116
5.599839601
5.556783167
5.633322509
5.733344321
5.51814583
5.383675162
5.377659303
5.524690961
5.421768442
5.454161167
5.526248913
5.548078449
5.560175795
5.509657989
5.324732351
5.416947069
5.493993871
5.451160134
5.451263625
5.442222568
5.446449788
5.43819061
5.511937899
5.357345005
5.262737237
5.294541941
5.455980674
5.395310749
5.42911565
5.487749667
5.713111277
5.648099066
5.476413841
5.403769549
5.285362411
5.226095379
5.261965342
5.291666698
5.403101259
5.563786238
5.652723278
5.671075863
5.568871182
5.595117013
5.555487983
5.631446425
5.413846059
5.568933091
5.574892966
5.651355733
5.455123304
5.63618603
5.813529538
5.786570995
5.660398601
5.60660972
5.344643075
5.524417905
5.561138613
5.617294841
5.719462663
5.764486802
5.651076713
5.714539454
5.694008806
5.626820554
5.522008968
5.460748813
5.482290913
5.578844298
5.621880963
5.613932909
5.549796583
5.664482395
5.566838895
5.455811666
5.490502123
5.45916684
5.450800098
5.558480327
5.572327702
5.787257732
5.823034156
5.602126019
5.528593434
5.374849071
5.424211228
5.46925005
5.319584829
5.411592731
5.496791465
5.598308657
5.583383222
5.459816947
5.336209359
5.45234218
5.455632528
5.573217928
5.665500119
5.473671252
5.417959914
5.285952528
5.424463533
5.472719037
5.510636087
5.526452999
5.612530932
5.526914613
5.47999501
5.482374821
5.432926983
5.62755749
5.631001565
5.534162478
5.62542068
5.506150388
5.566574059
5.610691296
5.543736507
5.508096532
5.540056521
5.688694464
5.710158068
5.820160595
5.796904895
5.656708081
5.469888977
5.458522147
5.126111773
5.240818751
5.518938269
5.429257479
5.425356806
5.497072773
5.608742182
5.700114148
5.627271849
5.670486743
5.637315246
5.703714848
5.54827388
5.508379944
5.419679914
5.435443155
5.597692611
5.717480324
5.809975486
5.712819124
5.648442629
5.73487677
5.681507409
5.620553417
5.582875579
5.736075108
5.681835088
5.676016644
5.626095125
5.717146612
5.760486725
5.615069663
5.597176611
5.537770088
5.490628882
5.433572185
5.479358474
5.604130571
5.664447444
5.823055562
5.874685669
5.745353109
5.692411329
5.628318997
5.52835812
5.531988147
5.626124533
5.726750902
5.673975637
5.671402059
5.659665253
5.554499014
5.482881215
5.537885444
5.506265605
5.454642838
5.496303056
5.420904721
5.456582735
5.577312079
5.658266505
5.610424062
5.532939708
5.430177441
5.488310813
5.493741067
5.568384249
5.591293039
5.612439724
5.744380096
5.646443611
5.555949619
5.448048566
5.547589667
5.488660974
5.495008053
5.423041526
5.446096569
5.54595099
5.624203946
5.719378955
5.910685119
5.740285155
5.577009587
5.761165144
5.553026017
5.474359124
5.436278499
5.618440407
5.634778448
5.577954111
5.545122285
5.4502246
5.27783628
5.56198635
5.599799665
5.710052494
5.520123275
5.45763128
5.533519757
5.621833793
5.541822225
5.669971389
5.53253501
5.32308766
5.449327532
5.454094378
5.641598184
5.708128047
5.505887835
5.495682558
5.476726467
5.633064862
5.528498536
5.418260791
5.367017474
5.451403355
5.595466837
5.452498097
5.618242438
5.69401482
5.6284575
5.332937035
5.383348647
5.415224297
5.610061573
5.532737522
5.482589731
5.566952635
5.346865243
5.356326245
5.475731835
5.423743078
5.405037682
5.377271823
5.480402864
5.437802092
5.483648503
5.567080267
5.704643776
5.706439785
5.595292232
5.413507507
5.490056895
5.658422007
5.595589934
5.698778806
5.622340578
5.424322116
5.606971707
5.539584491
5.57835895
5.771608122
5.658336507
5.581381897
5.523230698
5.558930442
5.721137297
5.626154497
5.611015344
5.643009675
5.789246683
5.646306309
5.557558686
5.709923267
5.703966491
5.725497968
5.761317621
5.758988767
5.630448127
5.586051765
5.396228787
5.429114769
5.435579306
5.459181977
5.442963108
5.260730195
5.331551516
5.456637642
5.307988381
5.439835531
5.364481566
5.414364513
5.400242431
5.483714107
5.500802193
5.440982652
5.504212822
5.592464024
5.507107728
5.65115253
5.594308581
5.545327773
5.483305496
5.428963669
5.327969498
5.466129595
5.619416846
5.377868901
5.338661552
5.533851093
5.414614244
5.397637299
5.536799973
5.439779008
5.434883951
5.588432931
5.532538941
5.565782638
5.689422432
5.546419911
5.648451014
5.577464796
5.401649642
5.505044405
5.599521728
5.344834586
5.359135469
5.660006676
5.48912846
5.343031523
5.40565788
5.459734881
5.345406017
5.395629161
5.495208414
5.329980662
5.448565591
5.616058809
5.742834065
5.733086525
5.636177627
5.799858835
5.793570351
5.775969173
5.593359547
5.478886651
5.526826279
5.642058711
5.74633032
5.637509787
5.54197487
5.554455532
5.565168436
5.499415221
5.364147222
5.304780212
5.535419583
5.634825121
5.52039747
5.462815284
5.565520261
5.547527351
5.645918089
5.688362401
5.581492671
5.664528291
5.611526056
5.553210417
5.55222371
5.690494118
5.6765657
5.666940196
5.539522289
5.664618794
5.593708813
5.488571325
5.556772809
5.636193769
5.521087092
5.531142668
5.385737534
5.427826318
5.588556442
5.669561149
5.682195945
5.40124453
5.451169252
5.6090507
5.697532089
5.6432736
5.630547341
5.468026909
5.496720445
5.397859428
5.492249386
5.620310267
5.532723536
5.570508349
5.589596963
5.564161966
5.550317502
5.384739635
5.399918583
5.357338342
5.215224436
5.403562252
5.494300532
5.402595105
5.541265119
5.555691355
5.343681074
5.399516138
5.297714721
5.339719086
5.404147069
5.476039735
5.784093018
5.667293373
5.627398991
5.410014838
5.450085017
5.483048591
5.489487262
5.554909011
5.507010091
5.415872342
5.441966545
5.465558993
5.399856565
5.679361573
5.551210666
5.596078025
5.581746975
5.579567544
5.374927461
5.35573571
5.478413779
5.575968962
5.669858484
5.810619182
5.613171216
5.614622986
5.723483586
5.778400908
5.653045524
5.603036625
5.570717952
5.511739008
5.445439474
5.542740519
5.764531651
5.568541868
5.518177454
5.413133021
5.524694599
5.432872788
5.494752149
5.511254685
5.579702673
5.478054423
5.561362909
5.540878154
5.649801049
5.677611287
5.521988208
5.413084555
5.517207721
5.543586411
5.526719836
5.53489781
5.6030206
5.634842864
5.668563798
5.753642171
5.621013919
5.593559875
5.58251941
5.518058783
5.553454849
5.294562632
5.40879927
5.49479037
5.312318414
5.371581945
5.490175331
5.646448041
5.64903696
5.667653222
5.591809545
5.541511468
5.41460328
5.439489724
5.405857084
5.415869896
5.649199732
5.528912771
5.461175013
5.726877521
5.561690916
5.694583594
5.691885257
5.666638528
5.356184876
5.42611783
5.458975962
5.49945871
5.579908943
5.424486095
5.346554558
5.254794185
5.345473411
5.448956607
5.716247095
5.739217382
5.459292705
5.404730501
5.456810883
5.405511998
5.448121843
5.402395956
5.428070045
5.534525758
5.728444544
5.71466176
5.768014056
5.755510448
5.876328237
5.813004815
5.729943808
5.58340756
5.521644065
5.426377582
5.563416363
5.581407177
5.523857193
5.42350059
5.447740527
5.476111092
5.446423178
5.437249599
5.518641479
5.457856399
5.486343129
5.619493047
5.680869264
5.559316408
5.531432765
5.570848382
5.485311512
5.54594084
5.605958727
5.728229669
5.846061562
5.754973929
5.724344154
5.596260268
5.436581307
5.396340289
5.483163829
5.542166362
5.557798949
5.459236408
5.518433633
5.526290448
5.561764839
5.499539102
5.556364243
5.522130796
5.409311469
5.265984247
5.342772471
5.508754885
5.604241378
5.61617736
5.551241714
5.496822943
5.548989326
5.450424015
5.776209655
5.677909697
5.541713265
5.468751426
5.370302475
5.447542518
5.402101058
5.525502869
5.455049326
5.389754974
5.446127003
5.463142937
5.564364404
5.635141185
5.667670308
5.779356556
5.76068065
5.700015979
5.568014201
5.687060656
5.589050385
5.5468163
5.614785891
5.676982156
5.622253336
5.644634861
5.546451686
5.439268979
5.504100475
5.334518039
5.336673277
5.457161279
5.570759334
5.545465202
5.493059798
5.430642453
5.445589068
5.508292891
5.61429386
5.702045214
5.634628211
5.437132677
5.36384907
5.471958165
5.579715993
5.442345544
5.512567012
5.515678647
5.378139898
5.411683245
5.468873182
5.442667947
5.386735598
5.417743053
5.579230429
5.602965573
5.705986743
5.62208563
5.654931093
5.7614202
5.585630664
5.663775535
5.53110307
5.502932627
5.529166567
5.622578653
5.518822649
5.543304558
5.537485159
5.475253006
5.559755021
5.608636834
5.653970395
5.681589742
5.438030092
5.31728564
5.454005719
5.646361464
5.537709711
5.573146948
5.392099329
5.516225681
5.5413102
5.46056889
5.358250072
5.332319395
5.421744737
5.399776986
5.415022176
5.397919013
5.329583741
5.570619935
5.660327419
5.414283602
5.343943242
5.436502651
5.453209734
5.305585844
5.150060425
5.198514073
5.468536315
5.533889557
5.508749468
5.521023344
5.525601009
5.471641553
5.43103212
5.388225174
5.520789064
5.458438468
5.491252678
5.28768667
5.531461997
5.553315648
5.525090676
5.202233228
5.386717525
5.558412509
5.535082477
5.527471177
5.530186948
5.579202653
5.509563602
5.375685633
5.41954428
5.54841316
5.569025486
5.625304416
5.591691427
5.577418325
5.548719964
5.512701219
5.54795734
5.525562963
5.57424686
5.646367388
5.317790751
5.389121092
5.441507771
5.340065338
5.39413083
5.394726594
5.434248729
5.627702547
5.536340365
5.319650453
5.382401285
5.312303506
5.367821563
5.542523031
5.447607159
5.571113618
5.640126008
5.620726329
5.573385045
5.605647926
5.589825046
5.436095633
5.444309433
5.558280042
5.24157448
5.504108789
5.639697748
5.640303537
5.584802855
5.390700211
5.23653504
5.197723342
5.573649616
5.616405419
5.823477078
5.786809487
5.862628844
5.911958178
5.602478174
5.597332743
5.685538453
5.54348404
5.322610828
5.138384276
5.391499975
5.357420278
5.447645324
5.630810964
5.609380502
5.52143628
5.538324674
5.676007783
5.557256723
5.65869732
5.795234962
5.810450532
5.531743261
5.629417337
5.720200772
5.61416757
5.608966959
5.607458963
5.454778603
5.517339356
5.478785235
5.491691285
5.554939157
5.558056257
5.536192138
5.331411843
5.340461717
5.419862199
5.463055166
5.408637994
5.546652735
5.479576468
5.544202255
5.581949513
5.537352836
5.552112174
5.539704131
5.55412435
5.608273395
5.613140623
5.270143493
5.413031461
5.481163844
5.613771705
5.639818507
5.756545517
5.808172563
5.506518612
5.528681052
5.560437115
5.683881478
5.552866974
5.463474094
5.243831397
5.436858885
5.425776095
5.493115473
5.595670606
5.536954141
5.280765713
5.412474921
5.515010712
5.494627253
5.286495031
5.408445222
5.513245615
5.57082997
5.502700261
5.495518538
5.436739251
5.357273603
5.533044236
5.462929825
5.174940475
5.117496178
5.147734728
5.284636347
5.233150796
5.174020083
5.195620906
5.430027806
5.325067405
5.427621558
5.532120719
5.618721618
5.489036063
5.341858092
5.369119105
5.349628172
5.561380982
5.548317312
5.670621555
5.625822143
5.605066898
5.516283115
5.479389786
5.593637112
5.517797319
5.654959128
5.506327582
5.421054246
5.588853736
5.63260492
5.466606368
5.483400453
5.43539241
5.420104499
5.381810653
5.227177125
5.277698416
5.43535932
5.581406661
5.583714505
5.528587223
5.374383484
5.467247964
5.572415538
5.666485763
5.580100439
5.469528981
5.482422567
5.512768833
5.480513675
5.487186439
5.515656017
5.556884
5.431739444
5.392253669
5.493143364
5.506261455
5.576364426
5.448694828
5.594801708
5.632789939
5.609871929
5.488770533
5.483616977
5.637179494
5.461098389
5.53219082
5.478038152
5.40882298
5.495631265
5.411593928
5.334022295
5.521663746
5.473903407
5.465224201
5.57742284
5.541722033
5.527551802
5.606014508
5.547237316
5.595077124
5.539099155
5.600368323
5.644404145
5.640082259
5.583167739
5.551315195
5.448090668
5.522172518
5.525023002
5.528663655
5.535396954
5.406375879
5.560061025
5.654951521
5.666190171
5.735851459
5.785902118
5.723881197
5.587108617
5.490221517
5.571351971
5.265999944
5.352886986
5.344785905
5.474232665
5.338819731
5.418772574
5.276060079
5.397682569
5.265351957
5.306484212
5.525307328
5.667989117
5.891540975
5.854624311
5.720930645
5.730769684
5.788133423
5.73391136
5.498810172
5.510653662
5.551627949
5.535250732
5.503334167
5.356007447
5.338970596
5.255317234
5.230685138
5.2894724
5.375715685
5.466595898
5.500893595
5.773908297
5.786433456
5.887406557
5.790554838
5.645390583
5.484135533
5.546631416
5.605990564
5.424386499
5.470402882
5.404664338
5.418837743
5.395560541
5.356288868
5.420440884
5.35005157
5.504791438
5.545864888
5.566575652
5.570847198
5.436564921
5.504761652
5.549876778
5.5681101
5.422631007
5.402351571
5.458652479
5.33805855
5.285912778
5.300389877
5.344829529
5.244403462
5.254682256
5.364601318
5.383371675
5.471984537
5.473045936
5.537587134
5.537204244
5.654119274
5.639172055
5.64967168
5.493211484
5.623857732
5.50256671
5.511785094
5.375310473
5.42908456
5.445686009
5.515027707
5.571368009
5.563774343
5.593580506
5.401341338
5.692636569
5.777084036
5.575362084
5.505409981
5.537605748
5.410007798
5.577057211
5.712958583
5.480640915
5.469748175
5.536182701
5.530803208
5.516228805
5.503503478
5.388892617
5.414233359
5.532415553
5.517607054
5.412662848
5.477068845
5.660918614
5.537312496
5.603412288
5.60478274
5.547004714
5.610411491
5.511213074
5.462620569
5.531828989
5.411091631
5.497971137
5.388887379
5.335465663
5.383173434
5.701749334
5.662192627
5.465433666
5.602206267
5.784711696
5.757442642
5.528269211
5.629249259
5.642972733
5.616159568
5.532086266
5.534135745
5.607501169
5.538164392
5.454671334
5.47175679
5.377600767
5.445922481
5.382887394
5.499698765
5.518727515
5.445102078
5.511381393
5.475150378
5.440690304
5.495504065
5.457572069
5.476679047
5.469223351
5.4965606
5.582377985
5.58434809
5.482988072
5.543875232
5.584003652
5.562130096
5.53532499
5.558378034
5.65097304
5.657224644
5.664400152
5.750265832
5.657127367
5.545392368
5.424471269
5.382370577
5.454353008
5.560242868
5.544523417
5.515780558
5.61832829
5.696567059
5.557321746
5.540377218
5.467900121
5.445599004
5.469120664
5.516072357
5.603730154
5.641159715
5.695256025
5.665672884
5.69376434
5.561878326
5.586120585
5.563101164
5.341526056
5.283708796
5.487435709
5.624452753
5.477675936
5.450174117
5.428205524
5.57063109
5.475151496
5.520802719
5.601995635
5.543305842
5.569426872
5.532342686
5.400943793
5.455831163
5.449688665
5.437840282
5.444585061
5.487889373
5.457848064
5.489064605
5.395216999
5.362968991
5.553588904
5.577128137
5.556053103
5.550301384
5.58677645
5.728265345
5.849231747
5.624814931
5.525207514
5.416418297
5.626034562
5.49993648
5.331639206
5.384230702
5.370797424
5.371776222
5.423760085
5.573223647
5.588934831
5.72634185
5.527193822
5.574145213
5.638820879
5.669147434
5.484031404
5.616295238
5.34498309
5.293543227
5.361194918
5.633542809
5.475071484
5.383761622
5.452311317
5.45133995
5.668645441
5.567098061
5.677288951
5.510202738
5.408664158
5.505964703
5.510225268
5.624022105
5.687209388
5.617319745
5.505104855
5.188992259
5.378088725
5.425684432
5.447188175
5.484305206
5.53313266
5.641352604
5.563714738
5.528868314
5.569635502
5.744947119
5.514899817
5.611720789
5.736159871
5.672012104
5.680634482
5.430054875
5.459023594
5.54354724
5.489763627
5.801182139
5.564773761
5.687384568
5.679433365
5.627090625
5.592114572
5.5241943
5.431082612
5.41830725
5.514488879
5.427822431
5.570354423
5.526582247
5.534715456
5.579586951
5.716014498
5.629906553
5.668895459
5.482642652
5.462949508
5.457693166
5.632441942
5.61314051
5.59299598
5.636210883
5.4717982
5.494959581
5.480487588
5.549474909
5.57503237
5.607786334
5.453911153
5.536813785
5.534137217
5.441584128
5.46714342
5.470448266
5.448860187
5.503740129
5.585897592
5.621110273
5.603235998
5.668801671
5.669318556
5.585224542
5.692407982
5.648569845
5.491250945
5.552422312
5.502465076
5.384157468
5.372414581
5.410989443
5.49832861
5.530008807
5.585557768
5.424079965
5.482346954
5.351731438
5.396435734
5.546130363
5.290229126
5.350195591
5.298629334
5.409182242
5.420606946
5.445946241
5.388631455
5.354857842
5.331248884
5.465747954
5.384955717
5.455017632
5.425204263
5.327281934
5.517709033
5.461188858
5.348629072
5.412779216
5.335573507
5.508555077
5.722105235
5.743434444
5.446033259
5.411486768
5.454662725
5.601438101
5.458239853
5.530871696
5.464354267
5.316685395
5.689002536
5.56245339
5.427838828
5.514630394
5.544375137
5.67207067
5.762549996
5.732330605
5.486324417
5.423603098
5.621242954
5.554033417
5.526214261
5.515981883
5.495716948
5.333411101
5.296735826
5.479295218
5.695402593
5.678336054
5.404351734
5.453001254
5.429259462
5.516664019
5.592567796
5.637651307
5.520228873
5.57502565
5.599590478
5.469722762
5.36013782
5.353544585
5.348427665
5.357745409
5.290117927
5.37464309
5.437215275
5.558309888
5.468969498
5.528564749
5.472078304
5.289776952
5.278350586
5.326269308
5.502996109
5.590014864
5.466683918
5.464330079
5.4057006
5.41942855
5.472992184
5.407937361
5.448174702
5.316051571
5.366737065
5.512045453
5.496800789
5.426622954
5.575358124
5.628001108
5.655890984
5.448396678
5.34982317
5.421177454
5.485468462
5.488503032
5.450126134
5.363390312
5.423585097
5.454495303
5.528463744
5.41736615
5.326164258
5.474198585
5.323415302
5.392575156
5.415412125
5.601004479
5.60872235
5.561733763
5.63292813
5.398617124
5.463194369
5.403217834
5.361594694
5.325469312
5.372290914
5.481251977
5.590709355
5.668567495
5.556301754
5.488733233
5.5613102
5.539454725
5.462717248
5.400660711
5.464785789
5.702509858
5.688813361
5.617987604
5.7070184
5.629186522
5.569960636
5.55759876
5.622027166
5.735507674
5.783711033
5.871197765
5.741797311
5.665134612
5.71850724
5.527313522
5.490763502
5.533895779
5.380253766
5.552811711
5.705658276
5.613519462
5.601215941
5.783926039
5.663385056
5.682691448
5.671860209
5.596639357
5.709440832
5.532950434
5.567596193
5.630175083
5.622495716
5.673093239
5.60893619
5.622622085
5.755808676
5.652716839
5.477613256
5.53547725
5.477303745
5.655553028
5.678710439
5.632105728
5.806271205
5.634108199
5.557508677
5.453639656
5.453280442
5.350927592
5.51838432
5.520320145
5.594570987
5.437610672
5.440291923
5.484775589
5.571584498
5.749107882
5.786134601
5.675711384
5.663790399
5.464454103
5.590147382
5.677139735
5.740087427
5.848856157
5.75592466
5.74697927
5.784776901
5.751720536
5.602110975
5.574468873
5.610006116
5.546255131
5.542032135
5.42404424
5.448191097
5.351981249
5.480400139
5.583305786
5.508261142
5.493643098
5.543516782
5.723446519
5.727108401
5.675773223
5.607102995
5.520281353
5.453486315
5.425861538
5.357973189
5.372797966
5.42385895
5.372922222
5.405606418
5.321265367
5.30713895
5.40043576
5.366991044
5.381323245
5.567238285
5.680486962
5.55432324
5.598758162
5.500242997
5.490093967
5.437911229
5.425122242
5.45283515
5.467968914
5.641191134
5.675068461
5.779981978
5.690440271
5.60499827
5.601967739
5.674497782
5.529004768
5.601257896
5.666772221
5.760535552
5.702575092
5.487059069
5.427296877
5.534013564
5.61524226
5.541328174
5.453090562
5.393376522
5.39595147
5.30838737
5.422786503
5.603440189
5.586062181
5.693198269
5.707268812
5.627747444
5.644048785
5.639959011
5.602184177
5.559997645
5.447482831
5.453062055
5.513298803
5.550567523
5.738718224
5.61329015
5.64524747
5.602174833
5.593523216
5.710840999
5.646712969
5.555406435
5.661961813
5.471707646
5.372804795
5.55799473
5.560725823
5.604441982
5.579931707
5.683274788
5.759946373
5.714246732
5.562671314
5.65474662
5.526670838
5.536431818
5.56041731
5.772782355
5.810020356
5.537220096
5.545135512
5.337675129
5.352280285
5.629896704
5.636283708
5.602194819
5.580725358
5.661189313
5.631277912
5.582787045
5.575296637
5.747817683
5.717139364
5.338495809
5.488290533
5.584923495
5.575604593
5.566145695
5.617379348
5.49799128
5.322531922
5.482768564
5.486781204
5.207943633
5.211452455
5.426330702
5.389213788
5.320748258
5.302014956
5.377967566
5.349768332
5.41214153
5.346736279
5.354507829
5.38764501
5.509200111
5.416862551
5.45561296
5.361622323
5.428082429
5.546830194
5.573664695
5.372668959
5.342823367
5.360844501
5.425546324
5.482361576
5.590438126
5.581981326
5.602766879
5.519267065
5.593037015
5.438630814
5.534171042
5.647311262
5.658182401
5.509550624
5.33069201
5.44393047
5.497556612
5.588876857
5.397218668
5.289535978
5.334513143
5.44322102
5.440254507
5.374856816
5.442102478
5.389940643
5.386109805
5.414897145
5.283611687
5.420039112
5.410331204
5.357145199
5.476451979
5.505503912
5.389735724
5.357186978
5.42849414
5.399057797
5.401414491
5.490472072
5.540773348
5.472627641
5.562112252
5.602785309
5.478647029
5.502707232
5.527276319
5.41980538
5.40614814
5.40295936
5.409672939
5.463154867
5.448244831
5.310132906
5.287421836
5.522755599
5.491504133
5.474806663
5.612707161
5.680117064
5.504195838
5.461098547
5.480785529
5.559751349
5.435220373
5.422240159
5.568050613
5.552453924
5.529826352
5.402395631
5.457482046
5.660641591
5.737335144
5.705330391
5.530808706
5.635927897
5.747178608
5.678682373
5.588083958
5.459500828
5.380911366
5.325010384
5.442498317
5.481701445
5.67952951
5.685120338
5.671719178
5.670822209
5.485134771
5.505784948
5.564730498
5.616747672
5.655534515
5.504506755
5.505112056
5.462421165
5.665116855
5.664466088
5.521541471
5.569399348
5.523135461
5.596769731
5.690988561
5.642730769
5.618602535
5.661393891
5.574794149
5.489478068
5.562832919
5.661860672
5.73869361
5.746649745
5.596220502
5.613457537
5.596228148
5.621319896
5.664750872
5.745474608
5.722292613
5.840812425
5.740140955
5.850358562
5.944011639
5.788106106
5.748281481
5.690756756
5.562716662
5.582707163
5.593744714
5.607654896
5.722643623
5.671903741
5.766036914
5.768257785
5.757452929
5.723925428
5.772272977
5.702993235
5.727858885
5.772035573
5.949733281
5.887173599
5.692004759
5.582350626
5.597663503
5.618479796
5.659663874
5.643716656
5.802469535
5.631693749
5.482735677
5.744226493
5.587538141
5.544392575
5.445854359
5.485908199
5.592539488
5.532797781
5.453390071
5.529574457
5.625545436
5.543109309
5.58905299
5.505423139
5.510838205
5.541472113
5.543765119
5.578451406
5.417583622
5.515229913
5.611352264
5.600337242
5.622412839
5.530144193
5.475280861
5.537983729
5.46762428
5.591148096
5.465977073
5.534889332
5.518791197
5.513742326
5.444721731
5.3258218
5.452686174
5.514575466
5.600892353
5.655145684
5.564303106
5.682716825
5.380149791
5.481268142
5.646358172
5.542434382
5.73404969
5.500825808
5.447187715
5.517863005
5.626177045
5.457503481
5.487108709
5.45155367
5.582236938
5.904003989
5.990421009
5.66032206
5.603741278
5.555339786
5.576674124
5.587115584
5.668546278
5.680200212
5.49907117
5.445317905
5.528188022
5.56213786
5.618624146
5.593632264
5.585127778
5.729070929
5.606451677
5.571376977
5.477387355
5.518186414
5.581104278
5.599011726
5.489539207
5.374825582
5.522816326
5.600943324
5.405264026
5.407428609
5.559087067
5.626582906
5.692749494
5.64685559
5.627937451
5.606304131
5.515039207
5.534093012
5.559267438
5.54395146
5.540095822
5.728394277
5.670604773
5.454571855
5.531856707
5.638683534
5.641163939
5.461396468
5.533167514
5.361998468
5.447241657
5.408096277
5.432591903
5.476476398
5.618476828
5.526268067
5.475093967
5.527923336
5.43572729
5.430429065
5.487958709
5.46489446
5.534245824
5.626373771
5.495294566
5.41626156
5.44635112
5.560656307
5.440372509
5.390087703
5.483935119
5.551516582
5.619785638
5.48075401
5.341438564
5.379825695
5.465400223
5.346085279
5.309606619
5.379816655
5.376102299
5.501600715
5.468734807
5.527736472
5.537305435
5.677539885
5.617414509
5.444111472
5.376704924
5.320393196
5.256954622
5.453779543
5.504170947
5.434543248
5.394558455
5.459221894
5.432582622
5.466239313
5.577039005
5.434545833
5.411058763
5.517626062
5.49753349
5.448317179
5.594422891
5.456186976
5.550755544
5.401772789
5.473536899
5.407891561
5.441116118
5.260106791
5.254790175
5.37443308
5.436579493
5.412702965
5.473833393
5.471811288
5.367907834
5.507925026
5.540763947
5.566290805
5.563211263
5.466877552
5.546255306
5.479849972
5.600502268
5.460027916
5.492142378
5.506085192
5.533019663
5.64907471
5.732515414
5.559789051
5.411889482
5.210909535
5.412624653
5.353842077
5.296190739
5.257839886
5.477732905
5.449711276
5.60243203
5.549833185
5.619462323
5.582997661
5.455537983
5.535065674
5.577468642
5.595289698
5.646978899
5.741674372
5.653094188
5.514980841
5.371901829
5.352512666
5.287141822
5.413705752
5.452327579
5.478021293
5.389427233
5.374363945
5.354211342
5.397749205
5.388294796
5.405411987
5.503689747
5.567141511
5.359713097
5.340412043
5.338946281
5.426893203
5.462779557
5.538743062
5.645572737
5.785427057
5.440557403
5.261345045
5.253866043
5.370408667
5.42085642
5.49055455
5.448923324
5.591531196
5.3845924
5.201707747
5.270360819
5.352643573
5.33062792
5.289157521
5.29004038
5.445988221
5.461585186
5.344734794
5.380934985
5.538419698
5.586731992
5.465944197
5.561720518
5.537396675
5.541457868
5.701580986
5.584909745
5.589750717
5.392327958
5.328601344
5.467636673
5.369864382
5.551287825
5.570087568
5.544461856
5.555528759
5.531491176
5.478413968
5.327288042
5.311273386
5.370290536
5.434756419
5.601929049
5.683688909
5.564757845
5.513176344
5.573648842
5.53136827
5.645391309
5.622894574
5.571783686
5.395760991
5.504060844
5.726530723
5.562939602
5.502220601
5.518343696
5.590891521
5.572270971
5.608542542
5.561266475
5.47253061
5.378910423
5.341908142
5.450263604
5.470369305
5.528767811
5.436963005
5.469781748
5.424618173
5.546994045
5.65227932
5.616366913
5.577748262
5.819626002
5.850193105
5.699375603
5.605478075
5.481916856
5.445048477
5.504617911
5.539522281
5.490163122
5.394444051
5.499658975
5.424218359
5.483494044
5.51478589
5.440074621
5.36671827
5.444889953
5.522604329
5.496293585
5.531199383
5.502252534
5.662706196
5.633863803
5.664839676
5.549824615
5.499232938
5.542041127
5.438743705
5.466482162
5.543219273
5.562988908
5.511003048
5.452225449
5.563085955
5.533738703
5.698284257
5.608023066
5.665479902
5.437201354
5.260800289
5.458014008
5.367528459
5.362644621
5.405616114
5.363410552
5.388635857
5.568715366
5.546465369
5.571522032
5.615534498
5.541024375
5.41115224
5.387164922
5.384821555
5.493370998
5.579786794
5.611971623
5.54510536
5.49518129
5.567005929
5.378557907
5.475552413
5.457504811
5.584932306
5.741088241
5.566435572
5.708648236
5.566275081
5.458500877
5.621183652
5.510793964
5.456854973
5.488696076
5.589264846
5.692262873
5.682358095
5.431170771
5.366331827
5.648703733
5.529379529
5.495486421
5.515055951
5.485747935
5.650480578
5.63431487
5.77130263
5.711121105
5.716393913
5.654973915
5.51557068
5.544185125
5.385957813
5.372198714
5.531571446
5.521247742
5.496720106
5.521376634
5.685829083
5.451898735
5.432762559
5.424250282
5.54142098
5.46784428
5.459699337
5.540148006
5.470324583
5.651930727
5.615470914
5.642113683
5.754115734
5.652302679
5.527427411
5.395491984
5.393287405
5.4610619
5.601139952
5.624002492
5.457503747
5.435614412
5.600151512
5.549914881
5.523410658
5.643024561
5.719524358
5.631478397
5.592161386
5.587610027
5.728695519
5.595350543
5.654812546
5.610109528
5.736292958
5.501221082
5.554087861
5.404720066
5.48615942
5.495741164
5.560841696
5.581768928
5.587589219
5.718131409
5.585690072
5.53269275
5.539348207
5.709893355
5.709125833
5.574838611
5.564421199
5.651046601
5.749257736
5.679373771
5.367360929
5.296579436
5.307145519
5.482825345
5.344048619
5.606331922
5.616276287
5.458405396
5.511173264
5.452479992
5.485461698
5.463379963
5.409392751
5.364757906
5.260330931
5.453155155
5.568819654
5.591534083
5.657332224
5.756970549
5.63961393
5.571339116
5.453533541
5.440959712
5.539193947
5.502906203
5.354338221
5.544705872
5.580913804
5.465812202
5.439482192
5.416666253
5.31400457
5.421977209
5.471995285
5.495533061
5.468964872
5.508461884
5.401514436
5.499990589
5.725607901
5.78658897
5.853727468
5.695420986
5.534182374
5.456783024
5.537104923
5.610781421
5.641829168
5.634903394
5.428969907
5.590711434
5.551830786
5.554449915
5.656617809
5.567675835
5.697955692
5.562579915
5.668068128
5.549600379
5.695559219
5.608702675
5.589178138
5.56149359
5.62836704
5.60420512
5.519535496
5.573805312
5.409118238
5.443082236
5.424665833
5.430116042
5.534879375
5.689907138
5.462416629
5.350204532
5.479799708
5.564263817
5.607788488
5.557997734
5.526194414
5.533650262
5.441648014
5.385820038
5.625482343
5.711496968
5.58126503
5.483345975
5.495980033
5.465829895
5.348725037
5.410403521
5.435235384
5.559775815
5.430372195
5.577433956
5.342539221
5.317502624
5.438908493
5.47482517
5.422855499
5.311040424
5.355330863
5.392123097
5.634786024
5.595439434
5.603597127
5.791880398
5.753816784
5.634084759
5.575832299
5.489822744
5.303312613
5.355445477
5.375992796
5.364819074
5.233803792
5.20579019
5.288709078
5.42706828
5.524253526
5.616213566
5.630543158
5.746556724
5.755469996
5.804106694
5.721100545
5.266441377
5.296755366
5.453733871
5.409956956
5.412560535
5.433700225
5.39909687
5.251176077
5.386740453
5.574770729
5.402164642
5.324355252
5.366734253
5.528727453
5.665413275
5.782328074
5.64045442
5.611706601
5.49541468
5.404448567
5.499333711
5.491486619
5.477119298
5.455604768
5.517685036
5.39830361
5.558785533
5.510787459
5.379953843
5.377439426
5.592420637
5.375006297
5.310312171
5.502884476
5.428980922
5.403641444
5.590171195
5.679517716
5.68110802
5.533951509
5.691250209
5.597805548
5.596142684
5.52337651
5.571703173
5.505629756
5.464007064
5.536540536
5.617086454
5.503738976
5.498798114
5.457519644
5.52664371
5.399015089
5.404249594
5.371301258
5.378864086
5.539550469
5.585302547
5.597322268
5.548580211
5.523412135
5.362062298
5.432485244
5.470547264
5.477381767
5.485912144
5.527037608
5.529877534
5.507551169
5.494048151
5.504400391
5.538087246
5.525340515
5.731955262
5.787073227
5.568795353
5.547547889
5.506734249
5.438707534
5.600715486
5.636471511
5.66221305
5.663006724
5.750289491
5.580329444
5.658945924
5.527042961
5.484742853
5.512142214
5.489842433
5.533273718
5.44289796
5.427340178
5.510468381
5.607382466
5.648562881
5.612235135
5.63646682
5.625113547
5.609648604
5.483739222
5.70115781
5.52448888
5.53164753
5.66654638
5.629264054
5.638586881
5.492485882
5.510630746
5.654516641
5.527050725
5.358330631
5.517044613
5.536907447
5.342826626
5.48211469
5.55304975
5.541672919
5.67412612
5.659598432
5.81122373
5.659575806
5.623782118
5.782758062
5.764914395
5.766758336
5.725858582
5.665793161
5.603598562
5.581418286
5.471763278
5.412514537
5.544647611
5.468858661
5.464878077
5.403204601
5.481786191
5.610732904
5.633065593
5.648227322
5.598101963
5.627189994
5.541950103
5.550898623
5.344279497
5.401882646
5.44246311
5.437225402
5.533213668
5.690397901
5.742274209
5.619961082
5.517761884
5.585007302
5.376794379
5.480109931
5.430283556
5.41684422
5.565176577
5.561260555
5.659813974
5.503804461
5.511891836
5.537758205
5.659999049
5.54330831
5.482001922
5.359590381
5.380161204
5.513655104
5.444132517
5.410752715
5.296339133
5.405156447
5.677624796
5.675968559
5.508251305
5.45407106
5.561088917
5.580620978
5.538272267
5.624474185
5.785542651
5.623703871
5.485717262
5.475318794
5.410990988
5.609411892
5.476235406
5.338042405
5.335854945
5.28626314
5.454083393
5.457280806
5.362765484
5.371784803
5.538708281
5.322979026
5.493393754
5.725426014
5.498167123
5.362408341
5.260809442
5.380378394
5.386911837
5.412980632
5.432067001
5.377050826
5.499520322
5.503064416
5.339141782
5.249878197
5.361754259
5.54574792
5.674761662
5.583278715
5.613422533
5.688518543
5.762865611
5.48961115
5.671885373
5.810377055
5.723965587
5.54571419
5.542317011
5.709913269
5.573276221
5.587920399
5.545190204
5.47377563
5.652075341
5.522919486
5.525976496
5.492328772
5.562697037
5.540216967
5.501548878
5.498131093
5.516843213
5.672771342
5.469500172
5.583435342
5.59325122
5.56729306
5.457979529
5.457749604
5.371678581
5.465609381
5.49039801
5.513013387
5.566810782
5.608333012
5.557226008
5.550516734
5.605101118
5.68341109
5.75016266
5.733424817
5.591279284
5.585707306
5.741700059
5.759744461
5.742475518
5.80814144
5.748285437
5.710269372
5.572184558
5.474963549
5.4839078
5.639292194
5.61579861
5.600113557
5.550692564
5.458061758
5.620577237
5.532342459
5.589007087
5.589913753
5.549885857
5.473559223
5.586050797
5.580644009
5.414590845
5.515993517
5.5076292
5.378660228
5.401440552
5.492805849
5.657292108
5.560867249
5.548517898
5.528696511
5.57011411
5.579133254
5.425530924
5.349456548
5.428574049
5.519407119
5.475558929
5.536342101
5.598783639
5.452305122
5.48092228
5.518725544
5.546571449
5.509213845
5.39939114
5.261211159
5.371466861
5.525794516
5.676007058
5.59800833
5.660078638
5.600807257
5.67305033
5.667249843
5.635107823
5.549856676
5.614250032
5.554863737
5.338711292
5.222022627
5.259109602
5.45790885
5.415565452
5.429575643
5.576929322
5.6013731
5.662577754
5.537243075
5.573146549
5.616758785
5.620028626
5.535961843
5.617001798
5.699435176
5.672571433
5.585584386
5.515548753
5.611520287
5.405303033
5.281018533
5.415793058
5.370137947
5.454083666
5.62791041
5.603391878
5.610947073
5.556478565
5.514100677
5.538892391
5.595923069
5.538136858
5.569061655
5.722482689
5.504705174
5.484882949
5.442448516
5.500803057
5.687116844
5.545005175
5.535756653
5.529009379
5.446953968
5.447784365
5.335358348
5.114722832
5.179752517
5.371477571
5.485585536
5.43242186
5.756937541
5.657125573
5.648824782
5.603670664
5.776552702
5.745750555
5.615407161
5.697132651
5.420463901
5.423879223
5.586448467
5.558721851
5.481568592
5.384690152
5.40452288
5.491272349
5.363626141
5.437161677
5.597695184
5.654735441
5.614945353
5.784548047
5.665613937
5.52856778
5.594424744
5.564030343
5.528491251
5.522892303
5.499510966
5.574494548
5.580895554
5.691454139
5.550138244
5.52881478
5.606561183
5.619645455
5.456135751
5.469744169
5.43504415
5.56677187
5.64824356
5.749870307
5.548129257
5.629581461
5.607910398
5.4834641
5.574401874
5.602307604
5.517825264
5.478833401
5.563692143
5.519221917
5.613205481
5.612721662
5.496754187
5.533058637
5.620979035
5.705345979
5.615446379
5.637605889
5.717424444
5.621692686
5.653469084
5.735505377
5.620512089
5.455478238
5.399925613
5.525185012
5.513826291
5.2970254
5.322241233
5.58709802
5.51919266
5.605868787
5.686097772
5.770197503
5.680148257
5.596428904
5.608400589
5.537473119
5.58391989
5.651502139
5.736879836
5.600567835
5.70549506
5.737129876
5.699970215
5.538221497
5.447065132
5.498312619
5.440613783
5.536809243
5.677469691
5.606640126
5.691609057
5.585103238
5.690246455
5.684806068
5.503277523
5.554595362
5.663636212
5.593003394
5.572332459
5.623905291
5.522135241
5.449425166
5.568008106
5.47407961
5.635043811
5.546083013
5.590854314
5.630313623
5.305215227
5.476225737
5.437764651
5.539600824
5.477625586
5.486823953
5.537653728
5.659706487
5.628204228
5.660055559
5.722491731
5.634648202
5.449153116
5.461612293
5.572245464
5.576834399
5.560427926
5.511868407
5.401971116
5.283332874
5.381827431
5.464301848
5.433662099
5.384176162
5.418200404
5.576607767
5.549407048
5.405708075
5.535495574
5.575595394
5.645505336
5.533067229
5.601197746
5.602506859
5.622263004
5.520016715
5.282707601
5.364936724
5.499394053
5.750282455
5.844269142
5.757779354
5.684666473
5.855707699
5.727614224
5.507127591
5.481969627
5.674738635
5.664678998
5.400863244
5.376496752
5.456473882
5.598276776
5.674692706
5.656675151
5.417214926
5.487440873
5.501172135
5.59929626
5.584285193
5.534820681
5.644736404
5.551302145
5.694525909
5.523001664
5.65058509
5.653235608
5.357677437
5.475494918
5.560532947
5.576041635
5.539153171
5.514276951
5.52420269
5.550654698
5.655199408
5.534258185
5.531705455
5.488450545
5.724375239
5.588292559
5.549662322
5.39728155
5.521121701
5.482228859
5.501172459
5.587795072
5.527945411
5.474795766
5.452531863
5.575208349
5.530136072
5.643111418
5.504291547
5.383799573
5.281431027
5.557038378
5.567404774
5.406746328
5.36990441
5.392410103
5.511469166
5.692705578
5.720976626
5.772654826
5.661869858
5.611774128
5.593147361
5.454525447
5.525977158
5.512818569
5.461071972
5.337599119
5.2925413
5.5715243
5.522887143
5.587209785
5.664847502
5.678872768
5.560339841
5.65388498
5.518875565
5.431201798
5.615448303
5.650243457
5.60558278
5.500171735
5.374245026
5.385708352
5.506205213
5.55862956
5.682322339
5.702944705
5.499992323
5.494927747
5.649851209
5.515658315
5.444538398
5.586334746
5.72945516
5.378339267
5.384404257
5.508204253
5.487119565
5.541245695
5.566593128
5.601594034
5.702728456
5.59061163
5.445242889
5.640462223
5.558359274
5.570102947
5.582663054
5.504981682
5.553078855
5.553929989
5.585009262
5.522795682
5.506636582
5.423849576
5.424756483
5.544789465
5.631433902
5.817426086
5.726152988
5.706584346
5.555726617
5.600656832
5.739568454
5.659642928
5.741259841
5.709769477
5.6679055
5.449998119
5.487100838
5.344222528
5.302682471
5.437041058
5.475502039
5.590778594
5.661048166
5.639670468
5.674626273
5.694342221
5.747539021
5.612027587
5.609630409
5.631417217
5.571718709
5.567530875
5.581608636
5.441020917
5.448071154
5.590669238
5.487573765
5.488606939
5.571528249
5.55690774
5.511010167
5.622367931
5.507254772
5.430075811
5.279349976
5.442687718
5.609455542
5.594591792
5.542549961
5.389672289
5.49487947
5.624784334
5.539890837
5.42436649
5.334960962
5.372305205
5.321993199
5.35334871
5.500887011
5.592294772
5.530782321
5.454539006
5.446966204
5.507440179
5.613156399
5.561122236
5.595285267
5.496942373
5.673999369
5.613905133
5.494540725
5.450744789
5.422111263
5.441290008
5.450636191
5.318100957
5.439276797
5.597229622
5.640453252
5.784707398
5.586110066
5.664470731
5.746457118
5.758997742
5.65252363
5.645396118
5.545151544
5.612370185
5.599292517
5.540995887
5.463506105
5.594466218
5.803891898
5.775978971
5.632700497
5.55275941
5.503451135
5.375329218
5.315152052
5.313996613
5.382599689
5.251013861
5.363353722
5.371158698
5.260071377
5.205469773
5.323436257
5.346283736
5.435626331
5.457645369
5.519092476
5.379693022
5.369019495
5.424133373
5.428171362
5.58039833
5.472726979
5.749294303
5.599455918
5.63262546
5.426227391
5.4169472
5.488688889
5.544547664
5.570290741
5.563592529
5.503042001
5.584227639
5.723481961
5.711353412
5.567380099
5.634548929
5.619571985
5.587960282
5.713953663
5.673528883
5.567467229
5.448321872
5.566815718
5.611642559
5.775908297
5.673533229
5.770215013
5.753548317
5.656577398
5.595562124
5.427507979
5.471341133
5.388630339
5.535828713
5.629713945
5.583278734
5.615924182
5.597739308
5.66939329
5.751519293
5.524374503
5.860677201
5.62526968
5.572605131
5.517264961
5.595024857
5.488554899
5.563101217
5.434575478
5.512769019
5.61427417
5.608902922
5.677547125
5.691337718
5.513258649
5.59952388
5.650843175
5.652412392
5.594868595
5.845938762
5.800114262
5.39447628
5.362552509
5.379349806
5.381764751
5.253010237
5.212267239
5.3108114
5.465994109
5.476753091
5.503098511
5.573772964
5.52793362
5.420842921
5.55944144
5.471356588
5.524193303
5.610391221
5.650923562
5.4515071
5.409676222
5.507573475
5.495762905
5.479462752
5.367530245
5.565599902
5.714190653
5.434838383
5.361716009
5.405988828
5.493139884
5.578339727
5.475916697
5.544523006
5.507615576
5.469500533
5.487588791
5.409972824
5.372526733
5.447315551
5.368758332
5.479999523
5.460426668
5.509896591
5.556702594
5.570144828
5.517000084
5.555184715
5.384185723
5.39450048
5.231818158
5.317223677
5.404977249
5.580594163
5.556285302
5.668768572
5.530223219
5.557302674
5.495205225
5.590113469
5.610576425
5.307282112
5.589616951
5.772899934
5.696235119
5.607013562
5.544052563
5.577806721
5.515002923
5.563834629
5.617656172
5.548944852
5.500676099
5.363459519
5.428362364
5.523293152
5.568310288
5.597878263
5.551790278
5.626097078
5.369196339
5.595641451
5.525274553
5.374785649
5.574853298
5.606677963
5.384185944
5.291306123
5.330564979
5.706529706
5.626311775
5.735322485
5.640658598
5.586657879
5.512474595
5.464002663
5.453381138
5.486210321
5.639702553
5.536394178
5.699278521
5.501338305
5.370686851
5.459326626
5.453995754
5.447154471
5.571611679
5.560375421
5.339370261
5.306821158
5.389890112
5.441236
5.519890476
5.56778586
5.501841081
5.56653204
5.547872312
5.629701475
5.482182469
5.495417015
5.592020613
5.515691561
5.502555601
5.428100872
5.484609799
5.367034912
5.506567371
5.456058929
5.520813573
5.608465066
5.69432788
5.698478158
5.622368277
5.552057966
5.553486789
5.386477948
5.477258482
5.58237418
5.719386892
5.610128904
5.444432244
5.699064535
5.695578302
5.517882572
5.47931062
5.64136089
5.503306072
5.46965276
5.457993042
5.462488731
5.532272968
5.63394703
5.629545871
5.594672864
5.683880982
5.717694953
5.589463099
5.512869864
5.498753198
5.49584826
5.555550955
5.37956314
5.365566357
5.430617844
5.394116668
5.566874974
5.565749878
5.536199594
5.570891472
5.495993686
5.367697377
5.56026305
5.591216707
5.57017737
5.581980702
5.43741954
5.378922484
5.433837826
5.555853567
5.551621581
5.442436206
5.538556007
5.55654241
5.509668012
5.627247071
5.485410092
5.309030678
5.379467474
5.574182933
5.572245518
5.449391917
5.343853262
5.488726784
5.509319683
5.376612972
5.46547236
5.461105491
5.276819306
5.405010375
5.50025014
5.549932644
5.573050333
5.617763365
5.620463157
5.41438268
5.607500907
5.648580015
5.513543965
5.49410607
5.364729283
5.525506236
5.464992144
5.498687537
5.510907177
5.520211482
5.372617019
5.467680288
5.335106735
5.452908596
5.516066911
5.619768412
5.475673041
5.448880664
5.562269852
5.516006149
5.664564414
5.526006541
5.525062548
5.601093239
5.497126777
5.397437536
5.578576641
5.443818278
5.435732487
5.497046808
5.615936813
5.562414898
5.66920921
5.66671624
5.74459516
5.677875627
5.341859147
5.418954814
5.298248495
5.423040494
5.433065538
5.421002658
5.42391145
5.522564643
5.662598422
5.645840101
5.656328255
5.601642686
5.434799193
5.479200432
5.564887327
5.622817089
5.552960783
5.584095256
5.483226383
5.307866468
5.218429304
5.543631503
5.574829043
5.686940075
5.67175159
5.554205459
5.678453121
5.741302914
5.63613195
5.498297283
5.350506387
5.483095883
5.438256327
5.372551862
5.453372476
5.465628494
5.38794844
5.351995107
5.278869299
5.298933212
5.474806981
5.574861262
5.570334157
5.571957225
5.471186438
5.505242326
5.649829101
5.606401
5.630682417
5.740130376
5.767311748
5.592337921
5.486224806
5.6542664
5.663319383
5.605252932
5.505885042
5.592724379
5.540676868
5.589012419
5.51005428
5.663355669
5.562209181
5.363509629
5.308799894
5.577047862
5.453194076
5.451561646
5.49540821
5.576858314
5.505201779
5.680386588
5.835587991
5.629943072
5.581702163
5.601047917
5.541864332
5.453310919
5.469349531
5.401722959
5.513810883
5.509174431
5.558069605
5.574895892
5.544022177
5.440809171
5.453348171
5.490698047
5.490216207
5.613496825
5.587872033
5.656989934
5.45927807
5.474727995
5.496807969
5.590695362
5.489603505
5.485095351
5.451280358
5.566531019
5.556792638
5.52953113
5.493380457
5.407358798
5.448510326
5.497504321
5.460016743
5.589311321
5.665934022
5.703549373
5.585646039
5.59652387
5.557288549
5.578480008
5.587732357
5.472995613
5.560177902
5.478113924
5.339228648
5.450651526
5.732679361
5.632274647
5.478579828
5.503634146
5.559726828
5.652695819
5.551684835
5.558088102
5.525368822
5.468935862
5.51588613
5.538989908
5.558145709
5.629996053
5.535491115
5.699758251
5.619619159
5.624835955
5.76073212
5.668199592
)
;

boundaryField
{
    xPeriodic_half0
    {
        type            cyclic;
    }
    xPeriodic_half1
    {
        type            cyclic;
    }
    yPeriodic_half0
    {
        type            cyclic;
    }
    yPeriodic_half1
    {
        type            cyclic;
    }
    zPeriodic_half0
    {
        type            cyclic;
    }
    zPeriodic_half1
    {
        type            cyclic;
    }
}


// ************************************************************************* //
