/*--------------------------------*- C++ -*----------------------------------*\
| =========                 |                                                 |
| \\      /  F ield         | OpenFOAM: The Open Source CFD Toolbox           |
|  \\    /   O peration     | Version:  2.4.0-MNF                             |
|   \\  /    A nd           | Web:      www.OpenFOAM.org                      |
|    \\/     M anipulation  |                                                 |
\*---------------------------------------------------------------------------*/
FoamFile
{
    version     2.0;
    format      ascii;
    class       volScalarField;
    location    "0.0006";
    object      overallT_O2;
}
// * * * * * * * * * * * * * * * * * * * * * * * * * * * * * * * * * * * * * //

dimensions      [0 0 0 1 0 0 0];

internalField   nonuniform List<scalar> 
5120
(
298.1341127
306.4621502
332.9018835
332.152953
325.0724187
344.5495383
334.5943705
338.2975945
328.3104426
321.9898409
304.0491189
278.2733902
269.9106229
270.5664472
290.6578789
277.4832861
284.7747375
273.5081885
276.1571764
275.9397953
292.1164846
277.4092577
284.355467
300.3236754
308.3172747
294.8086797
307.7711623
263.2765944
282.7841744
277.1857273
282.9227592
298.8655623
291.0194376
322.1004305
306.6303337
295.5707024
300.013432
306.5969941
326.0185041
316.7989833
328.8924815
318.5809502
306.0145563
327.6686098
333.8003483
347.1000552
303.1821377
310.7654902
310.1568363
306.6535585
321.5538537
318.3479981
317.0181363
286.940082
292.7891453
299.6114868
291.7227953
289.7223037
306.1768883
298.8423209
310.9313486
340.6318458
322.4405771
298.3932915
282.8097168
272.642316
279.9763067
299.6794586
303.952628
321.8145384
300.7590752
292.0219123
302.8164763
324.5163455
311.1813636
310.3463649
309.3941625
287.0142311
293.5854416
301.7710276
302.4695034
299.4709163
322.4066739
320.7830959
316.0968519
313.5517875
310.2170296
307.5454162
313.3683297
286.3026106
295.3668544
308.8131256
311.8106344
306.0166733
277.3414108
271.903121
274.5407852
292.4928983
303.2160379
296.0180852
318.1899915
313.8610944
300.2307709
285.5595495
284.8091843
300.3567523
304.1316675
307.5899167
324.0766402
327.5758032
309.6114194
295.4631611
302.8802932
313.0734021
305.5965381
309.878214
321.5523749
335.8077381
303.0309089
312.3848452
315.2099713
309.2611752
295.9217075
300.8632278
322.4458798
303.4130021
311.1589467
301.2022586
306.9167099
301.7865139
300.3677542
295.7256375
306.7732286
295.2780369
296.6549893
297.4272044
288.895511
309.3277459
328.5487687
302.4657353
283.3043201
289.4222854
310.6952354
310.8112897
309.7837042
305.8550145
290.2319869
271.878835
284.1373241
313.2316669
310.2986665
308.3832367
307.9915529
303.1720464
306.0498131
284.9471473
281.8222208
275.0500065
284.6650575
292.7398891
321.9859166
316.7233061
306.6963342
279.948904
264.5388707
268.3105832
268.303007
256.4041397
269.1950695
263.101901
254.2554754
251.3826081
284.8412158
309.3014349
319.9623467
313.9153861
330.107177
313.4822023
303.6362356
318.189776
280.7591817
280.3405146
280.3540688
308.3168514
323.9282929
311.7500306
302.9086388
270.5926833
268.4755517
272.4923798
291.3189515
289.41645
282.094186
281.6990561
307.8961182
311.7936723
283.7006758
271.8472203
302.8042048
299.7386168
308.6452788
312.6626672
295.1458644
291.4864659
310.6373491
332.2180836
333.1506006
337.3127768
322.0674996
311.9465152
310.4177523
320.3093472
318.5412176
309.7800672
322.0704416
323.8098972
321.5635266
331.2521604
307.6906202
294.5473613
287.3824938
293.4168004
316.1236655
289.1705811
285.5458566
299.5034127
292.5717738
308.5492808
309.6310828
322.6467067
317.4465148
300.4356387
315.1710252
304.8647049
299.182506
302.3875539
296.6041003
306.8480312
311.8532121
308.7914739
304.4055439
290.762863
298.0319945
306.024097
299.8831027
307.7148093
311.9470079
316.6200329
302.3768989
301.5941824
293.4249802
298.2336989
282.1601531
290.3058525
302.6021732
290.7033713
279.5558456
278.3094454
298.6162244
298.8703623
311.1436265
310.8313243
316.9529977
313.9945831
324.0030976
310.2054165
290.3080015
289.0905091
291.0857948
309.3414462
300.3988762
328.4383656
321.1168146
314.0582735
309.6916816
306.1831027
312.1974842
315.3141294
328.1473708
312.030623
304.0350782
309.0548141
294.1897906
307.2288943
315.5401486
302.1022481
338.1346082
353.6259537
353.7608519
330.5583631
313.7587584
306.5365116
324.7669885
326.2595312
332.147544
351.1529178
364.7301751
350.1331042
316.8323048
311.6446352
329.8416716
321.1837492
317.5536138
317.1233861
311.5280957
312.4188985
313.2643133
301.1340348
313.4674793
314.4833169
322.9663515
319.655524
323.8499365
306.5504761
301.1551203
294.0236542
291.65536
291.997492
321.9010516
343.6354274
317.841162
316.7032139
317.3285322
305.5533283
336.5642756
338.2414349
329.3782192
320.5980117
304.0571403
289.0547364
280.7956701
298.4628086
297.6448562
292.4730818
301.649238
293.7515069
278.8974977
279.0456613
281.6244678
297.1828983
278.7820737
286.1874888
294.8534231
317.1021836
293.4779199
296.6191214
320.6486316
317.4918667
322.6433046
313.1785692
299.9250808
299.61216
287.2310815
295.6700595
314.3815101
329.4815286
321.008611
316.9034363
293.5171464
284.037731
295.4613364
304.7148329
304.4412326
305.3424913
292.745302
294.5199233
297.1686453
305.3055791
286.3456366
290.2016722
286.8516464
279.6135089
286.8429389
287.9873056
285.9985794
285.2119206
280.8486413
282.7153242
284.4125035
288.9567106
291.3712131
283.0994404
310.6981305
300.6878667
311.0908395
324.2892611
314.4354629
301.8996184
275.3988465
278.1148228
284.5658465
273.7043976
277.1900679
287.9806135
288.8010255
296.5286838
311.1951278
287.7400332
280.3318277
280.2361268
278.9940554
279.4454071
309.2358099
306.7191813
288.4239053
272.9046352
260.3266583
269.0770644
271.0650001
276.9725261
284.5260256
285.4928448
295.6828681
279.484496
276.4689905
267.4173983
274.5954064
295.1065834
299.9484361
307.7690338
295.8364121
312.7358153
302.0157649
297.0978798
283.2791606
281.6541839
275.2893147
283.5673934
291.9221657
274.38071
292.6352073
285.9415052
285.9739499
276.4339008
281.8043798
297.9350692
301.9010643
294.7626727
290.0349059
289.8354001
287.2244598
289.2529879
287.1036824
287.5192472
288.817787
293.7399794
306.6185822
306.9872253
305.845318
302.9899169
294.0303387
281.2070423
304.498447
280.2716096
263.0488166
265.3475729
261.4731205
267.6352777
265.4386735
273.7918226
298.5288917
329.4621151
324.5110578
306.5739933
305.5414001
311.6411787
316.0158581
313.1644211
318.2061094
294.363536
300.3569013
300.0134096
273.554869
294.4122695
283.1945796
284.1641657
279.7206209
274.4142785
278.0268894
276.8923504
292.4306912
302.3271797
300.4064699
292.2410793
290.5465494
288.0779816
301.8044967
314.2778431
296.432628
309.7649129
310.1814898
331.7175103
346.5914142
322.8430288
313.570682
311.7095624
303.8034177
292.9597463
290.4887961
297.0674983
278.4576553
298.2172834
292.8195435
294.6199335
285.8344485
308.606483
291.4232478
287.2623343
286.0964792
286.1310017
266.996068
274.5475314
276.1221375
272.918911
264.7423104
284.3308982
297.5423994
301.1167965
294.725044
262.2374264
332.6023116
327.0956445
328.6669475
313.5861342
316.9747075
309.0688817
316.3575845
330.7566889
349.061347
325.9002848
322.6268242
302.4304446
310.0167236
296.688012
318.9943414
312.6392157
287.5476095
291.4401798
293.3832085
317.0208149
288.2940093
303.2301023
323.1226173
318.4677259
326.4872206
318.4203008
307.5858345
306.0800178
316.9386004
309.7270874
317.2871531
320.1622215
290.4002961
294.8755611
306.8990376
337.0349899
328.8953294
297.8018984
295.0107785
285.8995979
293.1207977
299.4654503
288.2450306
295.5218664
303.5880984
307.8732888
315.6916647
281.6376024
281.931873
289.1121546
294.5024309
302.3462273
302.5012069
294.5791528
298.6235699
311.0025538
317.6547901
344.1006705
318.4588917
313.4340023
309.5467796
296.9842881
301.3480521
321.240568
319.4910748
302.8434653
308.6838866
306.4277185
310.349532
313.1958277
316.4467031
301.5391016
302.3406687
314.2410784
307.9554933
303.338494
309.9386915
300.2164128
299.0202066
311.5459235
319.0903822
305.938829
303.7334808
326.288501
330.4093305
323.0964108
313.9627752
315.1016431
314.7808947
288.9357646
308.1861948
336.3100854
322.4107502
312.72099
297.8635106
308.757891
310.9551834
344.0503251
341.0659049
307.2361374
334.7849961
345.0054349
344.4225804
340.7635322
333.1358171
316.7340632
324.208199
294.9446287
290.8119534
294.2374483
308.1425467
298.6189843
286.7513745
294.840173
305.3463749
312.9002326
321.5048437
307.2781442
315.8372995
323.3599019
301.4153167
301.6306057
309.0611278
292.1175222
275.0477433
285.1325024
286.8109358
300.736845
290.2282703
306.9342275
302.2634044
291.6557196
305.2256837
305.3970502
301.5184549
289.2470913
287.9093921
298.7730759
310.4617215
304.8286894
306.5981798
300.5603751
280.174007
262.3120214
303.3619915
307.4813719
291.1706982
285.5388221
292.5913141
281.0475553
288.3655117
305.683182
314.787635
312.262253
288.8537426
272.4991425
286.4603616
299.3203276
298.1232908
308.567319
273.9636072
269.5245717
264.1046094
269.7695209
270.5023866
284.6498538
295.061389
290.1996858
287.8251896
307.2533498
288.0939144
278.735651
281.4977811
269.3870008
278.4747247
291.8959538
281.8667992
272.5235986
270.9450678
276.0670401
292.245097
283.1430531
291.935898
284.2272491
283.677992
278.9589724
281.4108802
289.7642379
293.4314928
284.209452
283.0002464
287.7498807
300.2499281
321.3339252
310.5833216
299.8506765
282.6105465
280.8603473
291.5569249
284.6802987
294.6839985
291.8069688
293.3276597
303.8477575
297.8526116
321.3656974
304.519124
290.8457589
309.2997928
293.2186576
293.3413887
298.4266501
293.6347643
284.964638
291.2790845
303.2378846
313.0619726
302.8132182
266.8544183
285.8334204
304.9585294
284.80198
274.7342474
290.4803372
297.2574228
275.7150819
270.4942525
275.2167868
281.083843
277.1483124
292.1129548
319.3850919
323.6846688
328.9094968
324.3152711
310.3323956
297.0300249
294.8595615
307.1031777
310.4401327
313.36196
282.0177484
291.3477435
293.56182
292.9176629
267.7493536
269.094832
267.3045962
269.3470261
272.3239872
275.3717084
265.9183954
275.3227465
302.2103792
288.1912627
291.5870083
292.285248
311.479239
308.6612264
314.0900891
298.6571054
312.9224492
336.3832809
353.1687535
344.9074176
337.1582976
324.528716
295.6553746
312.7978005
311.5527684
291.034092
288.0952163
291.6541135
276.5615315
278.2254148
299.7444654
321.4193742
329.9860316
304.6954293
293.4167614
300.8184075
291.7484956
296.2050464
288.6751211
286.5132147
285.3350193
291.8176998
285.7663979
324.3144359
311.2465572
312.0604213
309.22793
305.5576977
288.7164899
309.3830198
292.3663552
281.0450622
299.5609247
313.7992032
314.5367902
311.8991091
300.1685995
305.6548666
283.6090561
292.3784173
295.2542357
296.808156
275.0220116
276.0523369
263.2531528
271.1150877
286.3263852
290.7969987
311.2981335
309.4323452
298.8515436
312.6132561
324.9191905
321.9152336
314.2218568
285.8638808
309.1285087
327.1345772
333.1388719
350.9520883
327.8518349
345.9576964
324.2755648
304.9355897
306.4918722
293.0965816
307.5604621
305.9076222
301.9164076
301.5463252
306.326466
301.2323798
295.9198761
298.1776996
292.0184817
313.3959821
305.177944
294.9303362
301.2269345
308.9927142
305.9576966
304.2398581
287.0594988
285.6803799
294.2982246
316.3731991
321.634055
325.8514916
312.4875791
280.3837951
302.4774507
295.4287045
282.8457879
284.4537507
295.3962984
288.9592161
300.0891409
298.6732669
289.5948764
288.627552
300.5288163
271.148021
277.9814203
264.8213843
257.5773366
268.3708461
297.4527047
314.1820015
328.8533867
323.0984518
304.468133
321.6230635
344.8438813
329.0526034
312.3469158
307.0632827
286.0455054
278.6343801
258.9981444
260.2486918
291.2307999
301.8095311
297.2626343
294.4583818
294.668736
313.87272
300.4677364
284.4475782
284.7778425
284.9054155
298.1592117
287.2318282
280.750606
312.2877799
320.2504329
297.4931522
298.4423509
290.8047545
285.7257001
283.1733113
289.2989489
284.4339462
281.9051086
294.9954229
314.497342
312.4834822
322.9650935
344.5362618
324.2097962
306.2919063
295.121493
309.7887865
306.3725617
272.7178752
284.3963858
304.0432414
288.5983154
288.5506817
294.6458182
288.9791489
291.6457574
276.815893
288.4523282
292.0292213
281.3976078
289.9452564
298.5700382
317.0265036
317.7097224
320.1407593
324.6078763
311.0562931
316.3518794
314.2250401
301.373206
322.3365263
309.4598269
297.1671627
331.724713
339.7349338
317.9943535
298.220513
294.4208187
301.3807522
301.1722345
275.3637672
288.0980497
303.2415197
292.9734445
299.4688045
293.8250622
300.7032819
301.1629942
294.9550712
303.7718772
266.6124796
273.0851629
296.089934
308.1319427
278.1485109
290.4971346
285.1832011
284.0704204
266.1770247
290.9145059
304.0811388
304.1546462
297.1281625
305.9049188
304.8951524
283.9706961
298.4017664
285.1995402
277.797688
275.8054835
276.3021505
275.3165982
292.9807748
289.8582015
275.2722195
272.0150822
284.760125
289.5350758
304.394947
302.4136936
305.9894027
322.6110817
313.3238523
313.8368466
326.6940514
307.4140361
314.1465742
310.4108394
277.7081426
272.680652
296.7437132
314.6331442
303.9051157
295.1309954
284.3105503
271.6259599
270.0995038
276.7741769
274.0283907
293.1134909
291.0987557
284.4876468
283.5543426
259.9588283
264.2196748
281.8655831
277.5598935
275.7320785
293.1098542
292.3538891
296.5071867
291.7301933
277.7971988
277.9979172
274.1367914
287.2062324
298.0002276
296.4940212
307.5231339
282.5883278
297.2880498
293.1300693
275.6483592
295.3812789
294.2426543
293.8727454
298.5334321
289.796486
297.8715765
303.4113743
273.9639223
287.027181
287.5203177
283.8044235
285.5200271
291.4665383
320.1165773
326.0490799
320.1780547
286.462379
281.2436357
287.4393032
324.0859506
315.8890595
292.2523488
315.8678315
313.6302451
299.6344042
287.30686
267.9405041
293.3305234
297.1037324
294.67426
295.0495039
296.6900316
313.2719478
296.1550825
282.8220614
283.2971661
301.6342307
315.5152712
305.2586821
275.5750251
291.1514208
305.5732371
314.3173891
294.5241711
307.5220587
298.6745362
293.3239196
299.7013067
311.4769912
290.8603899
297.4166443
285.112619
280.0527106
298.8589965
294.5228997
284.7013054
285.7094412
287.9276123
296.5537111
286.6759918
279.879513
266.1602692
281.7857148
277.5596536
276.6543245
272.2083958
284.9730928
324.250753
315.2039224
297.7436099
305.8481341
297.9783493
289.2608884
285.8580757
307.3242666
311.8899266
322.8213227
314.3970532
306.9540661
306.8464722
295.9964261
323.5637858
293.1617869
290.6670783
306.4141115
308.0292362
309.3317966
299.9545278
324.7726105
339.367189
336.6323567
329.097107
315.9867681
294.5590004
302.1046653
306.2586133
316.3751025
321.7824022
318.1421098
303.9340729
291.148123
283.4736991
281.0340038
299.3533607
277.241494
279.7610668
287.4451425
312.9950387
312.2348751
275.5775137
287.4721412
290.5401978
318.009397
323.9263561
328.1728783
338.2930809
332.8538583
312.4418744
296.611727
306.4426889
312.2574879
281.7195781
261.4980416
250.9601119
283.5532809
288.203172
309.9544083
284.8913703
295.4704869
298.1805105
298.5697782
296.2893995
298.4854714
299.4964066
313.0576569
329.1994923
312.7752616
306.0784143
289.93931
292.3492129
309.5241839
334.0435472
309.315286
290.5189785
310.8218103
300.4267942
306.5688385
279.2300658
292.1693092
282.578015
296.4486473
303.3273146
299.7098476
297.6266357
293.8474625
310.6709815
306.4043546
277.0490327
256.4250078
267.2182981
266.7729037
271.0383336
276.3170453
266.7295664
273.1223442
270.4211712
280.3419235
317.5148175
326.7250684
315.0156887
303.346345
283.2964613
276.1466094
296.2160641
309.2467989
312.6514399
285.4523937
294.5154999
299.0888322
290.1389568
288.3542951
276.5177814
287.7372534
310.2702329
299.6448225
301.9594522
300.6906488
312.4927467
312.0163789
280.9466112
279.4068108
273.5680892
266.240319
266.0780916
278.5073955
298.4639521
320.8317624
327.3472183
321.0819353
305.3844339
317.0902992
309.1592683
302.9809691
293.0604729
314.4053027
318.3223223
310.1091337
329.6303822
337.5968626
331.4779
322.5846537
293.635272
293.8718981
309.8233959
283.8481533
272.6426874
301.5864159
301.8717436
301.8459174
287.0046789
290.209258
296.0363184
292.7185945
300.9650684
311.4630978
320.8192099
328.8993552
314.9980753
316.0983081
305.324641
291.5904345
266.2035848
271.0308482
299.3098764
306.5221894
307.6894297
308.7847676
307.768346
300.640275
306.5254233
305.6495217
305.7719721
301.1954112
306.4924018
304.376065
295.5486476
319.5417943
320.4872212
301.3289534
288.525243
275.8457369
290.3260879
289.4663375
268.4954507
276.8311045
282.5417137
272.6578302
277.7123782
292.4715497
300.5131308
271.8070189
297.5388271
304.8450936
307.7233716
302.5173428
327.3901631
326.5736733
305.5429264
302.2693536
310.7371927
299.6802325
284.4725094
288.8976359
301.0138002
299.2059647
286.8462458
280.7016116
297.4546682
297.0303409
300.4024309
306.6278429
276.7422799
271.1151893
293.8577539
317.3117455
326.3156925
322.5365454
306.1053213
310.5097853
287.253869
306.1375681
318.3238519
327.7072679
312.5823119
310.2414422
282.2937004
302.4641256
297.2937768
292.1878911
299.8068491
309.9817799
337.5848848
333.4845826
337.7895279
335.3299146
305.484281
298.4284892
321.9822139
299.95004
300.3960669
311.4750297
321.6091724
342.7434164
333.7650243
316.9040757
332.4570784
306.523822
282.8829077
295.4306563
287.7704692
291.9154678
289.8029319
321.9037029
300.1303643
302.9327629
315.838487
334.0849566
301.4151783
293.9203189
289.5448689
313.0335853
324.8544413
315.354054
320.9406176
321.1089459
319.6557424
341.3230679
312.4654563
305.6986896
294.557943
297.603013
278.5144973
260.1144187
277.7809328
296.0116109
306.8660335
308.6188266
266.8026832
290.4149834
307.944971
306.8251606
321.5562352
294.6191537
298.6504439
317.7896281
305.2970233
301.940576
323.9595125
318.8088781
285.5109432
292.1449768
290.4935514
262.8333458
264.7552385
275.0971461
271.1874426
275.8194958
309.8983638
315.8666593
299.5745821
289.3094664
299.4109971
307.936175
312.7634618
288.4792252
296.7816251
317.1396003
302.6287688
299.3251433
312.5957321
313.7146959
314.3183289
319.0892124
307.0059899
313.3261329
320.2819711
321.2048188
261.6068757
293.9827732
300.6454619
294.1421704
289.418325
315.8042823
320.505828
315.55415
309.0409727
296.0581582
302.2926176
313.7679777
312.109004
299.8797865
293.0498123
290.5953265
313.0488952
292.7022289
290.1282215
278.5909246
275.678318
257.4218531
269.7479842
291.9706312
316.7548536
292.5747663
290.606072
284.4550047
298.593732
322.4227899
326.1615335
335.584711
313.7128017
311.3594034
321.8953847
320.2348318
304.1008601
290.2125757
292.5761281
279.2370498
282.71793
283.9610154
280.1355636
282.0807416
281.1201443
304.1180358
314.0401759
314.6931953
317.1502394
296.4392523
303.4918903
297.9644568
289.6460904
300.3454566
293.5102333
302.2011873
303.3738563
310.5058556
318.6033679
310.9473253
309.8571615
291.3473031
307.7155199
300.8529837
291.3860622
301.4601194
304.9239571
309.8236882
317.9513436
319.4016951
307.9722252
302.5931998
303.5010085
310.0923701
328.4167113
328.7498369
316.1207012
314.6873643
293.7729557
302.606381
301.5129651
300.9229535
294.2068078
294.7797961
294.9805136
304.1780772
302.1585315
308.3266035
297.7141545
297.4346042
269.4172744
283.4497805
309.0181355
316.7596357
297.5273923
323.5607515
327.4732344
333.8652337
305.3917984
307.1918252
310.3718961
282.6268738
303.4998045
322.3602389
326.2232901
321.9967124
321.2896083
324.708881
294.004198
295.9455776
286.3210791
291.3471661
286.819905
268.6002738
292.2776354
285.8091717
296.137499
301.8418625
303.4001709
316.5955811
283.5566238
288.5573262
303.0286476
316.4716671
319.32896
303.0417211
298.1071307
292.0263082
319.5344857
323.8859239
322.7226889
318.907906
320.519806
314.9372018
324.5824319
321.6703134
310.2138121
296.7000006
292.1223822
286.9125138
300.7218697
291.3192631
277.9274311
292.5865143
326.674454
320.1797032
302.1835126
284.8321098
280.6498232
284.6137657
270.3906315
287.769679
289.9022481
297.4596208
304.7019309
322.0259956
286.7770646
297.1562658
315.3856651
305.459839
305.2465038
317.7302079
293.4957682
288.0274514
288.7438469
303.4108274
296.9219213
295.6850907
316.1455905
296.0683799
275.3304453
267.7208883
291.2059208
296.7718238
294.6957724
302.6714529
274.882732
298.3737417
303.025843
308.8331458
297.19214
293.8869752
311.2532314
311.2850131
290.9726293
280.9629593
274.4290912
283.4111754
284.636305
281.2451715
292.1183272
291.7805821
283.4743711
281.5859629
263.2126157
278.383197
280.9706243
274.4963373
289.6060838
289.0597981
312.666414
308.6838896
290.2207711
303.620574
313.2806109
316.089225
320.18811
313.2023497
293.8238768
306.4092328
288.3113769
275.3963596
296.4060386
299.7347921
318.6523519
320.5140833
318.2307362
304.7277399
324.7542765
330.747568
301.8908969
286.5783798
301.8780948
319.7404938
319.0797465
285.3611867
285.4121996
316.5593369
332.2069134
319.9176643
321.500767
316.3783852
310.8548419
294.0079276
285.6683845
287.6441884
319.0368178
325.8827306
324.0235973
311.4613572
299.2514021
311.9028589
327.5788142
303.1836817
286.9008108
300.5428027
320.5698938
295.1809786
272.8813244
272.9316246
275.6054181
271.105589
270.1063703
284.0610309
300.4638994
304.3638106
319.5186206
322.0594876
327.2866193
313.8314404
312.4890629
312.5400034
315.3543838
320.4842448
332.387174
323.1048912
314.1547221
316.1178348
304.7405531
284.3910486
287.529996
276.5905619
294.3932593
301.5132152
310.1021515
305.4464421
290.5667952
301.3636295
300.6722275
300.2642244
337.6924318
323.1272738
319.5701697
316.6725347
295.6245406
290.9891137
264.035536
251.8919843
266.2245959
277.3057712
282.1184373
272.4150496
295.2460946
278.9422068
280.8192518
275.4587308
314.2412206
319.7059309
318.5912406
326.5130234
312.2613126
306.6156475
304.9391529
310.7737957
299.7811566
297.4134921
276.2384429
282.9248881
279.0935022
293.3738488
285.4395971
291.1165975
286.2267697
293.5879613
293.252439
323.1383258
310.1221441
320.600803
330.7797373
298.5618923
287.7506998
281.5043167
282.4037466
289.4714416
300.790295
307.9136245
287.9104738
318.0467877
306.9943751
297.7208513
303.0299514
292.0254733
311.8199191
312.276445
303.9797626
300.2232384
291.7184659
280.2639384
274.3984658
301.1667182
295.5151297
299.9051775
287.3944226
291.3478597
288.6902895
280.3514092
293.4632675
302.631412
306.7227897
302.8768079
290.7943734
284.1783464
282.361406
298.0252287
291.2323597
294.1288715
319.5826752
333.7810204
327.385414
295.5196996
311.985171
306.7529171
289.8810088
268.0913489
297.674386
295.927579
270.5772512
276.156115
287.5691936
308.7692555
315.2948378
315.1224491
325.142685
322.2926702
304.0281881
294.4816971
272.9825651
271.6726897
267.2324645
313.9064487
295.049924
309.3847969
305.0167105
315.329533
310.6245258
294.0869494
313.4932821
316.2292537
306.8320579
300.6667692
291.0044725
312.5891686
314.8002864
320.0795906
321.8830631
342.0766627
323.1197314
318.4517745
297.7740413
279.8307026
313.9979361
326.9845346
327.3195742
335.5171468
330.9423798
293.7767971
281.7412128
257.3137875
271.4541548
270.3954672
299.24062
299.244447
307.6649254
312.044324
306.5429593
288.1900026
290.0941004
292.2632248
301.8556833
292.9223306
297.7016314
301.6180976
301.3603681
294.4595232
291.0806533
302.0281674
291.1156484
310.7423464
328.9165854
295.2483646
298.0691835
304.2514443
319.6533173
327.3136754
315.3321261
311.716379
324.9204021
349.8745038
356.3666002
322.5535454
311.8360163
316.8311907
284.2927524
305.4376914
316.7111365
333.6962807
313.1443885
309.5889411
304.626961
315.687225
318.4854693
329.7495703
314.8242645
338.8534525
326.26309
314.1325875
300.3038377
273.6434887
267.8094736
288.6235983
277.7315187
284.2795419
299.3184029
328.581828
308.7260691
298.327033
316.3708414
304.5107336
305.8059247
289.7422981
284.894343
271.0668899
289.7262917
275.6225051
286.1856906
279.9854788
302.9157486
313.4172661
314.1269705
294.9800003
287.383783
300.313105
290.768834
286.7205411
294.7419788
280.0256186
261.0046363
285.5268635
300.5839253
293.2121853
295.5745682
297.8990881
289.0068178
301.1504114
307.3439334
308.9527655
321.8993623
289.4783054
280.9022666
283.868053
279.4005946
298.7519091
289.7786253
287.8357347
298.7430365
303.0018854
308.0443188
285.3098377
279.6759349
271.5025831
283.9376863
288.1019486
296.2809482
285.3729986
291.9024898
272.2788621
264.4147971
290.3323041
284.6889341
269.7190493
299.6165584
293.9724163
294.4234802
284.8421452
276.0282034
273.008188
258.0526774
243.7486373
262.7628178
277.081411
275.0090614
303.0096488
299.9880356
306.9463945
296.5758045
299.5993554
307.0458717
308.6737185
286.1580101
300.3161425
321.2140784
315.7820102
319.240426
300.0870728
311.0509522
304.3249307
299.4279783
277.4131213
279.4523937
297.1689119
311.8991044
294.4405314
315.815473
318.2348626
338.9293086
321.9179327
307.2902033
314.613962
310.32722
317.3244395
314.0416958
296.5599433
277.7677253
274.0737833
280.9250217
277.5669627
272.6954388
284.2904215
282.0393126
278.960432
271.1181295
282.7358917
282.7258413
305.8271036
312.9294981
330.6209264
301.0710901
280.9670368
277.4519797
298.4743186
299.8887508
305.214694
299.4469402
302.3219276
315.6317553
313.1295103
310.8037074
308.3501278
305.0377682
300.9556334
303.0113439
310.006426
307.4343468
323.7909078
325.702128
308.2556632
333.6112561
334.1138814
305.6963064
303.73509
310.5032664
303.4325284
308.9802859
317.3975525
309.5486246
299.0553239
312.3027635
315.0654762
305.4125619
311.4532939
309.5992491
323.3554561
306.9517067
283.2868179
299.8384306
285.2226064
287.5774703
287.8646966
291.6027722
300.7198138
313.1674027
300.7601079
294.9635584
298.1585349
290.5707582
312.5082031
296.8159683
284.4387515
289.0894774
305.8773745
323.175811
337.3759674
342.2702808
336.0803459
313.6275838
316.5248317
303.78401
303.9268715
309.8034566
303.8748717
310.9236178
308.775133
297.8889981
288.7965894
291.9380926
303.5574885
315.129535
338.9434521
326.5882463
327.4664318
320.4110696
310.3324837
284.3093373
285.2276565
323.058259
316.3208273
313.3984003
308.7482851
309.6305905
311.5407421
302.829153
300.8913545
310.4015879
307.1296323
289.1741709
314.6399858
296.2476362
267.7019244
279.954809
278.9912615
275.2258451
315.8914121
308.716038
308.3043743
296.0578187
315.5562668
324.1624661
302.8319389
303.9206285
302.4257274
305.8134521
302.6010368
310.9190551
338.6325479
314.786185
323.6574176
324.5294526
306.2285403
298.0800481
288.745081
312.5772413
304.6058453
290.2701022
276.9050272
272.1056697
280.2193598
294.3438509
294.4183905
297.4639014
306.3304471
322.8653095
337.8932282
345.2724273
327.7364893
324.2688433
308.4273621
300.0807097
305.3252731
315.4358415
296.6475527
285.9665833
305.2643929
303.423257
292.3374833
280.8802786
282.3797074
305.1081676
334.3435072
343.2012537
339.8695995
314.633123
273.5181658
275.4286947
298.6757944
302.3671051
338.7511209
334.5308303
328.210422
315.0218642
351.043387
358.8750144
349.4468548
338.4759028
327.0423426
319.3587966
326.1173055
329.4126019
333.5450414
316.146462
323.3831936
287.191214
322.1740491
328.8954969
334.1255045
319.8251995
304.9077664
312.3933803
318.723557
332.9996646
343.23275
304.4474162
308.2639549
311.9020502
311.8391284
299.4686661
288.1639447
288.3184688
281.9555468
284.0328161
281.0624627
291.9657467
286.5044226
289.7896989
286.7771563
292.911724
284.9049682
287.9562158
276.7657752
290.6416909
297.1173955
285.9451024
290.4495492
300.5173368
294.4310459
291.6274241
276.986099
280.1650271
304.4866495
291.7718313
298.7673378
310.2627455
308.6076355
302.5034721
297.8025008
312.6225949
345.9226537
361.219157
344.8870857
335.9315082
306.1459965
307.4506683
309.1591988
309.1066401
312.6476227
314.715153
304.7016066
292.9631453
310.0268662
328.6932333
304.8663413
308.3372749
302.0479716
304.2374538
325.1186924
320.5449038
316.1557735
319.1470328
315.3865628
301.8431484
297.5686881
314.1213395
310.6059605
311.7796104
320.7725614
302.7517238
295.2551674
285.6138718
302.8416085
304.2923419
301.2019198
340.1271365
334.3224758
320.3800585
316.1866859
297.7055828
286.9382178
302.9740137
319.0035327
317.9725321
289.6700926
284.9016319
301.2951374
308.159174
308.9942008
284.0412021
276.2415238
288.6649325
295.8946542
316.3665123
328.3460074
287.9448999
289.8641101
296.7521154
282.2927188
266.7849614
295.9866519
291.8699452
291.3981747
298.5643893
308.1733754
310.1648855
293.7765877
309.412192
301.8240757
307.502524
294.5785581
286.2519648
273.4771691
278.521981
277.8040279
315.1985944
305.337016
314.6201205
303.7088644
323.6628327
324.163606
309.0297075
318.1224283
312.9829172
288.1833197
291.4847261
286.3945128
288.9236955
291.7057444
292.8144813
285.2674612
309.2593509
315.7402621
310.598171
297.2878941
282.215841
289.9885439
287.3022481
295.2488749
299.4393658
303.1940249
300.7144166
302.9399078
304.9075686
309.5829439
287.0196749
297.4499117
298.7079515
307.33071
297.6934922
294.8690868
297.5412199
296.6342164
315.583692
292.98937
303.8270543
296.5483597
302.5564883
296.5521361
286.5475243
285.9157865
271.7654556
277.7020184
279.3090555
299.9315309
309.1537092
311.4353115
317.0214971
294.8802079
303.6996481
323.5864132
315.9583895
312.6569147
327.0374407
329.3544395
310.6197724
297.4437155
299.2620738
267.8257993
276.0040632
295.699577
285.7288585
274.6814481
273.2175677
273.2416715
273.980768
289.072512
292.4679843
304.0172617
304.3813692
295.1198982
294.2589044
305.2184856
299.5293461
286.9502077
290.3338043
301.3798463
304.1783926
299.5438883
307.7935441
290.441774
283.3077665
297.3451373
306.5089562
300.4995632
292.2541218
300.1503945
295.898914
303.7744084
305.2484338
290.2697644
301.2863682
303.6335962
308.8507964
307.8158798
286.7113568
294.9701564
287.8999537
306.8718733
296.9522435
298.6930866
304.118926
320.4972726
309.0930134
291.1612593
310.7549018
312.3847343
303.3951912
310.944348
312.606615
299.176891
282.0443643
282.2254782
284.0033464
273.1323084
322.223858
341.4381336
323.713892
315.0638713
318.2959818
318.8331445
317.9955133
317.199886
304.1683598
324.1469263
299.2163376
305.0334333
323.9632113
317.0564768
320.8574514
320.6229735
294.6261525
289.8911428
288.4657181
312.7720026
348.7814406
326.4244101
330.888219
312.754421
305.8573367
306.6438115
306.0680136
312.129328
322.085001
303.9694362
315.2432621
310.5510299
297.5538812
297.842559
297.572423
317.7777586
288.1097913
285.2791535
315.2919993
334.4628541
283.5213002
291.5936453
310.9767216
330.1886639
318.6625121
319.979696
298.4436488
305.0448031
319.0642553
325.26025
322.5988627
309.9559328
293.7173927
294.5238146
298.2588161
294.4021322
295.0446874
278.8489397
263.5238568
277.0468605
309.5517494
327.422705
310.4103411
270.9564907
263.2529425
265.1276246
288.5772977
294.8409561
302.2088105
282.3171693
291.9685442
311.4414043
334.5978759
337.4109644
335.9683144
312.7624091
295.5514247
294.1528023
304.9156877
304.2940733
331.0501567
309.3610645
287.7613153
291.8420631
316.7223302
307.9730174
294.4208073
288.8178456
286.8209808
297.6658312
278.6615193
285.5072106
296.2119975
290.8975793
300.5727542
302.3413896
306.9826654
293.9225538
280.1509305
317.6449976
298.4110787
314.0779302
312.249037
307.4483896
310.6486418
306.23342
324.0964421
321.624517
306.3162219
300.4634382
315.6578585
310.0865259
299.1282878
294.3459242
308.4990935
330.2999687
303.906289
296.2158663
295.4156764
291.0408594
297.3416627
298.4662828
297.2589343
276.6519701
284.2200666
288.3417901
300.2927896
288.6259361
288.1442221
303.5227443
286.9388142
279.7076081
274.5643246
267.6884164
285.56672
296.0919273
322.8307354
296.5086777
292.0387715
285.4464869
315.076212
288.1305201
297.2492848
290.3199029
281.0957873
290.9274628
312.7416153
317.6227702
316.8037745
297.4753388
291.8325609
294.7454185
295.3672634
312.5792297
309.631167
303.6526327
298.5698811
293.3109634
312.9622484
327.3843518
295.7909617
297.3193004
293.7353513
301.9239283
310.9164
319.3070035
311.9564538
301.9874249
314.8774271
320.6369421
325.263454
320.2411379
313.7186008
302.4460467
284.4253113
301.5514746
301.1323518
304.2376547
292.8697001
317.9444925
260.4398309
270.2209639
283.2833656
295.7625189
300.8657629
277.840854
288.1401544
273.3253515
284.9309696
294.2268968
304.9401131
293.4354649
295.2870049
305.8426129
290.2307072
287.5989644
273.1964108
289.6418136
290.5381706
260.7404109
260.7187632
259.8121397
269.8525059
286.9589168
305.6032036
315.2901022
318.1945145
289.1090041
301.825835
299.3375889
287.9187888
262.0352958
273.1323941
287.5009519
309.5065356
321.0150767
305.4741915
276.9026894
269.5175235
267.9342674
278.7468888
284.8690614
308.4814322
293.3511182
283.3861647
269.4633952
256.3229869
251.838234
266.5269797
275.6482658
289.2473922
292.8030909
305.8645544
313.9123898
294.3531733
287.9715406
293.8726675
300.7994789
288.305174
279.0761113
296.6603221
297.1352892
276.4860236
276.2421415
286.0321868
308.8774792
315.4643044
304.4717124
302.8394379
305.6171737
311.3016949
316.2538046
311.4398698
322.7888486
320.2309758
314.0078681
296.747621
286.4984603
291.252033
291.162378
308.9097226
303.6569019
293.5632846
300.6338874
316.9811077
308.8460056
293.9739607
313.9442954
308.719684
301.8589447
289.835589
302.5036287
312.5815251
306.7006857
312.700855
329.6074574
318.7147038
299.9762204
308.7597758
303.0711413
296.4732138
295.9598558
305.7370423
325.5882087
305.2299698
310.7367904
306.7104856
301.3860517
298.8279206
309.4152976
299.4575705
298.1691745
290.8477403
285.3321105
306.4288116
322.6840399
329.3690697
318.1513319
299.033643
292.7827533
281.8580372
274.0654654
265.2447054
284.3503317
285.7804376
296.0065835
296.0225005
284.9260394
281.0745157
266.4824625
272.4862859
276.8431868
261.1134817
264.347793
286.1402042
274.7350504
285.7753261
298.0358906
313.9804797
315.8091529
302.121937
302.7459043
313.2839142
305.148829
293.7352584
297.626938
298.8168463
299.1731816
305.3981672
312.0948968
289.371892
288.7593994
306.1900148
290.1584184
281.4098549
287.7400343
308.1457604
297.2823356
301.192926
298.2640104
294.0533648
315.3219376
306.5907955
288.2177895
289.659761
309.4712872
289.1264989
306.7207087
306.9505154
315.2028931
314.612279
302.5233267
276.051051
275.660186
270.2927195
289.4015608
287.6089779
303.2327135
289.8815146
285.5197028
279.9936528
286.5098619
300.3026636
308.00657
318.3434928
296.1167088
284.6505446
299.4853455
293.9862552
302.1820899
273.1358781
280.2195188
287.585702
294.4794246
293.6511625
287.9465344
282.3912841
291.5373001
295.6802571
283.6238578
295.3395613
306.6428112
317.853094
303.7827552
318.7671138
292.4658343
297.4862848
307.1413801
288.364667
289.7548577
298.7767688
278.3416587
267.7698006
239.5985685
278.6399844
292.3830213
304.5094351
300.8362738
277.3833548
286.6605058
278.6779978
268.6640788
281.4041427
293.5936458
303.9757037
326.1777361
303.6881219
303.1244076
290.1303487
289.83376
303.1465901
300.4309006
310.7766283
328.3632518
320.7052501
298.7063447
305.3673514
304.0243609
298.7713775
290.0153847
269.3149816
297.7499588
297.3265506
308.1106616
309.4606794
317.9900094
308.8416867
328.6348893
333.9769226
335.4965285
330.5489842
342.4107081
336.5288614
332.8393966
339.3669279
324.4717571
296.3615566
293.3552699
293.477077
289.3079642
297.1675993
307.9873044
294.3198099
292.3320626
296.798698
292.6719263
294.9817453
290.6835875
300.1300955
308.5591682
336.4037599
329.927315
313.1569527
287.91155
291.2184917
294.1332322
327.1662937
327.4690235
319.1798623
303.9531586
298.3305038
290.9973526
321.6033681
305.5772658
292.1645546
300.4120172
287.2595042
264.2545165
275.2490899
296.3838678
311.2299369
292.5344909
289.3757476
300.4545466
289.5281825
307.3710723
304.3239519
302.2864225
299.853199
295.5994407
298.0413631
290.6335529
279.6828745
265.7765401
293.8045564
289.3223844
284.6352249
292.3310497
296.9283371
296.2562593
297.7337777
295.9921841
288.9349798
282.3072261
272.0447333
285.4045283
298.98896
298.8865152
288.0944856
298.2383748
318.6694946
323.555967
315.7505657
310.0444724
302.0897898
310.0730323
290.485497
295.2612091
296.4985802
262.7202596
262.3822842
266.3999981
285.368348
299.6749999
322.4363498
313.9697731
293.9496598
293.3098597
305.1309974
309.9158581
316.2554338
325.9256675
304.1569216
299.2182277
304.1323565
302.3592741
318.5776971
296.1738008
289.6170294
295.525023
294.3776981
309.5365843
309.8913977
318.7279991
311.4732847
309.4806699
303.8265697
307.1002114
312.397778
300.0914219
277.8498972
273.0443159
260.9778998
269.692071
271.3381246
264.3625637
258.7176761
261.5070262
283.0992018
293.7834049
325.5621903
307.02838
293.2359502
278.9772379
276.1352912
273.3457972
270.0148149
255.9317489
284.4645632
291.6341528
309.0161454
300.490268
300.3831645
292.4733086
284.1827357
290.3760944
305.672892
322.2761637
330.5447627
327.8772766
317.1457794
314.9317308
301.0692855
294.7161398
291.1846072
274.5130133
286.3754414
303.2951007
301.4609952
308.1219754
292.5761769
303.9668643
310.9243929
316.8411178
321.5389971
319.2285487
331.8014962
322.3942612
294.7155536
281.0862776
305.3992082
289.5520202
273.7227201
278.8184832
291.2091908
311.6880017
292.7672763
287.6942943
286.8451803
285.1723135
308.7969868
327.5781998
307.6310479
299.013838
309.5487688
313.7556238
306.5322898
300.7953945
292.3107663
292.2451103
285.9070989
291.188418
305.8489196
294.5314377
286.6723804
279.7597254
286.0216524
283.344923
293.9908277
296.5465773
303.0821546
295.4660882
300.0729354
309.0609902
283.9769212
307.239129
312.3891491
316.5674884
308.8584336
301.4129209
297.4250521
299.7531033
301.3580481
314.6134758
309.9689086
299.4316972
295.7315169
294.6930194
288.6542029
283.0681246
302.1302482
306.7709216
296.9797364
305.2450969
297.7268762
296.1194335
285.2259205
290.8213219
324.4250891
318.440111
315.7745774
332.8440237
311.6546882
291.2216807
297.8088752
291.2273677
301.2497225
301.5940687
292.8189662
304.5056155
296.7587804
276.5208486
254.6084066
262.4658103
267.7262807
279.6101144
292.9415715
307.5324107
282.4894673
296.0970484
290.0197278
281.5788359
273.7885904
281.517976
302.7529332
298.2699222
305.4062982
294.8763138
309.7144643
280.6296856
262.1680266
265.2480242
267.8405002
272.8661552
279.8626721
275.0029114
302.728532
285.2235264
280.3496408
277.8764531
288.1380279
296.4886577
313.117835
324.0658932
317.2661573
307.4746018
302.4256895
287.5642512
271.3938503
258.9361631
272.424995
271.757647
288.9869755
290.5817796
294.5791581
286.9435438
268.1209477
271.3878544
285.4542592
294.3133367
288.1820775
286.8332637
274.5354582
279.0008156
277.2864408
293.2324967
289.5014347
290.4994533
307.8862796
299.6256679
316.7039406
327.3414367
324.8837482
322.9689272
324.0331563
324.5804644
330.6321267
342.7596267
317.3460951
283.8062315
278.2096306
276.2466904
274.4804893
283.442587
279.6712325
294.5616165
302.32396
319.3584449
341.589456
324.3472313
298.0151941
308.7012472
312.2243289
311.6461271
304.6113891
306.0340375
316.6580129
298.1946093
288.3781268
319.2393415
302.5967745
308.7694132
296.869245
303.1858054
298.1640433
291.034448
286.7862671
286.2558682
305.0333649
306.3442268
324.4626173
314.3290236
317.9804751
324.6390239
326.7597119
324.2741808
299.5171701
296.3143028
288.4487334
282.0426464
273.5983051
283.1223903
306.6578369
312.9827035
296.5547921
315.4995407
313.2384658
294.4367804
303.4091627
319.7476322
324.9371944
321.1167434
317.0561654
316.6941137
313.2169908
304.5726726
329.9123434
329.4648439
305.3377876
305.6043458
303.5456184
306.0603552
305.1809385
308.8027421
325.942897
339.0003093
326.7910686
332.5968477
339.463892
330.797451
318.5160679
307.5335784
306.4022784
302.6506249
300.339295
301.0542735
272.720183
285.429294
284.002815
272.4395598
283.9698245
283.5767578
290.6369626
297.9784067
303.3726427
297.1770017
306.1130709
317.1540224
343.8019525
323.3683701
333.5886028
309.6299856
314.3477039
310.0841928
300.1993369
302.7050364
302.8865093
290.7232877
285.0925109
292.0290297
290.3254403
279.0287659
280.194388
288.3045912
314.0087564
317.5114974
330.9093117
320.0370989
310.5240481
324.4937094
311.1224964
308.6595071
313.1802123
289.3892412
301.9079819
297.5408264
301.718855
311.8715153
321.4353487
312.9248637
314.6699484
309.7875539
302.7711282
287.8682923
288.6250853
274.2213486
266.1547739
273.1896393
293.3017821
314.3428709
321.6345161
337.6991005
344.1926682
333.9363828
310.0980372
284.3896848
277.4647754
291.1667259
281.8593168
284.5640605
271.894554
291.5920669
283.3985242
294.3694573
297.5652691
319.6483527
306.110485
305.7225757
312.143991
318.8478952
295.1881789
299.7531731
302.7721584
310.2155824
312.7525027
321.215327
302.9688011
280.4907131
296.3556308
305.1303816
280.2870655
281.8564629
283.629654
301.2659746
294.0565631
285.8078974
280.8656521
290.7663061
295.2651571
290.2695132
298.0545988
298.2972927
293.9570921
295.1832817
288.1055572
298.7562825
320.8328619
335.754086
340.2964668
321.8340789
281.3298908
280.8799319
300.5560998
303.7754478
300.0528898
303.4807753
293.4307327
312.4719109
308.2808435
302.0817403
290.1368146
282.6341768
290.9116105
288.9249169
286.9314529
292.8661674
272.4588743
269.9473301
290.6516209
301.4688114
299.9763071
294.0408643
294.0428284
276.8917083
280.4153388
303.0058939
294.0216061
304.6408438
308.1997383
298.0174863
276.3883364
285.5735554
290.6917734
298.8204011
299.6745935
292.011908
289.4897566
291.6374274
304.3837339
317.3049209
303.7256925
312.3708994
303.6738843
314.8935441
299.1019526
299.5082427
291.0368648
288.7391479
276.3687311
284.7581915
332.5282148
325.1092228
321.1760732
309.3399655
296.528572
287.2566156
274.9003116
290.6349818
280.0611254
296.3642082
279.4236997
273.3322268
286.2043524
312.7867898
309.800406
290.922183
281.2666489
290.7745922
308.8611021
314.6623298
252.0654818
245.6398143
251.8782571
263.5268712
281.4172467
259.1857533
297.5940935
300.9900772
305.8366644
303.3176806
315.710867
312.2711171
294.7257105
291.9973625
293.6661729
302.8397211
284.5165134
278.7369217
290.0371106
279.0357889
293.0879023
296.1196731
302.4254363
282.9874348
287.0656208
300.5167951
291.0170368
298.1708808
282.3866371
296.9608979
268.9529141
288.5523034
321.3035433
303.3938175
308.559676
296.699843
291.1108048
294.6333368
287.6700545
302.5869441
309.0610275
313.2433681
299.7132963
299.2172956
282.9428232
281.2124688
297.0296703
304.623834
310.6964568
307.3642112
322.9242546
318.6127068
295.9101914
293.9788268
285.4248438
268.8941866
273.5485748
272.6944248
297.4049147
292.6660713
301.393495
293.2967031
294.4827468
310.3708862
324.9308797
320.3647482
321.3892558
294.4020699
301.2224907
297.026663
304.3668478
318.2491022
324.549835
305.1678935
271.068254
277.5996401
270.8380143
276.0827729
269.4092867
303.3571185
275.2766448
275.0584837
289.4722812
284.0379163
293.9719233
294.2989952
283.9569501
310.6276312
313.761645
322.2235661
333.5327923
309.2577308
318.0750911
298.8496525
265.5918535
276.8300834
273.6818092
293.7464536
301.0548879
290.4940959
287.2025617
280.1550553
272.4043038
269.4748305
275.9828707
289.8797012
312.0627855
327.4144327
348.2605218
339.6309071
324.5899621
303.0474957
297.898563
315.4886807
323.8651406
310.9291786
315.7185772
314.0275336
311.0758765
289.2862212
293.9516672
314.6549661
323.7237149
321.8155357
314.0120532
314.9053688
295.8252989
300.5900747
299.7538716
290.5913493
308.2652121
304.0705948
305.0317193
297.0712496
320.9922467
305.0879941
316.5815056
300.202097
278.0528726
295.1430444
273.5891935
276.549041
256.988197
266.1301705
288.7402222
296.9492764
310.1230399
304.3625636
293.1465623
302.9190223
286.220679
298.6664013
293.3149442
292.6759473
302.8250796
298.4207472
297.155245
276.7860487
280.7924275
279.9825836
285.8773737
297.1510331
292.8498457
300.4970085
295.2259977
292.013033
298.6481184
292.01738
291.795492
283.901716
291.883185
295.0379651
295.6043871
295.1030181
285.3163517
317.8545694
318.3429159
314.7688915
280.789357
270.2605931
294.8693588
285.1407754
283.1899315
288.6818473
293.0743659
282.5862182
283.1927742
277.3775656
289.4741467
299.06721
292.8969295
292.9407767
291.1284987
305.9853152
296.1052672
275.8635276
285.0118314
297.4463558
294.4493186
294.1849115
295.1567323
285.1327063
261.1350305
281.7017347
291.1131119
304.6611375
305.5359321
300.6844369
304.3935479
294.7027494
314.1234544
294.7013666
314.0838606
314.5522101
311.1265535
317.1980028
316.3940043
324.4305323
314.2326193
307.0670118
307.1053486
312.7828464
294.0771797
280.7476281
298.2285687
303.0312145
309.3135041
304.4115832
299.9971162
326.5247959
332.526833
314.9933934
311.7356692
296.6560423
296.4674054
301.0217637
316.1694127
297.4947253
293.7688277
298.4223412
311.0698386
297.4563323
303.3521637
305.7960063
312.4984837
299.0290442
272.2603667
288.4079921
289.0474108
305.1633257
307.5479224
301.0044017
304.9339061
306.0312378
310.3838046
314.06818
284.7229664
306.5110891
322.9517552
312.5226091
286.4529881
290.5716042
282.9631835
287.7161749
277.9915756
274.1744262
285.8764845
290.3321895
277.2145523
281.6240123
307.1544892
310.278232
306.5976078
291.1647269
276.9750065
275.6583189
287.476809
283.6078435
276.7057272
297.6309403
336.3245896
322.5701918
330.0781653
331.4171442
328.8470341
323.3781573
338.7997144
328.4348716
306.5080064
311.7008439
312.8074526
306.061675
316.8361942
307.4267277
322.4902789
313.7900014
328.9078418
348.9570994
360.851181
350.2406657
310.1400841
302.1481593
318.651358
306.6364949
301.0806282
296.7650902
311.1747622
329.3836164
335.5026437
336.0068695
350.31101
324.1444524
330.084182
300.6863956
285.6360606
307.6573887
321.1901327
310.573143
300.2503447
310.211254
305.5160852
295.1735832
294.1587282
296.2448955
315.0222788
297.7931502
285.9284509
297.6703696
316.9983197
309.3476742
291.8322648
317.7430433
322.6666073
319.639693
320.0135056
310.5961063
318.1805237
324.3920159
329.7111892
320.6509205
290.858441
284.9691233
287.8581987
290.0884763
278.2772447
271.2910619
260.5507369
263.9313526
287.7031129
285.7076719
294.0863857
281.4706371
314.1321954
321.0565114
326.1630145
307.6575944
296.0623393
307.7386095
287.0824798
294.1084668
310.9817859
330.788156
333.3663598
320.3587897
328.6485252
332.4061974
333.6873742
327.7782195
323.6933265
311.682304
322.5065878
333.4724168
310.5746707
310.6502985
327.2519592
320.2312973
306.6252753
295.619651
289.7725271
312.5411301
316.9014602
320.4024703
322.7308312
334.5761982
337.4450873
320.9434057
317.7691562
310.5005342
288.0314976
281.7239565
280.7609383
276.7178968
295.6879207
303.906139
315.3756017
318.8894329
338.8845912
358.9699182
341.7218263
306.5606473
314.5429433
310.3702562
305.7031449
307.2318291
291.3213713
292.1920886
292.2305347
306.0865654
306.5571253
312.58948
296.3148694
306.288164
316.3853264
317.8032412
327.7691607
340.7441541
315.4723417
312.3023407
317.0594142
308.5673331
281.0617162
293.9669608
283.3064951
287.3600494
292.3249906
303.3605808
302.9255063
290.001277
288.1152438
293.167525
310.4151483
310.5327325
305.9132697
284.8483153
289.1694707
290.5011721
280.248067
297.5385898
300.9527471
291.1660189
306.7492545
292.8440401
296.9464373
316.1031916
305.8649983
302.5487841
304.8738535
309.4684617
295.2990697
321.4566709
327.6532792
312.7335519
300.5359811
319.0878245
310.8653219
313.7320514
299.4380748
302.8147678
307.8668369
307.7504888
305.1456438
297.6299523
307.1204685
292.0300233
292.2382722
283.8629678
276.2336682
279.4431657
305.7952629
288.0122009
286.0893567
299.9526581
298.5166127
303.872836
295.3260581
301.3686681
295.7662667
290.0738302
309.4655298
320.1476644
308.0583434
323.3454906
313.6420259
305.0787647
311.2005
314.7232544
321.2494215
321.2890923
308.8987398
310.8576723
303.6345619
307.7438119
320.6662231
319.9091718
315.7531625
313.5203856
299.5715675
320.3224585
307.3560765
309.8015768
272.8489418
281.6951108
290.7930361
280.5945255
279.3067663
290.5969741
312.0666795
323.8228446
301.1131838
282.9124619
289.3419161
289.7140609
311.802103
292.8550345
272.3173054
281.0662831
284.7204459
298.2983984
303.089022
290.1596284
297.5409448
295.8443596
286.7688565
287.6703171
276.0938427
294.7154865
289.9112215
298.7685306
315.5020965
307.6912274
299.9876685
303.7344705
312.9980464
300.6726577
307.4642931
283.1164095
291.4746788
288.9062792
278.7465653
287.3161223
292.056672
286.7027329
301.6195883
304.2980324
304.1251434
300.7139341
309.2360522
280.7833217
284.9380616
280.9154886
294.66613
307.7594123
276.6594842
277.0106917
285.1638824
304.7525601
320.350001
279.5768436
277.4202766
278.8931128
295.4851018
319.3472068
285.5459592
277.3087461
304.3999177
307.9940237
323.6199847
322.6128333
318.5346716
306.8721969
305.1148619
308.5591712
302.3646602
301.6264758
313.5853501
319.8721013
304.3829845
303.234067
294.1933336
294.1483531
289.0564079
311.3613097
330.3715295
327.2012022
319.4689781
326.0603858
327.0128326
318.3920406
311.7731149
304.8645049
304.9050018
289.5080569
284.4117226
300.9685385
302.2499473
298.8365256
307.7957944
295.3147937
292.318388
273.4590953
287.8339425
273.9562246
290.1729128
290.4884329
308.5919307
303.7248143
303.8053536
307.2455099
301.3242518
300.6436033
297.3664229
328.4698906
336.3839096
337.7411522
322.3322835
316.1968171
293.2714435
278.2819949
270.3791597
276.1601757
313.1454272
285.7821909
289.3820716
306.0250544
311.7905689
318.2406118
323.9761953
282.0949364
292.3960579
306.5134574
321.3384535
307.2203964
290.9520393
330.474163
320.6991625
307.6314727
302.1472106
305.6332019
302.9177565
306.4602108
321.1578377
344.2397088
363.3149842
312.3929274
277.862759
295.4423771
290.782625
304.1656738
281.6253066
279.8006327
279.5471534
287.3289441
292.098604
299.8226314
296.1830521
302.9404338
303.7552587
291.6656569
304.94426
302.8853369
314.6573583
305.217922
285.1896364
286.7710875
301.7690944
309.7746981
327.6383218
319.6832294
296.9597438
296.3842643
310.486449
281.5186733
278.5781617
272.7954906
277.8639913
290.6690353
297.2392546
288.5321592
304.5101403
330.0879781
315.3662089
326.1741113
325.7805862
316.6569558
326.6048861
301.6534327
292.1856526
275.8350926
286.754422
298.04715
279.4674804
275.9728572
277.5870713
282.4556296
282.9098074
302.5102171
316.4353307
326.7753021
327.5189267
340.3689772
333.5133971
329.5393261
309.3296349
322.8672312
310.7371837
294.8023946
293.3216848
296.8930531
321.7368597
340.1203741
329.8001116
306.5928582
311.6855442
308.7240076
304.1391026
312.0000207
297.6973653
290.8385408
316.0967006
332.6222351
300.7303173
304.9335396
319.8284347
304.5936335
284.0579334
279.2056953
292.6271894
302.0388819
298.8651644
289.0782321
321.5015605
327.5818087
327.3416232
313.1774925
314.448751
320.0428119
328.5747179
329.4726441
298.0337241
288.200055
309.941765
292.6292421
299.9287249
292.7339076
287.1232139
291.8060017
290.6336894
286.6575378
324.3829903
305.3618553
296.2149558
297.9397349
302.0202884
313.7569722
321.0418031
301.3617567
312.9895605
317.6311735
311.5096445
301.6790805
314.8440385
324.0914274
331.6837138
309.9294556
305.1372883
283.2965994
279.8527245
277.1875879
274.8904061
288.0774478
306.6879168
323.3666325
318.4912459
289.6607412
283.8945461
294.5629994
299.0866573
306.5534583
324.548527
326.0891302
302.6595349
284.4528667
271.7266839
279.5484787
294.906202
299.9109033
298.1906846
321.8521931
311.9853248
307.505598
306.7743423
289.1593107
282.9068075
284.2530713
295.4460724
304.5895094
318.7711415
327.931019
314.9568268
314.4036877
298.1595946
291.3481123
297.0075006
295.8724926
298.8337257
287.8630663
302.5906676
292.4191682
299.746031
305.2275021
312.3385494
319.5679117
325.1996329
321.6770367
345.7676088
327.7145936
318.5752322
291.0691634
295.1341021
296.7949386
289.7615774
306.1244401
275.5682213
293.8135302
292.3345182
298.3574474
304.9037629
295.6353124
310.8664094
317.3349572
313.6842682
308.0689332
315.5481824
320.7053198
300.313475
313.4824778
317.8809602
291.7794125
269.4103077
271.4397161
305.0588027
303.5161065
314.8411313
321.6516263
321.1794644
298.5483495
290.8396072
301.5751328
305.8552544
314.2278588
320.8421313
309.6860086
298.9142405
319.2118021
304.700802
302.3481401
284.1078109
282.1825671
309.1719639
312.1690162
288.6418284
292.613904
285.4729262
305.9031226
325.9516702
314.6515285
304.2697148
285.3936802
293.262891
283.6330036
286.2828976
286.8743704
285.7917719
291.1790042
280.4733703
292.2937639
291.3073062
296.690917
294.19654
302.8158535
306.1302747
291.6512649
316.72664
304.1852321
317.2400032
313.1884967
305.4723795
297.6513488
291.551973
305.2321891
300.2373806
296.0997973
290.0214578
307.4315328
323.4492272
323.3477857
313.4763422
308.1854154
311.9488807
292.9489481
329.3690014
299.7308921
302.7131679
308.9233678
307.511324
285.3494305
283.3758518
281.160689
302.6657985
290.1588464
291.6876768
289.4187399
282.575506
278.303945
278.9132263
304.7769524
311.4413229
327.573598
314.956542
326.4823389
293.9395476
329.0385743
317.3892239
300.7297716
281.69233
298.0151378
295.7952895
279.0719349
287.5065564
284.1332333
282.3933812
301.8056644
308.035655
318.410089
310.2141985
320.7339662
318.7732898
321.5476029
303.8859875
280.6796996
270.9424852
290.2693234
300.6666614
306.2274164
312.5650818
303.2076835
313.3774336
287.4471016
287.2068041
287.8269856
308.1954455
311.1506047
313.3157085
304.4785881
323.9941801
338.9965674
337.0993294
305.3048315
299.0578258
291.4675552
322.5188664
318.0466079
329.6821867
311.8838144
307.8126185
296.708473
284.7890538
282.866682
294.6683689
298.5179333
305.2491238
299.6994447
312.7358191
320.8992035
312.5151471
311.4281172
302.0368324
323.6848873
341.4072464
311.877198
324.7590491
322.4819356
302.5676323
287.3426411
277.8503992
279.2821441
267.5937907
285.6910588
311.7042728
282.3897367
305.0153103
321.1089217
301.6958756
296.0436135
290.052427
294.933892
308.1022179
312.1273398
320.5155242
331.1132849
286.9550566
283.5262435
291.2120778
291.0755168
300.8683142
317.1905138
333.1870241
322.3171388
297.4295919
283.212404
277.8971496
281.3334494
286.8807468
290.4744433
310.3445523
317.0543684
308.9342837
310.7158968
303.7308115
291.5604748
303.8441397
304.0385655
302.1045333
307.1191334
286.8358933
290.4196813
284.6160875
291.4017863
294.3875661
298.3813014
308.0222467
306.4619784
325.4262746
334.1351042
323.0573389
318.9247291
311.8814773
311.2869461
309.0074022
305.3661522
317.4024264
319.4265376
325.1935412
332.8800347
325.0376345
339.7935142
337.0490352
331.2853327
310.1084592
312.4334832
316.7741781
325.259694
321.3828143
301.3190676
286.8510558
290.3687527
296.6419623
286.0231244
277.2618642
307.5364469
295.8629824
300.7769209
279.8015098
297.1624804
313.5728286
306.9949041
319.431275
307.8151574
315.0294019
298.8049143
291.4984723
288.4505341
290.7241291
265.7146049
280.0562316
282.3817757
293.8879518
285.4103958
296.9640758
298.3550614
283.1904981
301.353879
289.3773224
288.5706011
281.5103065
296.4408013
287.8339702
277.3352407
283.8330706
297.7323389
288.0367741
284.8263657
279.3293365
293.0562416
284.2149181
309.9597514
335.4642573
322.5601184
285.5855125
296.7833618
307.4233421
318.904706
329.9154999
316.5615417
300.7559617
282.3061791
280.924369
308.3355865
301.4103271
307.5710757
319.028154
318.7210636
319.3451747
311.8237103
315.6673824
330.2180185
328.1227929
334.5437351
327.6719634
314.617069
324.2446511
322.5354748
330.5774308
302.3418555
299.9100689
305.2468276
298.6233842
301.0682849
294.3100105
271.4201953
295.7189358
309.0257759
279.8630388
295.9205051
320.3467556
323.8298074
315.2172855
348.7879497
349.4744673
345.8797014
310.8268918
308.4917016
317.1938205
326.1102977
309.3991435
291.3183083
282.8363593
279.8595293
288.9101476
274.424522
290.4334884
296.9105278
303.6576749
297.308781
301.5190286
285.4504327
299.1236688
314.4546633
322.4050494
300.332915
280.7227856
267.7918202
291.259284
296.2827583
286.7549298
307.4411341
320.6280451
319.3896269
305.3741121
298.2649893
296.4740278
308.5754126
320.0370569
333.6077884
338.5923355
319.3949503
323.2415478
324.4354944
284.5848254
282.8943548
294.4769653
303.4510917
305.6855414
305.2250362
293.1097899
293.7702483
295.2729228
288.1076422
307.5965145
292.697273
293.4612008
288.6658623
291.2147391
269.6214871
280.1821188
286.3231781
280.2967361
283.647696
269.4798832
287.8815503
274.3992711
275.3600986
291.4326132
311.0778584
306.4867231
296.1238839
307.5495704
305.4407599
300.2462127
313.5425222
296.3864661
295.6769007
307.0463276
286.5692849
282.0724304
275.8795796
274.3356713
266.3481011
281.9689539
282.7475989
290.5535945
295.2650132
282.8360419
289.0484859
267.0868056
275.7439803
308.9704004
299.4243136
303.1644237
311.3788677
306.319001
317.7901887
308.7077608
312.9215013
309.8539956
307.2141067
299.925711
296.8965612
306.1744903
304.9548908
306.6607839
278.5622362
281.7446106
279.2086355
286.4040574
304.6323363
316.3217621
310.0030702
311.7526644
309.5000516
308.2588977
281.146763
289.3594506
301.6093225
291.2274468
298.543064
309.624013
324.4492288
310.1986072
312.7657351
311.4001427
303.2875886
315.4101236
329.2609609
345.3311773
345.2801869
323.9605356
345.3236641
328.7820664
298.1069551
279.6538257
286.210138
277.5502186
265.8957209
272.0513952
284.3374447
294.9873372
293.7953586
307.2273169
316.5567971
294.5388001
301.9321852
287.2738211
268.0483273
281.9861692
289.3051402
300.56767
291.2205855
296.6336754
323.69684
322.6256634
278.8137982
280.7699472
284.4584825
289.7197851
282.7971412
282.2377617
283.6541732
297.2210677
310.0086628
278.125704
265.1203572
255.6091765
276.5941092
272.0604006
280.2812859
289.7757802
301.5286879
292.0965916
282.3501254
288.7210848
284.5487183
285.4929801
303.1364738
303.2035993
295.6462711
278.0854649
280.1714522
260.5832599
269.9312383
268.3921503
267.8115405
264.3558255
264.8824988
265.4548354
286.4729365
285.9681078
270.4164135
261.8190663
270.7621648
279.6894939
306.3243646
307.0854227
285.1384651
281.1834339
276.7713856
290.527591
298.4909673
304.9247706
295.306376
302.5833818
317.517978
307.1458199
303.0394923
312.6585205
293.6898689
302.5625401
304.5839028
315.575738
305.6957747
301.9705233
307.2223997
304.9585137
297.2415523
295.0596809
290.5209142
289.2485241
294.22525
293.4437237
300.803011
312.3726983
299.1647564
303.0835909
307.7685139
316.0493605
306.6825197
317.5440583
307.1277229
301.0910481
302.0028524
311.4601658
307.3645464
297.2321233
297.8912941
306.5646406
320.0760606
296.6020947
297.3978826
290.7565187
312.1001671
303.9021733
277.499488
295.4057554
283.8828372
277.2958912
287.3748861
282.6251347
292.7723027
304.6344805
310.7310206
318.7440051
323.9215788
346.3457719
347.0648981
322.7580877
312.5453521
289.2217351
306.9908871
323.1458363
304.7152215
314.5749364
296.1195844
285.8030419
294.5750119
293.8923654
291.2555702
288.3547019
289.397502
290.8906289
280.39051
300.6199451
289.8393341
303.2296324
305.1452894
312.6580768
335.6569695
301.2420488
295.8454067
290.8618962
293.3564797
265.7876391
264.7224902
273.9429787
284.062624
292.7711617
303.1844802
301.3404827
324.3415052
310.1304411
317.2277379
315.1327756
300.8584187
313.4921517
317.0940283
314.6995
294.8134776
304.9749948
287.1387414
279.7566934
283.3991575
313.9261274
300.1926354
289.9368746
277.1600199
280.772739
280.1747583
280.4220308
291.3705884
285.9345429
306.4032933
297.4278099
302.5619109
315.4019782
327.029371
287.7121453
308.0838631
314.6871767
342.6862999
324.9188664
317.2727193
312.9465811
323.1468398
327.2151074
307.3057062
311.7340022
314.4015016
316.0165296
304.9921752
294.9803339
316.823612
333.9479692
338.2328872
321.5681394
300.6377043
309.2599381
330.0478764
310.3806716
299.5317442
304.5060058
309.4655846
281.0075755
278.0655798
272.7866419
292.7833067
304.6755064
310.6008782
321.4075746
331.6546569
323.794476
328.8794501
301.042527
300.8797979
276.454148
289.6963623
301.3741181
299.1911664
287.1438933
296.990869
299.1347187
289.8617371
263.2202493
268.3396594
268.7541718
250.8106835
244.7573544
261.3090619
281.3771027
278.3303839
279.4942119
284.2161351
299.9900639
294.6486826
292.1549417
293.4062086
275.309376
277.1970666
274.2653728
280.0096048
285.4511887
276.2590796
273.267059
275.7481434
294.2418588
311.3051684
335.1293396
332.9151654
305.4388833
279.9665853
265.7433161
262.8956877
264.2422762
274.6699072
289.3669583
306.306049
292.460929
293.5017368
287.6333531
285.2036335
274.760134
268.5635862
250.9947041
287.5208077
280.9438809
281.6297541
268.9997393
272.3129351
288.5670093
313.4297171
311.0806508
311.8051153
309.2778309
302.7653884
313.3182212
295.5603235
296.0781839
294.7426774
291.6831456
287.1358496
260.77764
246.7433907
289.9567353
291.4310454
285.1221005
285.7658328
300.4434337
287.6527876
310.6071091
308.186528
291.9995845
306.7768604
308.8592944
314.4431209
303.0515754
298.9678243
301.8342533
301.9988359
286.3611735
277.1086429
281.2073566
301.3480363
293.7751166
301.4861145
301.5341152
297.9816761
304.671629
301.216914
302.531011
316.6777497
307.1858702
287.6436176
275.8133449
312.0702155
306.3640718
296.7141381
301.0858783
276.3151864
292.3397962
291.6437165
285.3543868
284.936881
295.8225911
301.7722473
321.4873789
334.2426128
317.6045682
308.678569
298.4751645
293.3434425
294.0391211
307.5018253
296.6203398
284.098595
281.3109707
291.5538568
279.7546946
284.2268437
305.1698495
316.19828
302.7804054
301.8873119
322.8054632
323.3933074
341.6081822
321.2860158
319.4412607
319.3133645
314.0723602
287.3839939
293.9631825
289.6143796
290.5924464
279.2270222
294.325396
316.0584376
301.5776116
300.6492173
311.4088249
297.4656675
313.6410047
316.1770505
296.1718481
301.5086783
304.2104426
301.2857847
313.4749805
292.6903618
268.6856373
270.2716909
283.6706812
269.9993575
269.618996
275.4740467
295.1088463
283.9514697
300.8917011
306.8848609
307.9015708
295.3238182
288.6283221
297.9040895
309.6475082
300.334907
319.6739611
307.3009177
289.0803441
298.2229033
300.2957622
306.435042
281.6503889
280.9673795
282.2705549
271.4255577
273.1864819
277.0390954
308.8772262
312.1003668
312.0960793
309.3020948
292.249931
297.661228
307.3019742
319.0442381
309.5614945
315.9071208
307.3045571
285.9723476
284.6445603
289.1349254
309.2778954
305.7377931
307.1633716
320.4099094
314.2710912
302.8439787
295.4680803
343.1796668
328.5204812
313.110742
314.7396688
314.1495137
296.5170586
293.8175921
299.0721886
291.692758
284.8214911
280.4856977
298.5594242
312.527167
308.8729142
315.7844799
321.6584197
324.8196399
323.7888816
327.6690171
359.1870983
314.9940352
305.2419316
296.3207784
295.7880027
299.7211215
)
;

boundaryField
{
    xPeriodic_half0
    {
        type            cyclic;
    }
    xPeriodic_half1
    {
        type            cyclic;
    }
    yPeriodic_half0
    {
        type            cyclic;
    }
    yPeriodic_half1
    {
        type            cyclic;
    }
    zPeriodic_half0
    {
        type            cyclic;
    }
    zPeriodic_half1
    {
        type            cyclic;
    }
}


// ************************************************************************* //
