/*--------------------------------*- C++ -*----------------------------------*\
| =========                 |                                                 |
| \\      /  F ield         | OpenFOAM: The Open Source CFD Toolbox           |
|  \\    /   O peration     | Version:  2.4.0-MNF                             |
|   \\  /    A nd           | Web:      www.OpenFOAM.org                      |
|    \\/     M anipulation  |                                                 |
\*---------------------------------------------------------------------------*/
FoamFile
{
    version     2.0;
    format      ascii;
    class       volScalarField;
    location    "0.0006";
    object      p_N2;
}
// * * * * * * * * * * * * * * * * * * * * * * * * * * * * * * * * * * * * * //

dimensions      [1 -1 -2 0 0 0 0];

internalField   nonuniform List<scalar> 
5120
(
0.270979051
0.2807979532
0.3216438606
0.3096671393
0.3069621964
0.2968269847
0.2838933812
0.2872111982
0.2984346574
0.3401450544
0.335544591
0.3402486788
0.3341649113
0.3321990077
0.3263348174
0.3245890082
0.3167263399
0.3065883603
0.3150315939
0.2935768365
0.2994934188
0.3007135729
0.2941228229
0.288492934
0.3206182249
0.3067104064
0.3019150121
0.3187675124
0.3362113248
0.3211118699
0.3182212877
0.2920496669
0.3149540795
0.3007646862
0.3091910797
0.3365410146
0.3300351687
0.3258720915
0.3073488025
0.3111504774
0.3034592158
0.318745909
0.3287698792
0.3159350727
0.3113850741
0.3242498971
0.3271203014
0.3082153992
0.3129878703
0.3191130023
0.3310452228
0.3281678179
0.324946678
0.3400677259
0.331407257
0.2941010118
0.2903868101
0.2939152156
0.3149731321
0.3043589929
0.334541533
0.2991861379
0.302409758
0.3175279085
0.3411621435
0.3195867735
0.2740946262
0.272160158
0.2892633094
0.3004381282
0.3106421047
0.3215274585
0.321997386
0.3050740119
0.3337551864
0.3452100318
0.3284084438
0.3296023493
0.3063818746
0.3196964988
0.3721342884
0.3621589711
0.3423087972
0.2963890567
0.2677206209
0.3060299782
0.3377387934
0.3522725518
0.3453959845
0.3260876684
0.3159850101
0.310123791
0.3220182176
0.3318414738
0.3043831308
0.2989917102
0.3187924407
0.3387028344
0.3473447153
0.3502510461
0.3138669392
0.3129577678
0.3576600109
0.3508388048
0.365012588
0.3508277095
0.3230085639
0.3051695965
0.2907813157
0.3045822832
0.3250855498
0.3321098163
0.310395079
0.3240616688
0.3396420479
0.3309909623
0.3136159828
0.2969850941
0.3121047996
0.308274868
0.3133876683
0.3216062705
0.2974933992
0.3062121758
0.3064411487
0.3038144566
0.2960948836
0.3211769339
0.300115947
0.2868310069
0.2844506257
0.3183696562
0.3239883387
0.3194400582
0.3027327884
0.3412611525
0.3509355355
0.3659659453
0.3666338408
0.356473518
0.3248585007
0.2805855761
0.2986096637
0.3052915945
0.3011233555
0.2865016118
0.2762120186
0.2999504225
0.3364244849
0.3330571773
0.3136863763
0.3049043144
0.3145877443
0.3533440993
0.3527814624
0.3318865281
0.339978633
0.345895955
0.3241705062
0.3281475973
0.3246310573
0.3553971821
0.3663646934
0.3394140258
0.3374902072
0.3293887238
0.3485383611
0.3027799504
0.291845901
0.3354753939
0.3184932789
0.3200896455
0.3189230929
0.3119622694
0.340250188
0.3497886368
0.3525062745
0.3044967864
0.3013498931
0.3139551978
0.3434839077
0.3377202489
0.3255432673
0.3367442725
0.3504295612
0.3475774024
0.3381922558
0.342507647
0.3209921252
0.3141516759
0.322330464
0.3293706508
0.3413944186
0.3437628294
0.3319675287
0.315725721
0.3189219597
0.3774292947
0.37516058
0.3501714494
0.3159215432
0.316062367
0.3030117016
0.328160363
0.3253173546
0.344006146
0.3339824424
0.3241454527
0.317488848
0.3067396304
0.3087891906
0.3177097835
0.3215209723
0.3274814493
0.3315285493
0.3222799306
0.3271527905
0.3430862218
0.3348791394
0.3369711196
0.3075137081
0.3254216483
0.339005482
0.3527811239
0.3252157209
0.3145569095
0.3301228861
0.3402912737
0.3252680501
0.3263252958
0.325132984
0.3153575395
0.3305777469
0.3094177491
0.2974005891
0.3169088595
0.3114942043
0.3178907066
0.3289124636
0.3269083977
0.3125869779
0.3169984266
0.2996914888
0.286291653
0.295368212
0.3173783617
0.3265926363
0.3040566451
0.2919224005
0.3075234704
0.336160054
0.308177877
0.3146727722
0.3299027106
0.3181640722
0.3207758135
0.3037436902
0.3053413932
0.3188609811
0.2910713904
0.3067626376
0.3244076789
0.3080251416
0.3138371238
0.2949582097
0.2870957463
0.2969941479
0.3216758152
0.3222961892
0.3264804674
0.3006047053
0.3052883305
0.3164490418
0.2907388533
0.3222675533
0.3211442627
0.323827142
0.3000210912
0.2700506628
0.3112378911
0.3173851146
0.3207316946
0.3172863596
0.3062043971
0.3279516824
0.3575541156
0.3364281432
0.3196062975
0.2952820487
0.2849837307
0.3149853608
0.2805169821
0.2825658122
0.2965513246
0.2889045265
0.2920657463
0.2951813258
0.3261715842
0.2942046123
0.3180273098
0.3233203834
0.3193030221
0.3210532721
0.3340025373
0.3517814086
0.3332865356
0.3362268635
0.3248269388
0.3301075235
0.3296790952
0.321979855
0.3418130429
0.3342831726
0.3382325203
0.3089187876
0.2942631915
0.3018593622
0.3173798428
0.3129135029
0.3084715035
0.3332687029
0.3302637718
0.3311512362
0.3444148099
0.347596476
0.3486253746
0.3307579583
0.3259380693
0.3384987574
0.3149033158
0.3333256658
0.3234592043
0.3182070643
0.314257854
0.2960959519
0.3292140069
0.3458686741
0.3479468513
0.322639078
0.3300500775
0.3245911768
0.3282004213
0.3442959361
0.3156493713
0.3222526919
0.3454095736
0.330079032
0.3473737228
0.3363531545
0.3146392543
0.2930768206
0.2796699549
0.3034425456
0.3187932211
0.3201967337
0.3122702997
0.3237062077
0.3389177193
0.3407222483
0.323221528
0.329020893
0.3451067259
0.3431750546
0.3556192833
0.3126568791
0.3003738957
0.2973782606
0.2931970232
0.3033426516
0.3035699848
0.3065029591
0.3331712829
0.3162119316
0.3163432161
0.2941829399
0.297963552
0.3058801871
0.3028946645
0.3140616176
0.3270770072
0.3092294511
0.3252158453
0.3285269638
0.3371373131
0.3051612666
0.3171984511
0.2978196084
0.2954483253
0.3062087739
0.2904132179
0.2943462812
0.2991620795
0.3182272698
0.3381691754
0.330196108
0.339653972
0.3382005526
0.3381822284
0.3162019734
0.3065511619
0.3162897779
0.301526305
0.3219700596
0.3149901008
0.3108436363
0.3146238637
0.314682326
0.3227079009
0.3202900582
0.3454099497
0.3427322165
0.3359670319
0.3559012732
0.3433610552
0.3226667458
0.3158540778
0.2948991872
0.3209778604
0.3185819656
0.2955519652
0.319982497
0.3015234045
0.2909454753
0.3233521017
0.3295064196
0.3221593088
0.3415599481
0.3373341148
0.3457594573
0.3190376311
0.3076033498
0.2880401557
0.3015148825
0.3229226229
0.3407593517
0.3551117865
0.3843677765
0.3523656216
0.3219382202
0.3235908964
0.3143495677
0.313428369
0.3223708774
0.3089758996
0.3057284103
0.3124965532
0.3180320388
0.3202002702
0.3046671561
0.3254992373
0.334785667
0.33643933
0.3464442792
0.3252097521
0.3276770568
0.3107676857
0.3146640752
0.3364048031
0.3399305986
0.3165047456
0.3241819944
0.3441070887
0.3265678463
0.3082523777
0.2984672367
0.3214147995
0.3098309092
0.3077869016
0.3187479736
0.3327566822
0.34513081
0.3470799617
0.3429792701
0.3140728408
0.3310965712
0.342136433
0.3305510356
0.319726713
0.3432373333
0.3273809886
0.3337653404
0.3177631937
0.2930081702
0.3333954932
0.3149212949
0.3223180127
0.318977528
0.3130392623
0.3116453226
0.3087796148
0.304429732
0.3376213996
0.3232832486
0.3282463556
0.3001638312
0.3140481631
0.3338052648
0.3389351435
0.3449931652
0.3303364753
0.3347937614
0.3408183775
0.3107851547
0.3078301365
0.3402886416
0.3092727672
0.3161418006
0.3156761146
0.3161146546
0.3118267546
0.3337980859
0.3257442266
0.3089660779
0.2932723996
0.2991651168
0.3135504304
0.3400608609
0.3296617772
0.3209271871
0.3217910586
0.292571154
0.3299375143
0.3522416507
0.3331008652
0.3047869568
0.2777484199
0.3239381653
0.3362611452
0.3439441849
0.343721436
0.3265227851
0.3351523495
0.3478750516
0.3354371227
0.3423626196
0.3373510376
0.3242937682
0.3300333178
0.3162319647
0.3075263861
0.3409355584
0.3411341331
0.3329333217
0.333080387
0.3227040894
0.3333159999
0.308074443
0.3138458238
0.3295756107
0.3144879458
0.294358688
0.3000146804
0.3153880447
0.3191561381
0.3255503503
0.3323471118
0.299840539
0.3107611872
0.2962588452
0.3193637149
0.3333741966
0.2955548551
0.2899417225
0.3194114249
0.3232833078
0.337917386
0.3241409366
0.3501090824
0.3515525596
0.3353180912
0.3376608228
0.3150115762
0.27873984
0.2995868412
0.3091459168
0.2937872315
0.3117281252
0.3133860827
0.3252261969
0.3238954807
0.3255235067
0.3400527974
0.3564744976
0.3492812697
0.3203937619
0.3071880614
0.3079331828
0.2923974719
0.2829173341
0.2915634618
0.2930387206
0.2904616814
0.3300860022
0.3295953598
0.3228067502
0.3330933158
0.3239998881
0.3359995734
0.333240763
0.2990317512
0.2952902993
0.3242175739
0.3623570671
0.3451557896
0.3519860496
0.3123047321
0.302946954
0.2850102712
0.2878958261
0.2968218998
0.3027288346
0.3290411033
0.3199106716
0.2953811371
0.3249676156
0.3260114759
0.3463793639
0.3238453943
0.3176828574
0.3023140627
0.3295863937
0.33732214
0.3407668761
0.3279514677
0.3094526677
0.3392639341
0.3535785773
0.3569984901
0.3320181441
0.3073782849
0.2837368977
0.2731217776
0.2745926331
0.3161477202
0.3430659982
0.3384210971
0.3182364873
0.317187124
0.3239436733
0.3636822447
0.300365743
0.328702971
0.3056321783
0.311105194
0.3238219451
0.319301497
0.322185157
0.3430189065
0.3419258074
0.3242599229
0.332732253
0.3724637211
0.3586273662
0.3449959312
0.327537865
0.3369566432
0.3258830065
0.3039950476
0.3107036467
0.3161704734
0.3203210534
0.3105225722
0.2936266577
0.29623258
0.3040900946
0.3274186198
0.3074307148
0.2990284333
0.3261332635
0.3492972168
0.3417928796
0.3320205953
0.3126514816
0.2995993717
0.3132628518
0.3051896209
0.3113430226
0.3147996422
0.3113698892
0.3331446056
0.3400232857
0.3415074925
0.321563429
0.3276664858
0.3433478633
0.3296978129
0.328333643
0.327322214
0.3276730492
0.2947504106
0.3191800938
0.3254594722
0.3307358286
0.3202927539
0.3120971421
0.298580374
0.3348791529
0.3139377435
0.3101986538
0.3289058902
0.2892229892
0.2624001726
0.2797419628
0.3109327245
0.3221421742
0.3185330904
0.3284196737
0.3207942101
0.3224926364
0.334023726
0.3169606689
0.3004944237
0.2989379859
0.2958244209
0.3284450175
0.3503151327
0.3511998705
0.3197383829
0.3305540845
0.3091411864
0.3168567931
0.3055249968
0.2880500093
0.2772372847
0.2872133975
0.3070053958
0.3118280055
0.3310178194
0.3446192837
0.3279378989
0.3358474449
0.3303191291
0.3264271849
0.3206024778
0.3081257789
0.3163388066
0.3353366874
0.3329499739
0.3224058049
0.3192966597
0.3472446587
0.3318153262
0.308166708
0.3076089319
0.3114634573
0.3022017222
0.3268561562
0.317076248
0.3091808484
0.3229495208
0.327679861
0.3408723901
0.3182000291
0.3005322041
0.3139218757
0.3133455755
0.3133817706
0.3284567942
0.3321201181
0.3590011505
0.3074933618
0.3210902938
0.3386992334
0.3267213199
0.2926822069
0.3203740549
0.3208093573
0.3296723932
0.3314037899
0.3386568244
0.3227707267
0.3077761915
0.3319830998
0.3517861384
0.3357378133
0.3564779094
0.3403919131
0.313016478
0.3042267967
0.2910515828
0.3155999181
0.2797366112
0.3015678074
0.3232995073
0.3363891532
0.3146904341
0.3338416386
0.3210620193
0.3212083346
0.3291817137
0.3431987857
0.3260839997
0.2946558962
0.2808071159
0.3158890444
0.2857495888
0.2750321391
0.2672916141
0.2768402609
0.3150429241
0.3102970515
0.3151291536
0.3149963555
0.2972749603
0.3047469076
0.2721231633
0.2862650712
0.3178485215
0.3432112443
0.3506244313
0.3250422489
0.2861116961
0.2815655963
0.3228023797
0.3134616659
0.3138918594
0.3297480096
0.3103858659
0.3062740818
0.3048027597
0.3264404635
0.3236000218
0.3181031838
0.3047619523
0.2917092756
0.3489833721
0.3495862226
0.3208239533
0.3085479899
0.2947892856
0.3066932541
0.3278789582
0.3159135163
0.3434414876
0.3588782815
0.3215424639
0.2787411939
0.2939007857
0.3197250065
0.3431440448
0.3056626209
0.2967415528
0.3051757423
0.3178102827
0.3118657201
0.3069234934
0.2893383033
0.3028668795
0.2892136186
0.3197765047
0.3397529367
0.3044440152
0.2983607668
0.3047204486
0.28276055
0.281301153
0.2844300968
0.2970029023
0.3126835634
0.3176945491
0.3086181262
0.3091991624
0.2981704037
0.3139662244
0.3325703333
0.2813085425
0.2838345278
0.2822269389
0.2866071812
0.3182456855
0.3230750564
0.3422107604
0.3136174548
0.3062299244
0.3284063475
0.3378370542
0.3195383425
0.3213016128
0.3233247559
0.312631779
0.318784582
0.3229833743
0.3140194492
0.2994089209
0.285652131
0.2913810725
0.2931033429
0.310451528
0.3061947704
0.3231238092
0.332271486
0.3259365678
0.352349676
0.3600817126
0.3428025227
0.3440441136
0.3157631756
0.3238920381
0.3281268602
0.340964346
0.3281700257
0.307451869
0.3096173476
0.3275557002
0.3496499202
0.3359386195
0.3332754812
0.3109681238
0.3367116422
0.3195146336
0.3003075448
0.3039378175
0.3019714258
0.2809996734
0.326667379
0.3523009056
0.3305431979
0.3211023377
0.3181983372
0.3335473953
0.3333061374
0.3243462775
0.3216741778
0.3363635069
0.3451628038
0.3306543512
0.3007514182
0.3172592464
0.2882928194
0.310911047
0.3226591118
0.3094638274
0.2999198535
0.3006496328
0.2947700199
0.2940646108
0.3062593088
0.3162674081
0.3166619662
0.3286452324
0.3527510496
0.3535393048
0.3287744559
0.3387671906
0.3667835781
0.3328302047
0.3248259724
0.315611943
0.3352546494
0.3428925472
0.3331127937
0.340910223
0.3696180781
0.3396533629
0.3243857737
0.3226788233
0.3139845766
0.3119039485
0.3166633387
0.3214649479
0.3089154191
0.3170622097
0.3533311561
0.3550781441
0.3394924879
0.3439898021
0.3266080241
0.3127327934
0.3197659786
0.3112941629
0.3101126448
0.2910300033
0.3148018639
0.3518546278
0.3633280387
0.3495220199
0.320534524
0.3228391158
0.3448463969
0.3009984696
0.3105767744
0.3381067461
0.3306716137
0.3340480821
0.3418400067
0.3018173734
0.3097856895
0.3283776936
0.3098543092
0.3094729753
0.314424377
0.3385744184
0.3103274255
0.2996024385
0.2856479683
0.2934127632
0.2930050454
0.2771335818
0.2776138759
0.2969775525
0.2992456197
0.3088030211
0.3388918847
0.3207678884
0.2789578081
0.3094187496
0.3367394502
0.3478876278
0.3378907593
0.3335247385
0.3077019188
0.3106491502
0.3177314486
0.3253967525
0.3300813793
0.3275051232
0.3168005656
0.3330389817
0.3403753795
0.3256185984
0.3068806862
0.2999306656
0.3119707262
0.3253002416
0.3296202108
0.3068736174
0.304292564
0.3041086441
0.2944459863
0.2987095551
0.3050682297
0.3120283907
0.3258723268
0.3240513151
0.3116521723
0.3294059432
0.3152979881
0.3085902891
0.3185415222
0.2984531453
0.3090141729
0.2823623178
0.2833867864
0.3027681888
0.3167497391
0.3176814249
0.3145669245
0.3154453799
0.3083890627
0.3088242301
0.3013439208
0.3143234062
0.3128785259
0.3243431552
0.3153430999
0.2971038037
0.290403959
0.2844794101
0.3058980638
0.3010570777
0.2729377176
0.2947375041
0.2991804745
0.322673375
0.3387096408
0.3258644879
0.2975337762
0.297278517
0.3037369149
0.3109947537
0.3370771076
0.2974298124
0.2904225877
0.3166299688
0.3323822793
0.3260966769
0.3018354216
0.268754233
0.2833246631
0.2926512211
0.3131147763
0.3259740155
0.3222695985
0.3280736942
0.3247300771
0.309701315
0.3060190108
0.307798779
0.3199394186
0.2879488025
0.2951895091
0.3016194733
0.3322183171
0.3165932193
0.308390892
0.3152765094
0.3675153734
0.3501116809
0.3220634683
0.312952323
0.3383109533
0.3527068619
0.3414708409
0.3172140563
0.3185795126
0.3433012116
0.3360975245
0.3077098464
0.3185013524
0.3179585434
0.3064813792
0.3270748087
0.3405965098
0.3597594769
0.3428366756
0.3369577138
0.3178258876
0.3543148909
0.3582546874
0.3469774313
0.3018630833
0.311476135
0.3115442325
0.3122977206
0.3189378048
0.3075757088
0.3040243063
0.3035981281
0.3114146503
0.2912922678
0.3245555473
0.3176357922
0.3163248013
0.3307350311
0.3120100664
0.309382658
0.3017746213
0.3287619077
0.343749072
0.3423640965
0.3147251346
0.3198652763
0.316043629
0.3252577924
0.3256482938
0.3109126276
0.3100060153
0.3305067875
0.3100369781
0.3132196908
0.2989765748
0.322475013
0.311831393
0.2852315465
0.285933034
0.2896829235
0.314443088
0.3249843222
0.3098879332
0.3369662787
0.3233509542
0.3212800811
0.3195238136
0.3106122241
0.2992288242
0.3057001462
0.2979664528
0.298133088
0.3044415375
0.3251025012
0.3078706214
0.3349419048
0.3329435971
0.3038822951
0.3080758807
0.3036437184
0.3060951915
0.3082242984
0.2797098789
0.2806662719
0.3044707088
0.2899643711
0.3018178294
0.3116952302
0.2982797927
0.3102916829
0.2979773724
0.333090792
0.3269305317
0.3205675818
0.3425577677
0.3660160461
0.3573778039
0.3504858114
0.3323129054
0.345755205
0.3572449382
0.3662420714
0.3438022747
0.3117656567
0.3359185677
0.345413379
0.3282526264
0.3261665572
0.3401416317
0.3223573964
0.3411506162
0.330910757
0.3366195276
0.3321363592
0.3384379804
0.3379991264
0.3589152308
0.3449276996
0.3335749241
0.3064189128
0.297512413
0.3170131089
0.3231152293
0.3215898428
0.330872969
0.3018447443
0.2867928955
0.2876642804
0.3098337373
0.3090667916
0.3247935124
0.3246705756
0.3402775094
0.3087906552
0.3362165686
0.3251093878
0.3352181812
0.3189073607
0.3118441718
0.2998714994
0.3309208057
0.3351094452
0.338308905
0.3074562874
0.3238214852
0.3069689496
0.2982175601
0.2912242802
0.2782049358
0.3036274441
0.3097484357
0.2884629135
0.2912150767
0.3124676126
0.3463034006
0.3479139977
0.3168088259
0.3148202677
0.3381677885
0.3528261599
0.3224565059
0.3185473598
0.3359438458
0.3372090754
0.3492442954
0.3240371171
0.3224771479
0.286621645
0.2858427467
0.2912566651
0.2978223954
0.2933141067
0.3239494164
0.3271667481
0.3163320584
0.3188668155
0.3505634021
0.3486365795
0.3171990146
0.3222750398
0.3290091466
0.317891721
0.3058270533
0.3587912637
0.3053297267
0.2925507783
0.324295737
0.3423304047
0.3609069235
0.3352197503
0.3351101615
0.3260210154
0.3104374333
0.3239023698
0.3198506998
0.3211762803
0.3008737459
0.2910611263
0.2956534898
0.2783401803
0.2751559336
0.3092712979
0.3066776871
0.302462382
0.2938291394
0.3126423356
0.3039706551
0.3136144917
0.3458360789
0.3310422095
0.3318277863
0.3157921618
0.2915450142
0.269765846
0.2894996583
0.3023060983
0.3026113247
0.3055942857
0.2913085012
0.3103944142
0.3210511845
0.2925362048
0.2799008524
0.2792958954
0.2955572222
0.3058958578
0.319515265
0.3082513788
0.3196648553
0.3038210186
0.2868506206
0.2783641761
0.2961991481
0.3091396806
0.3115120273
0.2994537373
0.3168040988
0.3525715536
0.3621087006
0.3506242335
0.3292892849
0.3271582958
0.3306199748
0.2974998816
0.3386943971
0.3407630011
0.3296449405
0.3119922997
0.3124745574
0.3108723167
0.3054115195
0.3039030622
0.310416284
0.2957382025
0.3011298484
0.3031623984
0.304057047
0.2982507916
0.3000750667
0.2823185931
0.2948050621
0.2983203475
0.3078658907
0.3470533403
0.3105277687
0.2935882607
0.2940683341
0.2718514266
0.2946892242
0.2946458744
0.3188338496
0.3041461235
0.2937735051
0.3090723436
0.3443013496
0.30683885
0.3151211511
0.3021473317
0.2932884841
0.285817416
0.3050283526
0.2995278773
0.3122162872
0.3195523903
0.3399604134
0.3524717597
0.3670807831
0.3437419661
0.2882792992
0.2830761501
0.2901673918
0.3145925426
0.3231199498
0.3211170844
0.3183685635
0.3452111353
0.3312304134
0.3062218898
0.2914969256
0.2984662347
0.3061281395
0.3180224489
0.3201138825
0.3172169025
0.3193631195
0.3284302673
0.332307811
0.3389098393
0.3339691222
0.338112571
0.3548069707
0.3315479493
0.3279787307
0.3486468541
0.3301365306
0.3093959132
0.3047704399
0.3283329655
0.3247262752
0.3123131723
0.2950017532
0.3272727913
0.3499582554
0.3181265227
0.326580638
0.3116006408
0.3271101809
0.3235054837
0.3396335934
0.3186540783
0.3184269907
0.3313186126
0.3152601406
0.3080667391
0.2962051159
0.3091764986
0.3131725395
0.3076479496
0.3010665872
0.3187203945
0.3463006163
0.3261202036
0.3205659785
0.3251729187
0.3680386785
0.3735731649
0.3559438129
0.3271776981
0.3370166093
0.3343010994
0.3069195167
0.270587788
0.2932407254
0.2909829964
0.2998538506
0.3121469486
0.3244874036
0.3191274836
0.3289107911
0.3435586981
0.3439957518
0.3301129048
0.3200758542
0.3294996501
0.3176142261
0.3143361223
0.3129011872
0.3279867523
0.3461882561
0.353263115
0.3549086887
0.3516518139
0.3596709719
0.3408866556
0.3398390876
0.3342904303
0.314591569
0.3210374164
0.3161518873
0.3362562809
0.3306973877
0.3185036512
0.3185158465
0.3055955458
0.2943684526
0.2891908168
0.3091370718
0.3312887867
0.3299213185
0.303074193
0.3310836057
0.3469171062
0.3296435987
0.3395342161
0.3240969688
0.3108751754
0.317732436
0.3103309357
0.313497822
0.321379818
0.3058403052
0.3007910153
0.3065168906
0.3049746834
0.306534075
0.3131065954
0.3053775381
0.2989721998
0.2884309172
0.2829133629
0.3175302773
0.3064641544
0.3228227626
0.3526353226
0.3438342233
0.331103713
0.2910115817
0.3121232462
0.3174865808
0.3174137509
0.3127084572
0.3132836374
0.335334275
0.3002828325
0.3010353161
0.3018778717
0.3050424688
0.3257007012
0.3183353914
0.3148306811
0.3043131151
0.3195956163
0.3313026384
0.3139536953
0.3154724985
0.3120067693
0.3054411928
0.3026997646
0.3357157337
0.3392111538
0.3380891982
0.3315785228
0.3126105654
0.3282087649
0.32760891
0.3434578771
0.3514921157
0.3367868206
0.3267523608
0.3423749668
0.3659441105
0.3364621034
0.3301152622
0.3383658192
0.3114229826
0.3321787758
0.3347021722
0.3444777595
0.3393214922
0.3688505072
0.3453615139
0.3240319186
0.3112266562
0.3157296511
0.3077048902
0.3117246101
0.3133247089
0.3191006363
0.3318616215
0.3134460195
0.2931648453
0.3156728928
0.3165949358
0.3159726759
0.3154916349
0.3213735209
0.3272922776
0.2999462679
0.2989068223
0.2951770203
0.2967740423
0.3120404767
0.3038687075
0.3030990542
0.333366514
0.3294218893
0.3277216472
0.3107502781
0.3009429319
0.3173728383
0.340353471
0.3480387246
0.3565220344
0.3192883191
0.3352636042
0.3215295694
0.3093307278
0.285669562
0.2885894409
0.3079245643
0.3321868191
0.3676642669
0.3873657795
0.3552360782
0.3334078417
0.3232986401
0.3131235083
0.2909486463
0.294851334
0.2980853623
0.2946351846
0.2994758992
0.2999035359
0.3400284249
0.3086700729
0.3021846256
0.2920842886
0.3148574971
0.2931554163
0.2713095178
0.2853306938
0.2937459647
0.298329994
0.330970907
0.3302028676
0.3096863031
0.3053437646
0.3193842551
0.2979398775
0.3210731178
0.3115918986
0.3121785798
0.3187638019
0.3256603878
0.3129134577
0.3151176149
0.3109768835
0.2988088784
0.3144194859
0.3180067189
0.2976837027
0.3040687216
0.3304690925
0.3226368465
0.3342037692
0.3482975809
0.3136954874
0.3007778923
0.2727538177
0.2649042204
0.2937692108
0.3062370277
0.3225510974
0.3109936954
0.3119451834
0.3236826794
0.3134476428
0.2975232369
0.2752194282
0.2743539634
0.3124513196
0.3341339838
0.331227707
0.3332050591
0.2986451819
0.276863636
0.3015333158
0.300019597
0.3448886384
0.3167642108
0.3138896969
0.3029929741
0.3079963711
0.3104502064
0.3145035411
0.3113747443
0.3326331337
0.3321626788
0.3045964895
0.3182098126
0.3295735032
0.3068624243
0.3207722249
0.2934116014
0.3236820444
0.3329935183
0.3311613517
0.3224899156
0.3144067988
0.314283713
0.301929336
0.2977415583
0.2992087003
0.317640651
0.3181261874
0.3738272419
0.3510070034
0.3047792309
0.3403312605
0.3352186736
0.3290033549
0.3167288074
0.3111168827
0.3370771827
0.2915254816
0.2930125764
0.2887656139
0.3208353981
0.3322124171
0.3394820769
0.3282907474
0.2968422022
0.2950836871
0.2819234589
0.3127315231
0.3250191382
0.308561755
0.3114420224
0.3196284481
0.3237058298
0.3030281093
0.2905894761
0.3044790025
0.3012488049
0.3260587463
0.3238708039
0.3464118773
0.3422816773
0.3397514401
0.3317347191
0.3444862635
0.3361754188
0.3186334464
0.3212849149
0.2905426881
0.2750293173
0.2707117594
0.2817470102
0.2965615259
0.3039628993
0.3099704306
0.2988934012
0.3045520793
0.320829941
0.3090971329
0.3107125636
0.3114939892
0.324770757
0.3305690666
0.3574429259
0.3492988034
0.3525480948
0.3393366894
0.3271952854
0.3151821483
0.3087751278
0.3132797734
0.3117119514
0.3272384975
0.3370939279
0.3335373573
0.3279732404
0.3345597878
0.3216606438
0.2999436732
0.3133643848
0.3350035768
0.3534198095
0.3178974733
0.3007278856
0.3116788625
0.3200576213
0.328599895
0.3147678848
0.3062540416
0.296701618
0.2835129617
0.2965015029
0.318935475
0.2957751554
0.3076200759
0.3231426385
0.322191222
0.3114353944
0.2906594034
0.3227662478
0.3138587176
0.3327109217
0.3494780479
0.3110919806
0.2913483028
0.2703683652
0.2875443614
0.2989467999
0.2959016321
0.2941009274
0.2953608293
0.2853027775
0.2984305564
0.3433211357
0.3340637532
0.3475088083
0.2995802911
0.290347648
0.3064293935
0.311658333
0.3083933227
0.2898011998
0.3042716907
0.3177026607
0.321801149
0.3097059912
0.295663853
0.309460728
0.288638506
0.2815608758
0.3002943953
0.3307113713
0.3329732745
0.3440843636
0.3018244256
0.3046197816
0.308232565
0.3042471347
0.3375667483
0.3259772588
0.3161394034
0.3377352172
0.3465011197
0.3383978235
0.3008727843
0.3144654518
0.2949687342
0.270523147
0.2623741053
0.2794341409
0.320719676
0.3440344303
0.3292952002
0.2995097944
0.3118354927
0.3032332338
0.2974358106
0.3266473868
0.3214982351
0.3306301179
0.3195654033
0.2979732773
0.3005089018
0.3104406252
0.3374157069
0.3079619698
0.3121529929
0.3440676556
0.3573651213
0.3339476233
0.3000875856
0.3178515069
0.3191723161
0.3105279432
0.3078432219
0.3050944284
0.2977145431
0.3066544161
0.309884391
0.3233141066
0.3428544105
0.3254316497
0.3486329898
0.3372153115
0.3324452232
0.3571503092
0.3352157309
0.3257287081
0.3469870191
0.329320375
0.3392367691
0.3289650668
0.3317709289
0.3237160575
0.3263653669
0.336640934
0.3248914594
0.319091364
0.3358104445
0.3082216851
0.3237119041
0.3163485815
0.3221110236
0.3303304632
0.3420072096
0.3257868617
0.3075884053
0.3366627629
0.3486795974
0.326644377
0.3400968264
0.3486438181
0.3296469509
0.3480372093
0.3417576207
0.3226706806
0.3350205904
0.325022374
0.3062133499
0.3194608393
0.2940623152
0.3104028756
0.325508196
0.3209818483
0.2983761396
0.3430459404
0.336844939
0.3058455527
0.3251562905
0.345530355
0.346753973
0.3480965974
0.3547066126
0.3523143726
0.3438637774
0.3476243771
0.3259289478
0.3031558976
0.3214549468
0.318007239
0.3271284714
0.3075632028
0.2968182987
0.3134261493
0.336342878
0.339947204
0.326890115
0.3112814931
0.303898122
0.3040464144
0.3209112467
0.3345189553
0.3199925342
0.3172472993
0.3350351503
0.3460903479
0.3394657273
0.3330049951
0.3356128136
0.3293263213
0.3096773368
0.2977982404
0.2934040223
0.2764910447
0.2869599457
0.2931051107
0.3001108893
0.3114120718
0.3140130478
0.3066383933
0.319457072
0.3255396672
0.34010972
0.3248564896
0.3313809345
0.3408678674
0.3224933908
0.3282071864
0.3122922905
0.3071475491
0.319084189
0.3328442552
0.3087033484
0.2978791482
0.3027397662
0.3250094828
0.3262269876
0.3013702813
0.3084606355
0.2985529688
0.2981670047
0.3132415882
0.322489956
0.3413420461
0.3195547228
0.3093616299
0.3048208321
0.3077424218
0.3038301086
0.3154392606
0.3167992581
0.3445210147
0.3270541884
0.3304093426
0.3399964922
0.3043679102
0.2989592167
0.303540045
0.2862295309
0.3021717139
0.339712921
0.3325431434
0.3624575839
0.3419850768
0.3160982617
0.3015649837
0.2852058621
0.2948784119
0.3024882373
0.3174685362
0.305933786
0.3114900748
0.3297458345
0.3225701151
0.3192191917
0.3370091562
0.3307118637
0.3395351926
0.3751960881
0.3253549611
0.3291639896
0.3181511711
0.3191358963
0.3105104252
0.3400091115
0.3420984946
0.3142926819
0.3174004306
0.2794485167
0.2580946297
0.2946415752
0.3032749657
0.2865507611
0.2860176848
0.3144294802
0.3460924428
0.3278075415
0.343950766
0.340505833
0.3060466791
0.2880247531
0.3058586377
0.3227596481
0.3385844711
0.3223802071
0.3263620197
0.3078297752
0.290212713
0.3406759181
0.3471790833
0.3308331919
0.3257555251
0.3147434769
0.3201360642
0.3316459235
0.3410865787
0.3304258355
0.3161712252
0.3248620969
0.3279378906
0.319468188
0.3126467813
0.3054126716
0.3089720866
0.3160376844
0.3194530982
0.3291062626
0.3478306462
0.2999250974
0.3393906963
0.3283522757
0.3310901336
0.358513653
0.3583448346
0.3088989857
0.291111643
0.2881702534
0.2930939433
0.3010763682
0.3124349938
0.3334444554
0.3366308932
0.3487901551
0.3359034646
0.3080018653
0.3129716894
0.310281568
0.282359732
0.3091318209
0.274294555
0.2696422322
0.2708624056
0.3238171075
0.3132922182
0.3367945813
0.3266972407
0.3173681003
0.3499796381
0.3575525024
0.3858155615
0.3534478491
0.3294399846
0.2882726996
0.2834202114
0.3278408953
0.3410845763
0.3309984351
0.3254876235
0.3176071251
0.3170458393
0.3112917779
0.2988484066
0.2914111286
0.2896197692
0.2899093615
0.2868953679
0.2792123329
0.2814456392
0.2924813328
0.3048749892
0.3202290627
0.3325446541
0.3238083075
0.3006303118
0.3071553771
0.3274262233
0.3233393804
0.3280982801
0.3426338884
0.3510404882
0.3423763558
0.3411284964
0.3460297984
0.3426534156
0.3264539279
0.3292955634
0.3378840275
0.3101440735
0.3277917766
0.3192299692
0.3254271557
0.3046451026
0.2815732231
0.31210318
0.3269925913
0.3280778963
0.3510576067
0.3464466738
0.3268972501
0.3258919774
0.3205440852
0.337198003
0.3313950064
0.3196756046
0.3152635715
0.3423239462
0.3380596796
0.3481033807
0.3634792083
0.3690490738
0.3561376596
0.3253859718
0.2944420901
0.2885029112
0.2979838928
0.2993510417
0.2994494316
0.3214961828
0.291168615
0.2992208141
0.3137253573
0.3211451328
0.33389627
0.3336786316
0.3349053565
0.3106597158
0.3367160904
0.3461991827
0.3253516386
0.3322718045
0.3141727572
0.3031400053
0.3172844713
0.3056933931
0.3027461651
0.3069875896
0.3324730189
0.3145990839
0.3326276218
0.3404340332
0.3236771179
0.3193756468
0.3121389142
0.3199964532
0.3249747454
0.3320542853
0.3068568956
0.3327756972
0.3168337999
0.3067379211
0.2815361497
0.2949196614
0.3053279041
0.3070787959
0.3223311537
0.317766469
0.3151063251
0.2989466884
0.2940667388
0.3185856028
0.3490759532
0.3249904923
0.3149523558
0.3201148311
0.3240142354
0.3234393589
0.337092313
0.3202082952
0.3043936762
0.2995276395
0.324736274
0.314655427
0.3034869451
0.2920227372
0.2843435912
0.3169808162
0.3190556473
0.2981130529
0.3012471236
0.2851770185
0.306222104
0.3184920848
0.3238930275
0.3123106453
0.3231892141
0.3297101476
0.3577031702
0.3470770487
0.3328599365
0.3388098105
0.3346875398
0.3090212465
0.3421673927
0.3613902665
0.3439645735
0.3018252532
0.3121629616
0.3124512603
0.3102005094
0.2970377308
0.3112155292
0.3116844477
0.3491031169
0.3344417156
0.3328127298
0.323571982
0.3228334448
0.3218014932
0.3382435363
0.298395
0.2773882462
0.3019682351
0.3316764958
0.3246113283
0.3215730065
0.3358507968
0.3609743773
0.3463961611
0.3050758484
0.2944496879
0.3012276759
0.3230443137
0.3307293712
0.3321821827
0.3406569442
0.3360639426
0.3092838301
0.3107705454
0.3009017541
0.3343319215
0.3149057537
0.3111087767
0.3061022273
0.3763544176
0.3461609713
0.3302395917
0.3233987141
0.3183674775
0.3175328479
0.3130921843
0.3166378342
0.3169267222
0.3015857908
0.2837104623
0.2848560699
0.2835811124
0.3039276376
0.3262776561
0.3442687906
0.3658084521
0.3443488091
0.3523703051
0.3297563236
0.3363287208
0.3669667513
0.3557414012
0.3429793696
0.3396729836
0.3544638451
0.3506811633
0.3405388202
0.3043603114
0.3092620763
0.3347853554
0.3270121773
0.3240898124
0.3266141074
0.3216731546
0.3523787054
0.3165954852
0.3014950075
0.306905711
0.3112965076
0.3065443863
0.3094247689
0.3445593232
0.342418745
0.3338257244
0.3672790495
0.3294977724
0.313984654
0.3086022548
0.314300399
0.3557361341
0.3593675579
0.3639203522
0.319073026
0.3181284163
0.2871820071
0.2891326885
0.2879303833
0.2851397891
0.3175862109
0.3251444315
0.313719068
0.3310173676
0.35118867
0.3782531264
0.346222671
0.3519499275
0.3415988936
0.3128435073
0.322314354
0.3215122442
0.3174528056
0.3107389794
0.3368722347
0.3120983989
0.2826848677
0.2877068891
0.3285819763
0.3025160525
0.3123892006
0.3287505722
0.3298421748
0.3329539223
0.3512395307
0.3386022615
0.3580651997
0.3465479011
0.3547335655
0.3397246465
0.3370723618
0.3511834014
0.3456211435
0.3189737194
0.3134083437
0.315943661
0.3053406694
0.3242854451
0.3223450644
0.3330008588
0.3058175508
0.3012992321
0.3084519804
0.3147042099
0.3160098037
0.3317406552
0.3652230294
0.3579748664
0.350583735
0.3341692326
0.3167891991
0.2941911493
0.2909955981
0.3189754251
0.3252924672
0.3087017357
0.2890561859
0.3134803152
0.3160076897
0.3560438362
0.3541587244
0.3501257578
0.3233986582
0.3052787145
0.3243169053
0.3591173276
0.3185874319
0.3135501807
0.3160195965
0.3315441791
0.3114386508
0.3087835327
0.3040757893
0.3223954695
0.3314108203
0.3402632554
0.3447739029
0.3117696757
0.3162817106
0.3642557081
0.3872270485
0.3805330444
0.3622053072
0.3622181294
0.3686671907
0.3518242361
0.3356297664
0.3572659063
0.3221626616
0.3027727449
0.3105251439
0.3320229889
0.3553515729
0.3365128701
0.3407326124
0.2984627584
0.3052276376
0.3021271412
0.3245317063
0.3381125688
0.3478971368
0.3611581263
0.3364717953
0.3306669181
0.3097807404
0.3244933003
0.3456624069
0.3285110997
0.3125973596
0.3330933536
0.3199642004
0.3141541646
0.3314669842
0.3319644625
0.3540902584
0.3751433178
0.3463406276
0.3044751732
0.3084714589
0.3065908612
0.3338879914
0.3239645827
0.2932876773
0.2894564753
0.3100018697
0.3450328466
0.3142879757
0.3321790756
0.341381933
0.3588934698
0.3344511938
0.3170008036
0.3237876421
0.3516951903
0.3268789342
0.3268146802
0.3050677919
0.3205155032
0.2975422087
0.2986737095
0.30242242
0.3132544559
0.3186027574
0.3027004964
0.3181918607
0.3191757452
0.3112982908
0.3279356584
0.3393026281
0.342876114
0.339439261
0.310810784
0.3039074886
0.3255603356
0.305361176
0.2963999978
0.3052801307
0.3051998587
0.3196017148
0.3026349977
0.3089375792
0.3176329896
0.3196515939
0.3202516448
0.3118692343
0.3032112389
0.3146451208
0.2993306953
0.3013984853
0.3090118653
0.3131035345
0.3285273318
0.3146436197
0.3152109741
0.3221465285
0.3117557129
0.3060026637
0.3120899382
0.3332947649
0.3414637455
0.3247156756
0.3649493189
0.3404940057
0.3233958723
0.3001282722
0.3217641356
0.3528896642
0.3531227225
0.334018555
0.3469568076
0.3470986235
0.3154589394
0.3071016177
0.2887794217
0.2832703086
0.3016661668
0.30501775
0.2847046626
0.290961946
0.3259272458
0.325898761
0.3146368445
0.3313602986
0.3387944718
0.360705363
0.3543181972
0.3398301124
0.366560553
0.3765785787
0.3660681287
0.3408062722
0.3443100796
0.3121593413
0.2904452587
0.2676271644
0.2984951492
0.3106927419
0.3206517212
0.327102045
0.3143780673
0.3363947107
0.3244890473
0.3362482096
0.3266663065
0.3132929007
0.3149958631
0.3235707012
0.3574371616
0.335799681
0.3373045925
0.3440377005
0.3427637534
0.3470609941
0.3373939112
0.3250797307
0.3203070153
0.3395503079
0.3250921151
0.3236089672
0.3317967941
0.327526382
0.3237387798
0.3381891919
0.3439222793
0.330138532
0.3121256011
0.3491187251
0.3327607085
0.3199399905
0.2989362777
0.2895946688
0.2718605676
0.2858187724
0.2949281129
0.3276965192
0.3009667921
0.3405235005
0.343779906
0.3784596917
0.3574004494
0.3464800098
0.3247023701
0.318028653
0.3153079647
0.3066861306
0.3443196072
0.2887355822
0.2849323971
0.3278257159
0.3497860683
0.3562732775
0.3619956711
0.3285539882
0.3131386594
0.3309381444
0.3388272954
0.3243910214
0.3271688102
0.3268631996
0.3369143126
0.3512430991
0.3492317626
0.3157484854
0.3157530792
0.3228779986
0.3217635272
0.3253773025
0.3346882398
0.3133748569
0.3401334448
0.3343172003
0.3304164674
0.3472268437
0.359204363
0.3298178832
0.3360698118
0.3212837931
0.337662388
0.3530326479
0.3302080338
0.2944217163
0.2898070298
0.3253501453
0.3034719939
0.2920007085
0.2988193833
0.3384362903
0.3307062695
0.3314502055
0.329867159
0.3205583013
0.3161506375
0.3040723287
0.3057292638
0.315333499
0.2983766345
0.3297110813
0.3201356257
0.3330699859
0.3360981778
0.343410244
0.3533220233
0.3379632411
0.3550745494
0.3635579695
0.3523140999
0.3489913907
0.3355530462
0.3511849279
0.324841496
0.3125799682
0.3186675968
0.3278624148
0.3232015807
0.3246013359
0.3383699285
0.3367668056
0.3314844048
0.3087786438
0.2954899635
0.296199796
0.2779973974
0.2974982256
0.3330595965
0.3500995245
0.3628898838
0.3570433888
0.361566427
0.3531590177
0.352162683
0.3314647515
0.3091262715
0.3241446722
0.3172830699
0.3291219521
0.3326605174
0.3376276116
0.3265437856
0.3278427684
0.3254754126
0.3177636568
0.3281570693
0.3227833186
0.3326641788
0.3392969103
0.3417070244
0.3430922483
0.3319302715
0.3118096177
0.3201922609
0.3221903643
0.3432821876
0.3472666201
0.3361164452
0.3411785294
0.3357093346
0.3170374945
0.335152061
0.3264948848
0.3278182889
0.3434207025
0.3399852991
0.3501625379
0.3431429795
0.3344189461
0.3285238959
0.3427417812
0.3243246646
0.3248915221
0.3459167457
0.3187464655
0.3151833892
0.3170285306
0.3430854646
0.3334478727
0.3093738798
0.2811265761
0.295137809
0.3079159515
0.3002171629
0.2710985248
0.2833988885
0.3088973892
0.31658478
0.3364932283
0.3544766603
0.3254289736
0.3181273998
0.3251966097
0.3201151331
0.3260861386
0.3239756389
0.3043964093
0.2987033176
0.3234810659
0.3078639382
0.3269393894
0.3378414483
0.3208890446
0.2769516458
0.2851235185
0.2914338767
0.2995193725
0.3220340247
0.3008070251
0.3186868743
0.2982304483
0.2923924935
0.3163336297
0.3151013301
0.2939442853
0.2746916174
0.2765561686
0.2755783869
0.2820889695
0.3171193516
0.3133966144
0.3271804695
0.3303421132
0.3303567033
0.339359195
0.3250197361
0.3630103425
0.3543364181
0.3237198517
0.2855597227
0.3235680393
0.3020225117
0.2786501196
0.2830529629
0.2826105205
0.3309690518
0.3168674944
0.3006579952
0.3260061951
0.2833932454
0.3087820378
0.3045090128
0.3024614661
0.3075442745
0.3061560416
0.3129041024
0.3200647724
0.3131746997
0.3333850985
0.3402524515
0.326821394
0.3180312434
0.3255078624
0.3215162354
0.3025591634
0.3281607734
0.320028169
0.3211455384
0.3103080499
0.2977168888
0.2734584104
0.2738556593
0.2855423864
0.2853053424
0.302367709
0.2939101504
0.2955105514
0.2973646658
0.3119204287
0.3243740213
0.3270634673
0.3154845454
0.2960288641
0.3059506896
0.3240290016
0.3346922261
0.3242822934
0.3112968575
0.2951045428
0.2929190729
0.3052108971
0.3057362043
0.2987541151
0.3101847727
0.3061473464
0.3004299789
0.3142169562
0.3161580262
0.3304032597
0.3438931911
0.3402587809
0.3424917526
0.3468711219
0.3129133634
0.2917414885
0.3081115614
0.284587493
0.2942033697
0.2987455739
0.2931506476
0.3333704788
0.3375845774
0.3535055615
0.3361080503
0.3082159451
0.3278158024
0.3249142727
0.3333453799
0.348879491
0.3270554547
0.3396217376
0.3149547669
0.3208170994
0.3311922896
0.3113553418
0.3126136773
0.3447555961
0.3441974665
0.3533969208
0.3065884845
0.2764883781
0.2828874699
0.3143667676
0.326065803
0.3244878305
0.3090688735
0.3227465238
0.3175669837
0.3346446176
0.3609576542
0.3060664852
0.3155288063
0.3333227522
0.3286635613
0.3364603749
0.3022338402
0.2900161755
0.3002313003
0.327287886
0.3402432078
0.3152103781
0.3177091111
0.3198383198
0.3135254367
0.3297925232
0.3427620943
0.347961886
0.3298652676
0.3243213464
0.3190327651
0.3202026171
0.3177169753
0.3203923334
0.31292614
0.3009200662
0.3061533035
0.3213186215
0.3108783177
0.3037168761
0.3280804888
0.3371536872
0.3434847822
0.3509754629
0.3506335607
0.3704981609
0.3605758961
0.341791124
0.3281388312
0.3111330974
0.3028019206
0.3245211877
0.3440048091
0.3459000914
0.3213694613
0.3018948072
0.2926959497
0.3081057249
0.3225551613
0.3419216388
0.324151419
0.3071700873
0.3148670557
0.3087406851
0.3300903226
0.3131356026
0.3064934224
0.3100304288
0.3251520772
0.3032892603
0.3014319908
0.2835406652
0.3196868112
0.3318839254
0.3185133776
0.3236105207
0.3373092299
0.3354017962
0.3522850892
0.3451787313
0.3377077407
0.33247115
0.324225907
0.3473914382
0.3198341292
0.3404138371
0.3352256092
0.3355036057
0.3004509832
0.285785778
0.2924372198
0.3151941275
0.3374076873
0.3083738957
0.3112698458
0.3349312031
0.3498505066
0.3483337047
0.3350062059
0.3211120831
0.3155380961
0.3230041415
0.3467579598
0.3361242518
0.3473160223
0.358999168
0.3671538136
0.3700265454
0.3339448589
0.3277563386
0.3312113367
0.2827128095
0.3122317647
0.3299919262
0.344478349
0.3532966779
0.3442674981
0.3240470487
0.3213503297
0.3164905958
0.33929876
0.3288448779
0.3446743463
0.338755476
0.3295860419
0.3465021132
0.3091832065
0.2986617622
0.2969254206
0.2989153996
0.2707709226
0.3340580509
0.3324049849
0.317839948
0.3267105732
0.3125282204
0.3512580308
0.3547349781
0.3310328618
0.3261199712
0.3214124857
0.3257792288
0.3279482583
0.3128122074
0.3267830314
0.3640954807
0.3639272277
0.3677009583
0.353292135
0.33135326
0.3337806019
0.2920418751
0.3228981388
0.3472158517
0.3376475105
0.336547212
0.3554383245
0.3202182629
0.3220156593
0.3252375834
0.3363346285
0.3465666556
0.3355581853
0.3442206395
0.3076676698
0.2862484001
0.3050377053
0.3252446971
0.3480712445
0.3184276383
0.3075324348
0.2756021087
0.2837079195
0.3000727313
0.30994149
0.3060567176
0.313780429
0.3302362171
0.3222510753
0.3202634931
0.3245316928
0.3131047265
0.3145654476
0.3204924581
0.331077708
0.3245734413
0.3103359628
0.3083553064
0.2964412494
0.2904664784
0.2679158956
0.3122267093
0.291018854
0.2985137222
0.3197838319
0.3298857026
0.331554819
0.3508700851
0.3333994848
0.3147721782
0.3226531193
0.3038454803
0.3219884738
0.3170699931
0.3145441196
0.3427247126
0.3391383498
0.3065717865
0.2912661657
0.3204018534
0.3239864175
0.3291018915
0.3318139708
0.3234614565
0.3422289698
0.3504705253
0.3486384126
0.3216567433
0.3324369405
0.3160581889
0.3394700828
0.3327680546
0.3257691472
0.3228845766
0.3462981457
0.3266915377
0.3119649616
0.2869815006
0.3113067074
0.3417457949
0.3372069921
0.3384850055
0.3249399095
0.3338878922
0.3255197437
0.3279599149
0.3204521291
0.3431108883
0.320981301
0.2988222279
0.2973232329
0.2855825286
0.2947434749
0.3026280872
0.2998422441
0.3098709508
0.3235973397
0.3347868967
0.3610902337
0.3471982729
0.3493815759
0.3082378386
0.290399391
0.3150791154
0.3058878949
0.3020486766
0.3042720082
0.3005689385
0.298122416
0.3118519967
0.2974239904
0.330410129
0.350274918
0.3156074251
0.3100670593
0.2939462525
0.2929997992
0.2906121474
0.2790863309
0.2823372985
0.2886701957
0.3155964159
0.3247186973
0.3325821389
0.3282352688
0.2927243456
0.2806338673
0.3126011574
0.3252856539
0.3649961698
0.3585887096
0.3136852539
0.3007934177
0.3070397464
0.3175539256
0.3153916402
0.3091569276
0.3132166265
0.322411226
0.3004260533
0.2974485717
0.3426576705
0.328099206
0.3235080855
0.3330538947
0.3365207126
0.325731759
0.3348381282
0.3467233703
0.314896309
0.3040647295
0.337799582
0.344231697
0.3198041669
0.3276542631
0.3294977601
0.3367762947
0.3085856604
0.3165472015
0.3094698794
0.337023887
0.3508810132
0.3528159794
0.3147307066
0.3228232764
0.3028229585
0.3225760907
0.309483299
0.2971698242
0.2979927656
0.3443611241
0.3417027352
0.3478116294
0.3394012897
0.3214348512
0.3329057844
0.3316676652
0.3321498617
0.3231127169
0.3191134456
0.3396528315
0.3144219799
0.2956442151
0.2803327638
0.3137574389
0.3516864242
0.3368429823
0.3257606858
0.299883889
0.3338923627
0.3494156387
0.3398504837
0.3268696479
0.3129282394
0.3328953955
0.3360926042
0.3334524197
0.3420800114
0.3462181279
0.3558491505
0.3391888794
0.3231193089
0.3150322979
0.3181722833
0.3198724001
0.3445881905
0.3419340368
0.3247746
0.3476100017
0.3461457533
0.3282820926
0.3178940417
0.3391323383
0.3160729107
0.3045508532
0.3164807861
0.3184088215
0.3178019051
0.3286717134
0.324120237
0.3072425709
0.3462568978
0.3299611959
0.3344518675
0.3458029733
0.3540410532
0.3304454416
0.3406615933
0.3248869669
0.3238705422
0.3240300621
0.3566511559
0.3519415858
0.3512082446
0.3620791933
0.3657912715
0.3415910942
0.3105014051
0.3017243036
0.3168736807
0.3487101319
0.3403259542
0.3247748099
0.3118009577
0.3247751021
0.3564999201
0.3438946375
0.322433422
0.3418111253
0.3505815404
0.3448681986
0.3522799937
0.3520366958
0.3285312925
0.3155013662
0.3008446153
0.3131035098
0.3072512506
0.2971628847
0.3452535075
0.32971865
0.3362886259
0.3366696807
0.2997685028
0.3144353479
0.3117274829
0.3159298948
0.3061099324
0.3023405443
0.3274858723
0.3328130251
0.355675877
0.3613683568
0.3554592109
0.3542074573
0.3493927053
0.3339877434
0.3454104304
0.3624326613
0.3360246507
0.3350519887
0.3132207906
0.3142357519
0.3362659616
0.3530377601
0.3448684231
0.3427260977
0.3344405354
0.3302642716
0.3473190574
0.3352302472
0.3318100616
0.2992783568
0.3042077995
0.316972347
0.3158574968
0.3152829264
0.344313469
0.3400784029
0.3500965091
0.3477700367
0.3365374162
0.3253246877
0.3179123303
0.3086195955
0.3244516474
0.3216230744
0.3159221344
0.3225971585
0.3034668783
0.2877631444
0.2779954852
0.2833485965
0.3067071551
0.3445991233
0.3473346708
0.3424854763
0.3369580952
0.3350341388
0.3192920983
0.3411897773
0.3287627682
0.2931541115
0.2993154469
0.3227456435
0.3284862756
0.3253176544
0.3045203016
0.3171796903
0.3404828768
0.3428362757
0.3374217586
0.3576036521
0.3358773758
0.3279467855
0.3202308893
0.3163101074
0.3063947426
0.3040285781
0.340866112
0.3363054464
0.3154839555
0.330078566
0.322787884
0.3268899116
0.3396026684
0.3126436121
0.3242315799
0.316254107
0.3355838632
0.3194165012
0.3101361593
0.2985815233
0.3123482316
0.3427096332
0.3287286541
0.3257896471
0.3113900831
0.3146224377
0.3349520953
0.3054829072
0.3351693202
0.3087486138
0.3040883944
0.3170033796
0.2982958139
0.3235082699
0.3242251335
0.3203442139
0.314209063
0.3406861788
0.3485862714
0.3531454988
0.3220119255
0.2783600942
0.2677171113
0.2982454625
0.302637977
0.3152975648
0.3045007663
0.306627915
0.2949461283
0.3117031503
0.3536775032
0.3538595984
0.3352628086
0.3346327808
0.3281934518
0.341192826
0.3511995089
0.3176412502
0.3292659237
0.3390154751
0.3272270649
0.3436410739
0.308171093
0.3029031126
0.3124670448
0.3199325142
0.3120908062
0.3005639373
0.342791908
0.3364723092
0.3242733757
0.3057758832
0.303959388
0.3267628364
0.3308409465
0.3193015376
0.3350834073
0.3403644589
0.3361814751
0.3241877691
0.3377429384
0.3106835375
0.339691829
0.3698233566
0.3603648469
0.3362567554
0.3252100024
0.3402125574
0.3409411708
0.3434239519
0.324580305
0.3294290338
0.3309396562
0.3396909089
0.3101056116
0.3323685498
0.3392673659
0.3239608964
0.3465064084
0.3199288519
0.3198857993
0.3211920894
0.3226197261
0.320700845
0.3357017377
0.3505273374
0.3539011178
0.3381055004
0.3102016299
0.310638744
0.3060924121
0.299151213
0.3089437621
0.3233989582
0.3486136067
0.3386469001
0.320372394
0.3412057241
0.340063959
0.3368245508
0.3472273204
0.3215344859
0.3178067263
0.3258387472
0.3105504109
0.2995317621
0.2964016297
0.3194737354
0.3175907374
0.3299562226
0.3312720465
0.3087649982
0.3038797139
0.3258611312
0.3457657669
0.3294730871
0.3520474688
0.3468683748
0.3235577795
0.3445576806
0.3400628553
0.3176122209
0.3107219512
0.3104815827
0.3154556819
0.3113941657
0.311707959
0.323581249
0.32605199
0.3264897195
0.3161084423
0.3448024371
0.3386716905
0.33033533
0.3265169115
0.3333863724
0.3179815028
0.3209501421
0.3416017599
0.3332721207
0.3263627893
0.3178537102
0.3048292231
0.3075979141
0.3046063211
0.3276862096
0.3147851179
0.336619568
0.3260173669
0.3485897719
0.3350154703
0.3068190659
0.2728008073
0.2931333493
0.3107226217
0.3332951376
0.3132844071
0.3014411555
0.3185254346
0.3442140783
0.3363964923
0.3424724429
0.3262544074
0.336131063
0.3282786153
0.3184658042
0.325073629
0.322831004
0.3106687265
0.3087648207
0.306054287
0.2911566556
0.2989663527
0.3035528186
0.3390727857
0.3387164071
0.3437171215
0.3246069196
0.3179144399
0.3167631087
0.3476607694
0.3187181974
0.3150276532
0.3164939146
0.3251041451
0.3538880436
0.3483504047
0.3210265558
0.3344406885
0.3353716229
0.348044246
0.345974299
0.3362425115
0.3287826572
0.3135931817
0.2864293761
0.3277045603
0.3341453547
0.3209733689
0.3034138446
0.3186377538
0.3049461021
0.3187222189
0.3060024566
0.3288932541
0.3515888
0.3373526646
0.3280495096
0.3782990014
0.3931636164
0.3870332977
0.3662242951
0.3375508196
0.3571327278
0.3251046395
0.2942664358
0.2899234274
0.3221694113
0.3158463296
0.3161498175
0.3045909141
0.2888698491
0.3041301467
0.308154959
0.323714549
0.3554274846
0.3548219709
0.3569073271
0.337248202
0.3209274379
0.3379334359
0.3301816715
0.3366010825
0.3367408271
0.3669229678
0.3695150339
0.3632113665
0.3485266924
0.31898485
0.3048254893
0.3216920378
0.3324536619
0.3232215887
0.3270484621
0.3264496119
0.3138998687
0.3250568669
0.337641598
0.3324093529
0.3080193639
0.3372512291
0.3491518692
0.337121872
0.3185607933
0.3157236001
0.3137158534
0.3070114131
0.3224657003
0.3422967962
0.3517237559
0.3469273204
0.3542181007
0.3446407651
0.3597548251
0.3571428013
0.3539257575
0.3340406576
0.3034608771
0.3340929693
0.3387518914
0.3157876763
0.3006932932
0.3239468573
0.3152785441
0.330313426
0.3288232554
0.3262226385
0.3122817558
0.3183034259
0.3424066546
0.3320148504
0.3264909301
0.3155461395
0.3468363137
0.3615404273
0.3708921853
0.3472597925
0.354114388
0.3216963135
0.3315215425
0.3235690766
0.3123431742
0.3057289113
0.3196629867
0.3415175437
0.3404673452
0.3373661
0.3266792177
0.333002341
0.3170009972
0.3361765537
0.3328153595
0.3609506077
0.3456875036
0.3518968343
0.3154592714
0.3207281865
0.2951692194
0.3364317977
0.3451270858
0.3226040463
0.3380385166
0.3347687037
0.3242400075
0.3395525163
0.3491168918
0.3346626595
0.3445195107
0.3473202317
0.3316638973
0.3311279796
0.3501883241
0.3471698942
0.3454932676
0.315759821
0.3253823273
0.3079981668
0.3314964766
0.3152696001
0.3082258997
0.3276525374
0.3206690836
0.3271245155
0.3027456313
0.2880486471
0.3150146795
0.3075949685
0.3252523412
0.3400364508
0.325329691
0.3573272972
0.3491179812
0.3311124745
0.3093594097
0.3064113231
0.2949227569
0.3377038945
0.3412934252
0.328290162
0.3468905656
0.3231413283
0.3169755687
0.3105357278
0.2774204849
0.28251854
0.2579834544
0.2705530129
0.2981744231
0.3084319203
0.3269359371
0.3223745467
0.3524099085
0.3557591841
0.3411943134
0.3387950759
0.3394917843
0.3422761101
0.3222982112
0.3101215001
0.320506303
0.3305483433
0.3165043035
0.3418434721
0.3243038431
0.3119794501
0.3100326155
0.3258575734
0.3164010423
0.3176444219
0.3096020039
0.3372907575
0.3408970514
0.3505156609
0.3383921455
0.3322669906
0.3034600257
0.299319753
0.3170586871
0.3612565518
0.3586310814
0.3601024451
0.3667824453
0.3297405382
0.3077308227
0.3178074914
0.3340729993
0.3164742256
0.2895260277
0.297066312
0.2992612184
0.3046538313
0.3041867853
0.3205848677
0.3266931825
0.3341254945
0.3367562631
0.3237081002
0.332363707
0.3070288691
0.3133691769
0.2997470501
0.315193333
0.3360195587
0.3309689725
0.3096931953
0.3217098195
0.3472507489
0.3447319331
0.3322401756
0.3040225289
0.3013854654
0.3498989026
0.3559367696
0.3579916254
0.3144933796
0.3449620827
0.3249579336
0.3083343734
0.3044640054
0.3115029911
0.3359990439
0.3401607753
0.3355855036
0.3513524182
0.3677689913
0.396335689
0.3609665288
0.335781947
0.3251951684
0.3104839597
0.3001787225
0.3051916148
0.3119561886
0.3293608371
0.3207456259
0.2845806068
0.2917123645
0.2937011183
0.3348883733
0.3171789675
0.331591163
0.3480602639
0.3670196962
0.3612548815
0.3396854794
0.3113140152
0.3069611342
0.3403662605
0.3248517782
0.334443446
0.3151737005
0.2729351993
0.2622291951
0.2771509543
0.2895533845
0.3234584701
0.3227841231
0.3372366359
0.3070818747
0.3150732925
0.3176257549
0.353322567
0.3478999885
0.3462715088
0.333175032
0.3174800662
0.3299811147
0.3002455384
0.3148637443
0.317159711
0.3252163807
0.3076364406
0.3254670939
0.3273200116
0.3368514543
0.3414702688
0.3339204507
0.3333663346
0.3163089869
0.3568802889
0.3496787791
0.3364903108
0.3295647856
0.3050517451
0.2988764833
0.3316929529
0.3374361253
0.3409507122
0.319190961
0.3072341623
0.3264182426
0.3410239829
0.3421460606
0.3375018145
0.3448401426
0.3134344809
0.2912145306
0.3156561327
0.3258561854
0.3214555683
0.3193615188
0.3333943245
0.3215789467
0.3348255869
0.3053353541
0.3273200414
0.296072236
0.3126069418
0.3220338172
0.31284649
0.3106849311
0.3141853053
0.3385522405
0.3154106332
0.3337477097
0.3081204202
0.3243522252
0.3309640884
0.319257912
0.3190247572
0.3303502621
0.3252399023
0.3330727359
0.3473760723
0.36884227
0.3563243617
0.3474990923
0.3368051239
0.3484458906
0.3313287883
0.3260651296
0.3130781935
0.3162711284
0.3175319875
0.3058763207
0.3087524245
0.2948942356
0.3199917124
0.3389159141
0.3195422142
0.290212676
0.3045765859
0.2965003318
0.3068696682
0.3183302078
0.3295701753
0.3133012366
0.3095406785
0.3431360572
0.3280243744
0.3087778993
0.2826632124
0.2799735697
0.2732694615
0.2912062015
0.29715667
0.3056842429
0.3220210147
0.3224553508
0.3279108749
0.3237168542
0.3220658923
0.3153273789
0.3271719059
0.3113493192
0.3256643571
0.3315715279
0.3226845636
0.2997226409
0.3225987316
0.3214615123
0.2945920916
0.295817111
0.2911213432
0.2708184193
0.259074065
0.2773587467
0.3011367924
0.2945040252
0.311538566
0.3107835793
0.3123282271
0.3042406206
0.3360464641
0.337151546
0.3211915299
0.3151061324
0.330820599
0.330344147
0.3247450608
0.3146539195
0.307265986
0.3231243422
0.3404987301
0.3302435955
0.3130500102
0.3141362795
0.3040474876
0.3104319748
0.2927833386
0.3327290839
0.3316864656
0.347248115
0.3463504013
0.3480793839
0.3378938533
0.3377318949
0.3463879383
0.3427877887
0.3453149297
0.3451860282
0.3418900631
0.30560906
0.2910512539
0.3156456726
0.3258776717
0.3230501847
0.3182656401
0.3232265461
0.3209679411
0.3202210405
0.3196000127
0.3098951156
0.332810237
0.3261658167
0.3391227054
0.3474209778
0.3307254475
0.3099681887
0.309470211
0.3162743473
0.3179022395
0.3069878257
0.2972110104
0.3084269893
0.324817924
0.3193813368
0.3127019684
0.3017498267
0.3294600054
0.31901079
0.3537958631
0.3453459771
0.3233108589
0.3278428661
0.3110194493
0.3234669623
0.3197020683
0.3087581399
0.3152607336
0.3309448863
0.304040674
0.3028023022
0.3477148291
0.3170758977
0.3133695151
0.3077610442
0.2949828779
0.3110810243
0.292536168
0.2979573834
0.3055898587
0.2800304173
0.2754175368
0.2780345552
0.2846709546
0.2859326169
0.2865130635
0.2872858516
0.3064396221
0.3250379772
0.3156806905
0.3371954648
0.3351318588
0.3378571067
0.3115637483
0.3137487494
0.3264619859
0.2953160149
0.301699829
0.2963675038
0.3181180933
0.3208865814
0.3601909573
0.3421742457
0.3330818165
0.3398232162
0.3304580103
0.3169217553
0.3135685433
0.3299728934
0.3392002659
0.3380369578
0.3459925754
0.3265600067
0.3338111962
0.3214970269
0.3103941417
0.3177629283
0.2954316766
0.3204529345
0.3190484858
0.3218480217
0.2987825162
0.294133467
0.3187226147
0.3330291418
0.3352703253
0.3245833328
0.314313037
0.3123555041
0.3332322654
0.3190706506
0.3036787652
0.3070663781
0.3224605406
0.3423021066
0.325950851
0.3253209208
0.3309960899
0.3228265675
0.3099407271
0.3233133125
0.3331424689
0.3357670365
0.317909415
0.2951816995
0.2985176989
0.3324676175
0.3419954968
0.3540511252
0.3302634852
0.3484729392
0.3516415105
0.3456592735
0.3299091617
0.3370360875
0.3225126725
0.2982800455
0.3152218527
0.3403798315
0.3365437587
0.3157125463
0.321548619
0.3335236497
0.3464457722
0.3536797918
0.3484945462
0.344731668
0.3712198004
0.3812369714
0.3726666181
0.3315519549
0.3237099326
0.3236336438
0.331501706
0.3163832864
0.3080219359
0.345897261
0.3205686179
0.3022504121
0.3075127253
0.3334247597
0.3288579184
0.2988789877
0.3317064988
0.3339480646
0.3462763092
0.3632170252
0.3063136936
0.3139452477
0.3181527721
0.3243212124
0.3155160956
0.3058030755
0.3233479141
0.3416085142
0.3344211158
0.3354186123
0.3501165721
0.3371610505
0.3349319606
0.3299068983
0.3296448743
0.3280932129
0.3401563369
0.3152132534
0.3149648115
0.3239883513
0.3156201173
0.3305588529
0.3343565878
0.3419690639
0.3598547451
0.354107748
0.3267748151
0.3435431565
0.351147643
0.3486870087
0.3240453847
0.3149094091
0.3126209918
0.302761261
0.3049628808
0.3035797049
0.3358925212
0.3473397564
0.3403999223
0.3139353055
0.3132029171
0.3253385367
0.3193886547
0.3085951395
0.2804587246
0.2818234822
0.2990320246
0.2989278813
0.3317008862
0.3089297129
0.2987393878
0.308349433
0.3472591019
0.3325039328
0.3173833985
0.3334889118
0.3102251485
0.3044816395
0.2950983522
0.3180146966
0.3199525879
0.3188210771
0.3303645293
0.3259897292
0.3418832364
0.337328652
0.3243766799
0.3057324855
0.3136014773
0.3225996518
0.3278041713
0.3330942948
0.3428422003
0.3358311963
0.3160946472
0.3145198873
0.3326085248
0.3722900961
0.3584730769
0.3297184903
0.3166118676
0.3121133889
0.2939953639
0.3082730572
0.3048902348
0.3184575886
0.3173964627
0.3213463197
0.3044190749
0.3139745332
0.3264737345
0.3538486538
0.3467988577
0.3136102142
0.3067566733
0.306765475
0.2978181961
0.2973722008
0.2881955034
0.308879484
0.3269340732
0.3358179674
0.3320501698
0.3275760801
0.3097608149
0.2979275584
0.2913125796
0.3079622156
0.3106035248
0.3047449253
0.3472342419
0.357331758
0.3234100507
0.3607707553
0.3365317064
0.3075222815
0.3157449218
0.3126736657
0.3132321119
0.3211214234
0.3211083387
0.3116947424
0.3164284467
0.3110660257
0.2778631319
0.3072731293
0.3026097677
0.331788807
0.3219203308
0.291405437
0.3174412747
0.3283038921
0.326169996
0.329835011
0.3106618765
0.3364849992
0.3626104745
0.357116665
0.3231248857
0.295460133
0.3087420348
0.275550886
0.3014229048
0.2916408859
0.2957633151
0.2614115773
0.2667663922
0.2837218863
0.2841930317
0.321220286
0.3111506153
0.2860025879
0.2831570226
0.3006121182
0.3206652272
0.3276883339
0.3230870396
0.3160026775
0.3142902472
0.2989061966
0.2973465024
0.3048429343
0.2896267961
0.3100109513
0.3233721669
0.3118253858
0.305838533
0.3232003673
0.3157876054
0.2960384069
0.2926885588
0.2947805416
0.2838710694
0.3039859028
0.3075749748
0.2878404517
0.2651281154
0.2940198473
0.3138790973
0.3275153415
0.307572326
0.2954600883
0.2851969819
0.3044763371
0.297260371
0.2772139818
0.2858274838
0.2726573918
0.2760307186
0.3186246793
0.3240447838
0.3181910881
0.3044407874
0.2986256909
0.2988705835
0.3093387044
0.3064300512
0.2846567232
0.2650681896
0.2808306677
0.2866596999
0.2758296067
0.2878042971
0.2960814496
0.2945527355
0.3052415915
0.3341415828
0.3461035481
0.331386793
0.338484796
0.3580338029
0.3519845355
0.3123556292
0.3202818949
0.3208260888
0.292492165
0.2895050647
0.3033629838
0.3148113021
0.3049980443
0.335995134
0.3010192702
0.2992443186
0.3106527819
0.3344743838
0.3219425105
0.3056673048
0.2962459688
0.3247736953
0.3206885404
0.3150164835
0.3418178269
0.3110290291
0.2878998171
0.3000579364
0.3144411062
0.3200281319
0.3329877663
0.3379225679
0.3588654757
0.3388666933
0.3056791708
0.3169700087
0.3130471482
0.2942723344
0.2954094935
0.3081152995
0.2987403165
0.3099954717
0.319034954
0.3112825531
0.3001715981
0.2958829602
0.3225287156
0.3201013243
0.3400225746
0.3111817188
0.3289262696
0.3281933339
0.3106567484
0.2971049696
0.2974774
0.2998625864
0.2847347774
0.2985638474
0.2954073853
0.3327087384
0.3328969236
0.3278638435
0.2924648182
0.3007900078
0.3186320481
0.3327383719
0.3218586455
0.3233564046
0.3204521404
0.3219593648
0.3434269161
0.3155801989
0.3315041113
0.3349420925
0.3225136643
0.3269487578
0.3230246269
0.3311081411
0.338786184
0.309678247
0.2941191984
0.3034840185
0.4016161493
0.3895289713
0.363677753
0.3253019358
0.3114273926
0.2998293146
0.2974523589
0.2801295324
0.3001616726
0.3300501847
0.3439843782
0.3228357818
0.3263199758
0.355043034
0.353455712
0.3551450693
0.3320330854
0.3260817601
0.3271049586
0.3696935875
0.3320903944
0.3309065466
0.3062406856
0.3124225215
0.3022360713
0.3055659762
0.3182621058
0.2973406236
0.3086278616
0.2896602555
0.2837934389
0.3342203876
0.3148126228
0.2931206784
0.2883908605
0.2935374751
0.3093014134
0.3191229245
0.3217345412
0.3108341067
0.3138436461
0.3085935238
0.2990820759
0.2662190131
0.3048257427
0.3409065797
0.3542910458
0.3249584645
0.3235064452
0.3087297536
0.3072618863
0.3147798514
0.3329704733
0.3375085155
0.3175380848
0.3040770093
0.301388276
0.3247256098
0.3484904408
0.3569323143
0.3046237924
0.317061012
0.3344168961
0.3576225431
0.348921175
0.314272747
0.2824051087
0.2860615861
0.2801540201
0.3098215721
0.3213859817
0.3252579185
0.3381330227
0.359652266
0.3470797406
0.3485098034
0.3499521442
0.3379918612
0.2972667915
0.3168518613
0.3307695277
0.3097066827
0.3021420197
0.3117475928
0.3092458261
0.3223746712
0.3353030681
0.3108286297
0.3104510316
0.3176899189
0.3480318609
0.3622826739
0.3634243655
0.3528654654
0.3397688422
0.3143516957
0.3236031509
0.3552540103
0.350191342
0.3123521391
0.3117062654
0.3329604899
0.309269218
0.3109677377
0.374480175
0.3890970029
0.3778897926
0.3689524695
0.3588528472
0.3430163021
0.3229174177
0.3116775704
0.309217976
0.323870694
0.2952502441
0.3012374426
0.2873259861
0.2818004415
0.3050187065
0.313589671
0.3035965858
0.2968908039
0.3140520154
0.3288456692
0.3346688551
0.3361939545
0.3365899946
0.3215137511
0.3018147725
0.3123686772
0.3107533879
0.3275870194
0.3245461095
0.3088309845
0.303279234
0.2948495197
0.3027178152
0.3088164962
0.3287807793
0.3139053743
0.3439019377
0.3409421161
0.3316990722
0.3327113108
0.317020922
0.3085634609
0.3034571195
0.3015391931
0.3066867585
0.3113496707
0.3447527119
0.338692337
0.327452812
0.306911304
0.3185710112
0.3248828958
0.3449987675
0.3333066348
0.3157470423
0.3315048695
0.3219150777
0.2899308217
0.2790020869
0.2960822056
0.2724211918
0.307860947
0.3298390698
0.34490419
0.3293055842
0.3179894252
0.3150533677
0.3180377539
0.3364961623
0.3021005389
0.3002389156
0.3272747413
0.3348337698
0.3456255998
0.3468639589
0.3524284935
0.323228527
0.3155512954
0.3092800942
0.3141786799
0.3321062158
0.3380056021
0.3260350441
0.3046121889
0.3072162324
0.3041549892
0.3212785804
0.2868689623
0.3173386137
0.3214986704
0.3079143839
0.3231893253
0.308331207
0.2983965794
0.3102009891
0.3051657788
0.3214306993
0.3026784135
0.2858348466
0.3100606421
0.3013950806
0.2822094184
0.280715529
0.3002351646
0.2936602529
0.3049104628
0.2976349304
0.2972996292
0.3088189865
0.3260160275
0.3062134043
0.2875381297
0.2824666126
0.332077097
0.329082515
0.334530747
0.3164722574
0.3369944619
0.3279444466
0.3375941522
0.3409618946
0.3336190083
0.3366797963
0.3499629729
0.3621637369
0.322360446
0.3315353087
0.3031844352
0.3063714954
0.3039339802
0.3187870958
0.3223905009
0.3141587652
0.3028535487
0.2868409777
0.2931846367
0.3047589862
0.3336016618
0.3136919253
0.3318861138
0.3164159878
0.3232749771
0.3179065876
0.3177498437
0.3247107266
0.3351052217
0.3154467757
0.3041040859
0.3135834007
0.3299973609
0.3182230677
0.3280113338
0.3394264212
0.3137134561
0.3141925208
0.336226511
0.3468509467
0.3221928714
0.3369785887
0.310245154
0.3211859856
0.2985977418
0.2888845547
0.3099867103
0.3338252245
0.3423921583
0.3268672826
0.3442822959
0.3450932994
0.3400247947
0.3409406574
0.3312722636
0.3527002241
0.3286297353
0.322247298
0.3449291884
0.2972922604
0.3337262334
0.330870382
0.3321178511
0.3179045557
0.3415422009
0.3308874911
0.3456089818
0.3339653881
0.3209094915
0.3383374117
0.3086152831
0.3023873058
0.3236432123
0.3328270027
0.3433358931
0.3265498084
0.3389648022
0.2923668903
0.2907761675
0.3371932492
0.3569711116
0.3558862359
0.3425744859
0.3549263534
0.357688183
0.354192263
0.3361960269
0.3297025557
0.3180103565
0.3054400814
0.3089312376
0.3570939558
0.3325928112
0.3270302445
0.3213162782
0.2976056473
0.289766141
0.3158867994
0.3357110943
0.319845782
0.3256817731
0.3332137109
0.3614924116
0.3377292014
0.332406031
0.3511377145
0.3483343607
0.3466353133
0.3445895315
0.3298308673
0.3484837882
0.3082514402
0.3104445133
0.3109284808
0.3072372399
0.310395678
0.3360853928
0.336042469
0.344174562
0.3243719339
0.3192373423
0.3061409431
0.2880842522
0.2889406007
0.2914843768
0.303718246
0.3091019129
0.3241991589
0.3417005347
0.3389232072
0.3209957218
0.2880245344
0.3053530255
0.3076063735
0.3395785899
0.3460155972
0.3417514007
0.3076893109
0.2958227027
0.3553270692
0.3147836918
0.2871366995
0.2973100138
0.3101301278
0.3154513898
0.3183020502
0.3375322261
0.3460687804
0.3329049081
0.328000487
0.334856009
0.35752319
0.3367186753
0.3010554606
0.3042907693
0.301541206
0.3018420777
0.3025612754
0.3366644484
0.3200123301
0.3205469043
0.3357671022
0.3046409851
0.2998864341
0.326070661
0.341092065
0.3341894549
0.2904656115
0.3106074709
0.2949854689
0.3053475469
0.3026403407
0.2951576049
0.3126468345
0.3287264597
0.33552218
0.3166028414
0.3354556313
0.306632225
0.3257827793
0.3442998269
0.3082803291
0.3047343005
0.308820976
0.3066707406
0.3152960263
0.3498705067
0.3573882698
0.3354267693
0.3210756386
0.3177362434
0.3293504751
0.3336233832
0.3367887607
0.3424026009
0.3157897548
0.3280188535
0.3289357554
0.3180989137
0.327945617
0.3383967471
0.3444445616
0.3310952477
0.3487652772
0.3225646185
0.3322666268
0.3323621487
0.3201568502
0.3020000624
0.2936091259
0.2850721374
0.2914637737
0.2831837457
0.3044370436
0.3028514659
0.2985051426
0.2938343751
0.3169308696
0.3396841321
0.3213048721
0.3214199126
0.3547467842
0.3430577133
0.324960591
0.337838704
0.3179580857
0.3145332339
0.3063382987
0.2963533854
0.2932460552
0.2953300171
0.2929221681
0.2791270083
0.2824556817
0.2974898825
0.3085522352
0.3368896674
0.3360009918
0.3403909184
0.361412957
0.3662496275
0.3457484629
0.3288533028
0.3054588463
0.3053215383
0.3228912472
0.3200176864
0.3367846828
0.3458392987
0.294950285
0.3003971539
0.3015166738
0.3021957631
0.3239422186
0.3492641614
0.3246189372
0.3121660717
0.3075584386
0.3380313044
0.3154783951
0.303756111
0.3186131525
0.293891862
0.3397156538
0.3618119084
0.3502507592
0.2970980736
0.2985748114
0.3153364875
0.3420490004
0.3178148416
0.3029448967
0.3193481575
0.3275920992
0.3071444068
0.3447068042
0.3440359199
0.3162584644
0.3071704606
0.3041162595
0.2978653367
0.3022188228
0.3268174272
0.2968155271
0.2935359827
0.3116102368
0.3232581219
0.3480873246
0.3168854944
0.3071547217
0.3274865815
0.3334114271
0.327786633
0.3585665935
0.3483100882
0.353256561
0.3650263654
0.3274439858
0.2935103684
0.3271652218
0.3452073113
0.319287912
0.3249212579
0.2924591293
0.2911691968
0.306865373
0.2977348714
0.3007558085
0.3156946072
0.3143569738
0.3261393889
0.3353949891
0.325167979
0.3193186851
0.331801426
0.3168681687
0.3060933547
0.3010974003
0.3099322411
0.3530036198
0.3479457905
0.3642140782
0.3439285445
0.343817649
0.3549401975
0.3608516219
0.3450420912
0.3337746952
0.3550008263
0.3407689905
0.3602312874
0.367840942
0.3472906944
0.3363391639
0.3226177809
0.3213024586
0.3316503793
0.3372112354
0.357559642
0.3669053916
0.3260892401
0.3187820731
0.3113836574
0.3265318799
0.343760159
0.3403704684
0.333913866
0.3498134861
0.3424679423
0.3564802607
0.3228916745
0.3231307493
0.3360060665
0.3391695094
0.3452062293
0.3574612405
0.3390231294
0.3633296876
0.3529152162
0.3281137198
0.3014028214
0.2981298702
0.3055309584
0.3222937191
0.3349481143
0.3115492874
0.3095934888
0.3165032411
0.3131758731
0.3119390521
0.3264803554
0.3400506334
0.3060021201
0.2896443881
0.296841903
0.3147758067
0.2954277632
0.302791848
0.2999846337
0.3559606553
0.3264213236
0.3319134011
0.3612492235
0.3691672644
0.3185911592
0.3300601338
0.3164326335
0.3133398553
0.3162923244
0.3151935576
0.3038655923
0.2923272367
0.3226233046
0.3271900919
0.3125864183
0.3180002153
0.3392427582
0.3573481122
0.3712606118
0.3349393364
0.3178891804
0.3255591877
0.313665225
0.3175661523
0.3283217241
0.3065831074
0.303080462
0.3123489871
0.2924179714
0.2978671035
0.2932081525
0.3180550194
0.3082097423
0.3279081151
0.3257133544
0.3355396728
0.3552665223
0.3672281499
0.3306016785
0.3252765604
0.324931302
0.3242316583
0.3407280694
0.3314150646
0.3255256336
0.3352073442
0.3087650075
0.3090204848
0.2965894979
0.3027350639
0.2961556586
0.3114056891
0.308596876
0.3135307849
0.3223670589
0.2999728672
0.3084585561
0.3373272279
0.3394096651
0.294849613
0.3065920588
0.3110100502
0.3244565832
0.3134115948
0.2985081625
0.3105285201
0.3325911479
0.3134350065
0.3426874717
0.3498348888
0.365425241
0.3629017401
0.3396857298
0.3498459389
0.3188052784
0.3288832952
0.3171204887
0.3009043395
0.3029978347
)
;

boundaryField
{
    xPeriodic_half0
    {
        type            cyclic;
    }
    xPeriodic_half1
    {
        type            cyclic;
    }
    yPeriodic_half0
    {
        type            cyclic;
    }
    yPeriodic_half1
    {
        type            cyclic;
    }
    zPeriodic_half0
    {
        type            cyclic;
    }
    zPeriodic_half1
    {
        type            cyclic;
    }
}


// ************************************************************************* //
