/*--------------------------------*- C++ -*----------------------------------*\
| =========                 |                                                 |
| \\      /  F ield         | OpenFOAM: The Open Source CFD Toolbox           |
|  \\    /   O peration     | Version:  2.4.0-MNF                             |
|   \\  /    A nd           | Web:      www.OpenFOAM.org                      |
|    \\/     M anipulation  |                                                 |
\*---------------------------------------------------------------------------*/
FoamFile
{
    version     2.0;
    format      ascii;
    class       volScalarField;
    location    "0.0006";
    object      rhoM_mixture;
}
// * * * * * * * * * * * * * * * * * * * * * * * * * * * * * * * * * * * * * //

dimensions      [0 -3 0 0 0 0 0];

internalField   nonuniform List<scalar> 
5120
(
4.60472e-06
4.5803328e-06
4.6723376e-06
4.5735376e-06
4.5150768e-06
4.5341552e-06
4.443312e-06
4.5767024e-06
4.6011664e-06
4.786624e-06
4.7095888e-06
4.7707104e-06
4.5810416e-06
4.6506368e-06
4.7404208e-06
4.6144704e-06
4.4295424e-06
4.536312e-06
4.7084144e-06
4.8077312e-06
4.5506752e-06
4.5288976e-06
4.5501584e-06
4.536312e-06
4.7536224e-06
4.6893616e-06
4.788704e-06
4.7780736e-06
4.9459648e-06
4.7966736e-06
4.8115536e-06
4.6749856e-06
4.7855008e-06
4.6409632e-06
4.614432e-06
4.8944656e-06
4.9019056e-06
4.840784e-06
4.6043184e-06
4.5246224e-06
4.4411808e-06
4.4157344e-06
4.4476384e-06
4.4226576e-06
4.3642096e-06
4.5778e-06
4.699992e-06
4.585744e-06
4.8487792e-06
4.8780096e-06
5.06928e-06
5.1372608e-06
4.888072e-06
4.9231408e-06
4.9034816e-06
4.580384e-06
4.6510768e-06
4.6388448e-06
4.7063728e-06
4.4789232e-06
4.93492e-06
4.9731152e-06
5.0262288e-06
5.019912e-06
5.2239568e-06
5.0751696e-06
4.60384e-06
4.5618352e-06
4.5963232e-06
4.7499024e-06
4.8153248e-06
4.6883664e-06
4.6697792e-06
4.5342704e-06
4.9689296e-06
4.9365216e-06
4.7234608e-06
4.84564e-06
4.6979248e-06
4.789336e-06
5.387056e-06
5.1542976e-06
5.1484592e-06
4.6213424e-06
4.3508672e-06
4.6394256e-06
4.8466608e-06
5.1017264e-06
5.1097344e-06
4.8520336e-06
5.0039728e-06
4.859384e-06
5.0076416e-06
4.9587776e-06
4.87748e-06
4.8115792e-06
4.9386016e-06
4.9901264e-06
5.1925568e-06
5.248344e-06
4.511912e-06
4.5262624e-06
4.9630912e-06
5.089016e-06
5.317512e-06
5.1410576e-06
4.943432e-06
4.9216288e-06
4.7324256e-06
4.8280352e-06
4.8312512e-06
4.8477328e-06
4.6909632e-06
4.9167728e-06
5.1298336e-06
5.2174992e-06
5.0836048e-06
4.7191088e-06
4.7228544e-06
4.5182672e-06
4.8025376e-06
4.8003936e-06
4.4098576e-06
4.4688224e-06
4.477296e-06
4.5804096e-06
4.538392e-06
4.6893232e-06
4.5591104e-06
4.580888e-06
4.6047968e-06
4.8476304e-06
4.8572272e-06
4.7855136e-06
4.431648e-06
4.689904e-06
4.7271296e-06
4.932272e-06
5.1298976e-06
5.125648e-06
4.941224e-06
4.6080512e-06
4.6834976e-06
4.5315072e-06
4.6249856e-06
4.4251904e-06
4.3688864e-06
4.4316224e-06
4.6899168e-06
4.766952e-06
4.7913392e-06
4.6122752e-06
4.7993216e-06
4.9199888e-06
4.7866112e-06
4.8402288e-06
4.8322464e-06
4.8407328e-06
4.7775184e-06
4.812096e-06
4.9167728e-06
5.1585728e-06
5.2063904e-06
5.1245504e-06
5.1091664e-06
5.1282704e-06
5.0778176e-06
4.8030416e-06
4.7025888e-06
4.9417408e-06
4.8816912e-06
4.6951744e-06
4.7913136e-06
4.722248e-06
4.949736e-06
4.7515808e-06
4.7797136e-06
4.662792e-06
4.7111264e-06
5.0543488e-06
5.0703904e-06
4.939712e-06
4.7457552e-06
4.8546816e-06
4.8998256e-06
4.9550576e-06
4.8174304e-06
4.7839632e-06
4.7159184e-06
4.6882896e-06
4.8360048e-06
4.8954992e-06
5.000744e-06
5.0974128e-06
4.9709328e-06
4.9023968e-06
4.874832e-06
5.0699248e-06
5.0481088e-06
5.0709328e-06
4.610712e-06
4.6946576e-06
4.7977712e-06
4.8264592e-06
4.9050704e-06
5.1441968e-06
4.9529136e-06
4.6367776e-06
4.4497568e-06
4.4885072e-06
4.622944e-06
4.833848e-06
4.9459392e-06
4.8742512e-06
4.917832e-06
4.9911472e-06
5.1069456e-06
5.1245504e-06
4.9120064e-06
4.6452896e-06
4.70264e-06
4.857304e-06
4.8987664e-06
5.1288128e-06
4.7499792e-06
4.7483136e-06
4.9762416e-06
5.2312816e-06
5.1531616e-06
5.2387216e-06
5.0666064e-06
4.7546944e-06
4.909888e-06
4.8019696e-06
4.6489456e-06
4.8333824e-06
4.8509232e-06
4.813168e-06
4.9406944e-06
4.9151968e-06
4.8620576e-06
4.7743664e-06
4.5357824e-06
4.468848e-06
4.4959216e-06
4.7238752e-06
4.8647312e-06
4.7717184e-06
4.6643936e-06
4.6053776e-06
4.714368e-06
4.6420864e-06
4.7154272e-06
4.7542416e-06
4.81424e-06
4.7977712e-06
4.6861712e-06
4.8444784e-06
4.8588416e-06
4.6802816e-06
4.3986848e-06
4.3843856e-06
4.4513456e-06
4.5857568e-06
4.6749984e-06
4.4182928e-06
4.4831344e-06
4.746712e-06
4.6845568e-06
4.6075344e-06
4.3838176e-06
4.5230336e-06
4.6909248e-06
4.52408e-06
4.7733072e-06
4.8131296e-06
4.8365344e-06
4.7095632e-06
4.5910016e-06
4.648416e-06
4.747344e-06
4.7760448e-06
4.6782656e-06
4.5368928e-06
4.5172848e-06
4.7628048e-06
4.7064496e-06
4.7063984e-06
4.5963744e-06
4.5219616e-06
4.5984928e-06
4.383792e-06
4.3816864e-06
4.4571328e-06
4.3615232e-06
4.4454688e-06
4.4763008e-06
4.6394384e-06
4.6149616e-06
4.7048224e-06
4.9289664e-06
4.7621472e-06
4.910392e-06
5.0783472e-06
5.2249776e-06
4.9024608e-06
4.9040624e-06
4.7956528e-06
4.820104e-06
4.9183616e-06
4.8710736e-06
4.952384e-06
4.9858384e-06
5.0044384e-06
4.6850864e-06
4.6005984e-06
4.723888e-06
4.775968e-06
4.6160336e-06
4.6415312e-06
4.9099136e-06
4.9274544e-06
4.8216928e-06
4.8828144e-06
4.9795088e-06
4.9625232e-06
4.9667472e-06
4.7786544e-06
4.6298928e-06
4.5284448e-06
4.50668e-06
4.6867648e-06
4.5198688e-06
4.5288976e-06
4.4210048e-06
4.7313664e-06
4.8875936e-06
4.9476304e-06
4.6793248e-06
4.8833568e-06
4.7000176e-06
4.8349584e-06
5.0682336e-06
4.7786416e-06
4.8546176e-06
4.9907072e-06
4.6702704e-06
4.9252976e-06
4.949736e-06
4.8566976e-06
4.5936368e-06
4.4427696e-06
4.4730848e-06
4.5448496e-06
4.5496672e-06
4.5772832e-06
4.4731488e-06
4.6878368e-06
4.7616816e-06
4.7313792e-06
4.7748576e-06
4.9077184e-06
4.9146288e-06
5.203704e-06
4.7398272e-06
4.6298288e-06
4.5559328e-06
4.5973824e-06
4.694064e-06
4.66008e-06
4.740848e-06
5.0054592e-06
5.0516624e-06
5.0692032e-06
4.826344e-06
4.8412112e-06
4.7402544e-06
4.7620192e-06
4.7413392e-06
4.7243664e-06
4.918336e-06
5.1064416e-06
5.0357744e-06
5.0830496e-06
4.9592048e-06
5.0611952e-06
4.9012864e-06
4.7907584e-06
4.6771296e-06
4.5819728e-06
4.6818704e-06
4.8518672e-06
4.9055744e-06
5.082016e-06
5.0453584e-06
5.1431504e-06
5.3248752e-06
5.3487712e-06
5.2935008e-06
5.0442608e-06
5.1234528e-06
5.1319008e-06
5.1579536e-06
5.1893024e-06
5.0288256e-06
4.9544512e-06
5.0208432e-06
5.0049296e-06
4.9273776e-06
5.1664912e-06
5.0150816e-06
4.9715136e-06
5.0889904e-06
4.9773904e-06
4.910392e-06
4.633032e-06
4.548544e-06
4.81796e-06
4.971488e-06
4.9565568e-06
4.773256e-06
4.7610368e-06
4.6882256e-06
4.87956e-06
4.6580384e-06
4.6554288e-06
4.73032e-06
4.8222096e-06
4.9173152e-06
4.7340016e-06
4.5751136e-06
4.4252416e-06
4.6149488e-06
4.822184e-06
5.0118912e-06
5.1351168e-06
5.2387344e-06
5.0511456e-06
4.8465968e-06
4.8232432e-06
4.7616304e-06
4.9120064e-06
4.9449824e-06
4.8057792e-06
4.9608832e-06
5.0187376e-06
5.0697584e-06
4.9932528e-06
4.8433936e-06
5.0033536e-06
4.9279072e-06
4.9767968e-06
5.0373888e-06
4.6341168e-06
4.649552e-06
4.5400832e-06
4.5703856e-06
4.7212784e-06
4.8424112e-06
4.8572656e-06
4.6946448e-06
4.7036608e-06
4.8194976e-06
4.8205696e-06
4.7116432e-06
4.8248192e-06
4.6739136e-06
4.7190832e-06
4.8349456e-06
4.7015808e-06
4.9136336e-06
5.0055744e-06
4.9843136e-06
4.8110624e-06
5.0453968e-06
5.1288512e-06
4.9768736e-06
4.977352e-06
5.0012864e-06
4.7664096e-06
4.92212e-06
4.8407712e-06
4.7366112e-06
5.0235808e-06
4.7647696e-06
4.7717312e-06
4.794568e-06
4.7270912e-06
4.5496288e-06
4.649488e-06
4.7249344e-06
4.9247808e-06
4.9507952e-06
4.9954224e-06
4.7945424e-06
4.8519184e-06
4.9072272e-06
4.8365728e-06
4.8658288e-06
4.7834592e-06
4.8598752e-06
4.9278816e-06
4.7206592e-06
4.6069792e-06
4.8238112e-06
4.6213424e-06
4.8960416e-06
4.9953456e-06
5.0623056e-06
5.0622928e-06
5.1027088e-06
4.8901776e-06
4.6989072e-06
4.6075472e-06
4.6681136e-06
4.8194848e-06
5.074008e-06
5.0341088e-06
4.859824e-06
4.8274416e-06
4.5835872e-06
4.9263312e-06
5.1548144e-06
5.0867824e-06
4.800368e-06
4.5930944e-06
4.9109088e-06
4.905096e-06
4.9832416e-06
4.9024864e-06
4.812664e-06
4.897152e-06
5.0560016e-06
4.9635312e-06
4.6936112e-06
4.7292224e-06
4.6792864e-06
4.7483904e-06
4.821176e-06
4.790848e-06
5.4656672e-06
5.3083808e-06
5.0692672e-06
5.0209328e-06
5.1664784e-06
5.1585472e-06
4.682968e-06
4.6643808e-06
4.7164096e-06
4.6977584e-06
4.6366496e-06
4.6674816e-06
4.5118736e-06
4.6802944e-06
4.9427488e-06
4.8705312e-06
4.8370256e-06
4.7722224e-06
4.806736e-06
5.1861376e-06
4.6947216e-06
4.5161616e-06
4.4109168e-06
4.6329808e-06
4.619224e-06
4.8318192e-06
4.8541008e-06
4.997088e-06
4.978488e-06
5.0178064e-06
4.9646288e-06
4.8822208e-06
4.6685536e-06
4.7514528e-06
4.7663584e-06
4.8114896e-06
4.8641504e-06
4.8147696e-06
4.813232e-06
4.7340272e-06
4.7281248e-06
4.923128e-06
5.080376e-06
5.0208944e-06
4.8444528e-06
4.6659696e-06
4.6515936e-06
4.6674944e-06
4.6063728e-06
4.5808624e-06
4.6196896e-06
4.604848e-06
4.837632e-06
4.9412112e-06
4.7419584e-06
4.738264e-06
4.733976e-06
4.6654272e-06
4.6255792e-06
4.528304e-06
4.5734992e-06
4.5761984e-06
4.9949824e-06
4.711216e-06
4.7324256e-06
4.62824e-06
4.7052496e-06
4.5649616e-06
4.6165504e-06
4.6527168e-06
4.8174048e-06
4.9858384e-06
4.9114512e-06
4.8508464e-06
4.9342624e-06
4.7956016e-06
4.8360432e-06
4.7180496e-06
4.585744e-06
4.665944e-06
4.686248e-06
4.686248e-06
4.7823872e-06
4.6989456e-06
4.619224e-06
4.7324128e-06
4.8068128e-06
4.8355136e-06
4.7440768e-06
4.7259808e-06
4.6122624e-06
4.5240544e-06
4.7270528e-06
4.8886272e-06
5.1607168e-06
5.0889776e-06
4.982144e-06
4.950808e-06
4.85888e-06
4.9689424e-06
4.6032848e-06
4.9008592e-06
4.7525632e-06
4.8561552e-06
4.8800896e-06
4.8864832e-06
4.9454736e-06
4.913608e-06
5.0262672e-06
4.967264e-06
4.9832416e-06
5.1086624e-06
5.0007952e-06
5.0231024e-06
4.818528e-06
4.922184e-06
4.7218336e-06
4.7255152e-06
4.8014528e-06
4.7127536e-06
4.8285904e-06
4.6819472e-06
4.5087472e-06
4.7133216e-06
4.7786928e-06
4.9019568e-06
4.79728e-06
4.8132064e-06
4.802072e-06
4.9710608e-06
5.0199248e-06
5.175584e-06
4.9481856e-06
4.8817424e-06
4.7956144e-06
4.786056e-06
4.7563216e-06
4.759008e-06
4.7260576e-06
5.0321056e-06
5.0166448e-06
4.9396096e-06
4.6070048e-06
4.5724528e-06
4.8551088e-06
4.7684896e-06
4.7594864e-06
4.7446064e-06
4.7398528e-06
4.6399424e-06
4.5586704e-06
4.5884304e-06
4.7383024e-06
4.7340528e-06
4.6644576e-06
4.6766384e-06
4.7042672e-06
4.6096784e-06
4.6638512e-06
4.8652096e-06
4.5596912e-06
4.4199072e-06
4.491104e-06
4.486376e-06
4.6064624e-06
4.5984928e-06
4.7483264e-06
4.8391952e-06
4.786056e-06
4.9496976e-06
4.9241872e-06
4.8652096e-06
4.9077056e-06
4.7918944e-06
5.0087136e-06
5.1719024e-06
5.2319264e-06
5.0204544e-06
4.823824e-06
4.5496032e-06
4.830192e-06
4.694128e-06
4.63196e-06
4.3933888e-06
4.5815072e-06
4.6633472e-06
4.6405104e-06
4.9523968e-06
5.0363808e-06
4.9736832e-06
5.1033536e-06
5.0055744e-06
4.936496e-06
5.0098112e-06
4.9986256e-06
4.9757632e-06
5.046392e-06
4.9635056e-06
4.8104816e-06
4.9268864e-06
5.1575264e-06
5.1314992e-06
4.7834464e-06
4.7775568e-06
4.8705312e-06
4.705288e-06
4.8631168e-06
4.9055872e-06
4.7419456e-06
5.0394816e-06
5.104336e-06
5.1692032e-06
4.9555744e-06
4.5740672e-06
4.4343216e-06
4.3886096e-06
4.6112416e-06
4.7802176e-06
4.986936e-06
5.2382816e-06
4.7020976e-06
4.8795856e-06
5.0124208e-06
5.0453712e-06
4.9592816e-06
5.1038576e-06
5.0900368e-06
5.0364064e-06
5.0236192e-06
4.9312e-06
4.8753872e-06
4.8812256e-06
4.87168e-06
5.1415744e-06
4.9215904e-06
5.0672256e-06
4.8339504e-06
4.6224784e-06
4.5071584e-06
4.4247504e-06
4.8487664e-06
4.6229056e-06
4.767392e-06
4.6903568e-06
4.8641376e-06
4.8752848e-06
4.9832032e-06
4.916256e-06
4.8992832e-06
4.909888e-06
4.8791072e-06
4.8562064e-06
4.6627536e-06
4.4109296e-06
4.6303968e-06
4.5256816e-06
4.7052752e-06
4.723888e-06
4.8280224e-06
4.9295344e-06
4.612792e-06
4.8333184e-06
4.8386016e-06
4.7848944e-06
4.7206464e-06
4.5219104e-06
4.4055824e-06
4.6085936e-06
4.8020336e-06
4.9741744e-06
4.9029392e-06
4.5968656e-06
4.583032e-06
4.7770144e-06
4.6622112e-06
4.589968e-06
4.526224e-06
4.5565008e-06
4.5931328e-06
4.4438544e-06
4.7934832e-06
4.8312384e-06
4.7297648e-06
4.5725168e-06
4.6856288e-06
4.857304e-06
4.9019568e-06
4.8519696e-06
4.7068896e-06
4.4879776e-06
4.6457936e-06
4.9146416e-06
4.7552112e-06
4.832272e-06
5.0336688e-06
4.7552368e-06
4.5235248e-06
4.5872816e-06
4.8768864e-06
4.9486384e-06
4.5363248e-06
4.4364144e-06
4.569792e-06
4.8088544e-06
4.8285136e-06
4.823192e-06
4.577168e-06
4.7551984e-06
4.6165376e-06
4.7568e-06
4.908248e-06
4.8014016e-06
4.7775056e-06
4.7854624e-06
4.74028e-06
4.5420864e-06
4.561216e-06
4.7642272e-06
4.78656e-06
4.7031824e-06
4.9937952e-06
4.955032e-06
4.9682976e-06
5.1643344e-06
5.1452048e-06
4.7679216e-06
4.8056512e-06
4.6058432e-06
4.5798416e-06
4.7307728e-06
4.6303456e-06
4.6920096e-06
4.6473184e-06
4.6292736e-06
4.7212272e-06
4.943304e-06
4.8439744e-06
4.8354752e-06
4.8349456e-06
4.8806448e-06
4.8587904e-06
4.905536e-06
4.6446576e-06
4.4868416e-06
4.5271808e-06
4.5835232e-06
4.6732944e-06
4.7609984e-06
4.6850352e-06
4.6776464e-06
4.8737856e-06
4.7213168e-06
4.862664e-06
4.9014656e-06
4.8430176e-06
4.8690576e-06
4.769096e-06
4.8493088e-06
4.9571376e-06
4.9592944e-06
5.057552e-06
4.8641632e-06
4.9476048e-06
5.0453968e-06
5.1538064e-06
5.1861632e-06
5.20692e-06
4.8732304e-06
5.1357488e-06
4.8923984e-06
4.655352e-06
4.5214704e-06
4.591608e-06
4.5554416e-06
4.8323104e-06
4.9635696e-06
4.7998896e-06
4.916256e-06
4.9454736e-06
5.1292784e-06
4.8254768e-06
4.9412624e-06
4.8753616e-06
4.8865216e-06
4.872184e-06
4.9380592e-06
4.5321264e-06
4.6756048e-06
4.5081792e-06
4.631456e-06
4.8025376e-06
4.891792e-06
4.7435728e-06
4.8014784e-06
4.7972416e-06
4.7292352e-06
4.8168752e-06
4.8195488e-06
4.6750496e-06
4.718656e-06
5.1012224e-06
4.9672896e-06
4.9034816e-06
5.0001888e-06
5.2058224e-06
4.9916384e-06
4.9863552e-06
4.9714752e-06
5.0512096e-06
5.0198992e-06
4.8419328e-06
4.8185664e-06
5.08e-06
4.9790304e-06
4.980064e-06
4.9067232e-06
4.9699632e-06
4.9534944e-06
4.9737088e-06
4.9508592e-06
4.8710992e-06
4.96512e-06
5.0018288e-06
5.0289536e-06
5.0820416e-06
5.1346768e-06
4.8509488e-06
4.727672e-06
4.8323488e-06
4.7776464e-06
4.5401216e-06
4.5098064e-06
4.7159952e-06
5.0289792e-06
5.1145264e-06
5.1777152e-06
4.8211632e-06
4.8392848e-06
4.939712e-06
4.72288e-06
4.6086192e-06
4.7175968e-06
4.7319728e-06
4.5996672e-06
4.6857312e-06
4.5007904e-06
4.5650768e-06
4.7063984e-06
4.6017216e-06
4.7892208e-06
4.8662944e-06
4.9933424e-06
4.7536992e-06
4.5713936e-06
4.419984e-06
4.2860768e-06
4.4619632e-06
4.3742464e-06
4.4008288e-06
4.574584e-06
4.57036e-06
4.6840784e-06
4.9301024e-06
4.9300896e-06
4.6287952e-06
4.9141632e-06
5.0390416e-06
5.0624464e-06
4.9944272e-06
4.8265232e-06
4.59432e-06
4.46784e-06
4.509832e-06
4.613424e-06
4.5660848e-06
4.7106224e-06
4.7069152e-06
4.805792e-06
4.752136e-06
4.7170544e-06
4.9954352e-06
4.8078976e-06
4.8822464e-06
4.9640864e-06
4.985864e-06
4.787128e-06
4.7085424e-06
4.727672e-06
4.7520848e-06
4.6888576e-06
4.6798032e-06
4.5809648e-06
4.8200528e-06
4.7361328e-06
4.7818064e-06
4.9513376e-06
4.9762928e-06
4.8376192e-06
4.9964688e-06
5.0102896e-06
4.9496976e-06
4.8922832e-06
4.76052e-06
4.9226112e-06
4.891792e-06
4.8476816e-06
4.7514912e-06
4.7732688e-06
4.6680624e-06
4.6516064e-06
4.5751136e-06
4.7653504e-06
4.7526016e-06
4.794568e-06
4.8524608e-06
4.813672e-06
4.7685024e-06
4.8444784e-06
4.9035072e-06
4.8880592e-06
4.4789104e-06
4.4560992e-06
4.5171952e-06
4.64848e-06
4.89028e-06
4.7803072e-06
4.62036e-06
4.580512e-06
4.7159952e-06
4.6394896e-06
4.7356672e-06
4.5055312e-06
4.4895792e-06
4.6760704e-06
4.778112e-06
4.8205696e-06
4.6984032e-06
4.4635008e-06
4.5028064e-06
4.5463744e-06
4.3748016e-06
4.5815328e-06
4.7632704e-06
4.6309904e-06
4.6256816e-06
4.6038016e-06
4.6085808e-06
4.7154016e-06
4.875904e-06
4.7286928e-06
4.8126512e-06
4.8057664e-06
4.981136e-06
4.8291584e-06
4.736688e-06
4.77124e-06
4.8748832e-06
4.7382896e-06
4.6048992e-06
4.5278384e-06
5.016128e-06
5.1208048e-06
4.989016e-06
4.8657264e-06
4.9316272e-06
4.9662176e-06
4.991224e-06
4.8105328e-06
4.9486512e-06
4.9396224e-06
4.8396864e-06
4.8116176e-06
4.9237728e-06
5.068336e-06
4.9291072e-06
5.0677296e-06
4.9439104e-06
5.0162048e-06
4.9662688e-06
4.8615664e-06
4.8003552e-06
4.8800768e-06
5.0750928e-06
5.0278048e-06
4.9815888e-06
4.7350352e-06
4.883784e-06
4.810456e-06
4.8365216e-06
4.5889216e-06
4.6702832e-06
4.7600416e-06
4.6643808e-06
4.7914032e-06
4.6155168e-06
4.7355904e-06
4.8423856e-06
5.029432e-06
4.9646288e-06
5.0639584e-06
4.8636336e-06
4.8487152e-06
4.876344e-06
5.0038704e-06
4.9863296e-06
4.9018288e-06
4.9007696e-06
5.171232e-06
4.8678448e-06
5.1584832e-06
4.91512e-06
5.0251568e-06
4.8253616e-06
4.5942176e-06
4.674456e-06
4.6042928e-06
4.6314304e-06
4.5140176e-06
4.4975488e-06
4.7632448e-06
4.7961312e-06
4.7860048e-06
4.6935856e-06
4.6675712e-06
4.7839248e-06
4.9300512e-06
4.7568e-06
4.7339248e-06
4.7339376e-06
4.6850736e-06
4.6276976e-06
4.866256e-06
4.8428768e-06
4.8396608e-06
4.8588288e-06
4.68032e-06
4.6187072e-06
4.578808e-06
4.3338432e-06
4.5166016e-06
4.7376832e-06
4.658504e-06
4.6372432e-06
4.719096e-06
4.6489456e-06
4.8104688e-06
4.7472288e-06
5.023568e-06
4.9023968e-06
4.8773776e-06
5.1100848e-06
5.1595424e-06
4.934856e-06
4.7696512e-06
4.6973568e-06
4.867392e-06
5.0964048e-06
5.309504e-06
5.0257248e-06
4.7573424e-06
4.8301664e-06
5.0304656e-06
5.0294192e-06
4.9236704e-06
5.1011456e-06
5.0336304e-06
5.1675888e-06
4.9810848e-06
5.1505904e-06
5.1330368e-06
5.1904384e-06
4.9183744e-06
5.1611568e-06
4.9629248e-06
4.8774288e-06
4.6925008e-06
4.6765232e-06
4.7833184e-06
4.8285136e-06
4.747216e-06
4.77704e-06
4.5958064e-06
4.5389216e-06
4.3869824e-06
4.546464e-06
4.4630608e-06
4.5645728e-06
4.5114208e-06
4.8445424e-06
4.676096e-06
4.8413392e-06
4.7281376e-06
4.7807472e-06
4.7419328e-06
4.818968e-06
4.7051984e-06
4.7812512e-06
4.7802048e-06
4.8466352e-06
4.6834976e-06
4.7265232e-06
4.5973824e-06
4.478368e-06
4.4427568e-06
4.3120528e-06
4.4294912e-06
4.3396944e-06
4.3747248e-06
4.2785728e-06
4.6690832e-06
4.7361072e-06
4.7940256e-06
4.5979248e-06
4.5633984e-06
4.497536e-06
4.5411296e-06
4.4651536e-06
4.692552e-06
4.8891696e-06
4.8657776e-06
4.810016e-06
4.7871536e-06
4.6006624e-06
4.5761984e-06
4.3886608e-06
4.2728368e-06
4.4279792e-06
4.5007392e-06
4.8748064e-06
4.945952e-06
4.8450208e-06
5.1208048e-06
5.260576e-06
5.1893408e-06
4.9863296e-06
4.987944e-06
4.8083632e-06
4.8004064e-06
4.6765872e-06
5.0002272e-06
4.768464e-06
4.7009872e-06
4.8566976e-06
4.9109216e-06
5.0171872e-06
4.983152e-06
4.903456e-06
4.9300384e-06
4.869976e-06
4.8461184e-06
4.5980016e-06
4.6952256e-06
4.5788464e-06
4.5718592e-06
4.5745072e-06
4.5606864e-06
4.581896e-06
4.864616e-06
4.80724e-06
4.780128e-06
4.4784192e-06
4.6234608e-06
4.579376e-06
4.552264e-06
5.0294448e-06
4.956104e-06
5.1123056e-06
4.865248e-06
4.5782656e-06
4.5320368e-06
4.6314176e-06
5.003328e-06
4.79028e-06
4.5761984e-06
4.547472e-06
4.6983904e-06
4.9326992e-06
4.774896e-06
4.552768e-06
4.566072e-06
4.6128304e-06
4.8593712e-06
4.8992192e-06
4.9661792e-06
4.8976176e-06
4.612288e-06
4.6340272e-06
4.5622624e-06
4.5660592e-06
4.502832e-06
4.6016704e-06
4.4215472e-06
4.6043312e-06
4.83284e-06
4.9359664e-06
4.831264e-06
4.7669648e-06
4.6803712e-06
4.797784e-06
4.59104e-06
4.6272192e-06
4.6920608e-06
4.7616432e-06
4.7536224e-06
4.7376704e-06
4.7111136e-06
4.6170928e-06
4.5240928e-06
4.5097424e-06
4.4082304e-06
4.418344e-06
4.5272576e-06
4.4938288e-06
4.365256e-06
4.564496e-06
4.2605792e-06
4.4093664e-06
4.4566544e-06
4.4210432e-06
4.7345696e-06
4.367904e-06
4.4215728e-06
4.2828992e-06
4.2988128e-06
4.3386736e-06
4.4661616e-06
4.5044208e-06
4.4852784e-06
4.5208768e-06
4.5772448e-06
4.6994624e-06
4.330136e-06
4.4619504e-06
4.5532976e-06
4.4502352e-06
4.5134368e-06
4.5825152e-06
4.4778512e-06
4.6282144e-06
4.6946704e-06
4.9274032e-06
4.8476944e-06
5.1394304e-06
5.0926848e-06
4.7552368e-06
4.4981168e-06
4.6161232e-06
4.7478864e-06
4.8849328e-06
4.872688e-06
5.0177168e-06
5.1405024e-06
5.1282704e-06
4.861528e-06
4.715944e-06
4.6261728e-06
4.8285904e-06
4.6899296e-06
4.7302944e-06
4.7095632e-06
4.7181392e-06
4.8440384e-06
4.8116176e-06
4.8296624e-06
4.7504832e-06
4.8896992e-06
4.9471008e-06
4.8779712e-06
4.830696e-06
4.9348688e-06
4.77124e-06
4.7276208e-06
4.7408992e-06
4.91468e-06
4.9683232e-06
4.8870384e-06
4.8785264e-06
5.015624e-06
5.0268096e-06
4.8700656e-06
4.82168e-06
4.7685536e-06
4.7595376e-06
4.6012176e-06
4.7749216e-06
4.8174048e-06
4.8588416e-06
4.80308e-06
4.8753232e-06
4.8647056e-06
4.9757248e-06
4.9837456e-06
5.1064544e-06
4.9332544e-06
4.8737472e-06
4.813168e-06
4.8711248e-06
4.773888e-06
4.7898272e-06
4.8105456e-06
5.1899728e-06
5.1506544e-06
5.218144e-06
5.1224832e-06
5.1134672e-06
4.9598624e-06
5.0703392e-06
4.7345056e-06
4.9884736e-06
4.8094224e-06
4.890152e-06
4.7987664e-06
5.053328e-06
4.8667984e-06
4.9119936e-06
5.0602896e-06
5.0486256e-06
4.9758016e-06
5.0719408e-06
5.0156368e-06
4.8238368e-06
4.8769888e-06
4.696272e-06
4.9831904e-06
5.1718384e-06
5.1904512e-06
5.0502016e-06
5.0273648e-06
5.0991168e-06
4.8913648e-06
5.1256864e-06
5.0336944e-06
4.9300512e-06
4.928992e-06
4.8742512e-06
5.0012736e-06
4.830696e-06
4.844e-06
4.8052368e-06
4.7813152e-06
4.69684e-06
4.577296e-06
4.6267152e-06
4.6442688e-06
4.5942816e-06
4.5602848e-06
4.6862096e-06
4.8445552e-06
4.9895712e-06
5.131448e-06
4.91304e-06
4.8524608e-06
4.7987792e-06
4.8162688e-06
4.856672e-06
5.036808e-06
4.9198864e-06
5.0968448e-06
5.0804016e-06
4.9034944e-06
4.7542288e-06
4.9550832e-06
4.755792e-06
4.786624e-06
4.6394128e-06
4.607496e-06
4.911968e-06
4.9624208e-06
5.1962128e-06
5.3742432e-06
5.13832e-06
5.1819136e-06
4.80888e-06
5.0294064e-06
5.1893024e-06
5.1718e-06
5.0261904e-06
4.9390544e-06
5.1245248e-06
4.9236704e-06
5.230184e-06
5.0649536e-06
5.0771984e-06
5.2047376e-06
5.0692544e-06
5.0910448e-06
5.0676656e-06
5.20528e-06
5.1606784e-06
4.9651328e-06
4.7823488e-06
4.7993344e-06
4.8566848e-06
4.9108576e-06
4.9937696e-06
4.9300128e-06
5.1510432e-06
5.0804144e-06
5.0065568e-06
5.2616096e-06
4.5044976e-06
4.6453536e-06
4.8158928e-06
4.7892976e-06
4.786056e-06
4.9417408e-06
4.9986e-06
4.7589312e-06
4.8943888e-06
4.8237472e-06
4.5209024e-06
4.9050704e-06
4.9609088e-06
5.065624e-06
4.9359664e-06
5.12672e-06
5.0395712e-06
4.9332416e-06
4.9050576e-06
4.6144192e-06
4.6112416e-06
4.4757968e-06
4.6617712e-06
4.8509104e-06
5.1409808e-06
4.9693824e-06
4.8667984e-06
4.7222992e-06
4.4954304e-06
4.3928976e-06
4.7164608e-06
4.6229696e-06
4.7186304e-06
4.5581152e-06
4.6096272e-06
4.5772064e-06
4.4895792e-06
4.4316736e-06
4.4088112e-06
4.4842832e-06
4.8960288e-06
4.913544e-06
4.80516e-06
4.5310032e-06
4.4491632e-06
4.5985312e-06
4.6357696e-06
4.6968656e-06
4.7383152e-06
4.6043696e-06
4.80308e-06
4.6596016e-06
4.6526784e-06
4.6011408e-06
4.5331344e-06
4.6245072e-06
4.7419328e-06
5.0676656e-06
5.2026576e-06
5.0076032e-06
4.670232e-06
4.71008e-06
4.7573808e-06
4.64684e-06
4.6330448e-06
4.5639664e-06
4.4805888e-06
4.4370336e-06
4.5799568e-06
4.789336e-06
4.6570176e-06
4.6256176e-06
4.6160464e-06
4.7525888e-06
4.5337024e-06
4.6277104e-06
4.7775952e-06
4.715944e-06
4.705288e-06
4.7568512e-06
5.114424e-06
4.9597856e-06
4.9555232e-06
5.1282704e-06
4.8184768e-06
5.0363296e-06
4.9667472e-06
5.025712e-06
5.097968e-06
4.9481344e-06
4.7839376e-06
4.7504704e-06
4.835488e-06
4.7233712e-06
4.8610112e-06
4.8493216e-06
4.6883024e-06
4.6585424e-06
4.8743024e-06
4.9661792e-06
4.846648e-06
5.0565568e-06
4.848224e-06
4.6813664e-06
4.5193008e-06
4.5856928e-06
4.769536e-06
4.6835232e-06
4.6187072e-06
4.482152e-06
4.5304992e-06
4.409896e-06
4.4210304e-06
4.3742464e-06
4.1877168e-06
4.2280816e-06
4.4470576e-06
4.5400704e-06
4.7393232e-06
4.7823616e-06
4.4672464e-06
4.3683952e-06
4.4348256e-06
4.3535408e-06
4.6245968e-06
4.3727344e-06
4.3865424e-06
4.3200992e-06
4.3594304e-06
4.4046256e-06
4.527864e-06
4.6000944e-06
4.8195872e-06
4.7111776e-06
4.590536e-06
4.670296e-06
4.8456144e-06
4.628808e-06
4.7382512e-06
4.5309776e-06
4.9646288e-06
4.9014272e-06
4.77124e-06
4.664432e-06
4.766448e-06
4.7372432e-06
4.8700272e-06
4.7265616e-06
4.608064e-06
4.6282656e-06
4.6967888e-06
4.9284752e-06
4.878488e-06
4.7955504e-06
5.1430864e-06
5.1298208e-06
5.1765664e-06
5.1558352e-06
5.158496e-06
5.0942992e-06
4.575088e-06
4.5347104e-06
4.5708384e-06
4.8168624e-06
4.8880976e-06
4.86632e-06
4.764808e-06
4.6425776e-06
4.7403568e-06
4.6213296e-06
4.848792e-06
4.9518928e-06
4.9348432e-06
4.922624e-06
4.9343136e-06
5.0272752e-06
4.783976e-06
4.6011536e-06
4.679816e-06
4.5214576e-06
5.1436928e-06
5.2621776e-06
5.2632624e-06
5.0858128e-06
5.0942992e-06
4.8753488e-06
4.9757888e-06
4.846144e-06
4.6867392e-06
4.7260832e-06
4.7392976e-06
4.5915824e-06
4.2249808e-06
4.260592e-06
4.2994064e-06
4.2675152e-06
4.346152e-06
4.417336e-06
4.6543312e-06
4.9093712e-06
4.949168e-06
4.9157008e-06
4.7339888e-06
4.6777104e-06
4.6910272e-06
4.9997616e-06
4.9237472e-06
5.0693568e-06
4.8748448e-06
4.7839504e-06
4.8083888e-06
4.7643168e-06
4.9013632e-06
4.7892336e-06
4.784984e-06
4.974704e-06
4.9996592e-06
4.8928768e-06
5.0915872e-06
5.0267456e-06
4.9422448e-06
4.9868976e-06
5.1213728e-06
5.10068e-06
4.8376064e-06
4.5007264e-06
4.50712e-06
4.6298544e-06
4.7600416e-06
4.8482112e-06
4.8099648e-06
4.781264e-06
4.822184e-06
4.84236e-06
4.9709584e-06
5.0325584e-06
4.949104e-06
5.0245888e-06
4.8519312e-06
5.0049296e-06
4.7461568e-06
5.1138816e-06
4.8753104e-06
5.1058864e-06
5.023e-06
4.9395712e-06
4.77004e-06
4.5734224e-06
4.6833952e-06
4.6892592e-06
4.6542032e-06
4.5772064e-06
4.454472e-06
4.5022768e-06
4.5883536e-06
4.7605712e-06
4.9391056e-06
5.1941584e-06
4.8524608e-06
4.8327888e-06
4.7615664e-06
4.8550704e-06
4.7052624e-06
4.6627408e-06
4.6590336e-06
4.7700784e-06
4.7775184e-06
4.6834848e-06
4.4550528e-06
4.5326176e-06
4.5920864e-06
4.5559456e-06
4.96556e-06
5.0542976e-06
5.0761136e-06
5.1037936e-06
4.8062064e-06
4.7094992e-06
4.6069792e-06
4.710584e-06
4.782336e-06
4.6346336e-06
4.7961312e-06
4.912536e-06
5.1048784e-06
4.9614256e-06
4.5644832e-06
4.6048864e-06
4.4374736e-06
4.3029856e-06
4.3311568e-06
4.6563728e-06
4.9725856e-06
5.0262416e-06
4.9364192e-06
4.8083248e-06
4.8827248e-06
4.8174048e-06
4.6208e-06
4.7547072e-06
4.852512e-06
5.048032e-06
5.0134544e-06
4.76588e-06
4.6521616e-06
4.5937392e-06
4.802576e-06
4.456112e-06
4.7648336e-06
4.9986768e-06
5.303136e-06
5.097464e-06
4.8551216e-06
5.04532e-06
4.863608e-06
4.897088e-06
4.8137104e-06
4.8169008e-06
4.724456e-06
4.8445424e-06
4.7196896e-06
4.7032208e-06
4.7664224e-06
4.7929152e-06
4.9800128e-06
5.0283088e-06
4.9555104e-06
4.840784e-06
4.659072e-06
4.764808e-06
4.7456784e-06
4.6952128e-06
4.7515424e-06
4.5778256e-06
4.5316352e-06
4.5183696e-06
4.6713552e-06
4.7606096e-06
4.7457168e-06
4.7420352e-06
5.114992e-06
4.8795856e-06
4.8557024e-06
4.62988e-06
4.7010384e-06
4.6032848e-06
4.7047584e-06
4.8232304e-06
4.917264e-06
4.8918048e-06
5.004968e-06
4.9120192e-06
4.9019312e-06
4.9975792e-06
4.9635568e-06
4.9545664e-06
4.9035328e-06
4.8727392e-06
4.9168752e-06
4.9348816e-06
4.7026784e-06
4.6894e-06
4.595832e-06
4.7695616e-06
4.7796496e-06
4.8492576e-06
4.812536e-06
4.9847408e-06
4.9491424e-06
4.9363936e-06
4.9045536e-06
4.9316656e-06
4.938072e-06
5.0942864e-06
5.1144496e-06
5.143112e-06
5.0772368e-06
4.9172896e-06
4.8338736e-06
4.6208128e-06
4.9800896e-06
4.891352e-06
5.010328e-06
4.909384e-06
4.7712144e-06
4.931704e-06
4.880192e-06
4.862096e-06
4.8886144e-06
4.8216416e-06
4.821112e-06
4.6287824e-06
4.6288336e-06
4.878552e-06
4.8678832e-06
4.8296112e-06
4.9411984e-06
4.9566336e-06
5.0416896e-06
4.9343904e-06
4.8546688e-06
4.7127664e-06
4.5884304e-06
4.5527808e-06
4.6425776e-06
4.512352e-06
4.6015936e-06
4.7339376e-06
4.7695616e-06
4.8715776e-06
4.97092e-06
4.9114256e-06
5.0294064e-06
5.0113872e-06
5.0220176e-06
5.0793808e-06
5.047528e-06
5.0581584e-06
5.0315504e-06
5.0655984e-06
4.7015808e-06
4.64684e-06
4.5315456e-06
4.7903184e-06
4.7148592e-06
4.7361072e-06
4.6638896e-06
4.6506112e-06
4.816888e-06
4.68032e-06
4.756864e-06
4.6819088e-06
4.884288e-06
4.7886784e-06
4.8854368e-06
4.954528e-06
4.969344e-06
4.9188784e-06
4.800368e-06
4.7972032e-06
4.7180368e-06
4.9077184e-06
4.7201808e-06
4.7345824e-06
4.5241568e-06
4.4694416e-06
4.4922656e-06
4.3338944e-06
4.3710816e-06
4.4773088e-06
4.4783808e-06
4.6664992e-06
4.9374912e-06
4.922624e-06
5.0506928e-06
4.9842112e-06
4.711088e-06
4.5415952e-06
4.6749728e-06
4.6165376e-06
4.817328e-06
4.7094736e-06
4.694064e-06
4.8763184e-06
5.070792e-06
4.9974896e-06
4.9884352e-06
5.0617888e-06
4.893368e-06
4.955032e-06
5.1038704e-06
4.8737984e-06
4.9178576e-06
4.7749216e-06
4.9194336e-06
4.7690576e-06
4.7664096e-06
4.8068e-06
4.6181392e-06
4.8875168e-06
4.6133088e-06
4.5256048e-06
4.8008592e-06
4.8561424e-06
4.6080256e-06
4.662224e-06
4.893368e-06
5.196264e-06
5.0782448e-06
5.220664e-06
4.9565952e-06
4.5463872e-06
4.4826688e-06
4.6840272e-06
5.0262032e-06
5.0405664e-06
4.9608704e-06
5.0213984e-06
4.816824e-06
4.6935216e-06
5.0624208e-06
4.9354368e-06
4.8934448e-06
4.9943632e-06
4.8652608e-06
4.9354112e-06
4.9396224e-06
4.9438848e-06
4.8647312e-06
4.6362608e-06
4.7701552e-06
4.9709712e-06
4.9629888e-06
4.919408e-06
4.9029392e-06
5.015624e-06
4.882776e-06
4.901376e-06
5.08044e-06
5.1341344e-06
4.4295552e-06
4.5629328e-06
4.5777872e-06
4.79192e-06
4.796208e-06
4.8397888e-06
4.4815968e-06
4.5155808e-06
4.517712e-06
4.6085936e-06
4.5474976e-06
4.6203088e-06
4.83656e-06
4.9008592e-06
4.9093712e-06
4.8259168e-06
4.729752e-06
4.6702448e-06
4.534736e-06
4.4715216e-06
4.6468272e-06
4.4321264e-06
4.3811184e-06
4.3752672e-06
4.6919712e-06
4.6170416e-06
4.8577824e-06
4.7536608e-06
4.7892592e-06
4.9024736e-06
4.914176e-06
5.1952688e-06
4.8945168e-06
4.7712144e-06
4.6229312e-06
4.5968784e-06
4.7504832e-06
4.8636592e-06
4.860456e-06
4.6282528e-06
4.8141888e-06
4.8274416e-06
4.7073552e-06
4.6329936e-06
4.6149744e-06
4.6436624e-06
4.7323872e-06
4.6314304e-06
4.6059328e-06
4.6824128e-06
4.7068896e-06
4.756296e-06
4.8471776e-06
4.8062832e-06
4.7914288e-06
4.6516192e-06
4.7116432e-06
4.8588288e-06
4.9161792e-06
4.869472e-06
4.9433552e-06
4.8987664e-06
4.9290304e-06
4.9428128e-06
5.06184e-06
5.2106272e-06
5.1170976e-06
5.0288768e-06
5.1994416e-06
4.699992e-06
4.7908608e-06
4.7924496e-06
5.0204032e-06
4.9109344e-06
4.7169648e-06
5.1537424e-06
5.376904e-06
5.1850912e-06
5.1893664e-06
5.1069712e-06
4.9220944e-06
4.9231664e-06
4.941224e-06
4.904592e-06
4.9014144e-06
4.7356288e-06
4.71172e-06
4.9864576e-06
5.1293552e-06
5.2961872e-06
5.2722784e-06
5.0761776e-06
4.9566464e-06
4.8753232e-06
4.6606608e-06
4.4901216e-06
4.568216e-06
4.5628816e-06
4.6223888e-06
4.702136e-06
4.6649232e-06
4.738768e-06
4.6043696e-06
4.7031824e-06
4.7483392e-06
4.8753104e-06
4.8402544e-06
4.7058176e-06
4.8084272e-06
4.8525376e-06
4.7860688e-06
4.8243408e-06
4.8009232e-06
4.6186816e-06
4.7696128e-06
4.7845056e-06
4.8838096e-06
4.8439616e-06
5.0193184e-06
4.9125232e-06
4.7893232e-06
4.9216288e-06
4.9115152e-06
4.8955888e-06
4.6336512e-06
4.7893488e-06
4.7430944e-06
4.7032336e-06
4.578304e-06
4.7137872e-06
4.5405744e-06
4.6351376e-06
4.5994752e-06
4.7583632e-06
4.7631552e-06
4.6483776e-06
4.6840272e-06
4.545392e-06
4.5703984e-06
4.531584e-06
4.5687072e-06
4.8146928e-06
5.1032512e-06
4.9629376e-06
4.8529648e-06
4.9012992e-06
4.9693568e-06
4.994312e-06
4.8328016e-06
4.7201424e-06
4.6292608e-06
4.5325536e-06
4.644192e-06
4.5602464e-06
4.6054288e-06
4.3982064e-06
4.5331344e-06
4.7701552e-06
4.87748e-06
4.7807472e-06
4.5889088e-06
4.4539424e-06
4.6054032e-06
4.6575088e-06
4.815312e-06
4.8779968e-06
4.9746528e-06
5.0841344e-06
5.2908784e-06
5.0719536e-06
5.0400624e-06
5.2589616e-06
5.3752896e-06
5.0144752e-06
4.8689424e-06
4.770168e-06
4.8142656e-06
4.5374096e-06
4.5650384e-06
4.6144576e-06
4.4592384e-06
4.533096e-06
4.5719488e-06
4.6069536e-06
4.9571376e-06
4.8832544e-06
4.8901904e-06
4.747784e-06
4.7058432e-06
4.6107248e-06
4.69892e-06
4.5033744e-06
4.456048e-06
4.432152e-06
4.6563984e-06
4.7881488e-06
4.702072e-06
4.7318192e-06
4.7579104e-06
4.6123008e-06
4.770104e-06
4.6394e-06
4.7881488e-06
4.9911472e-06
5.0405792e-06
4.9290048e-06
4.91468e-06
4.8131808e-06
4.573008e-06
4.543248e-06
4.5267664e-06
4.8434192e-06
4.8827248e-06
4.9029008e-06
4.6962336e-06
4.98908e-06
4.9120192e-06
4.8817424e-06
4.9231536e-06
4.9592688e-06
4.9279072e-06
4.8774416e-06
4.7664224e-06
4.5799312e-06
4.3859872e-06
4.2961648e-06
4.3641712e-06
4.3949904e-06
4.587384e-06
4.8684768e-06
5.0305552e-06
5.2489632e-06
5.0874016e-06
5.0310976e-06
4.8668624e-06
5.0703648e-06
5.1203008e-06
5.1606784e-06
5.0788384e-06
4.9571376e-06
4.9614768e-06
4.87168e-06
4.850432e-06
4.7233968e-06
4.692048e-06
4.746776e-06
4.7759808e-06
4.6596144e-06
4.6490352e-06
4.8063216e-06
5.1171488e-06
4.9374912e-06
4.9013376e-06
4.8344032e-06
4.9523328e-06
4.8466224e-06
4.7525888e-06
5.0602512e-06
5.0225472e-06
5.072496e-06
4.7372304e-06
4.7441024e-06
4.6319856e-06
4.580448e-06
4.6442304e-06
4.813232e-06
4.6676352e-06
4.8031184e-06
4.78448e-06
4.7935216e-06
4.7605584e-06
4.7658416e-06
4.8035712e-06
4.766384e-06
4.7451616e-06
4.7574064e-06
4.7563344e-06
4.7350992e-06
4.7085296e-06
4.8578208e-06
5.0139968e-06
5.018776e-06
5.110136e-06
5.0224576e-06
4.9698992e-06
4.970416e-06
4.6500688e-06
4.7531568e-06
4.9274672e-06
4.7897888e-06
4.5846464e-06
4.7026144e-06
4.9210224e-06
4.7260192e-06
4.95024e-06
5.0798848e-06
5.0389776e-06
5.0740464e-06
5.0761648e-06
4.946016e-06
4.9604048e-06
4.9534688e-06
5.0773136e-06
4.8408352e-06
4.846144e-06
4.9667088e-06
5.0437184e-06
4.6972928e-06
4.7259808e-06
4.7243792e-06
4.7961184e-06
4.9895456e-06
5.1095936e-06
5.3784416e-06
4.8954224e-06
4.6388192e-06
4.7828272e-06
4.8885632e-06
4.8572528e-06
4.938576e-06
4.803144e-06
4.888704e-06
4.9869872e-06
5.0417024e-06
4.869536e-06
4.6686432e-06
4.5517984e-06
4.559768e-06
4.7823744e-06
4.6394128e-06
4.4815712e-06
4.5878624e-06
4.5734992e-06
4.7669648e-06
4.884984e-06
4.8886656e-06
4.6771424e-06
4.6420352e-06
4.7494112e-06
4.8695232e-06
4.6340912e-06
4.7297264e-06
4.7727392e-06
4.7732432e-06
4.66008e-06
4.7323616e-06
4.693056e-06
4.8174176e-06
4.9045792e-06
4.9401904e-06
5.048032e-06
4.72868e-06
4.7042288e-06
4.76216e-06
4.919976e-06
4.8626128e-06
4.7856032e-06
4.8403056e-06
4.9200016e-06
4.7807472e-06
4.8423728e-06
4.8424112e-06
4.6436752e-06
4.5655424e-06
4.7695744e-06
4.984224e-06
5.1861376e-06
5.085672e-06
5.0198096e-06
4.6228928e-06
4.5666016e-06
4.6463232e-06
4.8785392e-06
4.960392e-06
4.9338352e-06
5.0911088e-06
4.9285136e-06
4.8280352e-06
4.7185792e-06
4.7616304e-06
4.8753744e-06
4.850936e-06
4.6835488e-06
4.7446576e-06
4.6930816e-06
4.5363248e-06
4.729752e-06
4.7780992e-06
4.7573808e-06
4.990152e-06
4.9507952e-06
4.6654272e-06
4.7392848e-06
4.6542544e-06
4.8094352e-06
4.645264e-06
4.3949776e-06
4.4215728e-06
4.5358336e-06
4.8584016e-06
4.526224e-06
4.839208e-06
4.9194464e-06
5.144752e-06
4.8488048e-06
4.6319984e-06
4.6585424e-06
5.0039472e-06
4.958752e-06
4.9890288e-06
4.8859152e-06
4.885928e-06
4.7212272e-06
4.7356032e-06
4.6622624e-06
4.7201808e-06
4.8450208e-06
4.722312e-06
4.641544e-06
4.8258912e-06
4.6585168e-06
4.760016e-06
4.7786672e-06
4.7213168e-06
4.6596656e-06
4.6490224e-06
4.6314304e-06
4.9311104e-06
4.851376e-06
4.6967376e-06
4.6149488e-06
4.6383536e-06
4.8073296e-06
4.7270656e-06
4.7642528e-06
4.8732176e-06
4.8440256e-06
4.8232944e-06
4.8391824e-06
4.7451104e-06
4.60012e-06
4.5193264e-06
4.6027552e-06
4.66916e-06
4.7849712e-06
4.7382256e-06
4.8041264e-06
4.8981984e-06
4.9194848e-06
4.8567872e-06
4.8684768e-06
4.8604944e-06
4.8902928e-06
4.804216e-06
4.7181136e-06
4.829688e-06
4.6415696e-06
4.5549376e-06
4.386504e-06
4.6803072e-06
4.8212272e-06
4.746272e-06
4.797784e-06
4.819032e-06
4.984792e-06
4.87584e-06
4.936936e-06
4.7478224e-06
4.7557536e-06
4.8126384e-06
4.8216672e-06
4.637256e-06
4.7004704e-06
4.7318832e-06
4.8577952e-06
4.822184e-06
4.8716288e-06
4.956104e-06
5.1006288e-06
4.8981984e-06
4.8965328e-06
5.1462896e-06
5.3620112e-06
5.0437952e-06
4.8371152e-06
4.8674176e-06
4.8610112e-06
4.7280992e-06
4.5575088e-06
4.9587008e-06
4.8944272e-06
4.8630912e-06
4.8376448e-06
4.8370768e-06
4.8726752e-06
4.6952e-06
4.692048e-06
4.542744e-06
4.4656576e-06
4.5979376e-06
4.8041008e-06
5.073e-06
4.9529136e-06
4.97048e-06
5.1065184e-06
5.0305424e-06
4.9136208e-06
4.9003296e-06
4.7791712e-06
4.6182032e-06
4.6644448e-06
4.6309136e-06
4.6117968e-06
4.6590464e-06
4.6606224e-06
4.7456144e-06
4.8354496e-06
4.8030416e-06
4.6579488e-06
4.6356288e-06
4.85516e-06
4.8184768e-06
4.6569536e-06
4.4247504e-06
4.3391776e-06
4.26904e-06
4.437512e-06
4.5650512e-06
4.7600672e-06
4.7605456e-06
5.0262672e-06
5.0130144e-06
5.1889136e-06
4.9450336e-06
4.939712e-06
4.8164096e-06
4.8795984e-06
4.6915056e-06
4.694128e-06
4.8508976e-06
4.431648e-06
4.6069792e-06
4.997024e-06
5.2085216e-06
5.3020384e-06
5.1351936e-06
4.9566336e-06
4.9778816e-06
4.9518288e-06
4.97256e-06
4.8152992e-06
4.9019184e-06
4.8429408e-06
4.9587776e-06
4.9359408e-06
4.8828144e-06
4.5783296e-06
4.6011664e-06
4.5076496e-06
4.5676992e-06
5.0719664e-06
4.9927872e-06
4.78448e-06
5.1283088e-06
5.0299616e-06
5.1011328e-06
5.0304912e-06
5.1362528e-06
4.8211504e-06
4.8641504e-06
4.783408e-06
4.8705312e-06
4.8742896e-06
4.7674688e-06
4.7855008e-06
4.7233072e-06
4.8561808e-06
4.6351504e-06
4.6521744e-06
4.8121088e-06
4.7500176e-06
4.8791072e-06
5.1075264e-06
5.0804016e-06
4.8391568e-06
4.7908224e-06
4.975144e-06
4.7865472e-06
4.8157776e-06
4.590472e-06
4.733976e-06
4.6734096e-06
4.7403696e-06
4.930064e-06
4.8913136e-06
4.9556128e-06
4.859952e-06
5.0932144e-06
5.2016496e-06
5.0937696e-06
5.2005008e-06
5.0039088e-06
5.0852576e-06
4.870544e-06
4.6952e-06
4.7515168e-06
4.7478096e-06
4.7647952e-06
4.7324384e-06
4.8413904e-06
4.874832e-06
4.8201296e-06
4.5432992e-06
4.4539936e-06
4.4353808e-06
4.4666656e-06
4.6648848e-06
5.0299744e-06
5.0374144e-06
5.0825968e-06
5.1505776e-06
5.2175888e-06
5.0289664e-06
5.0858e-06
4.9975664e-06
4.650056e-06
4.6638896e-06
4.7360816e-06
4.712728e-06
4.7265616e-06
4.7760064e-06
4.7148848e-06
4.9258144e-06
4.9295344e-06
5.0920912e-06
5.092672e-06
5.1372736e-06
4.9630016e-06
5.0501504e-06
5.1574624e-06
4.914616e-06
4.7838608e-06
4.6478608e-06
4.9034688e-06
4.6500304e-06
4.8063216e-06
4.892928e-06
4.9131168e-06
4.7191984e-06
4.8387296e-06
4.7749344e-06
5.0373888e-06
4.8891568e-06
4.8700144e-06
4.9374912e-06
4.9289792e-06
5.0288896e-06
4.7956528e-06
4.7106224e-06
4.7717056e-06
4.834984e-06
4.7026528e-06
4.6171056e-06
4.8206208e-06
4.6633728e-06
4.8221968e-06
4.7345184e-06
5.031576e-06
4.9375424e-06
4.8907328e-06
4.6537248e-06
4.6531952e-06
4.7451104e-06
4.5846208e-06
4.4538784e-06
4.380576e-06
4.558064e-06
4.7599776e-06
4.8694848e-06
5.001816e-06
4.7355648e-06
4.962976e-06
5.1069584e-06
5.0825456e-06
4.7945552e-06
4.7754384e-06
4.7212144e-06
4.671808e-06
4.8099264e-06
4.6410016e-06
4.6303456e-06
4.6202832e-06
4.5294016e-06
4.2865424e-06
4.1813616e-06
4.1808064e-06
4.3636032e-06
4.6309008e-06
4.6999664e-06
4.792424e-06
4.4369952e-06
4.3609424e-06
4.5049632e-06
4.4710048e-06
4.3359872e-06
4.2652944e-06
4.361472e-06
4.1892928e-06
4.1558256e-06
4.3731104e-06
4.422568e-06
4.4247888e-06
4.536376e-06
4.50876e-06
4.7303456e-06
4.8339376e-06
5.084792e-06
4.9019824e-06
4.7483648e-06
4.5283424e-06
4.8960032e-06
4.7572912e-06
4.6563216e-06
4.7115792e-06
4.7546176e-06
4.9146288e-06
4.7419456e-06
4.6159824e-06
4.7860688e-06
4.4678144e-06
4.5947984e-06
4.628808e-06
4.7095504e-06
4.8232432e-06
4.7855008e-06
4.755224e-06
4.655352e-06
4.512416e-06
4.8599392e-06
4.87956e-06
4.914112e-06
4.7849712e-06
4.9242e-06
4.9305808e-06
4.7849968e-06
4.9136336e-06
4.8599648e-06
4.7063728e-06
4.392368e-06
4.4422528e-06
4.417776e-06
4.355608e-06
4.494824e-06
4.4613568e-06
4.4677504e-06
4.4204368e-06
4.5798032e-06
4.6186176e-06
4.8232176e-06
4.9454608e-06
4.8471392e-06
4.7679728e-06
4.5426416e-06
4.603208e-06
4.79028e-06
4.9613616e-06
4.8805936e-06
4.7658288e-06
4.6223632e-06
4.6058816e-06
4.5884048e-06
4.6745072e-06
4.6059584e-06
4.6798032e-06
4.7860432e-06
4.7939744e-06
4.622376e-06
4.7865344e-06
4.8705184e-06
4.8174176e-06
4.7935216e-06
4.9220816e-06
4.888136e-06
4.5283552e-06
4.4459472e-06
4.34344e-06
4.3253312e-06
4.3194672e-06
4.4050144e-06
4.40876e-06
4.6128176e-06
4.7345184e-06
4.7664352e-06
4.8774416e-06
4.6297904e-06
4.9767712e-06
4.9246912e-06
4.783408e-06
4.8583504e-06
4.8615152e-06
4.6941664e-06
4.5092256e-06
4.6255792e-06
4.5586448e-06
4.6255792e-06
4.755728e-06
4.8620576e-06
4.7361584e-06
4.7143808e-06
4.5469424e-06
4.4826304e-06
4.6335232e-06
4.7424496e-06
4.6697024e-06
4.561344e-06
4.5778e-06
4.7520592e-06
4.8466352e-06
4.8477456e-06
4.9035328e-06
4.8142272e-06
4.7106224e-06
4.7882e-06
4.8381488e-06
5.08416e-06
4.7717184e-06
4.7435344e-06
4.9039984e-06
4.8721456e-06
4.969912e-06
4.7993728e-06
4.7303072e-06
4.7797008e-06
4.8689168e-06
4.980504e-06
4.790848e-06
4.755792e-06
4.7488944e-06
5.062408e-06
4.8121472e-06
4.8077824e-06
4.798224e-06
4.7307728e-06
4.5443072e-06
4.551192e-06
4.6627792e-06
4.7823232e-06
4.78656e-06
4.8699376e-06
4.959256e-06
5.01556e-06
4.9672384e-06
5.0384608e-06
4.9327504e-06
4.9906688e-06
5.00976e-06
5.0426592e-06
5.120224e-06
4.7339248e-06
4.75144e-06
4.9889904e-06
4.9156752e-06
4.9326864e-06
4.6993984e-06
4.7381744e-06
4.647848e-06
4.8348432e-06
4.867832e-06
4.9013504e-06
4.7089952e-06
4.5973824e-06
4.5347104e-06
4.5458576e-06
4.6394e-06
4.5235376e-06
4.8120448e-06
4.7886784e-06
4.8434064e-06
4.6813536e-06
4.8014272e-06
4.565504e-06
4.8364832e-06
4.9894816e-06
4.9448416e-06
5.104272e-06
5.1882688e-06
4.9757632e-06
4.9816272e-06
4.9167984e-06
5.0108064e-06
5.0692544e-06
4.8758272e-06
5.0176912e-06
4.8540368e-06
4.8838096e-06
4.8689168e-06
4.9241872e-06
4.76424e-06
4.6446576e-06
4.6069536e-06
4.9145776e-06
4.8019568e-06
4.4858336e-06
4.5405616e-06
4.7504704e-06
4.8684256e-06
4.9104048e-06
4.8662944e-06
4.7536608e-06
4.7249728e-06
4.767456e-06
5.0315504e-06
5.0575648e-06
5.1920144e-06
5.262152e-06
5.3057072e-06
5.2446752e-06
5.1160512e-06
5.089456e-06
5.0469216e-06
4.6196896e-06
4.8689552e-06
4.9986256e-06
4.9630912e-06
5.0497232e-06
5.2064544e-06
5.0039856e-06
5.1739952e-06
5.1340704e-06
5.390712e-06
5.2276e-06
5.1733888e-06
5.0187632e-06
4.778112e-06
4.8530416e-06
4.6144448e-06
4.6298416e-06
4.5118608e-06
4.5469168e-06
4.5564368e-06
5.079432e-06
5.0757248e-06
5.0177424e-06
5.1213344e-06
5.036304e-06
5.2812816e-06
5.3694768e-06
5.1425952e-06
5.033656e-06
4.981072e-06
5.019848e-06
4.9964816e-06
4.9024608e-06
5.1186864e-06
5.2451792e-06
5.327536e-06
5.2568688e-06
5.2473616e-06
5.0544512e-06
5.047024e-06
4.7058176e-06
5.0108064e-06
5.3264384e-06
5.1080176e-06
5.1367184e-06
5.2971824e-06
4.8599008e-06
4.8349328e-06
4.9024352e-06
4.7892464e-06
4.8668368e-06
4.7770528e-06
4.9858896e-06
4.6702704e-06
4.5836128e-06
4.676096e-06
4.966256e-06
4.9635952e-06
4.9284496e-06
4.7111648e-06
4.7259168e-06
4.88164e-06
4.787128e-06
4.8631296e-06
4.8121472e-06
4.8748448e-06
4.8955504e-06
4.7451616e-06
4.7451744e-06
4.6208768e-06
4.6420864e-06
4.5660848e-06
4.6553648e-06
4.6755536e-06
4.7217952e-06
4.7270912e-06
4.616008e-06
4.36412e-06
4.3901472e-06
4.3747248e-06
4.6638896e-06
4.478936e-06
4.5474592e-06
4.6851248e-06
4.7382384e-06
4.8131552e-06
4.8753488e-06
4.6712912e-06
4.396592e-06
4.4067056e-06
4.2945632e-06
4.4603488e-06
4.398168e-06
4.4985952e-06
4.8811744e-06
4.7674816e-06
4.5958192e-06
4.5262112e-06
4.6681136e-06
4.6113056e-06
4.9555872e-06
4.847216e-06
4.629376e-06
4.7144192e-06
4.842488e-06
4.8488304e-06
4.702704e-06
4.92376e-06
4.939144e-06
5.1942096e-06
5.1197712e-06
5.0660896e-06
5.1447136e-06
5.175016e-06
4.9906176e-06
4.8365344e-06
4.6234608e-06
4.9513248e-06
5.0767328e-06
4.947088e-06
4.907808e-06
4.8020848e-06
4.8950208e-06
4.7398272e-06
4.6457936e-06
4.7541392e-06
4.871048e-06
4.7036608e-06
4.6133472e-06
4.6197024e-06
4.5208896e-06
4.7451104e-06
4.7759296e-06
4.8232048e-06
4.8726624e-06
4.9746912e-06
5.067704e-06
5.2340192e-06
5.1022304e-06
5.0512736e-06
4.6920096e-06
4.5618352e-06
4.710648e-06
4.6479376e-06
4.5740416e-06
4.6261088e-06
4.7366368e-06
4.7705952e-06
4.8869872e-06
4.7807216e-06
4.9550064e-06
4.8981984e-06
4.590032e-06
4.5724912e-06
4.3971472e-06
4.323832e-06
4.5703344e-06
4.4693904e-06
4.4858464e-06
4.461912e-06
4.8163712e-06
4.7127664e-06
4.6548736e-06
4.6617712e-06
4.4688736e-06
4.4741568e-06
4.574584e-06
4.854592e-06
4.9938464e-06
4.9762928e-06
4.707432e-06
4.6537376e-06
4.7770016e-06
4.8418432e-06
4.9252848e-06
4.8205824e-06
4.8376064e-06
4.9497232e-06
4.9358896e-06
4.7302688e-06
4.7924368e-06
4.8152736e-06
5.001752e-06
5.1276896e-06
5.1128352e-06
4.9869104e-06
4.9172896e-06
4.809952e-06
4.6069792e-06
4.5942048e-06
4.6808368e-06
4.6558816e-06
4.6494752e-06
4.6898656e-06
4.7089824e-06
4.6760704e-06
4.4518112e-06
4.530448e-06
4.5899424e-06
4.7594864e-06
4.9183872e-06
4.9465712e-06
4.6697024e-06
4.6054032e-06
4.5357568e-06
4.560776e-06
4.4088112e-06
4.4470832e-06
4.5703472e-06
4.8132064e-06
4.8880848e-06
4.9603664e-06
4.9189296e-06
4.736688e-06
4.9614768e-06
4.887064e-06
4.9810976e-06
4.7021232e-06
4.7425008e-06
4.940152e-06
4.7716928e-06
4.6601056e-06
4.4937648e-06
4.6946576e-06
4.8046944e-06
4.740408e-06
4.7531312e-06
4.5920992e-06
4.7738496e-06
4.8514272e-06
4.8078336e-06
4.825336e-06
4.5888832e-06
4.8019568e-06
4.761088e-06
4.7159312e-06
4.8206208e-06
4.9693696e-06
4.8837968e-06
4.8476944e-06
4.6138896e-06
4.4124928e-06
4.5682032e-06
4.6447344e-06
4.8429408e-06
4.794064e-06
4.7738496e-06
4.9874656e-06
4.8843904e-06
4.8360048e-06
4.7807216e-06
4.9614e-06
4.9071632e-06
4.845512e-06
4.763168e-06
4.7392848e-06
4.4630352e-06
4.5108528e-06
4.574584e-06
4.4810288e-06
4.8440256e-06
4.6872816e-06
4.706928e-06
4.7047968e-06
4.7946064e-06
4.9916896e-06
4.9779072e-06
4.8673408e-06
4.9874528e-06
5.0395456e-06
5.2255456e-06
5.2441072e-06
5.2658848e-06
5.4125792e-06
5.2776128e-06
5.02092e-06
5.008624e-06
4.7541136e-06
4.8391696e-06
4.8397632e-06
5.107488e-06
5.1053952e-06
5.1133648e-06
5.057616e-06
5.1293808e-06
5.0842368e-06
4.9290816e-06
5.08744e-06
5.1474768e-06
4.914176e-06
5.0400752e-06
4.9831904e-06
4.8896608e-06
4.8210992e-06
4.9066336e-06
5.0379184e-06
4.9268608e-06
4.8779456e-06
5.1983824e-06
5.0469216e-06
5.0432912e-06
5.204272e-06
4.817392e-06
4.7297392e-06
4.7036992e-06
4.7403696e-06
4.9162688e-06
4.8110624e-06
4.9502784e-06
5.146328e-06
5.2117376e-06
5.3313072e-06
5.3870816e-06
5.248912e-06
5.1776896e-06
5.1919888e-06
5.2403488e-06
5.2000224e-06
5.09532e-06
5.1309568e-06
4.7834464e-06
4.7717568e-06
4.8828016e-06
5.2898192e-06
5.17344e-06
5.249416e-06
5.1835408e-06
5.1214112e-06
5.2431376e-06
5.2930608e-06
5.1240592e-06
4.8254256e-06
4.9566976e-06
4.9428896e-06
4.8419456e-06
4.6995264e-06
4.9041264e-06
4.9131552e-06
5.1171744e-06
4.9891312e-06
5.286112e-06
5.284976e-06
5.1707536e-06
5.113352e-06
5.2892896e-06
5.1649408e-06
5.163856e-06
5.1505648e-06
4.9666832e-06
4.8503168e-06
4.577296e-06
4.5443584e-06
4.6671056e-06
5.0480832e-06
5.1171872e-06
5.1681824e-06
5.112912e-06
5.124576e-06
5.110768e-06
5.2643088e-06
4.9321696e-06
4.8019824e-06
4.6165504e-06
4.8620448e-06
4.8046432e-06
4.8423472e-06
4.6988688e-06
4.7998384e-06
4.981576e-06
5.1935904e-06
5.2201984e-06
5.3153296e-06
4.9588032e-06
4.7308496e-06
4.537448e-06
4.517776e-06
4.5166784e-06
4.584672e-06
4.7090592e-06
4.9794832e-06
4.8508592e-06
5.0490912e-06
5.0676784e-06
5.085736e-06
5.1197584e-06
4.7690704e-06
4.8461056e-06
4.828048e-06
5.0352704e-06
4.8593712e-06
4.6027552e-06
4.442808e-06
4.614432e-06
4.7467632e-06
4.7504832e-06
4.8211248e-06
4.7616048e-06
4.944376e-06
5.0915744e-06
4.9416896e-06
4.779688e-06
4.6893232e-06
4.8763568e-06
4.7664096e-06
4.7876832e-06
4.8966096e-06
4.8631296e-06
4.972056e-06
5.0475024e-06
5.1155216e-06
5.1102256e-06
5.0570992e-06
4.8237984e-06
4.5644832e-06
4.4688608e-06
4.5124288e-06
4.4354192e-06
4.5900448e-06
4.6101824e-06
4.7360816e-06
4.6707488e-06
4.7574192e-06
4.8664096e-06
4.747912e-06
4.658632e-06
4.6836256e-06
4.770736e-06
5.042232e-06
5.20112e-06
5.0187888e-06
4.9869104e-06
5.0623696e-06
4.7127408e-06
4.9194848e-06
4.7738112e-06
4.6011408e-06
4.678176e-06
4.7111008e-06
4.722816e-06
4.6622496e-06
4.8387168e-06
4.8232944e-06
4.8679216e-06
4.715944e-06
4.6888832e-06
4.8743408e-06
5.0076928e-06
4.7467888e-06
4.8206336e-06
4.913104e-06
4.8466992e-06
4.7775952e-06
4.9890672e-06
4.9709968e-06
5.3259472e-06
5.4088464e-06
5.3902336e-06
5.1691904e-06
4.9906688e-06
4.9343392e-06
5.051752e-06
4.9013632e-06
4.8232304e-06
4.8030672e-06
4.8259296e-06
4.9662304e-06
4.7759936e-06
4.9811104e-06
4.9577184e-06
4.8599264e-06
5.0831008e-06
4.6909376e-06
4.8205696e-06
4.6946704e-06
4.755792e-06
4.8264976e-06
4.7654144e-06
4.7697024e-06
4.9859152e-06
4.95188e-06
4.5894256e-06
4.56708e-06
4.65636e-06
4.5899552e-06
4.7074192e-06
4.7233456e-06
4.8987024e-06
4.6697152e-06
4.5990352e-06
4.8285648e-06
4.8131552e-06
4.8115792e-06
5.0368464e-06
4.9093072e-06
4.7446192e-06
4.8456016e-06
4.653776e-06
4.5671696e-06
4.4183824e-06
4.7095248e-06
4.7355264e-06
4.850304e-06
4.8014272e-06
4.8624848e-06
4.8045792e-06
4.8200528e-06
4.9390928e-06
4.8253744e-06
4.954528e-06
4.8466736e-06
4.9050832e-06
4.8748448e-06
4.8923344e-06
4.6898912e-06
4.526224e-06
4.515064e-06
4.6968144e-06
4.673384e-06
4.7892464e-06
4.7971904e-06
4.86468e-06
4.7754128e-06
4.7546816e-06
4.7504832e-06
4.656424e-06
4.7239008e-06
4.7600288e-06
4.7998768e-06
4.7105968e-06
4.7754384e-06
4.7850224e-06
4.683032e-06
4.69312e-06
4.7084912e-06
4.6468144e-06
4.5649872e-06
4.6319472e-06
4.8726496e-06
4.8524608e-06
4.92048e-06
4.8073168e-06
5.0533664e-06
5.0007184e-06
4.8009104e-06
4.4645344e-06
4.5272448e-06
4.6335232e-06
4.6786928e-06
4.5990224e-06
4.4082432e-06
4.3705648e-06
4.6596272e-06
4.9359152e-06
4.8780224e-06
4.9184e-06
4.8647696e-06
4.7840016e-06
4.7000176e-06
4.620296e-06
4.7727904e-06
4.6787056e-06
4.6882896e-06
4.6872432e-06
4.5746096e-06
4.622944e-06
4.6011152e-06
4.7398528e-06
4.8014784e-06
4.9140864e-06
4.8216288e-06
4.8062192e-06
4.7993088e-06
4.9019184e-06
4.628744e-06
4.705224e-06
4.7535968e-06
4.8109984e-06
5.0756608e-06
5.0581328e-06
4.882208e-06
4.7850096e-06
4.8003936e-06
4.9061424e-06
4.9104176e-06
4.882776e-06
4.8169136e-06
4.8174304e-06
4.732904e-06
4.8338864e-06
4.6085808e-06
4.4884688e-06
4.3694544e-06
4.6043312e-06
4.6074832e-06
4.6128304e-06
4.6059328e-06
4.6835232e-06
4.6845952e-06
4.5698432e-06
4.6766128e-06
5.3035888e-06
5.3206384e-06
5.129368e-06
5.118208e-06
4.7966864e-06
4.947592e-06
4.7302048e-06
4.4257456e-06
4.4592256e-06
4.7185408e-06
4.8311872e-06
4.7196512e-06
4.7063216e-06
4.6850608e-06
4.6627664e-06
4.6994368e-06
4.6935728e-06
4.982648e-06
5.2227952e-06
5.053832e-06
5.023064e-06
4.9204928e-06
5.0555104e-06
4.9810976e-06
4.9747552e-06
4.9550704e-06
5.1081072e-06
5.1867056e-06
5.1325072e-06
5.0570864e-06
4.9321952e-06
4.9082352e-06
4.9231408e-06
4.874832e-06
4.7249856e-06
4.7568512e-06
4.934856e-06
4.7993344e-06
4.9242128e-06
4.8992192e-06
4.9061552e-06
4.9263312e-06
4.9720816e-06
5.039016e-06
4.984792e-06
4.9401136e-06
4.9316016e-06
4.9858e-06
4.8008848e-06
4.8481984e-06
5.0320416e-06
5.073504e-06
5.1845488e-06
5.3673328e-06
5.2679904e-06
5.4077104e-06
5.3285696e-06
5.1325072e-06
4.954528e-06
4.6835232e-06
5.028928e-06
5.0486e-06
5.0841856e-06
4.9630144e-06
5.0411344e-06
4.8456016e-06
4.8047072e-06
4.7791712e-06
4.9236832e-06
4.9554848e-06
4.9422064e-06
5.1234272e-06
5.2350144e-06
5.0399984e-06
4.892296e-06
5.2632368e-06
5.2505008e-06
5.2292656e-06
5.183528e-06
5.2430608e-06
5.0654704e-06
5.0044128e-06
4.9485744e-06
4.9942736e-06
4.7992832e-06
4.985296e-06
5.1107296e-06
5.066632e-06
4.9816528e-06
4.7605712e-06
4.951312e-06
4.9093072e-06
5.1091408e-06
5.0134928e-06
5.2574112e-06
5.2547504e-06
5.3386832e-06
5.0931632e-06
4.952888e-06
4.7870512e-06
4.5794656e-06
4.6925776e-06
4.6532592e-06
4.7988432e-06
4.666576e-06
4.5698432e-06
4.6314944e-06
4.67616e-06
4.8498896e-06
5.016192e-06
5.0709328e-06
4.8961056e-06
4.8541008e-06
4.9412624e-06
4.8652992e-06
4.798352e-06
4.6824768e-06
4.8594608e-06
4.589528e-06
4.7091232e-06
4.5862736e-06
4.7095376e-06
4.8322464e-06
4.928424e-06
4.8604432e-06
4.6139024e-06
4.671808e-06
4.798288e-06
4.7212912e-06
4.7420224e-06
4.7441536e-06
4.7659312e-06
5.1145008e-06
4.9848304e-06
4.7584784e-06
4.6165888e-06
4.6479504e-06
4.659576e-06
4.885992e-06
4.8036224e-06
4.9885504e-06
5.092168e-06
4.7446448e-06
4.7499408e-06
4.7094992e-06
4.5543056e-06
4.4608144e-06
4.2578288e-06
4.3008928e-06
4.5326432e-06
4.7079616e-06
4.7701552e-06
4.7048224e-06
4.9279968e-06
4.9317296e-06
4.9795472e-06
4.951376e-06
4.8158928e-06
4.855224e-06
4.8902544e-06
4.6037888e-06
4.6149744e-06
4.6931072e-06
4.8158032e-06
4.9816016e-06
4.7998384e-06
4.7328912e-06
4.5580768e-06
4.9763056e-06
4.807872e-06
4.856232e-06
4.8052496e-06
4.9625616e-06
4.904088e-06
4.8775056e-06
4.8285904e-06
4.6867392e-06
4.6255792e-06
4.6553392e-06
4.6484544e-06
5.1734912e-06
5.3026448e-06
5.246328e-06
5.3557584e-06
5.075712e-06
4.8769504e-06
4.8248832e-06
4.9588032e-06
4.745704e-06
4.5416464e-06
4.5230336e-06
4.6192368e-06
4.4216368e-06
4.5906e-06
4.6261472e-06
4.731896e-06
4.7456784e-06
4.8764208e-06
4.825904e-06
4.9556128e-06
4.7360944e-06
4.7865728e-06
4.758944e-06
4.8896352e-06
5.0517264e-06
5.0448416e-06
4.9252976e-06
5.090024e-06
5.3695024e-06
5.3965888e-06
5.196832e-06
4.8976816e-06
4.7308368e-06
5.0156496e-06
4.8440512e-06
4.9008976e-06
4.7143424e-06
4.8243536e-06
4.9890672e-06
4.7679984e-06
4.3833136e-06
4.4359488e-06
4.644256e-06
4.6750752e-06
4.5757072e-06
4.7871792e-06
5.0464688e-06
5.215496e-06
5.0879312e-06
4.9742e-06
4.9130656e-06
4.9417024e-06
4.971992e-06
4.9071888e-06
4.9597856e-06
4.8689552e-06
4.7807344e-06
4.4671952e-06
4.398168e-06
4.2616e-06
4.6708256e-06
4.565064e-06
4.5650768e-06
4.7850864e-06
4.9795856e-06
4.8838992e-06
4.829688e-06
4.6325024e-06
4.6850864e-06
4.894504e-06
4.8477072e-06
4.7334976e-06
4.4652048e-06
4.2260528e-06
4.1739472e-06
4.5559712e-06
4.6494624e-06
4.8630912e-06
4.7148464e-06
4.7537248e-06
4.719096e-06
4.8270016e-06
4.7770912e-06
4.8950464e-06
5.0889776e-06
5.0204416e-06
4.9805552e-06
4.9624848e-06
4.8435088e-06
4.8004064e-06
4.8200656e-06
4.8918304e-06
4.8137232e-06
4.6798288e-06
4.7781376e-06
4.7393616e-06
4.8185536e-06
4.8706464e-06
4.8349968e-06
4.7882256e-06
4.8556384e-06
5.116568e-06
5.0628992e-06
4.951312e-06
4.841856e-06
4.6925392e-06
4.7664096e-06
4.936432e-06
4.9518032e-06
5.1298336e-06
4.9247424e-06
4.904528e-06
5.0267712e-06
5.2207024e-06
5.122432e-06
4.8939232e-06
4.9024096e-06
4.9379696e-06
4.8470752e-06
4.8051728e-06
5.0086624e-06
4.9464944e-06
4.7849712e-06
4.7743408e-06
4.6542672e-06
4.7568512e-06
4.6394e-06
4.6112928e-06
4.5804096e-06
4.6510384e-06
4.6892976e-06
4.6739008e-06
4.7078976e-06
4.6282016e-06
4.7499152e-06
4.5857056e-06
4.820608e-06
4.8747936e-06
5.0018032e-06
5.0916e-06
5.0225856e-06
5.0300128e-06
5.0629632e-06
4.9540112e-06
4.93328e-06
4.7956656e-06
5.0092944e-06
4.9624976e-06
4.6686944e-06
4.5039296e-06
4.6383792e-06
4.5846848e-06
4.694696e-06
4.6713168e-06
4.8657904e-06
4.8774544e-06
4.7940512e-06
5.064992e-06
4.8939232e-06
5.0417024e-06
4.7844288e-06
4.6435728e-06
4.4395024e-06
4.5659952e-06
4.5574704e-06
4.6541904e-06
4.847592e-06
4.7748064e-06
4.7843648e-06
4.8311616e-06
4.9725344e-06
4.7195872e-06
4.5118224e-06
4.4140304e-06
4.4868416e-06
4.5527424e-06
4.7530416e-06
4.7254384e-06
4.8805552e-06
4.76052e-06
4.6410144e-06
4.7467504e-06
4.8386272e-06
4.7700912e-06
4.8683616e-06
4.8609472e-06
4.8949568e-06
4.9221072e-06
4.673448e-06
4.6436368e-06
4.6090976e-06
4.6160336e-06
4.5304736e-06
4.3960496e-06
4.2855088e-06
4.2323696e-06
4.2674e-06
4.1037456e-06
4.236632e-06
4.4911296e-06
4.80888e-06
4.8710608e-06
4.7701296e-06
4.6962592e-06
4.7185664e-06
5.1425568e-06
5.1159616e-06
5.1276256e-06
5.168016e-06
5.0580816e-06
5.029936e-06
4.9236704e-06
4.8370896e-06
4.55756e-06
4.7414544e-06
4.9816272e-06
4.7945936e-06
4.8232688e-06
4.7882128e-06
4.7137872e-06
4.7732944e-06
4.5182288e-06
4.7249856e-06
4.8312384e-06
5.1389008e-06
5.1505776e-06
5.2993392e-06
5.2605504e-06
5.1983824e-06
5.2510176e-06
5.09324e-06
5.084728e-06
5.1644112e-06
5.2260112e-06
5.024072e-06
4.8864576e-06
4.9624592e-06
5.094752e-06
4.9922064e-06
4.8322592e-06
4.8705824e-06
4.8286416e-06
4.7951744e-06
4.8190704e-06
4.8275696e-06
4.90888e-06
4.8918816e-06
4.7813664e-06
4.8010256e-06
4.7382768e-06
4.508696e-06
4.6521488e-06
4.7318576e-06
4.7988048e-06
4.769032e-06
4.7132448e-06
4.7611008e-06
4.8063088e-06
4.7691088e-06
4.7276336e-06
4.7074064e-06
4.7085168e-06
4.8105584e-06
4.958312e-06
5.0661152e-06
4.974704e-06
4.9492192e-06
4.8285648e-06
4.7318832e-06
4.6522e-06
4.6240544e-06
4.7589824e-06
4.6490224e-06
4.51828e-06
4.670736e-06
5.0055104e-06
4.8625488e-06
5.0049296e-06
4.8928128e-06
4.815248e-06
4.6176736e-06
4.5927056e-06
4.575152e-06
4.6155424e-06
4.5193392e-06
4.3498336e-06
4.3721536e-06
4.4991376e-06
4.5060224e-06
4.6048096e-06
4.5899296e-06
4.6892976e-06
4.7089824e-06
4.7217312e-06
4.8971008e-06
4.7265744e-06
4.62616e-06
4.4577008e-06
4.552328e-06
4.8318192e-06
4.6314304e-06
4.5862736e-06
4.51084e-06
4.7462336e-06
4.7058944e-06
4.8945424e-06
4.8079104e-06
4.7356288e-06
4.7414928e-06
4.7521232e-06
4.8583632e-06
4.7356544e-06
4.8382128e-06
4.8249216e-06
4.7659824e-06
4.6208896e-06
4.7722608e-06
4.8052112e-06
4.778616e-06
4.7589696e-06
4.8254256e-06
4.6527168e-06
4.8009616e-06
4.7212784e-06
4.8721584e-06
4.7690704e-06
4.5416336e-06
4.5916464e-06
4.64476e-06
4.7117072e-06
4.727104e-06
4.6319472e-06
4.6037632e-06
4.7286672e-06
4.7860304e-06
4.9895328e-06
5.062344e-06
4.8790688e-06
5.1914848e-06
4.999168e-06
5.1032768e-06
5.027856e-06
5.088952e-06
4.9986512e-06
5.0241104e-06
4.8976688e-06
4.9592944e-06
4.8014144e-06
4.6967632e-06
4.6388192e-06
4.8391696e-06
4.9093072e-06
4.8694848e-06
4.7876448e-06
5.1643728e-06
5.0448288e-06
4.9098752e-06
4.9492064e-06
4.8673408e-06
4.9295088e-06
4.6750496e-06
4.6367904e-06
4.6984288e-06
4.5793888e-06
4.5501456e-06
4.4938544e-06
4.660208e-06
4.855224e-06
4.922688e-06
4.989648e-06
5.0714368e-06
5.0943248e-06
5.1362912e-06
5.2839552e-06
4.9401648e-06
5.0390032e-06
4.915184e-06
5.0273008e-06
4.8386912e-06
4.8094864e-06
4.702768e-06
4.6102848e-06
4.7446576e-06
4.6750752e-06
4.8695232e-06
4.8110752e-06
4.6319984e-06
4.8015424e-06
4.7739264e-06
4.8578976e-06
4.8133216e-06
4.5135392e-06
4.5624032e-06
4.647408e-06
4.7074576e-06
4.5608528e-06
4.5331856e-06
4.6750752e-06
4.7877472e-06
4.6814688e-06
5.0624336e-06
4.8498896e-06
4.9035328e-06
4.8913264e-06
4.7569024e-06
4.6691984e-06
4.66708e-06
4.680384e-06
4.5794016e-06
4.6213808e-06
4.7292352e-06
4.7754384e-06
4.9487024e-06
4.8722096e-06
4.9896352e-06
5.2505776e-06
5.4041056e-06
5.2642832e-06
5.3774976e-06
5.169216e-06
5.2319008e-06
5.075144e-06
4.9327504e-06
4.8318064e-06
4.790344e-06
4.7680112e-06
4.7217824e-06
5.0437824e-06
5.00396e-06
4.8748576e-06
4.8477072e-06
4.6824768e-06
4.796208e-06
4.8222096e-06
4.6218464e-06
4.5840528e-06
4.5261344e-06
4.6436368e-06
4.6803072e-06
5.049608e-06
4.4943456e-06
4.4295424e-06
4.5113824e-06
4.9146672e-06
4.91096e-06
4.8025248e-06
4.709008e-06
4.4576368e-06
4.4135776e-06
4.487448e-06
4.64476e-06
4.6410528e-06
4.6585552e-06
4.8185152e-06
4.8705568e-06
4.9704416e-06
4.7812768e-06
4.6319856e-06
4.5134752e-06
4.5118992e-06
4.9135696e-06
5.0576032e-06
4.937504e-06
5.062912e-06
4.9911856e-06
4.7541776e-06
4.7222992e-06
4.7685408e-06
5.1070224e-06
5.1229616e-06
4.997528e-06
4.94652e-06
4.7956016e-06
4.6925008e-06
4.6952128e-06
4.8290944e-06
4.9439104e-06
4.8838608e-06
4.8296624e-06
4.8216288e-06
4.9884608e-06
4.9724704e-06
5.0160896e-06
4.8179344e-06
4.6526656e-06
4.6085168e-06
4.6181136e-06
4.6675328e-06
4.7944912e-06
4.9028496e-06
5.0096576e-06
5.2030976e-06
5.2111312e-06
5.3205488e-06
5.106416e-06
5.0213856e-06
4.8232176e-06
4.7036608e-06
4.8859024e-06
4.88164e-06
4.859888e-06
5.1346384e-06
4.9794832e-06
4.7764592e-06
5.1574624e-06
5.0325584e-06
4.8582736e-06
4.8514016e-06
4.8907072e-06
4.958184e-06
4.9343008e-06
4.9698992e-06
4.9263056e-06
4.8328272e-06
4.777544e-06
4.398672e-06
4.6420352e-06
4.6754768e-06
5.0070736e-06
4.8402416e-06
4.6048736e-06
4.734544e-06
4.9550576e-06
5.0007184e-06
4.8652608e-06
4.499176e-06
4.653272e-06
4.5969552e-06
4.5836896e-06
4.5236016e-06
4.4002736e-06
4.465128e-06
4.3886096e-06
4.615504e-06
4.6521232e-06
4.7541136e-06
4.4273344e-06
4.3200352e-06
4.4985568e-06
4.6431072e-06
4.7551984e-06
4.765248e-06
4.6026528e-06
4.5107376e-06
4.590472e-06
4.7600032e-06
4.7366624e-06
4.9263312e-06
4.7844032e-06
4.9602384e-06
4.9867952e-06
4.9809568e-06
4.9384864e-06
4.962408e-06
4.9810336e-06
4.8928512e-06
4.8067744e-06
4.7323744e-06
4.9677552e-06
4.8295984e-06
4.3609936e-06
4.4321776e-06
4.4650896e-06
4.4449136e-06
4.6101568e-06
4.7180112e-06
4.6037632e-06
4.347096e-06
4.5033232e-06
4.7424624e-06
4.8742512e-06
4.7876192e-06
4.7445808e-06
4.6484032e-06
4.649992e-06
4.8184128e-06
4.6483392e-06
4.4294784e-06
4.2286624e-06
4.2680064e-06
4.8227648e-06
4.6607248e-06
4.8222096e-06
4.541104e-06
4.5262496e-06
4.5995648e-06
4.5751136e-06
4.5549248e-06
4.4502224e-06
4.2897456e-06
4.3938928e-06
4.5697664e-06
4.5182416e-06
4.6069664e-06
4.8131296e-06
4.7780736e-06
4.7302688e-06
4.96884e-06
5.0384608e-06
4.9332928e-06
4.9811104e-06
5.0034304e-06
5.0044768e-06
4.8280352e-06
4.8801024e-06
4.8333952e-06
4.6186816e-06
4.6675584e-06
4.681392e-06
4.7982752e-06
4.706864e-06
5.1101616e-06
4.9411088e-06
4.8741872e-06
5.00232e-06
5.205848e-06
5.0416768e-06
4.890216e-06
4.6426288e-06
4.7972544e-06
4.943304e-06
4.8933808e-06
5.1457856e-06
4.8726496e-06
4.6478864e-06
4.7706208e-06
4.9438976e-06
4.7983264e-06
5.2685712e-06
5.3599696e-06
5.281888e-06
5.0820672e-06
4.8062832e-06
4.8519824e-06
4.7366752e-06
4.6611776e-06
4.5761472e-06
4.6781632e-06
4.8130912e-06
4.8460544e-06
4.7845184e-06
4.625592e-06
4.5453536e-06
4.64684e-06
4.5889216e-06
4.6771552e-06
4.9481472e-06
4.7754e-06
4.8073296e-06
4.8689424e-06
4.778048e-06
4.7153632e-06
4.7148336e-06
4.7137872e-06
4.448672e-06
4.5512432e-06
4.337072e-06
4.8344416e-06
4.859448e-06
4.7940896e-06
4.5559584e-06
4.6579616e-06
4.7408608e-06
4.7238624e-06
4.5660848e-06
4.6410016e-06
4.810456e-06
4.8439232e-06
5.0331392e-06
4.9464944e-06
5.0825456e-06
5.1064416e-06
4.99116e-06
5.1808288e-06
5.108056e-06
4.9704416e-06
5.0995952e-06
4.7701296e-06
4.6882768e-06
4.649488e-06
5.330752e-06
5.2951536e-06
5.2037552e-06
5.240904e-06
5.0804784e-06
4.8498256e-06
4.5570688e-06
4.5288848e-06
4.634104e-06
4.7377472e-06
4.747344e-06
4.7606224e-06
4.8546688e-06
4.8674176e-06
4.8339504e-06
4.9136464e-06
4.8557024e-06
4.8264976e-06
4.7500048e-06
5.0093072e-06
4.8987024e-06
5.0192928e-06
4.7557536e-06
4.6596272e-06
4.669664e-06
4.8142016e-06
4.7642656e-06
4.6186944e-06
4.6170672e-06
4.508128e-06
4.3912448e-06
4.5687712e-06
4.5166784e-06
4.4475872e-06
4.3429232e-06
4.3886096e-06
4.5559968e-06
4.6006624e-06
4.7834208e-06
4.9247296e-06
4.7674432e-06
4.6824256e-06
4.5485056e-06
4.3215856e-06
4.5315072e-06
4.9221072e-06
4.9194464e-06
4.7626512e-06
4.7918688e-06
4.6728416e-06
4.7669008e-06
4.7956016e-06
4.866824e-06
4.992736e-06
4.8067744e-06
4.6383152e-06
4.79028e-06
4.9895456e-06
5.0188272e-06
4.975776e-06
4.440728e-06
4.6729184e-06
4.8333824e-06
5.1086368e-06
5.0294576e-06
4.734544e-06
4.586248e-06
4.5825536e-06
4.5432096e-06
4.8646672e-06
4.8360048e-06
4.9587392e-06
4.9539472e-06
5.3769424e-06
5.113416e-06
5.0682464e-06
4.6963488e-06
4.6251008e-06
4.5193392e-06
4.492304e-06
4.9471008e-06
4.926344e-06
4.7627024e-06
4.714872e-06
4.8291072e-06
4.714368e-06
4.7866368e-06
4.8328272e-06
4.9167728e-06
4.8434704e-06
5.0990912e-06
5.1984592e-06
5.3328704e-06
5.2579536e-06
5.110768e-06
4.980568e-06
4.97584e-06
5.1208944e-06
5.0167344e-06
4.8259168e-06
4.66916e-06
4.7919328e-06
4.7010512e-06
4.8392592e-06
5.237248e-06
5.457232e-06
5.5788944e-06
5.3907888e-06
5.3110928e-06
5.08952e-06
4.9853216e-06
4.8068128e-06
4.6681264e-06
4.5544336e-06
4.56128e-06
4.4741696e-06
4.39016e-06
4.3651792e-06
4.6754896e-06
4.7414288e-06
4.502328e-06
4.4916976e-06
4.70636e-06
4.8971392e-06
4.887064e-06
4.8599648e-06
4.97792e-06
5.0777408e-06
5.085168e-06
4.8700272e-06
4.8131808e-06
4.9130784e-06
5.00976e-06
4.982648e-06
4.7334464e-06
4.6473696e-06
4.7196512e-06
4.8285648e-06
4.80308e-06
4.5692752e-06
4.8110624e-06
4.8104944e-06
4.9438464e-06
4.833912e-06
4.7956528e-06
4.7334976e-06
4.6936112e-06
4.6989328e-06
4.8163584e-06
4.828616e-06
5.0874144e-06
5.0762032e-06
4.9061808e-06
4.6479248e-06
4.83284e-06
4.9561296e-06
4.999168e-06
4.8700272e-06
4.74356e-06
4.9098624e-06
4.800368e-06
4.5022768e-06
4.3805888e-06
4.5835616e-06
4.4368928e-06
4.7976944e-06
4.8476816e-06
4.8131552e-06
4.724456e-06
4.9104304e-06
4.7409504e-06
4.6075984e-06
4.7520976e-06
4.6197408e-06
4.7074064e-06
4.886496e-06
4.9618912e-06
4.8582992e-06
4.8200528e-06
4.7977328e-06
4.6686048e-06
4.71008e-06
4.7398528e-06
4.6192752e-06
4.7287312e-06
4.8116304e-06
4.8689808e-06
4.8413008e-06
4.8588288e-06
4.9231152e-06
4.9815888e-06
4.9034432e-06
5.0220048e-06
4.7701424e-06
4.5017856e-06
4.6197664e-06
4.475216e-06
4.3907152e-06
4.470928e-06
4.5049632e-06
5.0660768e-06
4.9220432e-06
4.8848688e-06
4.9730768e-06
5.0293808e-06
4.8014144e-06
4.876848e-06
4.9895072e-06
4.7812384e-06
4.557056e-06
4.4502736e-06
4.4321904e-06
4.5628944e-06
4.7988048e-06
4.707936e-06
4.8003808e-06
4.7371536e-06
5.133592e-06
5.0049808e-06
5.042168e-06
4.7626256e-06
4.945952e-06
4.6813536e-06
4.766952e-06
4.7716672e-06
4.6957296e-06
4.6606992e-06
4.7637872e-06
4.83284e-06
4.5910272e-06
4.829056e-06
4.5224784e-06
4.5655168e-06
4.6446832e-06
4.7424496e-06
4.7854752e-06
4.727544e-06
4.5229824e-06
4.5022768e-06
4.6079872e-06
4.8710608e-06
5.0915744e-06
4.889144e-06
5.0219536e-06
4.791352e-06
4.9911344e-06
4.8567232e-06
4.8599136e-06
4.779184e-06
4.7377472e-06
4.6861968e-06
4.7573808e-06
5.0124208e-06
5.0889264e-06
5.0872992e-06
5.021992e-06
5.0257376e-06
4.8710992e-06
4.7536736e-06
4.985864e-06
5.0586624e-06
4.8014912e-06
4.9848432e-06
4.8036352e-06
4.9003168e-06
4.7600288e-06
4.698352e-06
4.8678704e-06
5.1909296e-06
5.0501376e-06
4.8737344e-06
4.9805424e-06
5.0284112e-06
5.1267072e-06
5.1506032e-06
5.1766176e-06
5.4093632e-06
5.2185712e-06
5.1224064e-06
5.094248e-06
4.7069408e-06
4.8520336e-06
4.798352e-06
4.8302048e-06
4.9465072e-06
5.1526832e-06
5.1282448e-06
5.049104e-06
4.9619552e-06
4.8254256e-06
5.0326864e-06
4.8923344e-06
4.8126384e-06
4.7207488e-06
4.8939872e-06
4.9110368e-06
4.9189552e-06
4.9949568e-06
4.694192e-06
4.5852656e-06
4.9120064e-06
5.0283984e-06
4.9710096e-06
4.9183488e-06
4.9555104e-06
4.8301408e-06
4.854088e-06
4.7010896e-06
4.6336e-06
4.6351632e-06
4.5166784e-06
4.4741696e-06
5.0544128e-06
4.9832032e-06
4.8407584e-06
4.9661408e-06
4.8603792e-06
4.9203904e-06
4.8534816e-06
5.0012352e-06
4.8157648e-06
4.8163328e-06
4.8785264e-06
4.9965072e-06
4.9757888e-06
5.0767712e-06
5.012472e-06
4.8440256e-06
4.9587904e-06
5.0337072e-06
4.9295472e-06
5.1643728e-06
4.679248e-06
4.645768e-06
4.59848e-06
4.5442688e-06
4.5007008e-06
4.6835232e-06
4.7201936e-06
4.8960416e-06
4.5815456e-06
4.4869696e-06
4.4863888e-06
4.422064e-06
4.5872944e-06
4.5400192e-06
4.699424e-06
4.5591488e-06
4.6920096e-06
4.731328e-06
4.790344e-06
4.6967888e-06
4.4751776e-06
4.5060608e-06
4.7228416e-06
4.789336e-06
4.8180496e-06
4.8169776e-06
4.7090336e-06
4.4619632e-06
4.9523712e-06
4.9114384e-06
4.8040496e-06
4.7897376e-06
4.9496592e-06
4.8407584e-06
4.8827504e-06
5.1069968e-06
5.2775616e-06
5.2302608e-06
5.0549168e-06
5.0150816e-06
5.1261392e-06
5.0023072e-06
4.6622112e-06
4.7238368e-06
4.7578336e-06
4.476792e-06
4.5267408e-06
4.66544e-06
5.0495952e-06
4.9215264e-06
4.9289664e-06
4.8067488e-06
4.8157776e-06
4.8434064e-06
4.8508592e-06
4.6739648e-06
4.5889344e-06
4.737192e-06
4.6564112e-06
4.6941152e-06
4.7897248e-06
4.5112928e-06
4.6733712e-06
4.8030288e-06
4.9433168e-06
5.061776e-06
5.1951536e-06
5.1106528e-06
4.744128e-06
4.8195744e-06
4.6176224e-06
4.520928e-06
4.4853296e-06
4.5985184e-06
4.7069408e-06
4.903016e-06
4.916824e-06
4.8498256e-06
4.7658672e-06
4.7934832e-06
4.8472032e-06
4.8902032e-06
5.007112e-06
5.1601232e-06
5.0915232e-06
5.0453328e-06
5.0070992e-06
4.8296624e-06
4.8923856e-06
5.0353216e-06
4.9566976e-06
4.7404336e-06
4.739904e-06
4.582088e-06
4.5560608e-06
4.6681904e-06
4.6745712e-06
4.517272e-06
4.4513456e-06
4.4071968e-06
4.514496e-06
4.4119376e-06
4.4592384e-06
4.6925008e-06
4.7631936e-06
4.7791328e-06
4.8546304e-06
4.9476432e-06
4.9805296e-06
4.8647312e-06
5.04488e-06
4.9189296e-06
4.9343264e-06
4.9561296e-06
4.6920096e-06
4.5251776e-06
4.4762752e-06
4.5660464e-06
4.5634112e-06
4.4311312e-06
4.3774496e-06
4.4103744e-06
4.585176e-06
4.6590208e-06
4.7137488e-06
4.9470624e-06
4.9247296e-06
4.9311488e-06
5.1389008e-06
5.2451664e-06
5.0522816e-06
4.6574704e-06
4.5304736e-06
4.7743024e-06
4.97092e-06
5.012912e-06
5.0751184e-06
5.0241104e-06
4.6988688e-06
4.8056768e-06
4.739272e-06
4.731832e-06
4.730256e-06
4.8737728e-06
4.6749984e-06
4.7355648e-06
4.7759296e-06
4.9428128e-06
4.7116688e-06
4.528368e-06
4.6118224e-06
4.5389984e-06
4.9821824e-06
4.9173792e-06
4.8036736e-06
4.5320496e-06
4.7631296e-06
4.8189424e-06
5.0500992e-06
4.8556256e-06
4.7371152e-06
4.8370256e-06
5.0155728e-06
4.6855776e-06
4.8992192e-06
5.0049552e-06
4.8109856e-06
4.6829552e-06
4.7180368e-06
4.6988944e-06
4.7817808e-06
4.95604e-06
4.9847024e-06
4.9299872e-06
4.9039728e-06
4.9895328e-06
4.9837456e-06
4.7749088e-06
4.570864e-06
4.8578464e-06
4.9561424e-06
4.893432e-06
5.04116e-06
5.1017264e-06
5.0560144e-06
5.2117504e-06
4.8105584e-06
4.6585296e-06
5.0092304e-06
5.2940048e-06
5.0214112e-06
4.9996336e-06
4.7440384e-06
4.5065136e-06
4.6293248e-06
4.5942432e-06
4.4667168e-06
4.634608e-06
4.8944272e-06
4.8912368e-06
4.9667216e-06
4.8450592e-06
4.9986128e-06
5.0671744e-06
4.9789408e-06
4.8641632e-06
4.8296496e-06
4.9938208e-06
4.8807088e-06
4.7574704e-06
4.8382256e-06
4.8429664e-06
4.6713808e-06
4.8812512e-06
5.0528624e-06
5.0480576e-06
5.0953584e-06
5.329176e-06
5.1293808e-06
5.3892e-06
5.192608e-06
4.8812512e-06
4.9460416e-06
4.9301152e-06
4.9184e-06
5.1484848e-06
5.0586752e-06
5.0273392e-06
4.9497488e-06
4.9348304e-06
4.9390672e-06
4.9146544e-06
5.0756608e-06
5.0570736e-06
5.2340192e-06
5.2770448e-06
5.405088e-06
5.0469728e-06
5.0081968e-06
4.61128e-06
4.4757968e-06
4.634672e-06
4.7903824e-06
4.8658416e-06
4.918968e-06
4.7961696e-06
5.0140608e-06
4.9667344e-06
4.8163968e-06
4.6649232e-06
4.554408e-06
4.5448624e-06
4.6681392e-06
4.8222608e-06
4.7154272e-06
4.6139408e-06
4.8222224e-06
5.0145776e-06
5.0560272e-06
5.0931888e-06
5.1580048e-06
5.0309568e-06
4.6685792e-06
4.6702192e-06
4.7616304e-06
4.603272e-06
4.5772576e-06
4.5358464e-06
5.3169056e-06
5.1707664e-06
5.0554848e-06
5.1437056e-06
5.0741232e-06
4.7260576e-06
4.6771808e-06
4.5687584e-06
4.7074192e-06
4.688328e-06
4.5846848e-06
4.7111392e-06
4.7754384e-06
4.9614512e-06
5.178736e-06
5.0033536e-06
5.0044128e-06
5.1378032e-06
5.3099952e-06
5.3355056e-06
4.9884992e-06
4.8742128e-06
5.0697584e-06
4.85352e-06
4.7727904e-06
4.7414416e-06
4.5676352e-06
4.4794656e-06
4.6468272e-06
4.525656e-06
4.602704e-06
4.6303456e-06
4.7350096e-06
4.8173152e-06
5.0118272e-06
5.0092048e-06
4.9034816e-06
4.9976048e-06
5.1463792e-06
4.8360304e-06
4.8083888e-06
4.64848e-06
4.6272192e-06
4.7993984e-06
4.7738624e-06
4.697344e-06
4.7675072e-06
4.7084656e-06
4.7345312e-06
4.677672e-06
4.86468e-06
4.8173664e-06
4.9332288e-06
4.89444e-06
4.978928e-06
4.944376e-06
4.7578464e-06
4.691416e-06
4.7031696e-06
4.8588672e-06
4.6436752e-06
4.780192e-06
4.6457296e-06
4.6930688e-06
4.6877472e-06
4.7127152e-06
4.7345056e-06
4.9747424e-06
4.661216e-06
4.86052e-06
5.0486128e-06
5.154904e-06
5.1453328e-06
4.942864e-06
5.0278688e-06
4.9656752e-06
5.1473744e-06
4.9311488e-06
4.811592e-06
4.7058304e-06
)
;

boundaryField
{
    xPeriodic_half0
    {
        type            cyclic;
    }
    xPeriodic_half1
    {
        type            cyclic;
    }
    yPeriodic_half0
    {
        type            cyclic;
    }
    yPeriodic_half1
    {
        type            cyclic;
    }
    zPeriodic_half0
    {
        type            cyclic;
    }
    zPeriodic_half1
    {
        type            cyclic;
    }
}


// ************************************************************************* //
