/*--------------------------------*- C++ -*----------------------------------*\
| =========                 |                                                 |
| \\      /  F ield         | OpenFOAM: The Open Source CFD Toolbox           |
|  \\    /   O peration     | Version:  2.4.0-MNF                             |
|   \\  /    A nd           | Web:      www.OpenFOAM.org                      |
|    \\/     M anipulation  |                                                 |
\*---------------------------------------------------------------------------*/
FoamFile
{
    version     2.0;
    format      ascii;
    class       volScalarField;
    location    "0.0006";
    object      rhoN_O2;
}
// * * * * * * * * * * * * * * * * * * * * * * * * * * * * * * * * * * * * * //

dimensions      [0 -3 0 0 0 0 0];

internalField   nonuniform List<scalar> 
5120
(
2.8e+19
2.544e+19
2.248e+19
2.048e+19
2.064e+19
2.296e+19
2.16e+19
2.152e+19
2.072e+19
2.12e+19
2.024e+19
1.992e+19
1.768e+19
1.864e+19
1.984e+19
1.992e+19
1.952e+19
2.16e+19
2.512e+19
2.776e+19
2.096e+19
2.048e+19
2.032e+19
2.16e+19
2.352e+19
2.168e+19
2.32e+19
2.328e+19
2.504e+19
2.328e+19
2.328e+19
2.288e+19
2.384e+19
2.336e+19
2.16e+19
2.288e+19
2.288e+19
2.32e+19
2.232e+19
2.152e+19
2.184e+19
1.912e+19
1.832e+19
1.848e+19
1.808e+19
2e+19
2.16e+19
2.12e+19
2.216e+19
2.208e+19
2.4e+19
2.584e+19
2.36e+19
2.384e+19
2.368e+19
2.32e+19
2.264e+19
2.304e+19
2.144e+19
2.136e+19
2e+19
2.296e+19
2.424e+19
2.16e+19
2.264e+19
2.208e+19
2e+19
2.096e+19
2.336e+19
2.352e+19
2.104e+19
1.872e+19
1.816e+19
1.792e+19
2.008e+19
1.968e+19
1.784e+19
2e+19
1.904e+19
1.88e+19
2.48e+19
2.448e+19
2.416e+19
2.152e+19
2.056e+19
2.088e+19
2.184e+19
2.272e+19
2.112e+19
1.928e+19
2.144e+19
2.32e+19
2.368e+19
2.248e+19
2.2e+19
2.216e+19
2.168e+19
2.272e+19
2.464e+19
2.52e+19
1.96e+19
1.952e+19
1.976e+19
2.08e+19
2.16e+19
2.248e+19
1.96e+19
2.024e+19
2.088e+19
2.296e+19
2.176e+19
2.144e+19
2.136e+19
2.344e+19
2.528e+19
2.616e+19
2.504e+19
2.224e+19
2.112e+19
2.056e+19
2.248e+19
2.328e+19
2.048e+19
2.152e+19
2.28e+19
2.208e+19
2.36e+19
2.336e+19
2.392e+19
2.44e+19
2.464e+19
2.592e+19
2.456e+19
2.328e+19
2.04e+19
2.12e+19
2.008e+19
1.96e+19
2.248e+19
2.24e+19
2.32e+19
2.176e+19
2.248e+19
2.256e+19
2.488e+19
2.392e+19
2.272e+19
2.152e+19
2.064e+19
2.16e+19
2.416e+19
2.296e+19
2.368e+19
2.224e+19
2.176e+19
2.424e+19
2.472e+19
2.544e+19
2.432e+19
2.28e+19
2.344e+19
2.344e+19
2.392e+19
2.392e+19
2.272e+19
2.392e+19
2.248e+19
2.368e+19
2.424e+19
2.384e+19
2.376e+19
2.312e+19
2.528e+19
2.44e+19
2.28e+19
1.984e+19
2.128e+19
2.16e+19
2.272e+19
2.624e+19
2.192e+19
1.96e+19
1.896e+19
1.968e+19
2.088e+19
2.248e+19
2.192e+19
2.136e+19
2.232e+19
2.208e+19
2.304e+19
2.416e+19
2.32e+19
2.544e+19
2.544e+19
2.464e+19
2.16e+19
1.904e+19
2.024e+19
2.144e+19
2.16e+19
2.248e+19
2.176e+19
2.216e+19
2.392e+19
2.464e+19
2.328e+19
2.048e+19
1.864e+19
2.056e+19
2.12e+19
2.44e+19
2.616e+19
2.376e+19
2.36e+19
2.456e+19
2.688e+19
2.392e+19
2.272e+19
2.008e+19
2.2e+19
2.12e+19
2.072e+19
2.344e+19
2.016e+19
2.328e+19
2.568e+19
2.768e+19
2.768e+19
2.768e+19
2.472e+19
2.312e+19
2.24e+19
2.408e+19
2.288e+19
2.152e+19
2.136e+19
2.24e+19
2.312e+19
2.264e+19
2.248e+19
2.272e+19
2.152e+19
2.04e+19
2.168e+19
2.296e+19
2.176e+19
2.232e+19
2.128e+19
2.248e+19
2.04e+19
2.072e+19
2.056e+19
1.968e+19
2.2e+19
2.176e+19
2.176e+19
2.432e+19
2.368e+19
2.368e+19
2.104e+19
1.888e+19
1.888e+19
2.064e+19
2.232e+19
2.344e+19
2.312e+19
2.36e+19
2.264e+19
2.112e+19
2.048e+19
2.128e+19
2.304e+19
2.2e+19
2.256e+19
2.408e+19
2.312e+19
2.136e+19
2.368e+19
2.28e+19
1.92e+19
1.904e+19
1.888e+19
1.944e+19
1.704e+19
1.704e+19
1.808e+19
2.032e+19
2.112e+19
2.168e+19
2.144e+19
2.16e+19
2.072e+19
2.144e+19
1.936e+19
2.024e+19
1.984e+19
2.032e+19
2.168e+19
1.952e+19
2.472e+19
2.256e+19
2.36e+19
2.256e+19
2.448e+19
2.184e+19
2.152e+19
2.144e+19
2.12e+19
2.368e+19
2.328e+19
2.32e+19
2.432e+19
2.432e+19
2.272e+19
2.232e+19
2.24e+19
2.24e+19
2.128e+19
2.176e+19
2.128e+19
2.112e+19
2.144e+19
2.112e+19
2.224e+19
2.136e+19
2.256e+19
2.112e+19
1.944e+19
1.704e+19
1.6e+19
1.904e+19
2.024e+19
2.048e+19
2.104e+19
2.072e+19
2.128e+19
2.192e+19
1.904e+19
2.064e+19
2.048e+19
2.232e+19
2.328e+19
2.168e+19
2.248e+19
2.056e+19
1.992e+19
2.248e+19
2.28e+19
2.448e+19
2.464e+19
2.208e+19
2.104e+19
2.008e+19
1.856e+19
1.936e+19
1.824e+19
1.864e+19
1.968e+19
2.016e+19
2.448e+19
2.432e+19
2.424e+19
2.52e+19
2.256e+19
2.224e+19
2.344e+19
2.352e+19
2.52e+19
2.4e+19
2.44e+19
2.616e+19
2.752e+19
2.736e+19
2.72e+19
2.776e+19
2.712e+19
2.816e+19
2.616e+19
2.472e+19
2.48e+19
2.568e+19
2.512e+19
2.608e+19
2.704e+19
2.896e+19
2.672e+19
2.632e+19
2.208e+19
2.344e+19
2.392e+19
2.656e+19
2.512e+19
2.48e+19
2.432e+19
2.392e+19
2.496e+19
2.576e+19
2.584e+19
2.584e+19
2.544e+19
2.784e+19
2.728e+19
2.752e+19
2.688e+19
2.576e+19
2.736e+19
2.608e+19
2.448e+19
2.576e+19
2.368e+19
2.328e+19
2.192e+19
2.192e+19
2.36e+19
2.16e+19
2.12e+19
2.2e+19
2.44e+19
2.664e+19
2.48e+19
2.464e+19
2.488e+19
2.4e+19
2.032e+19
1.824e+19
2e+19
2.208e+19
2.296e+19
2.168e+19
2.128e+19
2.168e+19
2.224e+19
2.32e+19
2.376e+19
2.664e+19
2.712e+19
2.688e+19
2.464e+19
2.336e+19
2.192e+19
2.272e+19
2.152e+19
2.016e+19
2.336e+19
2.648e+19
2.632e+19
2.544e+19
2.528e+19
2.528e+19
2.456e+19
2.464e+19
2.424e+19
2.064e+19
1.96e+19
1.936e+19
1.888e+19
2.032e+19
2.176e+19
2.288e+19
2.304e+19
2.384e+19
2.448e+19
2.408e+19
2.336e+19
2.416e+19
2.328e+19
2.336e+19
2.288e+19
2.184e+19
2.128e+19
2.112e+19
2.128e+19
2.152e+19
2.264e+19
2.176e+19
2.128e+19
2.36e+19
2.272e+19
2.208e+19
2.2e+19
2.376e+19
2.376e+19
2.384e+19
2.408e+19
2.176e+19
2.24e+19
2.176e+19
2.024e+19
2.24e+19
2.312e+19
2.184e+19
2.296e+19
2.352e+19
2.352e+19
2.432e+19
2.256e+19
2.144e+19
2.024e+19
2.016e+19
2.496e+19
2.568e+19
2.416e+19
2.216e+19
2.176e+19
2.152e+19
2.368e+19
2.688e+19
2.688e+19
2.744e+19
2.624e+19
2.448e+19
2.256e+19
2.056e+19
2.128e+19
2.504e+19
2.64e+19
2.824e+19
2.72e+19
2.568e+19
2.256e+19
2.376e+19
2.512e+19
2.552e+19
2.44e+19
2.512e+19
2.424e+19
2.28e+19
2.168e+19
2.072e+19
2.12e+19
2.16e+19
2.368e+19
2.376e+19
2.176e+19
2.152e+19
2.072e+19
1.992e+19
2.08e+19
2.24e+19
2.656e+19
2.584e+19
2.456e+19
2.344e+19
2.632e+19
2.456e+19
2.24e+19
2.184e+19
2.408e+19
2.632e+19
2.608e+19
2.568e+19
2.128e+19
2.312e+19
2.624e+19
2.376e+19
2.488e+19
2.352e+19
2.48e+19
2.648e+19
1.968e+19
1.968e+19
2.064e+19
2.384e+19
2.12e+19
2.016e+19
2.184e+19
2.04e+19
2.04e+19
2.072e+19
2.224e+19
2.384e+19
2.528e+19
2.544e+19
2.432e+19
2.608e+19
2.392e+19
2.208e+19
1.96e+19
2.056e+19
2.304e+19
2.44e+19
2.68e+19
2.512e+19
2.544e+19
2.208e+19
2.328e+19
2.512e+19
2.544e+19
2.552e+19
2.408e+19
2.24e+19
2.16e+19
2.376e+19
2.232e+19
2.12e+19
2.28e+19
2.256e+19
2.216e+19
2.32e+19
2.216e+19
2.032e+19
1.952e+19
1.88e+19
2.088e+19
2.2e+19
2.408e+19
2.368e+19
2.192e+19
2.064e+19
2.304e+19
2.432e+19
2.376e+19
2.472e+19
2.552e+19
2.368e+19
2.136e+19
2.208e+19
2.12e+19
2.32e+19
1.84e+19
1.84e+19
2.056e+19
2.088e+19
2.12e+19
2.144e+19
2.144e+19
2.128e+19
2.264e+19
2.384e+19
2.352e+19
2.312e+19
2.344e+19
2.256e+19
2.264e+19
2.248e+19
2.32e+19
2.24e+19
2.2e+19
1.952e+19
2.104e+19
2.216e+19
2.336e+19
2.496e+19
2.408e+19
2.336e+19
2.328e+19
2.24e+19
2.256e+19
2.32e+19
2.168e+19
2.152e+19
2.096e+19
2.152e+19
2.04e+19
1.92e+19
1.928e+19
2.096e+19
2.344e+19
2.128e+19
2.192e+19
2.056e+19
1.856e+19
1.968e+19
1.944e+19
2.064e+19
2e+19
2.072e+19
1.96e+19
1.984e+19
2.104e+19
2.32e+19
2.088e+19
2.152e+19
2.312e+19
2.28e+19
2.168e+19
2.04e+19
2.048e+19
2.288e+19
2.504e+19
2.408e+19
2.104e+19
2.144e+19
2.424e+19
2.408e+19
2.272e+19
2.272e+19
2.144e+19
2.152e+19
1.992e+19
1.992e+19
1.952e+19
1.944e+19
1.848e+19
2.032e+19
2.056e+19
2.032e+19
2.176e+19
2.408e+19
2.176e+19
2.256e+19
2.32e+19
2.08e+19
2.152e+19
2.144e+19
2.272e+19
2.296e+19
2.28e+19
2.448e+19
2.456e+19
2.408e+19
2.488e+19
2.312e+19
2.328e+19
2.152e+19
2.272e+19
2.112e+19
2.12e+19
2.136e+19
2.16e+19
2.24e+19
2.2e+19
2.024e+19
2.056e+19
2.056e+19
1.992e+19
2.264e+19
2.184e+19
2.136e+19
2.128e+19
2.112e+19
2.08e+19
2.176e+19
2.288e+19
2.336e+19
2.56e+19
2.488e+19
2.368e+19
2.272e+19
2.272e+19
2.216e+19
2.072e+19
2.264e+19
2.376e+19
2.24e+19
2.264e+19
2.456e+19
2.288e+19
2.568e+19
2.48e+19
2.336e+19
2.312e+19
2.056e+19
1.968e+19
2.008e+19
2.168e+19
2.248e+19
2.28e+19
2.368e+19
2.248e+19
2.288e+19
2.384e+19
2.376e+19
2.368e+19
2.248e+19
2.264e+19
2.072e+19
2.216e+19
2e+19
2.056e+19
2.088e+19
2e+19
2.312e+19
2.192e+19
2.088e+19
1.992e+19
1.832e+19
1.832e+19
1.992e+19
2.272e+19
2.288e+19
2.56e+19
2.464e+19
2.448e+19
2.504e+19
2.336e+19
2.28e+19
2.136e+19
2.24e+19
2.056e+19
2.272e+19
2.328e+19
2.008e+19
2.064e+19
2.168e+19
2.296e+19
2.24e+19
2.352e+19
2.312e+19
2.36e+19
2.432e+19
2.568e+19
2.712e+19
2.472e+19
2.392e+19
2.152e+19
2.128e+19
2.128e+19
2.312e+19
2.416e+19
2.288e+19
2.36e+19
2.312e+19
2.376e+19
2.24e+19
2.12e+19
2.184e+19
2.344e+19
2.112e+19
2.336e+19
2.232e+19
2.104e+19
1.864e+19
2.224e+19
2.12e+19
2.064e+19
2.208e+19
2.208e+19
2.048e+19
2.128e+19
2.368e+19
2.376e+19
2.36e+19
2.424e+19
2.264e+19
2.304e+19
2.368e+19
2.472e+19
2.432e+19
2.104e+19
2.112e+19
2.16e+19
2.512e+19
2.528e+19
2.56e+19
2.44e+19
2.432e+19
2.248e+19
2.4e+19
2.44e+19
2.568e+19
2.488e+19
2.552e+19
2.6e+19
2.472e+19
2.48e+19
2.456e+19
2.4e+19
2.152e+19
2.496e+19
2.36e+19
2.448e+19
2.712e+19
2.704e+19
2.568e+19
2.576e+19
2.536e+19
2.368e+19
2.344e+19
2.288e+19
2.208e+19
2.432e+19
2.328e+19
2.256e+19
2.52e+19
2.312e+19
2.296e+19
2.288e+19
2.304e+19
2.592e+19
2.68e+19
2.448e+19
2.368e+19
2.584e+19
2.536e+19
2.712e+19
2.632e+19
2.496e+19
2.272e+19
2.088e+19
1.864e+19
1.92e+19
1.888e+19
1.848e+19
1.848e+19
2.08e+19
2.224e+19
2.448e+19
2.312e+19
2.56e+19
2.336e+19
2.304e+19
2.264e+19
2.272e+19
2.536e+19
2.4e+19
2.192e+19
2.224e+19
2.032e+19
2.16e+19
1.992e+19
2.04e+19
2.168e+19
2.192e+19
2.208e+19
2.208e+19
2.28e+19
2.328e+19
2.632e+19
1.864e+19
2.152e+19
2.168e+19
2.168e+19
2.12e+19
2.216e+19
1.872e+19
1.904e+19
2.016e+19
2.08e+19
2.248e+19
2.36e+19
2.144e+19
2.232e+19
2.168e+19
2.096e+19
2.296e+19
2.224e+19
2.008e+19
1.88e+19
2.152e+19
2.208e+19
2.368e+19
2.424e+19
2.552e+19
2.632e+19
2.496e+19
2.496e+19
2.408e+19
2.216e+19
1.944e+19
1.872e+19
2e+19
1.992e+19
2.12e+19
2.136e+19
2.136e+19
2.112e+19
2.024e+19
2.016e+19
2.216e+19
2.4e+19
2.224e+19
2.128e+19
2.368e+19
2.264e+19
2.024e+19
1.96e+19
2.024e+19
1.872e+19
1.768e+19
1.872e+19
1.896e+19
2.016e+19
2.072e+19
2.296e+19
2.136e+19
1.904e+19
1.96e+19
2e+19
2.016e+19
1.864e+19
1.744e+19
1.656e+19
1.776e+19
1.792e+19
1.864e+19
2.032e+19
1.968e+19
2.384e+19
2.312e+19
2.152e+19
2.016e+19
2.128e+19
1.92e+19
1.864e+19
1.936e+19
2.072e+19
2.024e+19
2.12e+19
2e+19
2.032e+19
2.152e+19
2.208e+19
2.096e+19
2.136e+19
2.168e+19
2.072e+19
2.056e+19
1.936e+19
1.8e+19
1.8e+19
1.76e+19
1.92e+19
2.104e+19
2.152e+19
2.096e+19
1.96e+19
1.88e+19
1.912e+19
2.296e+19
2.048e+19
2.272e+19
2.272e+19
2.32e+19
2.24e+19
1.952e+19
1.96e+19
2.104e+19
2.048e+19
2.136e+19
2.104e+19
2.344e+19
2.144e+19
2.272e+19
2.248e+19
2.344e+19
2.216e+19
2.424e+19
2.408e+19
2.448e+19
2.536e+19
2.4e+19
2.376e+19
2.36e+19
2.368e+19
2.376e+19
2.424e+19
2.352e+19
2.272e+19
2.128e+19
2.192e+19
2.168e+19
2.24e+19
2.384e+19
2.36e+19
2.352e+19
2.432e+19
2.256e+19
2.416e+19
2.192e+19
2.016e+19
2.096e+19
2e+19
2e+19
1.856e+19
1.8e+19
1.76e+19
1.896e+19
1.808e+19
1.856e+19
1.976e+19
2.016e+19
2.192e+19
2.16e+19
2.408e+19
2.136e+19
2.184e+19
2.272e+19
2.312e+19
1.968e+19
1.944e+19
1.992e+19
1.792e+19
1.768e+19
2.168e+19
2.184e+19
2.168e+19
2.12e+19
2.144e+19
2.176e+19
2.072e+19
2.08e+19
2.032e+19
2.04e+19
2e+19
1.936e+19
2.008e+19
2.016e+19
2.032e+19
2.44e+19
2.504e+19
2.48e+19
2.472e+19
2.456e+19
2.248e+19
2.12e+19
2.144e+19
2.376e+19
2.352e+19
2.472e+19
2.048e+19
1.944e+19
1.88e+19
1.856e+19
2.208e+19
2.192e+19
2.104e+19
2.024e+19
2.072e+19
2.496e+19
2.464e+19
2.544e+19
2.504e+19
2.424e+19
2.296e+19
2.52e+19
2.48e+19
2.368e+19
2.168e+19
1.936e+19
2.168e+19
2.184e+19
2.136e+19
2.064e+19
2.192e+19
2.288e+19
2.36e+19
2.224e+19
2.432e+19
2.328e+19
2.496e+19
2.52e+19
2.592e+19
2.608e+19
2.624e+19
2.608e+19
2.76e+19
2.504e+19
2.736e+19
2.6e+19
2.464e+19
2.368e+19
2.248e+19
2.28e+19
2.344e+19
2.192e+19
2.048e+19
2.024e+19
2.104e+19
2.376e+19
2.504e+19
2.288e+19
2.176e+19
2.304e+19
2.376e+19
2.4e+19
2.504e+19
2.448e+19
2.328e+19
2.248e+19
2.48e+19
2.464e+19
2.584e+19
2.424e+19
2.2e+19
2.056e+19
2.24e+19
2.136e+19
2.368e+19
2.336e+19
2.32e+19
2.336e+19
2.28e+19
2.288e+19
2.424e+19
2.424e+19
2.44e+19
2.464e+19
2.648e+19
2.904e+19
2.752e+19
2.28e+19
1.976e+19
2.064e+19
2.16e+19
2.304e+19
2.32e+19
2.304e+19
2.352e+19
2.272e+19
2.488e+19
2.416e+19
2.392e+19
2.488e+19
2.592e+19
2.424e+19
2.304e+19
2.392e+19
2.464e+19
2.432e+19
2.312e+19
2.664e+19
2.704e+19
2.424e+19
2.384e+19
2.536e+19
2.632e+19
2.528e+19
2.48e+19
2.2e+19
2.272e+19
2.368e+19
2.152e+19
1.92e+19
1.784e+19
1.744e+19
1.784e+19
2.152e+19
2.08e+19
2.216e+19
2.248e+19
2.256e+19
2.344e+19
2.44e+19
2.632e+19
2.376e+19
2.304e+19
2.296e+19
2.248e+19
2.336e+19
2.352e+19
2.24e+19
2.264e+19
2.144e+19
2.176e+19
2.112e+19
2.304e+19
2.144e+19
2.536e+19
2.256e+19
2.288e+19
2.304e+19
2.232e+19
2.08e+19
2.008e+19
1.928e+19
2.16e+19
2.208e+19
2.248e+19
2.08e+19
2.128e+19
1.952e+19
2.032e+19
1.784e+19
1.664e+19
1.816e+19
2.016e+19
2.272e+19
2.56e+19
2.384e+19
2.504e+19
2.48e+19
2.584e+19
2.608e+19
2.52e+19
2.336e+19
2.272e+19
2.256e+19
2.256e+19
2.52e+19
2.456e+19
2.448e+19
2.368e+19
2.456e+19
2.56e+19
2.48e+19
2.432e+19
2.48e+19
2.232e+19
1.968e+19
2.088e+19
2.072e+19
2.416e+19
2.456e+19
2.472e+19
2.68e+19
2.68e+19
2.6e+19
2.64e+19
2.016e+19
2.184e+19
2.08e+19
2.12e+19
2.304e+19
2.32e+19
2.488e+19
2.24e+19
2.288e+19
2.264e+19
2.248e+19
2.64e+19
2.4e+19
2.032e+19
2.16e+19
2.192e+19
2.416e+19
2.28e+19
2.24e+19
2.16e+19
2.192e+19
2.376e+19
2.416e+19
2.416e+19
2.448e+19
2.24e+19
2.456e+19
2.552e+19
2.216e+19
2.16e+19
2.192e+19
2.056e+19
2.176e+19
2.2e+19
2.072e+19
2.12e+19
2.104e+19
1.976e+19
2.12e+19
2.2e+19
2.016e+19
1.984e+19
2.136e+19
2.352e+19
2.392e+19
2.328e+19
2.144e+19
2.144e+19
2.152e+19
2.192e+19
2.12e+19
2.248e+19
2.024e+19
1.88e+19
2.08e+19
1.816e+19
1.872e+19
1.912e+19
1.936e+19
2.008e+19
1.92e+19
1.944e+19
1.816e+19
1.944e+19
1.928e+19
2.168e+19
2.184e+19
2.232e+19
2.264e+19
2.104e+19
2.152e+19
2.08e+19
1.992e+19
2.248e+19
2.096e+19
2.264e+19
2.296e+19
2.176e+19
2.312e+19
2.192e+19
2.336e+19
2.312e+19
2.392e+19
2.304e+19
2.264e+19
1.864e+19
1.736e+19
1.872e+19
2.144e+19
2.24e+19
2.464e+19
2.352e+19
2.392e+19
2.24e+19
2.12e+19
1.944e+19
2.192e+19
2.008e+19
2.112e+19
2.136e+19
1.816e+19
2.032e+19
2.048e+19
2.152e+19
2.136e+19
2.216e+19
2.184e+19
2.376e+19
2.28e+19
2.224e+19
2e+19
2.184e+19
2.216e+19
2.2e+19
2.336e+19
2.232e+19
2.272e+19
2.32e+19
2.208e+19
2.088e+19
2.2e+19
2.128e+19
2.048e+19
1.848e+19
2.168e+19
2.304e+19
2.368e+19
2.2e+19
2.336e+19
2.288e+19
2.504e+19
2.288e+19
2.512e+19
2.312e+19
2.256e+19
2.24e+19
2.104e+19
2.04e+19
2.056e+19
2.088e+19
2.144e+19
2.112e+19
2.12e+19
2.136e+19
2.056e+19
2.152e+19
2.416e+19
2.288e+19
2.528e+19
2.352e+19
2.56e+19
2.472e+19
2.44e+19
2.432e+19
2.328e+19
2.208e+19
2.088e+19
2.168e+19
2.384e+19
2.264e+19
2.064e+19
2.024e+19
2.16e+19
2.392e+19
2.432e+19
2.376e+19
2.168e+19
2.104e+19
2.064e+19
1.904e+19
2.072e+19
2.312e+19
2.376e+19
2.36e+19
2.376e+19
2.328e+19
2.28e+19
2.2e+19
2.064e+19
2.096e+19
2e+19
1.88e+19
1.896e+19
1.824e+19
1.968e+19
1.904e+19
2.008e+19
2.096e+19
2.376e+19
2.44e+19
2.4e+19
2.384e+19
2.416e+19
2.624e+19
2.56e+19
2.64e+19
2.672e+19
2.704e+19
2.568e+19
2.312e+19
2.024e+19
2.136e+19
2.16e+19
2.12e+19
2.144e+19
2.28e+19
2.44e+19
2.584e+19
2.744e+19
2.736e+19
2.6e+19
2.528e+19
2.4e+19
2.472e+19
2.752e+19
2.6e+19
2.592e+19
2.512e+19
2.504e+19
2.392e+19
2.92e+19
2.728e+19
2.632e+19
2.648e+19
2.512e+19
2.504e+19
2.488e+19
2.6e+19
2.432e+19
2.344e+19
2.224e+19
2.312e+19
2.504e+19
2.648e+19
2.608e+19
2.544e+19
2.736e+19
2.512e+19
2.464e+19
2.608e+19
1.848e+19
1.728e+19
1.944e+19
2.048e+19
2.28e+19
2.384e+19
2.4e+19
2.376e+19
2.624e+19
2.456e+19
2.152e+19
2.392e+19
2.224e+19
2.12e+19
2.072e+19
2.2e+19
2.176e+19
2.368e+19
2.448e+19
2.216e+19
2.168e+19
1.864e+19
1.976e+19
2.192e+19
2.584e+19
2.352e+19
2.432e+19
2.216e+19
1.992e+19
1.848e+19
2.184e+19
2.008e+19
1.992e+19
2.096e+19
2.256e+19
2.272e+19
2.016e+19
1.928e+19
1.976e+19
1.936e+19
2.424e+19
2.52e+19
2.4e+19
2.136e+19
2.136e+19
1.976e+19
1.808e+19
1.888e+19
1.896e+19
2.008e+19
2.2e+19
2.168e+19
2.232e+19
2.184e+19
2.112e+19
2.256e+19
2.344e+19
2.488e+19
2.448e+19
2.536e+19
2.16e+19
2.2e+19
2.184e+19
2.2e+19
2.104e+19
2.072e+19
1.824e+19
1.728e+19
1.864e+19
1.88e+19
1.848e+19
2.048e+19
2.072e+19
2.224e+19
1.952e+19
2.192e+19
2.096e+19
2.12e+19
2.24e+19
2.176e+19
2.52e+19
2.488e+19
2.536e+19
2.392e+19
2.264e+19
2.408e+19
2.256e+19
2.36e+19
2.44e+19
2.312e+19
2.248e+19
2.192e+19
2.24e+19
2.176e+19
2.176e+19
2.168e+19
2.152e+19
2.152e+19
2.152e+19
2.416e+19
2.24e+19
2.264e+19
2.32e+19
2.272e+19
2.184e+19
2.344e+19
2.48e+19
2.136e+19
2.056e+19
1.96e+19
2.016e+19
1.88e+19
1.992e+19
2.072e+19
2.064e+19
2.168e+19
2.048e+19
1.992e+19
2.136e+19
2.168e+19
2.072e+19
2.096e+19
2.088e+19
1.984e+19
1.864e+19
1.712e+19
1.752e+19
1.816e+19
1.792e+19
1.688e+19
1.92e+19
2.112e+19
2.056e+19
2.048e+19
2.08e+19
1.88e+19
2.112e+19
2.04e+19
2.176e+19
2.248e+19
2.224e+19
2.056e+19
2e+19
1.96e+19
2.04e+19
1.936e+19
2.256e+19
2.168e+19
2.12e+19
2.088e+19
2.224e+19
2.296e+19
2.44e+19
2.592e+19
2.672e+19
2.584e+19
2.672e+19
2.696e+19
2.68e+19
2.216e+19
2.24e+19
2.192e+19
2.232e+19
2.352e+19
2.248e+19
2.2e+19
2.24e+19
2.248e+19
2.264e+19
2.208e+19
2.16e+19
2.144e+19
2.336e+19
2.32e+19
2.328e+19
2.496e+19
2.08e+19
2.128e+19
2.08e+19
2.048e+19
2.344e+19
2.448e+19
2.352e+19
2.144e+19
2.216e+19
2.224e+19
2.224e+19
2.12e+19
2.016e+19
1.936e+19
2.248e+19
2.152e+19
1.784e+19
1.76e+19
1.672e+19
1.696e+19
1.76e+19
1.88e+19
1.976e+19
2.176e+19
2.44e+19
2.384e+19
2.224e+19
1.992e+19
1.856e+19
1.968e+19
2.056e+19
2.064e+19
2.104e+19
2.192e+19
2.224e+19
2.064e+19
2.336e+19
2.328e+19
2.32e+19
2.32e+19
2.416e+19
2.264e+19
2.456e+19
2.488e+19
2.504e+19
2.448e+19
2.344e+19
2.2e+19
2.272e+19
2.072e+19
2e+19
2.112e+19
2.168e+19
2.376e+19
2.304e+19
2.32e+19
2.32e+19
2.4e+19
2.432e+19
2.632e+19
2.72e+19
2.624e+19
2.376e+19
2.608e+19
2.464e+19
2.568e+19
2.392e+19
2.672e+19
2.6e+19
2.576e+19
2.6e+19
2.552e+19
2.696e+19
2.616e+19
2.536e+19
2.272e+19
2.16e+19
2.264e+19
2.328e+19
2.176e+19
2.288e+19
2.432e+19
2.384e+19
2.424e+19
2.472e+19
2.592e+19
2.352e+19
2.384e+19
2.328e+19
2.432e+19
2.432e+19
2.304e+19
1.944e+19
2.048e+19
2.272e+19
2.288e+19
2.8e+19
2.848e+19
2.728e+19
2.528e+19
2.472e+19
2.416e+19
2.216e+19
2.32e+19
2.28e+19
2.128e+19
2.376e+19
2.28e+19
2.432e+19
2.288e+19
2.136e+19
2.072e+19
2.128e+19
2.288e+19
2.264e+19
2.344e+19
2.288e+19
2.368e+19
2.416e+19
2.504e+19
2.504e+19
2.304e+19
2.2e+19
2.256e+19
2.16e+19
2.36e+19
2.512e+19
2.2e+19
2.168e+19
2.016e+19
2.08e+19
1.96e+19
2.128e+19
2.064e+19
2.28e+19
2.32e+19
2.368e+19
2.6e+19
2.44e+19
2.44e+19
2.192e+19
2.184e+19
2.08e+19
2.152e+19
2.008e+19
1.984e+19
2.152e+19
2.496e+19
2.344e+19
2.624e+19
2.592e+19
2.32e+19
2.16e+19
2.24e+19
2.232e+19
2.144e+19
2.152e+19
1.888e+19
1.696e+19
1.608e+19
1.896e+19
2.008e+19
2.064e+19
1.896e+19
2.36e+19
2.288e+19
2.152e+19
2e+19
2.232e+19
2.104e+19
2.232e+19
2.392e+19
2.52e+19
2.304e+19
2.44e+19
2.216e+19
2.176e+19
2.216e+19
2.264e+19
2.072e+19
2.144e+19
2.016e+19
1.896e+19
2.168e+19
2.032e+19
2e+19
2.16e+19
2.368e+19
2.408e+19
2.448e+19
2.68e+19
2.584e+19
2.552e+19
2.528e+19
2.328e+19
2.288e+19
2.16e+19
2.272e+19
2.408e+19
2.56e+19
2.464e+19
2.408e+19
2.328e+19
2.144e+19
2.008e+19
1.96e+19
2.24e+19
2.12e+19
2.112e+19
2.12e+19
1.96e+19
2.08e+19
2.312e+19
2.368e+19
2.36e+19
2.152e+19
1.928e+19
2.16e+19
2.336e+19
2.376e+19
2.432e+19
2.328e+19
2.208e+19
1.992e+19
2.024e+19
2.072e+19
1.992e+19
2.184e+19
2.248e+19
2.36e+19
2.528e+19
2.448e+19
2.368e+19
2.448e+19
2.6e+19
2.488e+19
2.472e+19
2.256e+19
2.248e+19
2.384e+19
2.24e+19
2.232e+19
2.392e+19
2.232e+19
2.184e+19
2.2e+19
2.088e+19
2.232e+19
2.216e+19
2.256e+19
2.008e+19
1.976e+19
2.24e+19
2.2e+19
2.12e+19
2.224e+19
2.64e+19
2.432e+19
2.264e+19
2.24e+19
2.52e+19
2.432e+19
2.44e+19
2.336e+19
2.264e+19
2.432e+19
2.184e+19
1.952e+19
1.864e+19
1.768e+19
1.888e+19
1.912e+19
1.968e+19
2.224e+19
2.184e+19
2.216e+19
2.376e+19
2.32e+19
2.344e+19
2.576e+19
2.44e+19
2.296e+19
2.344e+19
2.248e+19
2.64e+19
2.528e+19
2.52e+19
2.632e+19
2.76e+19
2.608e+19
2.696e+19
2.624e+19
2.44e+19
2.36e+19
2.192e+19
2.032e+19
2.248e+19
2.168e+19
2.328e+19
2.248e+19
2.208e+19
2.2e+19
2.216e+19
2.464e+19
2.424e+19
2.504e+19
2.616e+19
2.552e+19
2.288e+19
2.32e+19
2.44e+19
2.52e+19
2.704e+19
2.72e+19
2.496e+19
2.256e+19
2.024e+19
2.256e+19
2.536e+19
2.472e+19
2.392e+19
2.632e+19
2.52e+19
2.568e+19
2.184e+19
2.064e+19
2.104e+19
2.336e+19
2.184e+19
2.176e+19
2.352e+19
2.304e+19
2.176e+19
1.984e+19
2.096e+19
2.376e+19
2.424e+19
2.44e+19
2.416e+19
2.32e+19
2.28e+19
2.28e+19
2.4e+19
2.312e+19
1.896e+19
1.944e+19
2.056e+19
2.2e+19
2.04e+19
2.024e+19
2.064e+19
2.184e+19
2.16e+19
2.128e+19
2.048e+19
2.024e+19
2.2e+19
2.216e+19
2.176e+19
2.264e+19
2.16e+19
2.104e+19
2.08e+19
1.968e+19
2.256e+19
2.272e+19
2.232e+19
2.256e+19
2.376e+19
2.368e+19
2.352e+19
2.184e+19
2.216e+19
2.128e+19
2.08e+19
2.224e+19
2.064e+19
2.112e+19
2.176e+19
2.232e+19
2.136e+19
2.216e+19
2.28e+19
2.144e+19
2.424e+19
2.568e+19
2.496e+19
2.328e+19
2.112e+19
2.152e+19
2.256e+19
2.192e+19
2.144e+19
2.344e+19
2.208e+19
2.28e+19
2.248e+19
2.136e+19
2.024e+19
2.216e+19
2.336e+19
2.424e+19
2.616e+19
2.36e+19
2.296e+19
2.072e+19
2.192e+19
2.344e+19
2.4e+19
2.456e+19
2.448e+19
2.464e+19
2.568e+19
2.16e+19
2.184e+19
2.208e+19
2.336e+19
2.312e+19
2.304e+19
2.552e+19
2.72e+19
2.576e+19
2.472e+19
2.576e+19
2.312e+19
2.272e+19
2.32e+19
2.16e+19
2.112e+19
2.024e+19
2e+19
2.048e+19
2.296e+19
2.456e+19
2.432e+19
2.448e+19
2.272e+19
2.336e+19
2.184e+19
1.968e+19
2.08e+19
2.168e+19
2.224e+19
2.08e+19
2.136e+19
2.24e+19
2.008e+19
2.152e+19
2.216e+19
2.392e+19
2.312e+19
2.248e+19
2.056e+19
2.048e+19
2.224e+19
2.184e+19
2.336e+19
2.168e+19
2.144e+19
2.088e+19
2.408e+19
2.368e+19
2.432e+19
2.336e+19
1.936e+19
2.024e+19
2.096e+19
2.024e+19
1.776e+19
1.824e+19
1.912e+19
1.928e+19
2.12e+19
2.256e+19
2.112e+19
2.248e+19
2.496e+19
2.536e+19
2.496e+19
2.448e+19
2.256e+19
1.96e+19
1.832e+19
1.92e+19
2.256e+19
2.544e+19
2.576e+19
2.648e+19
2.504e+19
2.616e+19
2.464e+19
2.56e+19
2.368e+19
2.352e+19
2.384e+19
2.328e+19
2.16e+19
2.072e+19
2.024e+19
1.872e+19
2.112e+19
2.096e+19
2.2e+19
2.256e+19
2.224e+19
2.152e+19
2.136e+19
2.024e+19
2.16e+19
2.264e+19
2.544e+19
2.512e+19
2.432e+19
2.328e+19
2.352e+19
2.568e+19
2.808e+19
2.696e+19
2.352e+19
2.04e+19
2.088e+19
2.008e+19
2.032e+19
2.048e+19
2.232e+19
2.28e+19
2.024e+19
2.328e+19
2.448e+19
2.512e+19
2.392e+19
2.32e+19
2.136e+19
2.104e+19
2.2e+19
2.112e+19
2.24e+19
2.16e+19
2.232e+19
2.424e+19
2.36e+19
2.416e+19
2.192e+19
2.184e+19
2.32e+19
2.2e+19
2.424e+19
2.456e+19
2.416e+19
2.304e+19
2.2e+19
2.184e+19
2.04e+19
2.04e+19
2.072e+19
2.416e+19
2.504e+19
2.584e+19
2.328e+19
2.2e+19
2.216e+19
2.152e+19
2.328e+19
2.424e+19
2.456e+19
2.368e+19
2.152e+19
1.976e+19
1.856e+19
1.904e+19
1.976e+19
1.992e+19
1.92e+19
2.064e+19
2.096e+19
2.136e+19
2.168e+19
2.048e+19
2.152e+19
2.304e+19
2.384e+19
2.432e+19
2.432e+19
2.448e+19
2.064e+19
2e+19
1.96e+19
2.064e+19
2.04e+19
2.08e+19
2.184e+19
2.112e+19
1.896e+19
1.968e+19
2.224e+19
2.376e+19
2.448e+19
2.336e+19
2.544e+19
2.352e+19
2.224e+19
2.376e+19
2.256e+19
2.28e+19
1.992e+19
2.152e+19
2.088e+19
2.04e+19
1.992e+19
1.96e+19
1.896e+19
2.032e+19
2.2e+19
2.168e+19
2.232e+19
2.368e+19
2.376e+19
2.32e+19
2.168e+19
2.072e+19
2.112e+19
2.016e+19
2.008e+19
2.184e+19
2.464e+19
2.48e+19
2.68e+19
2.648e+19
2.416e+19
2.48e+19
2.024e+19
2.064e+19
2.056e+19
2.224e+19
2.272e+19
2.312e+19
2.352e+19
2.216e+19
2.4e+19
2.504e+19
2.448e+19
2.472e+19
2.504e+19
2.28e+19
2.104e+19
2.224e+19
2.128e+19
2.096e+19
2.12e+19
2.424e+19
2.632e+19
2.344e+19
2.384e+19
2.416e+19
2.432e+19
2.488e+19
2.728e+19
2.968e+19
2.752e+19
2.416e+19
2.456e+19
2.536e+19
2.344e+19
2.28e+19
1.92e+19
1.92e+19
2.056e+19
2.152e+19
2.08e+19
2.136e+19
1.832e+19
1.84e+19
2.112e+19
2.144e+19
2.176e+19
2.152e+19
2.216e+19
2.104e+19
1.92e+19
2.088e+19
2.152e+19
2.296e+19
2.176e+19
2.136e+19
2.176e+19
2.272e+19
2.416e+19
2.536e+19
2.4e+19
2.368e+19
2.28e+19
2.248e+19
2.216e+19
2.192e+19
2.36e+19
2.2e+19
2.224e+19
2.2e+19
2.28e+19
2.144e+19
1.936e+19
2.088e+19
2.168e+19
2.256e+19
2.344e+19
2.176e+19
2.096e+19
2.152e+19
2.312e+19
2.52e+19
2.648e+19
2.76e+19
2.608e+19
2.344e+19
2.168e+19
2.136e+19
2.216e+19
2.16e+19
2.096e+19
2.224e+19
2.128e+19
2.296e+19
2.216e+19
2.192e+19
2.112e+19
2.08e+19
2.024e+19
2.048e+19
2.168e+19
2.104e+19
2.16e+19
2.216e+19
2.184e+19
2.16e+19
2.296e+19
2.256e+19
2.304e+19
2.312e+19
2.296e+19
2.12e+19
2.048e+19
1.944e+19
1.928e+19
1.968e+19
2.12e+19
2.24e+19
2.272e+19
2.36e+19
2.104e+19
2.032e+19
2.152e+19
2.256e+19
2.36e+19
2.424e+19
2.496e+19
2.44e+19
2.256e+19
2.136e+19
2.152e+19
2.184e+19
2.384e+19
2.16e+19
2.12e+19
2.376e+19
2.264e+19
2.28e+19
2.056e+19
1.864e+19
1.888e+19
1.952e+19
2.192e+19
2.392e+19
2.48e+19
2.448e+19
2.224e+19
2.128e+19
2.208e+19
2.288e+19
2.344e+19
2.248e+19
2.088e+19
2.112e+19
2.352e+19
2.392e+19
2e+19
2.072e+19
2.096e+19
2.2e+19
2.376e+19
2.288e+19
2.272e+19
2.232e+19
2.104e+19
2.056e+19
2.064e+19
2.112e+19
1.944e+19
1.88e+19
1.928e+19
2.04e+19
2.008e+19
2.048e+19
1.92e+19
2.256e+19
1.856e+19
1.96e+19
2.12e+19
2.16e+19
2.36e+19
2.4e+19
2.48e+19
2.152e+19
2.328e+19
2.232e+19
2.256e+19
2.28e+19
2.392e+19
2.136e+19
2.296e+19
2.32e+19
2.224e+19
2.32e+19
2.424e+19
2.232e+19
2.544e+19
2.608e+19
2.776e+19
2.296e+19
2.096e+19
2.048e+19
2.176e+19
2.416e+19
2.424e+19
2.584e+19
2.456e+19
2.376e+19
2.104e+19
2.264e+19
2.296e+19
2.2e+19
2.04e+19
1.92e+19
2.048e+19
2.248e+19
2.384e+19
2.4e+19
2.328e+19
2.2e+19
2.232e+19
2.152e+19
2.184e+19
2.208e+19
2.176e+19
1.936e+19
1.904e+19
2.128e+19
2.064e+19
2.272e+19
2.352e+19
2.512e+19
2.408e+19
2.368e+19
2.424e+19
2.424e+19
2.2e+19
2.264e+19
2.128e+19
1.992e+19
2.048e+19
2e+19
1.96e+19
1.976e+19
2.056e+19
2.288e+19
2.256e+19
2.112e+19
2.128e+19
1.928e+19
1.96e+19
2.008e+19
2.232e+19
2.088e+19
2.24e+19
2.248e+19
2.04e+19
2.216e+19
2.32e+19
2.368e+19
2.432e+19
2.328e+19
2.328e+19
2.368e+19
2.424e+19
2.4e+19
2.216e+19
2.232e+19
2.184e+19
2.248e+19
2.184e+19
2.112e+19
2.008e+19
2.072e+19
2.008e+19
2.016e+19
2.272e+19
2.256e+19
2.2e+19
2.224e+19
2.368e+19
2.544e+19
2.376e+19
2.344e+19
2.192e+19
2.392e+19
2.24e+19
2.376e+19
2.208e+19
2.224e+19
2.384e+19
2.456e+19
2.384e+19
2.192e+19
2.112e+19
2.224e+19
1.848e+19
2.056e+19
2.472e+19
2.568e+19
2.464e+19
2.352e+19
2.72e+19
2.456e+19
2.448e+19
2.36e+19
2.28e+19
2.208e+19
2.208e+19
2.32e+19
2.128e+19
2.144e+19
2.16e+19
2.312e+19
2.208e+19
2.208e+19
2.584e+19
2.424e+19
2.248e+19
2.32e+19
2.2e+19
2.264e+19
2.208e+19
2.296e+19
2.032e+19
1.992e+19
2.16e+19
2.008e+19
1.816e+19
1.928e+19
1.984e+19
2.288e+19
2.304e+19
2.312e+19
2.312e+19
2.264e+19
2.448e+19
2.224e+19
2.072e+19
2.2e+19
2.272e+19
2.08e+19
2.008e+19
2.368e+19
2.24e+19
2.168e+19
2.072e+19
2.104e+19
2.312e+19
2.312e+19
2.576e+19
2.36e+19
2.528e+19
2.368e+19
2.392e+19
2.552e+19
2.48e+19
2.584e+19
2.384e+19
2.424e+19
2.192e+19
1.968e+19
2.04e+19
2.064e+19
1.832e+19
2.008e+19
2.112e+19
2.424e+19
2.264e+19
2.312e+19
2.376e+19
2.416e+19
2.408e+19
2.144e+19
2.152e+19
2.288e+19
2.12e+19
2.144e+19
2.088e+19
2.184e+19
1.944e+19
2.264e+19
2.232e+19
2.28e+19
2.152e+19
2.344e+19
2.304e+19
2.296e+19
2.392e+19
2.384e+19
2.432e+19
2.28e+19
2.32e+19
2.448e+19
2.304e+19
2.28e+19
2.304e+19
2.48e+19
2.632e+19
2.488e+19
2.296e+19
2.232e+19
2.312e+19
2.24e+19
2.472e+19
2.168e+19
2.288e+19
2.136e+19
2.168e+19
2.152e+19
1.968e+19
2.072e+19
2.136e+19
2.184e+19
2.272e+19
2.32e+19
1.896e+19
2.152e+19
2.136e+19
1.904e+19
2.056e+19
2.112e+19
2.16e+19
2.144e+19
2.088e+19
2.392e+19
2.24e+19
1.824e+19
1.88e+19
1.8e+19
1.888e+19
2.048e+19
1.96e+19
1.952e+19
2.104e+19
2.152e+19
2.536e+19
2.576e+19
2.568e+19
2.616e+19
2.648e+19
2.424e+19
2.288e+19
2.352e+19
2.224e+19
1.912e+19
2.032e+19
2.04e+19
2.192e+19
2.336e+19
2.384e+19
2.32e+19
2.16e+19
2.08e+19
2.216e+19
2.4e+19
2.36e+19
2.376e+19
2.4e+19
2.384e+19
2.264e+19
2.128e+19
2.104e+19
2.144e+19
1.84e+19
2.144e+19
2.28e+19
2.24e+19
2.32e+19
2.264e+19
2.192e+19
2.264e+19
2.536e+19
2.448e+19
2.448e+19
2.384e+19
2.416e+19
2.344e+19
2.368e+19
2.44e+19
2.4e+19
2.568e+19
2.528e+19
2.424e+19
2.336e+19
2.368e+19
2.104e+19
2.056e+19
2.032e+19
2.136e+19
2.336e+19
2.512e+19
2.28e+19
2.512e+19
2.432e+19
2.248e+19
2.168e+19
2.368e+19
2.08e+19
2.096e+19
2.256e+19
2e+19
2.176e+19
2.256e+19
2.312e+19
2.2e+19
2.248e+19
2.232e+19
2.096e+19
2.368e+19
2.392e+19
2.576e+19
2.576e+19
2.24e+19
2.192e+19
2.296e+19
2.072e+19
2.088e+19
2.216e+19
2.104e+19
2.216e+19
2.44e+19
2.248e+19
2.032e+19
1.984e+19
2.152e+19
2.192e+19
2.336e+19
2.408e+19
2.152e+19
1.92e+19
2e+19
2.216e+19
2.296e+19
2.088e+19
2.144e+19
2.256e+19
2.152e+19
2.2e+19
2.224e+19
2.4e+19
2.232e+19
2.312e+19
2.432e+19
2.288e+19
2.36e+19
2.144e+19
2.056e+19
2.184e+19
2.464e+19
2.52e+19
2.24e+19
2.16e+19
2.112e+19
2.24e+19
2.056e+19
2.552e+19
2.52e+19
2.344e+19
2.056e+19
2.16e+19
2.216e+19
2.336e+19
2.4e+19
2.648e+19
2.48e+19
2.6e+19
2.432e+19
2.384e+19
2.192e+19
2.224e+19
2.4e+19
2.616e+19
2.72e+19
2.504e+19
2.6e+19
2.592e+19
2.496e+19
2.472e+19
2.432e+19
2.512e+19
2.44e+19
2.736e+19
2.56e+19
2.392e+19
2.296e+19
2.352e+19
2.192e+19
2.248e+19
2.2e+19
2.248e+19
2.504e+19
2.432e+19
2.472e+19
2.328e+19
2.456e+19
2.32e+19
2.536e+19
2.768e+19
2.768e+19
2.76e+19
2.624e+19
2.336e+19
2.256e+19
2.232e+19
2.472e+19
2.512e+19
2.456e+19
2.576e+19
2.464e+19
2.408e+19
2.464e+19
2.456e+19
2.4e+19
2.448e+19
2.328e+19
2.648e+19
2.464e+19
2.128e+19
2.168e+19
2.192e+19
2.288e+19
2.304e+19
2.312e+19
2.184e+19
2.144e+19
2.28e+19
2.392e+19
2.504e+19
2.512e+19
2.56e+19
2.656e+19
2.296e+19
2.376e+19
2.48e+19
2.568e+19
2.408e+19
2.296e+19
2.288e+19
1.976e+19
1.936e+19
2.112e+19
2.088e+19
2.296e+19
2.592e+19
2.76e+19
2.6e+19
2.624e+19
2.536e+19
2.16e+19
2.168e+19
2.104e+19
2.168e+19
2.184e+19
2.264e+19
2.464e+19
2.16e+19
2.104e+19
2.352e+19
2.512e+19
2.52e+19
2.568e+19
2.664e+19
2.496e+19
2.48e+19
2.36e+19
2.44e+19
2.368e+19
2.184e+19
2.472e+19
2.416e+19
2.48e+19
2.424e+19
2.168e+19
2.176e+19
2.12e+19
2.248e+19
2.472e+19
2.632e+19
2.648e+19
2.632e+19
2.752e+19
2.384e+19
2.344e+19
2.296e+19
2.272e+19
2.264e+19
2.144e+19
2.208e+19
1.992e+19
2.144e+19
2.08e+19
2.08e+19
2.096e+19
2.408e+19
2.104e+19
2.664e+19
2.6e+19
2.24e+19
2.208e+19
2.056e+19
2.104e+19
2.192e+19
2.168e+19
2.112e+19
1.864e+19
2.072e+19
2.104e+19
2.104e+19
2.128e+19
2.096e+19
2.176e+19
2.24e+19
2.2e+19
2.256e+19
2.304e+19
2.008e+19
2.08e+19
2.216e+19
2.104e+19
2.232e+19
2.296e+19
2.224e+19
2.176e+19
1.96e+19
1.888e+19
1.936e+19
2.024e+19
2.04e+19
2.096e+19
2.312e+19
2.168e+19
2.216e+19
2.176e+19
2.128e+19
1.888e+19
2.256e+19
2.08e+19
1.88e+19
1.816e+19
1.84e+19
1.992e+19
1.92e+19
2e+19
2.12e+19
2.208e+19
2.376e+19
2.408e+19
2.528e+19
2.48e+19
2.448e+19
2.312e+19
2.184e+19
2.304e+19
2.344e+19
2.24e+19
2.04e+19
1.904e+19
2.184e+19
2.256e+19
2.128e+19
2.416e+19
2.44e+19
2.384e+19
2.256e+19
2.352e+19
2.208e+19
2.392e+19
2.408e+19
2.504e+19
2.352e+19
2.376e+19
2.32e+19
2.416e+19
2.392e+19
2.128e+19
2.208e+19
2.096e+19
2.04e+19
2.048e+19
2.168e+19
2.224e+19
2.264e+19
2.496e+19
2.456e+19
2.368e+19
2.472e+19
2.232e+19
1.96e+19
1.976e+19
1.856e+19
1.76e+19
2.112e+19
1.992e+19
2.072e+19
2.16e+19
2.176e+19
2.072e+19
1.928e+19
1.976e+19
1.928e+19
2.064e+19
2.12e+19
2.36e+19
2.272e+19
2.344e+19
2.16e+19
2.248e+19
2.368e+19
2.336e+19
2.304e+19
2.352e+19
2.272e+19
2.336e+19
2.408e+19
2.224e+19
2.264e+19
2.328e+19
2.56e+19
2.608e+19
2.496e+19
2.392e+19
2.408e+19
2.36e+19
2.216e+19
2.304e+19
2.264e+19
2.168e+19
2.296e+19
2.288e+19
2.352e+19
2.192e+19
2.176e+19
2.24e+19
2.352e+19
2.272e+19
2.256e+19
2.176e+19
2.152e+19
2.136e+19
2.264e+19
2.08e+19
1.976e+19
1.936e+19
2.056e+19
2.072e+19
2.304e+19
2.272e+19
2.208e+19
2.04e+19
2.064e+19
2.12e+19
2.248e+19
2.136e+19
2.184e+19
2.36e+19
2.344e+19
2.288e+19
2.304e+19
2.248e+19
2.112e+19
2.04e+19
2.176e+19
2.216e+19
2.208e+19
2.256e+19
2.328e+19
2.48e+19
2.336e+19
2.464e+19
2.24e+19
2.176e+19
2.184e+19
2.408e+19
2.464e+19
2.312e+19
2.208e+19
2.144e+19
2.136e+19
2.112e+19
2.184e+19
2.12e+19
2.208e+19
2.288e+19
2.192e+19
2.304e+19
2.368e+19
2.4e+19
2.536e+19
2.56e+19
2.44e+19
2.304e+19
1.896e+19
1.944e+19
2.12e+19
2.224e+19
2.088e+19
1.968e+19
2.04e+19
2.064e+19
2.072e+19
2.408e+19
2.256e+19
2.384e+19
2.344e+19
2.288e+19
2.288e+19
2.456e+19
2.504e+19
2.416e+19
2.344e+19
2.4e+19
2.72e+19
2.528e+19
2.408e+19
2.136e+19
2.64e+19
2.496e+19
2.504e+19
2.28e+19
2.184e+19
2.064e+19
1.968e+19
2e+19
2.064e+19
2.08e+19
2.296e+19
2.392e+19
2.384e+19
2.416e+19
2.528e+19
2.432e+19
2.384e+19
2.488e+19
2.552e+19
2.568e+19
2.176e+19
2.36e+19
2.36e+19
2.216e+19
2.216e+19
2.208e+19
2.224e+19
2.152e+19
2.232e+19
2.44e+19
2.248e+19
2.256e+19
2.368e+19
2.36e+19
2.408e+19
2.624e+19
2.624e+19
2.352e+19
2.4e+19
2.264e+19
2.072e+19
2.064e+19
2.168e+19
2.416e+19
2.4e+19
2.48e+19
2.384e+19
2.176e+19
2.048e+19
2.184e+19
2.216e+19
2.088e+19
2.048e+19
2.008e+19
1.888e+19
1.872e+19
1.872e+19
1.896e+19
2.112e+19
1.976e+19
2.36e+19
2.68e+19
2.528e+19
2.56e+19
2.408e+19
2.384e+19
2.48e+19
2.504e+19
2.536e+19
2.464e+19
1.88e+19
1.832e+19
1.888e+19
2.136e+19
2.056e+19
2.152e+19
2.16e+19
2.28e+19
2.24e+19
2.424e+19
2.408e+19
2.352e+19
2.192e+19
2.304e+19
2.336e+19
2.456e+19
2.424e+19
2.432e+19
2.48e+19
2.592e+19
2.432e+19
2.408e+19
2.136e+19
2.008e+19
1.84e+19
1.88e+19
2.032e+19
2.16e+19
2.016e+19
2.336e+19
2.416e+19
2.376e+19
2.432e+19
2.48e+19
2.432e+19
2.192e+19
2.288e+19
2.24e+19
2.392e+19
2.376e+19
2.096e+19
2.04e+19
2.16e+19
2.136e+19
2.136e+19
2.304e+19
2.304e+19
2.48e+19
2.512e+19
2.608e+19
2.24e+19
2.336e+19
2.464e+19
2.208e+19
2.136e+19
2.208e+19
2.208e+19
2.28e+19
2.352e+19
2.368e+19
2.288e+19
2.216e+19
2.232e+19
2.136e+19
1.984e+19
2.024e+19
1.816e+19
1.904e+19
2.152e+19
2.368e+19
2.224e+19
2.016e+19
1.808e+19
1.76e+19
1.76e+19
1.688e+19
1.88e+19
2.16e+19
2.2e+19
2.424e+19
2.392e+19
2.408e+19
2.184e+19
2.104e+19
2.376e+19
2.184e+19
2.28e+19
2.384e+19
2.28e+19
2.208e+19
2.064e+19
2.112e+19
2.168e+19
2.12e+19
1.936e+19
1.984e+19
2.144e+19
2.024e+19
2.128e+19
2.12e+19
2.016e+19
2.096e+19
2.256e+19
2.264e+19
2.456e+19
2.472e+19
2.528e+19
2.392e+19
2.224e+19
2.216e+19
2.36e+19
2.336e+19
2.392e+19
2.256e+19
2.208e+19
2.192e+19
2.128e+19
2.192e+19
2.232e+19
2.272e+19
2.384e+19
2.248e+19
2.408e+19
2.192e+19
2.16e+19
2.048e+19
1.912e+19
1.752e+19
2.096e+19
2.2e+19
2.288e+19
2.4e+19
2.4e+19
2.296e+19
2.216e+19
2.288e+19
2.352e+19
2.096e+19
2.096e+19
2.304e+19
2.296e+19
2.216e+19
2.472e+19
2.456e+19
2.216e+19
2.168e+19
2.08e+19
2.008e+19
1.952e+19
2.304e+19
2.472e+19
2.52e+19
2.456e+19
2.704e+19
2.616e+19
2.344e+19
2.344e+19
2.312e+19
2.24e+19
2.128e+19
2.336e+19
2.104e+19
2.312e+19
2.176e+19
2.12e+19
2.12e+19
2.112e+19
2.32e+19
2.272e+19
2.392e+19
2.4e+19
2.344e+19
2.368e+19
2.136e+19
2.12e+19
2.184e+19
2.224e+19
2.264e+19
2.264e+19
2.232e+19
2.152e+19
1.96e+19
2e+19
2.176e+19
2.312e+19
2.256e+19
2.256e+19
2.408e+19
2.384e+19
2.4e+19
2.264e+19
2.272e+19
2.432e+19
2.392e+19
2.312e+19
2.304e+19
2.336e+19
2.344e+19
2.152e+19
2.136e+19
1.904e+19
2.056e+19
2.296e+19
2.152e+19
2.2e+19
2.008e+19
1.968e+19
2.048e+19
2.08e+19
2.192e+19
2.288e+19
2.208e+19
2.136e+19
2.008e+19
2.12e+19
2.296e+19
2.144e+19
2.232e+19
2.472e+19
2.424e+19
2.416e+19
2.424e+19
2.232e+19
2.32e+19
2.52e+19
2.464e+19
2.432e+19
2.384e+19
2.344e+19
2.44e+19
2.208e+19
2.328e+19
2.352e+19
2.248e+19
2.28e+19
2.128e+19
2.192e+19
2.32e+19
2.272e+19
2.184e+19
2.224e+19
2.112e+19
2.176e+19
2.336e+19
2.192e+19
2.144e+19
2.136e+19
2.096e+19
1.936e+19
2.144e+19
2.624e+19
2.432e+19
2.24e+19
2.24e+19
2.272e+19
2.36e+19
2.504e+19
2.288e+19
2.288e+19
2.384e+19
2.456e+19
2.176e+19
2.368e+19
2.384e+19
2.272e+19
2.264e+19
2.344e+19
2.44e+19
2.696e+19
2.56e+19
2.32e+19
2.344e+19
2.192e+19
2.248e+19
2.096e+19
2.192e+19
2.256e+19
2.488e+19
2.456e+19
2.272e+19
2.296e+19
2.496e+19
2.384e+19
2.16e+19
2.088e+19
2.176e+19
2.28e+19
2.312e+19
2.344e+19
2.416e+19
2.296e+19
2.376e+19
2.168e+19
2.28e+19
2.36e+19
2.528e+19
2.568e+19
2.6e+19
2.504e+19
2.432e+19
2.568e+19
2.52e+19
2.624e+19
2.744e+19
2.592e+19
2.792e+19
2.608e+19
2.456e+19
2.24e+19
2.136e+19
2.24e+19
2.2e+19
2.288e+19
2.312e+19
2.312e+19
2.168e+19
2.056e+19
2.176e+19
2.336e+19
2.704e+19
2.672e+19
2.656e+19
2.712e+19
2.632e+19
2.48e+19
2.464e+19
2.384e+19
2.288e+19
2.44e+19
2.384e+19
2.792e+19
2.544e+19
2.712e+19
2.728e+19
2.536e+19
2.48e+19
2.408e+19
2.36e+19
2.144e+19
2.176e+19
2.36e+19
2.456e+19
2.384e+19
2.344e+19
2.376e+19
2.392e+19
2.536e+19
2.536e+19
2.44e+19
2.576e+19
1.688e+19
2.048e+19
2.016e+19
2.136e+19
1.88e+19
1.936e+19
1.912e+19
1.8e+19
2.008e+19
2.16e+19
2.144e+19
2.088e+19
2.184e+19
2.152e+19
2.016e+19
1.96e+19
2.064e+19
1.984e+19
1.84e+19
1.736e+19
2.128e+19
2.248e+19
2.472e+19
2.52e+19
2.336e+19
2.152e+19
2.24e+19
2.24e+19
1.976e+19
1.952e+19
1.928e+19
1.976e+19
2.184e+19
2.192e+19
2.032e+19
2.024e+19
1.992e+19
2.28e+19
2.16e+19
2.152e+19
2.192e+19
2.24e+19
2.104e+19
2.184e+19
2.416e+19
2.488e+19
2.312e+19
2.224e+19
2.144e+19
1.936e+19
2.168e+19
2.096e+19
1.952e+19
2.064e+19
2.008e+19
2.056e+19
2.08e+19
1.944e+19
1.92e+19
2.112e+19
2.224e+19
2.112e+19
2.056e+19
2.336e+19
2.368e+19
2.432e+19
2.376e+19
2.264e+19
2.288e+19
2.16e+19
2.16e+19
2.008e+19
1.968e+19
2.04e+19
2.088e+19
2.192e+19
2.016e+19
2.216e+19
2.216e+19
2.112e+19
2.176e+19
2.104e+19
2.04e+19
2.232e+19
2.16e+19
2.192e+19
2.136e+19
2.136e+19
2.12e+19
2.072e+19
2.128e+19
2.064e+19
1.664e+19
1.8e+19
2.056e+19
2.08e+19
2.232e+19
2.184e+19
2.32e+19
2.144e+19
2.312e+19
2.344e+19
2.32e+19
2.496e+19
2.472e+19
2.368e+19
2.248e+19
2.32e+19
2.552e+19
2.624e+19
2.36e+19
2.168e+19
2.064e+19
2.208e+19
1.976e+19
2.048e+19
2.152e+19
2.128e+19
2.256e+19
2.232e+19
1.928e+19
1.824e+19
1.88e+19
1.896e+19
1.856e+19
2.016e+19
2.224e+19
2.08e+19
2.176e+19
2.2e+19
2.288e+19
2.552e+19
2.56e+19
2.424e+19
2.488e+19
2.296e+19
2.312e+19
2.296e+19
2.04e+19
2e+19
1.888e+19
1.92e+19
1.864e+19
1.872e+19
1.888e+19
2.016e+19
2.04e+19
2.152e+19
2.272e+19
2.12e+19
2.256e+19
2.048e+19
1.704e+19
1.744e+19
1.856e+19
2.176e+19
2.352e+19
2.376e+19
2.272e+19
1.904e+19
2.28e+19
2.168e+19
1.976e+19
2.072e+19
2.248e+19
2.168e+19
2.296e+19
2.304e+19
2.024e+19
2.272e+19
2.288e+19
2.192e+19
2.136e+19
2.024e+19
2.048e+19
1.968e+19
1.928e+19
1.872e+19
2.064e+19
2.088e+19
2.432e+19
2.44e+19
2.416e+19
2.36e+19
2.28e+19
2.216e+19
2.208e+19
2.36e+19
2.536e+19
2.528e+19
2.352e+19
2.44e+19
2.376e+19
2.552e+19
2.36e+19
2.336e+19
2.408e+19
2.608e+19
2.696e+19
2.344e+19
2.552e+19
2.512e+19
2.376e+19
2.384e+19
2.256e+19
2.176e+19
2.2e+19
1.944e+19
2.208e+19
2.432e+19
2.448e+19
2.384e+19
2.448e+19
2.368e+19
2.296e+19
2.288e+19
2.24e+19
2.328e+19
2.336e+19
2.4e+19
2.088e+19
2.144e+19
2.136e+19
2.176e+19
2.2e+19
2.088e+19
2.112e+19
2.248e+19
1.912e+19
2.008e+19
2.016e+19
2.104e+19
2.08e+19
2.064e+19
2.192e+19
2.312e+19
2.176e+19
2.56e+19
2.336e+19
2.152e+19
2.424e+19
2.544e+19
2.552e+19
2.496e+19
2.592e+19
2.592e+19
2.76e+19
2.672e+19
2.704e+19
2.568e+19
2.512e+19
2.456e+19
2.352e+19
2.392e+19
2.368e+19
2.352e+19
2.568e+19
2.432e+19
2.696e+19
2.4e+19
2.112e+19
2.192e+19
2.456e+19
2.376e+19
2.568e+19
2.456e+19
2.464e+19
2.256e+19
2.04e+19
2.264e+19
2.248e+19
2.128e+19
2.128e+19
2.008e+19
2.024e+19
2.008e+19
2.2e+19
2.088e+19
1.96e+19
2.208e+19
2.4e+19
2.384e+19
2.208e+19
2.216e+19
2.272e+19
2.664e+19
2.768e+19
2.888e+19
2.88e+19
2.568e+19
2.48e+19
2.392e+19
2.208e+19
2.2e+19
2.112e+19
2.256e+19
2.128e+19
2.224e+19
2.144e+19
2.256e+19
2.312e+19
2.224e+19
2.088e+19
2.232e+19
2.384e+19
2.448e+19
2.616e+19
2.592e+19
2.552e+19
2.448e+19
2.2e+19
2.24e+19
2.376e+19
2.576e+19
2.56e+19
2.448e+19
2.416e+19
2.56e+19
2.472e+19
2.416e+19
2.152e+19
1.968e+19
1.912e+19
1.992e+19
2.008e+19
2e+19
1.968e+19
1.872e+19
1.888e+19
2.064e+19
2.08e+19
2.224e+19
2.248e+19
2.304e+19
2.36e+19
2.304e+19
2.184e+19
2.024e+19
2.024e+19
2.128e+19
2.272e+19
2.064e+19
2.032e+19
1.96e+19
2.296e+19
2.32e+19
2.216e+19
2.304e+19
2.136e+19
2e+19
1.912e+19
2.152e+19
1.952e+19
2e+19
2.28e+19
2.392e+19
2.424e+19
2.608e+19
2.544e+19
2.44e+19
1.928e+19
1.888e+19
1.96e+19
1.952e+19
2.016e+19
1.928e+19
1.928e+19
2.048e+19
2.152e+19
2.408e+19
2.408e+19
2.448e+19
2.352e+19
2.376e+19
2.384e+19
2.112e+19
2e+19
1.984e+19
1.84e+19
2.016e+19
2.192e+19
2.128e+19
2e+19
2.128e+19
1.912e+19
1.952e+19
1.992e+19
2.024e+19
1.944e+19
1.936e+19
2.136e+19
1.912e+19
1.944e+19
1.968e+19
1.752e+19
1.808e+19
2.184e+19
2.176e+19
2.28e+19
2.208e+19
2.088e+19
2.064e+19
2.168e+19
2.032e+19
2.232e+19
2.192e+19
2.128e+19
1.872e+19
2e+19
2.056e+19
2.12e+19
2.256e+19
2.336e+19
2.256e+19
2.392e+19
2.544e+19
2.52e+19
2.224e+19
2.504e+19
2.24e+19
2.464e+19
2.28e+19
2.36e+19
2.176e+19
2.392e+19
2.224e+19
2.312e+19
2.512e+19
2.336e+19
2.416e+19
2.408e+19
2.456e+19
2.304e+19
2.304e+19
2.544e+19
2.424e+19
2.296e+19
2.272e+19
2.384e+19
2.424e+19
2.008e+19
1.992e+19
2.024e+19
2.024e+19
2.088e+19
1.912e+19
1.84e+19
1.92e+19
2.04e+19
2.04e+19
2.264e+19
2.104e+19
2.176e+19
2.496e+19
2.304e+19
2.336e+19
2.32e+19
2.384e+19
2.176e+19
2.072e+19
1.64e+19
1.704e+19
2.048e+19
1.896e+19
2.136e+19
2.096e+19
2.032e+19
1.952e+19
1.872e+19
1.848e+19
1.568e+19
1.816e+19
1.936e+19
2.04e+19
2.048e+19
1.744e+19
1.888e+19
1.896e+19
1.856e+19
1.824e+19
2.128e+19
2.008e+19
2.144e+19
2.072e+19
1.952e+19
2.032e+19
2e+19
1.92e+19
1.968e+19
1.984e+19
2.096e+19
2.232e+19
2.152e+19
2.008e+19
2.096e+19
2.048e+19
2.288e+19
2.536e+19
2.448e+19
2.28e+19
2.384e+19
2.32e+19
2.192e+19
2.072e+19
2.12e+19
2.176e+19
2.152e+19
2.352e+19
2.2e+19
2.048e+19
2.256e+19
2.064e+19
2.04e+19
2.208e+19
2.272e+19
2.544e+19
2.512e+19
2.264e+19
2.256e+19
2.44e+19
2.088e+19
1.952e+19
1.952e+19
2.256e+19
2.2e+19
2.304e+19
2.24e+19
2.264e+19
2.048e+19
2.04e+19
2e+19
1.944e+19
2.096e+19
2.096e+19
2.264e+19
2.368e+19
2.264e+19
2.088e+19
2.096e+19
2.016e+19
2.408e+19
2.336e+19
2.32e+19
2.36e+19
2.288e+19
2.248e+19
2.216e+19
2.184e+19
2.352e+19
2.368e+19
2.44e+19
2.4e+19
2.368e+19
2.384e+19
2.144e+19
2.312e+19
2.192e+19
2.184e+19
2.152e+19
2.424e+19
2.584e+19
2.792e+19
2.608e+19
2.312e+19
2.288e+19
2.464e+19
2.328e+19
2.344e+19
2.576e+19
2.808e+19
2.848e+19
2.848e+19
2.576e+19
2.824e+19
2.68e+19
2.688e+19
2.448e+19
2.384e+19
2.552e+19
2.6e+19
2.44e+19
2.432e+19
2.336e+19
2.416e+19
2.552e+19
2.632e+19
2.528e+19
2.368e+19
2.456e+19
2.52e+19
2.384e+19
2.416e+19
2.488e+19
2.256e+19
2.32e+19
2.16e+19
2.296e+19
2.464e+19
2.528e+19
2.368e+19
2.128e+19
2.12e+19
2.248e+19
2.432e+19
2.184e+19
1.88e+19
1.96e+19
1.896e+19
1.808e+19
1.968e+19
2.128e+19
2.04e+19
2.008e+19
2.12e+19
2.336e+19
2.528e+19
2.312e+19
2.096e+19
2.264e+19
2.256e+19
2.432e+19
2.64e+19
2.544e+19
2.448e+19
2.36e+19
2.336e+19
2.152e+19
2.376e+19
2.536e+19
2.832e+19
2.896e+19
2.864e+19
2.672e+19
2.64e+19
2.528e+19
2.376e+19
2.312e+19
2.312e+19
2.496e+19
2.432e+19
1.928e+19
2.048e+19
2.208e+19
2.128e+19
2.264e+19
2.376e+19
2.336e+19
2.28e+19
2.336e+19
2.352e+19
2.376e+19
2.416e+19
2.384e+19
2.336e+19
2.36e+19
2.544e+19
2.616e+19
2.232e+19
1.952e+19
1.872e+19
2.104e+19
1.904e+19
2.208e+19
2.12e+19
2.008e+19
2.104e+19
2.128e+19
2.104e+19
2.152e+19
2.088e+19
2.144e+19
2.272e+19
2.168e+19
2.272e+19
2.408e+19
2.328e+19
2.224e+19
2.4e+19
2.384e+19
2.144e+19
2.192e+19
2.192e+19
2.264e+19
2.296e+19
2.352e+19
2.096e+19
2.168e+19
2.232e+19
2.16e+19
2.296e+19
2.32e+19
2.568e+19
2.824e+19
2.656e+19
2.4e+19
2.44e+19
2.264e+19
2.28e+19
2.024e+19
2.112e+19
2.52e+19
2.384e+19
2.488e+19
2.408e+19
2.272e+19
2.384e+19
2.248e+19
2.072e+19
2.376e+19
2.408e+19
2.24e+19
2.256e+19
2.136e+19
2.152e+19
2.096e+19
2.248e+19
2.256e+19
2.336e+19
2.576e+19
2.512e+19
2.032e+19
2.16e+19
2.128e+19
2.2e+19
2.168e+19
2.096e+19
2.256e+19
2.4e+19
2.208e+19
2.352e+19
2.44e+19
2.336e+19
2.328e+19
2.256e+19
1.96e+19
1.936e+19
1.96e+19
2.168e+19
2.04e+19
2.008e+19
2.232e+19
2.368e+19
2.384e+19
2.352e+19
2.104e+19
2.168e+19
2.48e+19
2.536e+19
2.416e+19
2.512e+19
2.488e+19
2.568e+19
2.4e+19
2.624e+19
2.48e+19
2.368e+19
2.296e+19
2.208e+19
2.264e+19
2.24e+19
2.36e+19
2.328e+19
2.296e+19
2.52e+19
2.232e+19
2.288e+19
2.024e+19
2.104e+19
2.12e+19
2.056e+19
1.92e+19
1.952e+19
2.024e+19
2.048e+19
1.992e+19
2.072e+19
2.152e+19
2.048e+19
1.904e+19
2.056e+19
2.352e+19
2.544e+19
2.328e+19
2.056e+19
2.32e+19
2.368e+19
2.288e+19
2.112e+19
2.256e+19
2.24e+19
2.104e+19
1.976e+19
2.032e+19
2.056e+19
1.936e+19
2.008e+19
2.064e+19
1.952e+19
2.184e+19
2.408e+19
2.336e+19
2.288e+19
2.288e+19
2.288e+19
2.256e+19
2.256e+19
2.272e+19
2.376e+19
2.424e+19
2.368e+19
2.384e+19
2.368e+19
2.32e+19
2.48e+19
2.312e+19
2.296e+19
2.4e+19
2.488e+19
2.256e+19
2.28e+19
1.84e+19
2.032e+19
2.152e+19
2.264e+19
2.248e+19
2.12e+19
2.24e+19
2.128e+19
2.208e+19
2.456e+19
2.304e+19
2.416e+19
2.456e+19
2.552e+19
2.28e+19
2.272e+19
1.824e+19
1.984e+19
2.016e+19
1.72e+19
2.184e+19
2.32e+19
2.152e+19
2.16e+19
2.256e+19
2.04e+19
2.064e+19
2.256e+19
2.344e+19
2.192e+19
2.176e+19
2.216e+19
2.392e+19
2.328e+19
2.24e+19
2.24e+19
2e+19
2.112e+19
2.112e+19
2.264e+19
2.2e+19
2.144e+19
2.176e+19
2.016e+19
2.24e+19
2.36e+19
2.512e+19
2.424e+19
2.344e+19
2.2e+19
2.368e+19
2.144e+19
2.072e+19
1.928e+19
2.2e+19
2.008e+19
2.2e+19
2.216e+19
2.408e+19
2.224e+19
2.04e+19
2.048e+19
2.2e+19
2.216e+19
2.12e+19
2.104e+19
2.2e+19
2.584e+19
2.64e+19
2.256e+19
2.184e+19
2.232e+19
2.4e+19
2.44e+19
2.272e+19
2.208e+19
2.176e+19
2.304e+19
2.2e+19
2.096e+19
2.152e+19
2.312e+19
2.472e+19
2.16e+19
2.144e+19
2.048e+19
2.176e+19
2.144e+19
2.232e+19
2.08e+19
2.112e+19
2.336e+19
2.184e+19
2.104e+19
2.2e+19
2.208e+19
2.24e+19
2.256e+19
2.2e+19
2.352e+19
2.44e+19
2.264e+19
2.224e+19
2.368e+19
2.344e+19
2.512e+19
2.368e+19
2.296e+19
2.08e+19
2.192e+19
1.992e+19
1.832e+19
2.048e+19
2.184e+19
2.272e+19
2.28e+19
2.576e+19
2.416e+19
2.344e+19
2.344e+19
2.304e+19
2.2e+19
2.144e+19
1.896e+19
1.976e+19
1.992e+19
2.184e+19
2.384e+19
2.424e+19
2.496e+19
2.424e+19
2.536e+19
2.304e+19
2.152e+19
2.088e+19
2.072e+19
2.08e+19
2.096e+19
2.24e+19
2.136e+19
2.464e+19
2.536e+19
2.424e+19
2.464e+19
2.584e+19
2.512e+19
2.64e+19
2.656e+19
2.432e+19
2.08e+19
1.928e+19
1.992e+19
2.112e+19
2.304e+19
2.28e+19
2.384e+19
2.328e+19
2.36e+19
2.384e+19
2.44e+19
2.488e+19
2.56e+19
2.328e+19
2.16e+19
2.456e+19
2.208e+19
2.016e+19
2.056e+19
2.2e+19
2.256e+19
2.48e+19
2.232e+19
2.264e+19
2.336e+19
2.408e+19
2.496e+19
2.52e+19
2.352e+19
2.264e+19
2.456e+19
2.384e+19
2.512e+19
2.32e+19
2.528e+19
2.36e+19
2.512e+19
2.336e+19
2.328e+19
2.12e+19
2.056e+19
2.064e+19
2.184e+19
2.384e+19
2.472e+19
2.616e+19
2.36e+19
2.248e+19
2.216e+19
2.128e+19
2.32e+19
2.352e+19
2.176e+19
2.136e+19
2.096e+19
2.264e+19
2.224e+19
2.36e+19
2.392e+19
2.608e+19
2.448e+19
2.312e+19
2.352e+19
2.176e+19
2.256e+19
2.336e+19
2.448e+19
2.536e+19
2.576e+19
2.472e+19
2.44e+19
1.984e+19
1.928e+19
1.96e+19
2.104e+19
2.456e+19
2.536e+19
2.504e+19
2.32e+19
2.296e+19
2.088e+19
2.072e+19
2.312e+19
2.232e+19
2.024e+19
2.056e+19
1.864e+19
2.096e+19
2.064e+19
1.96e+19
1.888e+19
2.272e+19
2.232e+19
2.208e+19
2.424e+19
2.592e+19
2.384e+19
2.24e+19
2.008e+19
2e+19
2.136e+19
2.032e+19
2.008e+19
2.344e+19
2.336e+19
2.432e+19
2.584e+19
2.616e+19
2.792e+19
2.568e+19
2.496e+19
2.504e+19
2.344e+19
2.272e+19
2.256e+19
2.224e+19
2.176e+19
2.16e+19
2.088e+19
2.192e+19
2.256e+19
2.256e+19
2.544e+19
2.24e+19
2.24e+19
2.2e+19
2.224e+19
2.184e+19
2.136e+19
2.128e+19
2.368e+19
1.888e+19
1.808e+19
2.024e+19
2.12e+19
2.312e+19
2.216e+19
2.32e+19
2.224e+19
2.208e+19
2.24e+19
2.12e+19
2.224e+19
2.248e+19
1.984e+19
2.168e+19
1.88e+19
1.808e+19
1.848e+19
2.128e+19
1.936e+19
2.376e+19
2.432e+19
2.608e+19
2.448e+19
2.616e+19
2.432e+19
2.392e+19
2.464e+19
2.568e+19
2.584e+19
2.464e+19
2.368e+19
2.416e+19
2.456e+19
2.376e+19
2.464e+19
2.528e+19
2.16e+19
2.184e+19
2.2e+19
2.496e+19
2.472e+19
2.472e+19
2.424e+19
2.448e+19
2.472e+19
2.416e+19
2.104e+19
2.112e+19
2.16e+19
2.176e+19
2.296e+19
2.504e+19
2.344e+19
2.376e+19
2.424e+19
2.464e+19
2.68e+19
2.728e+19
2.744e+19
2.04e+19
2.112e+19
2.152e+19
2.04e+19
2.008e+19
2.032e+19
1.984e+19
2.08e+19
2.12e+19
2.288e+19
2.256e+19
2.336e+19
2.136e+19
2.336e+19
2.36e+19
2.536e+19
2.736e+19
2.544e+19
2.416e+19
2.152e+19
2.088e+19
2.168e+19
2.048e+19
1.928e+19
1.92e+19
1.84e+19
1.784e+19
1.792e+19
1.776e+19
1.76e+19
1.888e+19
2.064e+19
2.28e+19
2.248e+19
2.232e+19
2.384e+19
2.328e+19
2.344e+19
2.192e+19
2.136e+19
2.408e+19
2.176e+19
2.2e+19
2.208e+19
2.272e+19
2.208e+19
2.208e+19
2.048e+19
2.096e+19
2.272e+19
2.176e+19
1.976e+19
2.008e+19
2.112e+19
2.28e+19
2.384e+19
2.424e+19
2.352e+19
2.408e+19
2.224e+19
2.384e+19
2.472e+19
2.368e+19
2.192e+19
2.128e+19
2.552e+19
2.6e+19
2.56e+19
2.432e+19
2.392e+19
2.424e+19
2.464e+19
2.36e+19
2.36e+19
2.28e+19
2.144e+19
2.232e+19
2.304e+19
2.408e+19
2.344e+19
2.224e+19
2.04e+19
1.952e+19
2.032e+19
2.152e+19
2.016e+19
1.928e+19
2.208e+19
2.608e+19
2.552e+19
2.616e+19
2.488e+19
2.496e+19
2.488e+19
2.544e+19
2.448e+19
2.416e+19
2.496e+19
2.488e+19
2.296e+19
2.264e+19
2.312e+19
2.384e+19
2.6e+19
2.752e+19
2.656e+19
2.544e+19
2.544e+19
2.288e+19
2.224e+19
2.12e+19
2.072e+19
2.152e+19
2.16e+19
2.2e+19
2.272e+19
2.312e+19
2.192e+19
2.032e+19
2.208e+19
2.392e+19
2.704e+19
2.576e+19
2.528e+19
2.432e+19
2.328e+19
2.104e+19
2.136e+19
2.064e+19
2.24e+19
2.456e+19
2.464e+19
2.368e+19
2.216e+19
2.344e+19
2.312e+19
2.384e+19
2.336e+19
2.208e+19
2.384e+19
2.024e+19
1.792e+19
1.888e+19
2.072e+19
1.784e+19
1.976e+19
2.152e+19
2.248e+19
2.232e+19
2.28e+19
2.184e+19
2.4e+19
2.24e+19
1.976e+19
2.168e+19
2.096e+19
2.2e+19
2.304e+19
2.296e+19
2.216e+19
2.224e+19
2.392e+19
2.456e+19
2.312e+19
2.384e+19
2.328e+19
2.416e+19
2.504e+19
2.64e+19
2.344e+19
2.264e+19
2e+19
1.864e+19
1.96e+19
1.952e+19
1.968e+19
2.04e+19
2.208e+19
2.184e+19
2.312e+19
2.064e+19
2.136e+19
2.04e+19
1.952e+19
2.016e+19
1.984e+19
2.056e+19
1.984e+19
2.152e+19
2.248e+19
2.256e+19
2.424e+19
2.504e+19
2.664e+19
2.416e+19
2.216e+19
2.192e+19
2.16e+19
2.048e+19
1.872e+19
2.488e+19
2.472e+19
2.304e+19
2.288e+19
2.136e+19
2.048e+19
1.984e+19
2.032e+19
2.216e+19
2.04e+19
2.104e+19
2.216e+19
2.232e+19
2.176e+19
2.48e+19
2.528e+19
2.544e+19
2.536e+19
2.496e+19
2.488e+19
2.416e+19
2.544e+19
2.632e+19
2.4e+19
2.192e+19
2.168e+19
2.296e+19
2.088e+19
2.256e+19
2.28e+19
2.32e+19
2.288e+19
2.408e+19
2.696e+19
2.656e+19
2.504e+19
2.368e+19
2.104e+19
2.216e+19
2.192e+19
2.224e+19
2e+19
2.016e+19
2.032e+19
2.152e+19
2.12e+19
2.056e+19
2.288e+19
2.176e+19
2.16e+19
2.4e+19
2.472e+19
2.424e+19
2.4e+19
2.44e+19
2.48e+19
2.472e+19
2.48e+19
2.208e+19
2.256e+19
2.096e+19
2.36e+19
2.408e+19
2.224e+19
2.256e+19
2.296e+19
2.288e+19
2.152e+19
2.08e+19
2e+19
2.144e+19
2.12e+19
2.144e+19
2.12e+19
2.224e+19
2.296e+19
2.512e+19
2.224e+19
2.16e+19
2.192e+19
)
;

boundaryField
{
    xPeriodic_half0
    {
        type            cyclic;
    }
    xPeriodic_half1
    {
        type            cyclic;
    }
    yPeriodic_half0
    {
        type            cyclic;
    }
    yPeriodic_half1
    {
        type            cyclic;
    }
    zPeriodic_half0
    {
        type            cyclic;
    }
    zPeriodic_half1
    {
        type            cyclic;
    }
}


// ************************************************************************* //
