/*--------------------------------*- C++ -*----------------------------------*\
| =========                 |                                                 |
| \\      /  F ield         | OpenFOAM: The Open Source CFD Toolbox           |
|  \\    /   O peration     | Version:  2.4.0-MNF                             |
|   \\  /    A nd           | Web:      www.OpenFOAM.org                      |
|    \\/     M anipulation  |                                                 |
\*---------------------------------------------------------------------------*/
FoamFile
{
    version     2.0;
    format      ascii;
    class       volScalarField;
    location    "0.0006";
    object      rotationalT_O2;
}
// * * * * * * * * * * * * * * * * * * * * * * * * * * * * * * * * * * * * * //

dimensions      [0 0 0 1 0 0 0];

internalField   nonuniform List<scalar> 
5120
(
285.6956193
273.597973
316.6666172
332.0691474
335.7224547
336.9420867
333.7533026
292.8403272
290.5627836
310.7382061
283.985063
285.1241184
271.9397258
287.8147785
296.9771735
299.0017188
323.1370636
287.179391
282.4260428
285.7525095
319.2665832
296.5759018
291.8745931
313.5328522
322.2735774
310.1941319
318.6880652
290.0312027
302.454307
294.1913833
297.5298579
306.2208589
298.5359297
297.9711533
304.62888
281.0815167
266.9813164
286.2920814
310.8939709
302.8080028
320.7992595
324.9421773
328.4935883
379.6183661
390.1403732
380.2607947
317.3515539
310.354474
311.3046905
313.6734267
294.1570932
297.4364056
306.2623971
285.0808012
260.7613229
270.6684116
250.8328476
229.5424681
250.8983389
264.2264252
302.9888412
323.0356087
317.5896469
280.8792084
247.2025304
257.3393088
298.8868398
322.6991762
288.3779775
312.6009363
303.9196332
254.5051241
260.1135441
272.0877008
274.2818051
283.6582286
294.9654435
260.1933118
250.6807667
280.6095965
323.4726706
308.2120877
319.7269565
294.4034061
312.137156
334.9469199
333.712801
325.9725932
330.6632948
269.6660688
278.068947
292.9972366
291.9439077
310.6371704
285.039083
299.470721
287.0567053
293.8726835
306.9386443
320.8374846
308.0802717
354.1801279
324.7195799
300.9778751
303.3106558
311.5903685
298.5721229
295.3965026
299.7938073
362.2282343
362.4689508
334.0531281
339.2411006
349.6362572
322.117558
322.1940759
314.3048789
350.6456223
320.5982689
298.7769199
304.0000711
302.0025818
310.3073767
296.3790735
299.8623082
293.328372
287.5702052
292.5281199
295.3014035
293.3525018
268.2098954
274.1822931
306.2327178
307.9835174
301.5182506
286.3171889
279.4105856
318.8018975
315.1804874
317.5976978
312.1988556
310.3318083
332.5159583
307.0493088
311.2801873
303.6124832
273.577947
244.9571126
249.2910945
276.2401767
290.0536786
293.859501
286.2878714
297.6897297
316.3758513
284.1937417
283.7044562
278.1112601
290.2766086
311.2581091
307.3607566
312.2813873
298.9897708
298.1289352
283.0757815
302.125228
302.4308522
258.1939769
266.3287705
271.3581661
270.189908
252.692042
254.5324711
236.6711723
270.7193355
323.6945406
387.5471274
348.9417753
337.9656777
330.7257468
294.4887294
270.4950803
278.6155552
292.3731028
287.5826757
296.2307597
278.4496644
270.1439756
271.5348304
262.2483048
261.8583891
281.1559517
283.7151545
294.5738805
296.3451322
285.0278241
260.3330281
256.8321739
273.3827131
267.5691807
335.9984305
336.2374953
338.8347114
340.5472097
341.0199965
308.9956743
314.2463663
324.3864612
329.9115093
285.8063009
300.2418251
317.9806142
333.5129157
324.4939349
333.5922632
336.360715
327.4240205
328.0926744
310.3360633
326.2272622
295.2654083
269.4468727
284.3575406
260.1632886
241.2644064
254.514561
271.235154
292.4299548
311.8867675
343.435467
346.7660618
340.7865268
337.3818879
335.2706713
337.245068
321.6879723
312.270626
342.737801
350.0439326
332.2126284
284.5424786
276.5592763
280.8060609
313.0978123
321.2977867
311.9342764
312.3309209
327.9231738
324.6644381
340.8974133
308.722094
295.3686538
259.7570718
286.6429102
280.1583094
259.1956192
268.3129103
268.2582538
293.5519834
289.7846359
327.0587355
332.4352864
323.3023986
300.4735175
310.8176429
316.2801122
301.7890623
304.226457
291.5742067
335.8546195
328.8623069
391.7988338
364.4049713
355.4143629
345.0894411
318.2057886
310.8091535
302.7690723
341.1434319
311.7893739
331.3558222
312.7935103
309.7560429
302.1771368
319.9426031
308.5401456
368.1138457
382.8637591
389.7648319
351.9328242
341.3057819
315.2723193
320.8837238
318.2077008
360.7196921
369.2209865
359.5492726
347.355461
360.3227378
337.3153502
323.598797
303.7094525
296.9157977
312.7968992
324.5923451
337.8202725
346.1039731
323.2307981
319.2147121
290.2420191
308.4386777
306.6810037
316.4830625
309.3549034
306.2616657
313.5513625
319.0514309
320.878475
334.9283573
346.611597
305.1322759
320.1915774
315.1977285
315.9783704
337.2011136
314.7019673
303.5668423
271.9143018
277.4711711
274.5968949
255.8912964
273.8676298
260.640595
251.7974111
268.3221478
289.3737861
267.3944913
268.7943171
277.0035045
296.8528361
255.1827748
274.7493565
282.4875212
295.4809449
274.8981849
256.7663145
288.347596
311.3906062
322.1417352
313.5676309
295.940358
292.5774628
306.8764801
296.296824
282.4807526
290.9486308
297.2881582
329.1841823
282.106309
268.483803
294.5651714
305.1853223
310.5390171
305.7944475
287.8189233
279.8450574
279.7245783
292.5098019
259.7464841
261.9679476
284.1931056
271.5368472
269.4653862
247.1163548
252.1148559
268.9941485
279.7468474
282.4242045
295.2090873
291.4809335
264.6987046
238.0495136
265.8560292
282.1522824
313.5554523
316.9116471
320.8655117
319.8224426
301.5349214
296.1423181
306.7602833
271.8646037
259.0322534
286.8585686
302.4205296
315.6956918
306.0552246
260.617411
273.0931577
271.2234063
301.2907065
310.9153283
311.7045246
313.2540792
308.6424333
297.3168107
282.3222838
283.5484087
275.3605628
280.3561764
301.9692309
292.150911
270.6284066
283.9902872
294.409965
294.9768109
297.675629
310.2938817
301.356182
296.0040101
262.8781846
267.2167641
294.2153129
323.0107537
301.73274
294.263668
297.6732012
298.1640892
295.2369032
283.6005539
276.0999806
265.9940418
273.817216
277.5471429
283.0877986
300.4846724
298.9458981
291.7153545
285.0656214
264.1608478
269.4862164
267.0057804
256.119341
269.6788173
285.6404067
272.4443028
293.6749257
304.4429483
318.0244026
319.9288017
338.6260716
301.218654
295.8528351
295.9805466
271.3304328
269.5470946
273.3196853
274.1796092
263.8326378
256.7183859
335.3754462
340.5608767
340.4796995
301.1087346
281.3822382
283.2568126
305.2892002
309.9318495
299.3543766
282.6269532
283.6033337
297.9069359
301.3854563
298.7788011
292.9589605
284.8623489
273.9989408
277.8375085
294.7553389
334.4108038
273.7367778
279.009228
259.7243752
281.7846669
282.196095
270.2465502
297.6123071
293.8443683
288.3385158
326.737365
296.9250759
315.6064996
314.5834129
319.2088839
308.5665634
318.1975191
311.7077972
303.8168968
295.9525178
277.7728879
270.1297119
304.5130199
312.5827093
312.8986273
300.8079333
320.6720319
313.0213684
286.9983737
285.7519629
283.5956508
269.6700947
282.6383659
272.2920374
283.9381993
297.394611
287.7461391
299.1955471
283.9832876
281.2115469
244.995086
343.8133464
312.7241518
298.7648492
295.0843828
330.4186451
335.9282971
335.7271301
346.2978146
368.7097181
369.6569349
332.6544839
286.8229687
280.8401506
280.5979895
298.447948
307.1053812
283.0088135
333.3832926
339.1892023
339.3094942
326.6908218
345.1482648
322.7620049
317.3086678
335.5584581
295.9491852
286.8529155
283.3653547
286.9188538
268.9731264
289.0548522
301.4521794
262.8585205
297.0588349
321.3210693
348.7962141
323.5445503
301.7509286
300.9415554
307.5440351
277.980633
265.468853
265.8512532
249.864236
275.4908659
290.1754292
302.8554747
284.218339
291.1136541
317.1007358
310.5802524
322.9419244
322.9791413
330.0178396
319.6590937
344.1236852
351.6708036
349.2666535
318.7271582
301.8863508
282.7921273
265.2688852
281.6031319
319.2191811
319.1202983
312.4731004
340.2942513
312.6584901
300.417846
301.661085
299.5204472
301.5328544
311.9678096
317.2506343
323.6381417
345.0699016
345.9130337
319.5193902
293.3616512
297.196841
319.5076366
332.616061
320.1295064
355.7362743
340.0055198
300.1073299
290.9392257
319.5385188
330.1139251
329.3976175
341.5395759
325.8518963
334.9868764
337.2100738
325.486785
321.4440868
339.0693178
354.1450271
349.3458482
344.8632504
361.7826663
349.3522165
332.6271013
325.6745889
306.6490089
314.9828169
319.0016006
296.4628206
277.6098937
277.1237107
299.7374039
305.1895045
294.7569194
303.5546546
311.5764273
314.735479
299.6370717
302.6242229
314.5190991
320.9866157
326.877479
315.7874299
303.3752933
273.4946773
264.2647584
264.8764504
273.6716957
301.9091803
290.0427416
302.2989144
295.6418714
274.5130182
265.8292249
250.9959345
267.8257683
280.8357483
280.3281286
291.1011691
286.2942067
310.7223522
297.5759028
301.7699735
274.5966501
266.7640379
279.311523
296.6711556
277.6810768
262.2213343
287.1881698
274.6274578
290.4137825
301.1455995
322.0142578
325.4161202
285.4113671
291.383213
299.9345469
317.8947646
311.592456
323.5582079
277.8543958
277.0478453
273.4894952
263.2943053
274.3634012
280.4369686
302.3054787
337.8199653
315.1370043
323.6906991
330.3270025
322.6397122
308.0938246
272.9082072
282.2603651
295.4775835
273.6176343
282.087408
280.0429488
281.0369954
289.9813563
277.8158498
274.2060834
292.2807007
279.5793339
269.347527
278.6397488
284.002038
269.5697918
278.813507
288.4240939
314.071994
301.2589717
332.171003
333.2601108
292.1241286
277.6968892
293.8382037
286.0595429
283.7136408
301.3957537
290.2252746
295.1736904
299.5336753
290.4499129
326.3897995
293.4461278
316.5924084
327.7494273
297.3202766
279.8381836
293.792002
311.8991817
287.0426729
313.6991445
315.6929998
319.9569617
306.81106
273.9252119
273.6159178
297.9633083
278.7419426
281.0502761
293.6099497
312.0116201
286.8316865
262.3568079
255.3151435
287.0236394
274.3759642
298.2372768
320.7100674
310.3730948
320.0657305
284.5856905
274.6301687
244.2535372
257.0500971
291.0215122
318.0173029
315.5426682
289.2448111
300.6649935
271.6948411
291.8302297
279.9094414
283.018135
306.6973058
289.5416539
297.9614425
279.0518967
254.0622919
257.0418082
280.8443672
267.3995663
293.6498646
293.5529991
323.1279587
307.52696
319.1911141
280.5219948
320.1977533
339.6050447
372.1312112
380.088025
362.176403
335.8404453
291.6599255
291.777967
282.7250505
273.6544008
273.3266789
273.2939899
266.0358031
281.2801183
310.6533865
313.4330239
322.8766454
300.0398029
283.2061616
266.1540169
264.4758378
242.3769134
237.0053635
232.6201791
248.9491607
279.2369954
318.69287
341.400856
314.3701357
345.9119931
330.1205328
306.80173
270.930268
292.722887
286.9805166
272.7891526
271.9629151
284.0624411
299.1009482
284.3757248
246.936247
243.9797232
248.6232251
254.6887647
261.4659701
252.8240336
229.2922915
241.9324177
237.6705343
245.4842157
277.047972
292.3539921
326.9811831
314.251306
288.9581937
296.3927859
320.1213697
307.1078968
297.9078976
287.2729983
324.4137731
331.7514683
334.1572913
319.6064193
315.4222937
351.1128987
314.9048788
275.4584948
285.4241208
295.7385839
297.3654374
297.6766288
285.3179657
287.1811892
297.1168524
306.0742641
296.1223651
308.8623383
313.3873235
323.7216413
303.2750985
310.834806
306.0553726
322.1725294
317.5180126
294.966026
282.1931596
284.6023877
288.2341372
320.6633447
344.1433842
359.3849991
326.1023842
298.5457042
298.6459975
285.9517707
281.4981124
284.1980316
290.2537391
266.0150068
305.6454914
298.8345718
318.8496573
298.7436033
304.1256499
287.2345751
291.7186064
280.1121472
254.9408357
270.6672924
287.6642764
316.3734008
323.4038013
353.3445993
314.5445003
334.4362531
346.6721006
331.1262403
312.8233076
310.3554343
260.0579058
248.9950608
229.4396673
226.4350487
261.3882601
269.8801232
264.4090054
287.5393026
275.6312311
286.3286964
318.5203457
297.8694852
304.8405749
288.1745069
299.2126782
309.8075138
283.6229176
312.0652483
326.0315692
330.5791494
308.183003
293.5151654
287.0779962
303.3554682
319.4139422
319.0789683
289.3914307
274.3922918
310.6483611
324.2128095
322.9336348
336.1191022
312.2397258
295.1939185
297.0884017
311.4818934
315.7721486
290.140035
317.7229671
290.9821585
289.8643911
290.9393829
281.4518972
262.1174531
268.3946754
277.0077581
275.3906745
281.9437309
280.492816
291.4630462
315.0365309
307.7751639
299.9385175
313.6349148
309.677931
311.4910062
332.1317761
341.6802312
304.5086931
258.1127006
283.3308268
289.7116677
350.6253555
345.563416
328.3285403
286.4250581
262.2428664
285.7538255
267.3704429
256.3467552
264.9461308
271.0227574
289.7195205
290.0165475
316.3051643
320.0215211
296.1440929
282.9485215
267.6497695
283.4667207
304.9002348
343.4123973
351.5579084
296.7141622
268.139265
255.5916087
265.158483
257.6591547
272.5239991
273.3631924
307.245872
314.6343706
343.9749917
343.316575
304.7486144
313.8136531
293.4687957
286.8781207
293.556427
306.3819352
272.2728139
299.2218057
303.2564919
279.6533346
297.8556717
316.0230979
296.9862491
295.6763458
311.4911375
337.0458798
363.9373874
354.3113482
349.835036
339.6175081
300.8745624
321.8809303
298.2692081
317.8494203
281.4210588
316.8136785
314.8269285
313.1608559
296.7871238
288.4688376
285.4173339
272.6768963
312.8020846
312.0179994
306.3858053
296.0631547
293.2026841
310.8052247
273.3239807
276.2366495
298.4804599
297.0794903
258.8936511
303.2088266
298.8581603
286.0383134
297.6080755
306.0321639
310.8953251
303.8097563
306.1407537
313.1006971
294.2890486
284.9084161
277.4690606
276.3543566
286.4401842
274.1581463
288.5560538
260.5213936
295.8445593
317.1541669
318.3520265
315.7720564
320.9561345
268.6471494
291.945372
293.1632332
279.0135068
281.4782657
268.3751272
276.7117047
286.8853167
279.3205783
304.4083005
315.7611096
320.285372
359.9667221
304.7540524
293.922785
292.7076143
294.3195848
295.4059008
270.2430373
249.5002648
284.3600108
279.7614421
274.7834702
281.4086685
262.8027199
264.8882117
274.7149313
266.6370091
321.1141817
313.5758256
307.0319022
306.6101104
291.5928675
304.6789029
310.6351669
316.8693964
298.7444345
295.9029372
297.1146811
312.439497
302.1933816
308.7473336
302.4913034
306.635309
284.8451874
275.5210911
269.5831575
293.9060429
257.7676467
249.5447792
249.0587995
243.4109822
224.0847926
273.0064604
285.1631012
313.9386657
313.4613323
290.0602164
278.3747103
275.6764007
310.5537368
324.0323119
302.3678578
307.92096
305.9195937
266.0395544
265.9645925
289.0542557
319.3945336
348.1269718
349.2641815
352.1729706
333.8853772
309.6299845
321.0429197
287.3907968
292.8450032
298.1695518
298.4364093
309.9853114
301.5074626
324.5824491
348.5147051
346.2212386
340.8993208
339.4495879
289.0111367
295.4267072
301.5707824
304.8816092
296.0738882
296.9761878
267.9233088
257.432926
263.8992901
266.0278166
303.7377368
269.5237958
280.1101782
296.9209813
291.261035
301.2852606
292.28781
301.550109
294.6290666
290.6747421
305.1649093
304.5150939
325.7208205
338.513815
302.4159062
275.0710371
274.6611061
285.1516259
272.0598217
249.7971908
239.323064
301.0208605
290.2902154
301.852907
304.1401704
325.367435
306.5227533
306.0725437
301.3120313
302.9417024
305.1466449
308.4606084
334.3829439
299.7272421
305.870031
289.623083
280.8805611
318.8147653
333.8758198
311.2160264
301.4239299
294.1347636
271.5316675
309.9647705
265.3041908
272.710393
287.4386592
305.0919303
321.208437
326.0627922
299.3075356
265.4581747
270.5743549
278.4790517
274.9423868
258.0441078
244.2406258
215.8960227
231.1799956
236.9223073
215.5770668
218.1847767
223.44833
245.0527098
297.2908241
270.0242476
284.606615
296.3375579
307.6391331
293.4753105
292.6705981
307.4746183
319.0866143
331.2307316
327.2351285
308.3157022
298.4296738
297.3001986
269.5061509
257.5594727
252.0740273
269.2899652
235.9951169
242.3276048
327.6250027
354.8062209
330.6340787
325.2771539
328.466894
318.9725047
318.2180799
330.6113039
327.8480828
319.7901544
325.3710461
318.4663725
303.3956768
291.6074185
300.8422127
296.3401597
296.2849539
311.0712953
329.3543571
329.5716382
343.4372025
308.0181493
304.7978666
312.2334597
292.1142516
316.8157607
312.8210967
310.9202115
282.2787053
333.9169348
325.1438249
316.2190535
304.0147516
319.7851982
314.5322311
318.1313893
334.8168894
326.332362
330.8392175
354.663981
338.6773449
338.7199614
301.915605
299.8377098
290.8046979
285.2465787
326.0411996
345.0380826
330.978141
330.8601852
303.7480122
309.6751068
316.3279641
306.6297504
311.7409387
294.4941871
302.9763737
308.55879
317.5175163
331.5061046
325.8574753
303.2567253
297.1989333
294.2520499
296.6377891
302.0574008
273.8292825
263.9665632
271.9733314
272.1082029
271.4070471
283.9814249
298.145258
290.3277185
318.206381
330.3227794
319.4957077
310.2226816
324.6221409
333.0760574
290.6644139
315.6748097
327.6622978
299.4462104
304.2020568
300.5805408
307.7747323
304.520808
300.3315133
310.182784
297.4556488
303.9709995
290.2044775
310.4099641
276.0237708
273.7111188
262.4858286
299.1381699
295.2252977
317.2056133
321.1213078
331.7171077
265.274345
296.6095888
307.9522374
333.5544362
355.627853
330.0980404
309.509951
330.6721418
334.3877828
311.0394501
323.7635126
350.4632808
409.2815571
409.566303
362.3505576
343.2019956
322.5666288
310.9993466
361.5032645
295.0543281
285.9930862
304.4496296
312.6487467
308.9397112
314.7363917
299.6262193
348.3935086
341.256272
316.5029097
312.5337289
307.0186721
318.3098928
331.9328405
355.113464
327.7401111
333.754328
333.6704987
369.7765297
289.5214976
289.3749958
283.7878575
283.8491072
325.1112841
336.4271724
342.5507124
348.8021297
336.674578
339.0039137
338.7629261
339.8138898
305.1585001
318.7254812
294.1961517
291.9652308
307.5148045
324.7097037
330.467633
336.9405026
286.9650333
315.8331103
313.9672666
309.9087622
282.466673
268.540496
279.0278733
305.9915551
297.5974142
303.8091913
300.8072993
289.9361315
257.9472589
267.0399654
285.2607033
262.9096919
253.4776394
257.1927269
245.8485391
258.5202589
324.7756754
329.7117034
288.5806578
293.3537488
305.8970897
322.2632839
322.8913857
301.6080003
303.2520155
320.1225155
307.4616891
310.5584351
323.6062923
295.0102637
282.0495238
303.0092786
322.9498313
351.8626403
358.3639229
341.4951567
277.9200354
257.9956684
252.2326847
248.0159612
283.600172
321.0988269
346.3734051
314.5181789
279.5474305
273.2923042
295.396471
300.1339869
310.7803301
324.5999292
337.0668191
315.8038785
297.8804367
304.2968568
293.0422757
284.5846653
268.8527368
274.1405317
268.1708524
272.7582714
275.6675115
270.5749746
268.4424429
290.2698896
287.8960636
313.8651629
308.0610435
292.5162727
278.242464
294.69426
293.3128433
310.6773808
277.0681667
279.834381
289.233842
273.4570418
344.6301691
300.2861707
301.6312238
287.1320632
265.2585878
299.1122642
279.2808676
297.6217989
318.8650962
311.7086035
313.9436132
325.0522589
297.9056892
299.4732571
286.0411534
303.6819391
321.5925914
330.6238896
335.6677071
347.6899281
328.0157622
308.8877975
304.5087157
289.6383969
254.2749891
266.6219962
282.6306915
289.9532805
305.9952328
314.7548497
308.5264047
293.428619
294.122305
310.7806352
321.5093263
323.8377111
320.9597911
317.6634143
314.7371334
321.3609741
299.2898028
313.0115937
312.7331801
299.9860889
290.9492104
312.5227181
322.0143055
333.4783151
322.9754383
325.9000408
312.8893743
317.3996476
336.0343428
319.1532364
295.0549273
305.815836
304.4108726
326.1614768
316.3607162
308.0714676
293.27932
278.4601572
291.5070955
321.4835279
332.2078281
308.6542529
326.6264639
338.8838154
305.783682
292.1896515
274.9357448
279.328369
280.7675255
272.29163
285.6887499
282.5739797
278.4468536
285.079003
271.5009023
271.5445621
275.3019245
316.5201918
348.3439854
352.6818487
315.8050065
313.6447882
309.9800712
309.0536706
340.7616427
340.4098472
326.4309051
303.8092253
317.7487818
289.7283505
301.0163241
308.8810072
305.2673605
306.7431848
303.4792717
289.2175387
313.3622991
286.68456
278.5510643
265.8556351
278.3801113
293.2205687
308.3582569
288.2198143
301.5014421
305.010051
301.2868219
285.800451
298.3363622
350.1932044
332.5010936
335.2172373
303.5315149
316.1043286
323.7561389
332.8933605
286.5904231
304.8868465
294.9464079
290.9335167
287.8044686
291.3259276
294.4259699
264.6728037
323.2426858
294.6685343
262.2006063
246.5269239
253.5416769
281.544169
307.4455693
329.0338864
298.4449873
282.8780448
303.90017
299.0553744
278.199194
309.1512669
327.6425756
329.2579749
311.9319418
280.7611499
271.2514497
293.906979
306.5737217
313.6810078
331.3046784
327.4159741
308.7856415
298.4807495
274.7450289
273.1471818
258.4315672
269.1537715
271.847534
262.9699335
274.0116017
273.8476297
287.2820679
307.1416254
293.7715876
298.1485933
309.1663781
306.5077619
282.0963535
283.2219855
282.3098542
268.3677727
271.0150043
272.4285279
307.7356035
315.3273086
322.0104136
289.4386851
305.6630094
304.7556692
294.7034652
304.3580579
301.3353428
285.4177282
302.8371181
277.0810833
294.7565996
339.5263632
326.105214
340.4752403
328.7931437
329.2089734
344.5576326
292.631652
273.4051096
271.90764
294.4545194
280.5236636
287.8291161
292.1164462
335.6293675
329.1301391
328.4305942
317.476418
298.1752049
311.3859906
293.530417
273.840654
269.5905673
283.5652352
292.7259054
298.5072655
292.6258227
292.0697718
295.2592265
286.4196104
287.8033346
303.7854907
334.291807
345.7441042
310.3062257
322.6150221
320.8404177
339.0667189
363.224266
349.4525528
337.7622124
337.2903904
321.9526461
295.2526424
291.7369834
290.7677239
322.1892454
322.9043605
320.9736207
296.3821661
287.5824461
294.6654968
277.318419
292.784301
297.3758003
289.1216874
303.669127
311.247833
297.6146688
302.078486
257.1172267
268.5757843
268.1361285
261.9268915
264.5341656
258.6949308
293.2625548
292.1142709
302.2588086
279.4934044
315.3146604
322.6560735
322.0090227
317.2223259
328.7298311
324.9919792
317.9651287
316.1138151
283.7632179
294.8119453
277.0083062
271.6505763
260.6830821
264.6775163
272.772079
296.2106363
262.1626523
268.2829406
287.5044056
289.5383168
291.1423889
306.8628487
333.8485801
300.853861
278.7527441
281.3089847
293.0769763
308.0064258
330.4777047
308.8040629
301.9213197
317.2206436
315.9157054
282.6064988
291.0410348
289.533041
318.0585383
333.3237333
324.0869457
329.6267679
317.2227219
299.5659842
292.3172304
295.738965
365.8731454
331.552951
307.1013298
282.1753937
295.5768774
301.1121852
299.9040715
307.1726725
311.3825512
305.3176608
300.879723
301.1089074
293.5810836
323.8118274
302.7337448
303.4114943
313.1944312
333.6921076
334.9885781
331.7704643
313.3300799
318.0413617
313.2466153
292.4379417
309.8974684
294.8779932
271.7121931
274.9506553
280.0820042
290.3824394
306.0144637
329.5825821
319.581207
319.8453225
333.925275
343.8934797
305.4084263
325.2094214
324.7683223
342.0453872
305.6784557
317.502381
306.0087461
314.9919911
321.7767719
310.3646777
342.3990965
312.4238699
292.6200641
305.5793597
308.7944146
331.9444325
346.3614277
331.6367841
307.1610278
295.7149004
308.3280937
309.6916211
293.0256636
291.3254258
295.4619343
303.2908232
287.677389
316.099463
310.8238628
291.5134661
286.6102434
286.6286734
302.8098188
288.3912479
289.4624852
292.4727095
288.2629097
285.977843
275.3311803
283.1329905
268.3795835
284.9448883
265.0874183
256.0999909
294.9560778
288.8932809
299.0413726
298.9305343
284.8962167
294.1899238
318.6392055
320.5787249
312.7347671
284.8197494
269.6427062
283.7930436
318.2130057
341.9812038
309.0026205
303.3609125
279.9757204
284.7326107
294.6729434
312.6317165
299.1313241
292.3203525
283.4184845
287.2853809
317.2442272
344.5980199
315.8813787
290.3227641
295.2462219
328.0584251
333.9941075
350.8513258
324.62221
337.3457635
326.7734758
334.405323
354.5114104
313.8051683
310.4097545
308.2289423
297.3779653
301.125103
317.1492052
358.2469408
326.3952418
295.7660036
286.007912
284.577761
305.451133
268.0097729
287.8976299
313.1193395
329.1739358
319.9039201
323.2397723
309.9352312
326.3245192
331.9401704
361.7021601
308.1614828
314.0406008
309.7069404
282.7279323
265.1061118
283.9984865
281.5081364
276.7976482
308.7954862
294.2716234
281.7003156
278.7409771
288.6928306
284.9395486
288.4631014
277.5911686
284.7764513
303.173122
273.0289867
268.9080895
285.2339403
300.4454854
286.5136049
289.9800782
305.0626605
309.3718782
292.2932004
328.8483839
312.3749123
304.2282635
277.2853583
287.5710152
284.9537681
314.1585056
320.8667478
335.7139857
309.4708398
315.2424322
316.8897273
326.0931874
305.8038618
322.2581063
315.0837194
312.9064396
290.4374
286.327003
271.0375613
257.0248854
233.7095838
255.1736358
288.7169931
298.3386029
320.7490551
321.7010843
353.5651767
302.5873016
315.4837809
311.0305722
311.3842933
297.4508087
308.4714975
316.3668451
322.9670827
362.4188365
360.777309
336.1356166
311.4827611
326.1724974
281.6734214
297.465999
306.6770093
296.7381848
294.1925036
299.4020921
294.2064067
304.2838356
296.1831021
289.0522863
311.4173327
297.3608331
290.8916077
306.3882628
306.6717573
315.3838622
298.9093015
295.424151
296.1342366
299.6205576
288.5673649
296.5467312
297.493101
273.6735576
277.610187
266.5659319
276.5208151
304.3665989
321.5823134
297.8466953
277.6752097
283.241539
281.6091706
326.1364783
325.7000922
309.8845158
304.3638987
314.7279097
328.2066035
345.9486159
333.2832277
309.9842188
294.4208408
300.7914458
313.2286377
316.602017
307.717194
329.2273712
312.5111426
362.9827292
365.5215944
335.8587705
347.8208274
293.6682532
320.5614948
300.9328698
305.792245
299.4840679
299.9288637
326.2866096
333.1121407
324.7381403
354.6760875
305.5381774
310.2715175
284.6536585
271.0635837
269.6200343
264.9426875
258.1099864
265.7414597
253.5773585
275.1435805
319.3804574
320.5869112
303.2332662
300.717725
287.8617924
317.1670109
292.1384019
290.1457735
309.1679415
308.7287053
328.4315868
355.2419646
359.8611811
335.2848827
296.61642
315.3683221
316.9534939
297.9846594
314.0730216
302.3114018
317.4543412
306.073693
279.9201428
282.8204241
286.1739277
293.2373757
297.7275057
289.9464327
293.1445269
308.4342684
313.6412876
321.4525414
284.4861879
289.6353738
326.6678727
334.3072919
353.6311401
350.3197184
330.2543923
330.4449835
336.5409288
312.0528908
323.1353276
316.9259644
290.8777624
308.0819687
299.8549952
269.0987556
278.5938324
278.8486641
284.3979606
311.9740739
321.0074469
334.2965
332.5620622
357.746178
354.0150651
328.9328042
328.8924041
332.0424981
292.331142
289.0594596
303.1909775
324.1306894
303.582441
314.1846645
323.7302395
304.9796994
288.9295784
282.9609857
290.7206797
246.2829035
238.7193678
245.4013952
255.5609971
279.6529432
296.6033909
294.8858897
288.1368121
304.2355611
287.0132041
304.3631249
328.8012871
326.0329274
313.5829086
311.8216988
294.9274453
301.9581543
305.1216455
286.440886
271.9631551
281.8307465
276.4465178
275.3636797
259.4310264
266.5226169
293.2739394
319.9482125
302.4935021
304.8112404
298.7001047
249.0260495
273.1478926
299.2648742
328.330598
308.1726667
331.114506
348.997061
332.6058309
384.1598229
386.5813896
359.2014577
343.3703958
341.9237863
333.7330214
344.1280089
325.6652118
308.6616578
305.1250483
321.7461194
306.963431
354.9187283
347.7939073
332.9919774
336.6675276
343.0212517
329.5485147
313.763463
337.1818931
331.5277951
302.8497299
332.9785509
338.7257634
331.5750627
307.2452668
272.1478141
253.4376179
273.794715
277.447345
280.0783021
265.5018099
261.2707329
260.1487702
279.7191653
301.9152267
281.1050785
266.8264775
252.2513811
266.0950422
272.6918715
262.9028223
287.478114
290.9612819
286.7515102
285.1621201
293.8668707
292.598598
303.421651
286.3742856
278.9176868
331.6509421
309.6757361
317.9060437
300.7209208
304.9368641
361.225577
351.4811559
331.893601
313.1529061
319.8226415
313.2889892
305.7539354
291.641822
288.6876238
325.3999944
307.5658108
321.0174493
323.3842144
341.4596475
329.7951839
292.6845713
313.9690399
329.1567895
318.9343188
324.0520905
329.2436052
311.1762135
304.2856848
275.3804114
262.7462547
246.901051
257.2545132
286.6169817
298.6977297
276.8837055
289.7770883
282.322086
302.8814753
299.4029332
290.126257
317.0979827
322.9015899
316.8978916
306.9659733
280.0425938
287.0875426
280.4986415
290.0158934
302.5570402
286.4002587
284.9861153
298.7988839
282.0147047
300.8786631
282.887053
264.0664503
264.5506523
280.5717516
273.1906424
310.322568
325.6020866
308.0658545
319.757064
309.5274875
283.739453
295.1655669
273.6451143
283.0150242
294.2583495
332.1612972
321.1533966
320.3418269
336.09427
337.5957501
332.7028914
334.8764191
326.04341
297.9478745
318.2305538
316.2682653
319.1139207
309.0644492
321.5320379
289.0765674
298.4167087
335.1289478
326.0728448
316.3451751
323.9868921
278.6187601
266.0750089
257.4059376
256.1482776
253.6900544
254.8448469
237.2461777
268.181779
297.0652158
312.9958747
312.1939891
255.5243054
264.6738327
266.014281
303.4715037
307.3689823
291.916896
278.7647156
287.7569649
276.2482125
304.8937783
289.6890876
290.1950316
292.0555273
278.6697906
275.4730859
259.4244583
269.7695914
282.153325
312.0214799
288.00026
307.4146379
326.5094143
325.7508526
316.7272596
313.4512714
319.6588893
287.3220032
291.09039
289.4083469
303.355413
313.2948888
287.544694
286.2522975
285.116594
277.0781555
314.094786
304.219189
294.0197208
325.8025047
302.7265862
296.5936212
282.1994772
279.1557172
267.8619705
278.3937009
294.0413468
287.7484539
283.7428416
269.2400059
292.4886811
284.1352824
318.1145234
297.261542
288.431315
293.7446271
297.496728
269.7192338
270.4079426
280.4908771
268.0631589
287.7614751
313.9517255
307.2683149
280.805904
282.4366656
269.9743655
269.5437133
294.5318448
305.1725837
312.1770683
324.7912527
325.0753968
311.8967978
312.0532808
322.7499059
273.1868267
295.4968178
300.9226799
286.9461989
316.056838
283.8391597
269.7513991
282.8639604
309.5653957
313.3299138
324.3723613
302.8631599
341.7339095
317.4294575
300.0021121
321.284142
330.3104833
297.6873336
285.670647
262.4710956
298.8615018
285.274921
293.5420863
302.8057946
281.0373489
367.542183
383.3560093
330.0533694
332.0774456
326.5885424
314.3377345
325.4359493
300.7131727
309.0060059
317.8847874
284.3138516
318.8433363
354.9094701
335.6673962
342.6556265
361.2065909
338.1211477
337.5926882
356.7460949
384.2569836
347.7351723
324.3316904
356.0354702
342.7346281
309.8881708
312.1928874
304.707149
304.678034
330.6341601
307.0424558
331.7237129
317.1300104
287.1797568
289.5027451
290.7127078
318.9441238
275.2778501
272.5520938
308.3185139
311.1663878
302.0694497
310.1718885
321.7794608
315.6662831
296.0140816
304.1375925
277.961167
267.2802
286.7126828
292.9608582
308.5146425
312.826742
302.0401987
308.596673
317.3742219
288.2572822
275.5894558
286.9738487
271.5949459
298.9445861
288.3443303
295.1322749
287.3067439
268.1664719
252.8565064
257.2167463
283.5267488
279.0941176
273.8121737
268.8419596
276.3602793
308.0361694
335.5107582
356.9367908
372.1787458
348.786683
345.5794918
313.8419297
311.6531881
305.2827626
310.4370972
314.7322934
300.3998857
311.8988278
319.8739914
296.5910958
287.3656816
279.2189304
264.9577
285.312121
276.8953824
282.8173964
287.1993718
273.0828467
276.0792478
313.1054372
299.1444311
285.6382045
274.3402764
304.825025
292.9552655
303.807001
269.5637461
270.9117134
275.8570683
264.9100841
302.269063
306.1331453
318.6827411
283.3283963
301.4775684
303.4651055
320.6943081
313.4286835
305.2170526
294.3309573
279.5130974
284.0730062
276.0307302
269.2612786
297.242029
303.4169869
308.104341
298.63484
296.6800565
299.5876937
290.5080257
314.9155236
304.8205378
321.9877257
309.5004629
276.4116429
280.2498019
265.6474445
300.6799949
301.4185533
328.4330675
327.2416359
307.119414
284.9558312
347.3684563
305.9348352
333.5504375
286.2693008
268.3225885
285.2307343
310.0618351
334.2724279
320.693594
317.6243664
314.7524348
300.4916452
300.6155421
295.9556917
311.8901402
313.05804
312.1975911
310.1724141
335.2549389
341.4977773
350.9814423
345.2416835
314.5894366
315.9821983
323.1572857
324.9353036
315.9846179
297.6488936
313.5558991
334.7699693
348.8772804
322.2318268
321.4531665
296.1865069
280.4481441
299.8457289
305.3541633
307.2379319
317.8360601
340.9204835
281.8839701
283.9579537
288.4510968
294.1233946
334.5636736
288.6878365
319.5683365
302.3818519
308.7850681
306.5863895
339.8990393
341.8232429
325.6054498
317.7095113
308.8059198
296.2541339
301.4539135
322.6191479
331.9450553
277.8494388
274.6175929
275.6295092
285.528914
314.0606736
315.8616878
329.4617376
334.6073378
333.1515287
343.1901635
335.9873886
320.4669479
300.8121891
322.550133
331.5627466
337.690106
320.9112293
311.9878637
282.7814133
268.4043207
269.1694759
290.3618027
273.7296308
270.49826
238.9278584
232.4381071
216.3160439
236.1802759
233.0613512
244.4631992
257.9914696
286.3013234
287.2346553
283.4724243
281.0996189
288.5734949
274.8802441
285.6011161
296.5316401
287.1478331
286.020029
271.0892302
265.5617815
264.1258777
254.9568281
262.5246898
294.2295587
291.8674783
273.1598541
278.8186057
297.701704
292.3929322
314.7289644
321.4863845
305.0590614
296.6778204
293.9980962
271.7308072
269.3611997
278.7419486
258.1244544
273.1985762
285.0683571
292.7767018
308.5122778
309.7646994
288.8071339
287.1293652
311.7923082
319.4950694
310.2688437
283.3430272
285.4217367
270.1595684
286.1403845
279.4469759
291.4391952
284.7629457
283.680129
273.6855979
265.1077887
327.4834523
311.412627
314.7837747
318.696095
311.1582932
310.5168971
283.7863789
266.5911778
266.1659628
300.240748
281.9771554
270.480066
289.6740347
291.930423
307.4813048
319.4026229
313.0956737
300.7628723
308.9732118
318.337453
279.7858897
270.2195361
279.5989134
307.1578067
309.3495773
327.1298244
320.394859
317.9987041
307.6953046
299.1352425
291.7763493
286.7486213
267.2381157
272.1593557
293.2398362
297.6064004
344.3023574
329.6829937
331.752354
298.1825147
286.6209712
299.7835246
308.9548597
284.9286407
269.1088615
286.153723
285.7746218
317.2759727
301.1825706
321.3992137
341.4155543
324.8889879
334.8608488
311.8150116
331.0245236
341.9196723
332.8662061
334.038937
325.2291846
316.8192335
296.5261829
333.3215666
309.2462922
294.1500942
313.2919885
326.8610697
307.6780832
322.0972709
303.4547297
284.2927897
269.9017795
289.2432559
283.5303131
294.2512252
278.7928217
299.0761212
292.3728958
273.3074478
281.2840175
288.2015099
280.3621266
275.3000186
283.4461993
284.4061524
316.4148366
276.3605148
279.4288459
270.7974917
239.4010581
259.6832872
270.8954721
291.7329849
295.7221657
281.1748429
286.3995337
296.8056296
321.128706
346.2971555
311.6961813
288.9827301
289.4215567
297.2731306
301.6022773
286.194551
308.2649098
291.1813901
304.6881117
338.9616823
346.5647704
319.0219741
322.4390485
274.4353179
262.7683141
236.8981813
283.0870781
263.7029971
284.24449
274.4672957
278.0533697
286.8779343
258.638813
260.9723719
281.472971
277.2748807
295.3856387
328.9670041
301.8396346
306.6923924
317.7157146
303.5987774
310.525656
307.8435778
308.8632483
292.6411289
284.3120797
289.545415
302.7440985
299.5358227
304.8835536
282.6185455
297.4204011
316.5621619
317.5606534
334.3295462
315.0078378
312.6961136
302.6340678
300.3183399
297.309882
302.9619624
306.8149137
327.8783065
340.1815034
334.4026579
348.0474598
311.6928353
290.6933778
287.8775679
282.4819158
313.3300717
301.7958459
303.5250162
277.5272187
271.4783561
304.0487
287.8361061
282.8227341
262.8591088
290.315504
296.5008282
321.2131957
326.4756001
297.7012015
285.7238373
270.1801791
265.9339097
294.5319247
314.4118134
335.4104909
325.8307789
306.2138877
307.1938223
316.5527534
304.6908232
297.8822402
311.3955725
300.7992666
306.7618741
319.0109443
321.1714056
332.4876879
314.8850567
304.8332838
300.6676566
304.7202622
314.1273378
306.4028256
329.3926453
310.7059572
307.834843
302.0981525
287.6888738
281.313592
273.1920704
296.7938644
303.4076137
291.2529593
299.8746125
302.5255984
293.2655585
293.1272071
280.6431011
288.4553413
286.9881856
290.850271
312.2222166
306.7757564
310.5028395
288.7641878
295.6418475
285.4048154
296.3153532
291.9026298
299.1798152
318.3217705
318.4004427
312.9537059
328.9612065
325.9852515
319.5516435
312.7981193
328.1823035
329.8079
355.121858
362.9493256
336.4123622
299.5746334
290.7698002
275.7514227
277.8224014
334.5198183
333.9499503
309.4145476
310.0753688
312.3139968
335.4068778
355.7895577
327.4168463
320.5253363
302.2063688
306.6251825
312.3111295
314.1835886
314.4398945
310.6080872
321.7392859
312.894939
337.3071165
342.6349226
356.677826
265.453283
276.1647534
266.6370667
249.0384062
254.5530952
250.382897
224.8422619
237.7438547
266.9571687
268.5533278
301.6401912
294.3934679
290.7281727
304.2910688
295.3408372
280.2450792
264.6302692
266.8526301
274.0423202
272.6493354
314.1055669
292.4514768
295.2510788
297.5641641
287.8401616
276.2094836
305.3789571
317.4903958
306.4590604
312.7113991
303.7028749
304.5201755
298.8279598
328.593037
307.5314222
300.6916403
304.6604169
292.7472729
283.8581938
298.1388077
314.0417482
334.5951556
323.0018739
318.0828254
344.2787156
362.8137923
342.3170108
312.7412662
283.1566181
277.2682648
268.7736127
267.511846
262.6208176
253.9311311
289.4219014
304.980025
303.1390043
304.8304386
304.7142035
305.9795597
315.7884951
333.910733
303.8109615
277.0352293
260.6714398
265.1714673
309.6527187
321.1798054
297.0936507
293.4076571
283.085408
263.1128292
295.0431348
267.7116294
258.6197693
276.7691592
279.9005981
263.3407886
282.0989514
311.4600786
316.2534378
322.0779041
330.2140788
299.8829125
282.052688
311.9238122
314.9262433
318.356877
301.0103903
334.7313708
339.8776597
324.0810561
322.0016956
315.2252591
281.073082
268.6411062
291.0318568
301.7426778
310.7569562
302.9453611
296.4399302
291.3600209
301.0502838
336.5714421
324.7851943
319.5480228
289.8534982
304.7827463
332.1705668
314.7444673
299.0016904
344.7994775
331.7007635
320.9919301
320.4088582
285.4425578
308.4785085
328.3184777
312.9392342
302.2621605
282.9860799
282.1396171
263.5999608
273.6795115
271.3955321
287.4239335
285.0974785
284.1978854
283.305257
293.0431934
293.7294578
276.949872
291.1046198
283.9768999
283.4814111
301.5091568
313.4761775
283.7861258
306.162101
275.1882329
235.6275743
257.9040685
270.4848005
282.8317135
291.71051
286.0606023
312.0606584
309.7170983
320.6237903
314.1873169
328.4489713
322.5602146
335.6924378
348.3133982
347.9252812
317.4430491
283.6968584
249.1528789
244.6581688
228.0807126
269.4060014
260.5056883
287.478644
292.5644797
269.8889771
274.821839
277.7989912
285.534988
305.8349429
296.1554263
323.3098215
322.0144313
308.1544015
315.6291719
320.7095984
323.1900283
301.679414
311.8527217
340.9026722
331.5482796
374.3865137
362.5739855
342.1556039
355.5967483
331.4723884
329.9107837
335.7620297
338.1033015
293.5029413
306.3041998
308.2302351
288.6562419
287.6450066
278.2226764
266.9515601
281.911801
294.8366822
335.8566325
364.7098119
367.0804343
295.6789898
302.6488903
299.957041
290.628929
300.7528239
306.0621788
318.6053246
304.5945745
314.4085486
327.7536471
325.9624644
351.7566326
325.9327616
315.5749766
311.9442972
310.9465522
305.7344397
296.9025693
291.1897236
292.188379
364.6972352
335.9229263
345.1290013
341.3521488
337.2956841
345.239065
326.906649
280.1748446
253.4267025
274.8516331
291.3382111
300.2005686
290.6538719
307.676516
322.388172
334.0683055
345.4779962
309.2383878
347.3394714
356.7568437
316.029387
297.0996028
316.9780391
329.6237571
341.6632156
331.1375985
369.1132019
336.7198909
325.7640848
303.7157004
290.2053553
298.2533612
307.0109902
334.7332152
342.7015729
360.2369448
348.4275899
354.5646836
335.9117227
341.3019904
340.4624202
321.907978
339.7393043
324.3529484
311.4579967
310.50596
279.3613206
284.296464
283.6119113
276.518428
268.4930749
264.983012
278.132787
270.1533893
280.1529137
266.1370126
320.1557758
340.4726718
347.0336986
345.295798
344.7628575
336.0607034
321.0398684
324.0118181
316.4611969
296.5632133
296.2414413
298.6792698
302.8703174
343.5036846
345.8295293
331.670078
335.7982088
349.0890547
331.7673551
351.5724922
333.3407702
312.4747926
296.3570656
326.9463374
319.4951264
328.9805127
309.7553321
294.8607687
313.544041
315.6107151
323.4608494
335.8864138
340.1983824
332.666415
341.6993647
322.814145
311.0706035
304.4743818
295.235557
280.0846323
298.4797938
310.0030992
327.7407832
330.2128335
325.0338006
335.0961261
361.2424182
387.9925373
348.1918778
307.2713057
310.3217793
306.8091696
298.7482587
300.4190667
281.7154519
310.9854295
290.2746893
300.9284931
311.2549792
349.1706541
322.7044578
350.2401359
338.8358585
336.0957497
282.673854
311.0834754
311.8296149
311.2801996
336.9451881
316.3156309
308.4585711
319.3905111
331.9991583
320.623615
303.4111839
291.7566815
281.3705807
268.4690688
245.9528622
246.7392829
261.639244
250.3700651
253.7934322
263.832523
301.0891285
311.0539395
270.2140146
289.7240325
289.7759905
314.9848022
328.0041685
348.2866072
320.6739034
295.8725055
285.1703042
299.2668853
312.6539196
307.6335147
299.9894378
304.4085874
302.7059271
305.5082645
295.9716978
316.0433892
291.7944824
278.1110932
297.5046717
322.1488042
283.7361715
261.3230407
240.6271778
240.1939825
279.8763704
299.605411
319.6443748
320.5361902
310.5521705
304.3591198
303.7024895
325.7254622
298.33741
315.3933244
316.8128675
303.5825575
258.2408954
261.2159285
263.8315611
291.6213866
290.236771
275.6790727
264.7795672
281.3296216
265.8314912
280.1900565
283.0329757
276.1169028
282.7674777
322.669056
316.5333812
300.0567608
297.935645
301.6075752
274.8421482
271.5888211
339.0843529
327.2919372
315.1243484
300.4671587
315.3899852
335.3187247
320.104883
318.8876789
296.1489794
287.7093124
273.190785
271.2426992
267.5704799
291.1721489
310.4340274
305.8665791
272.0804621
278.5078608
275.5785331
286.6677978
280.5850218
258.2853241
285.1631542
286.8459959
297.593288
292.0937128
335.7509421
346.0705515
347.8079208
343.1529262
342.4960909
343.9923894
325.1800933
309.3499342
311.5150559
321.4442426
294.6281685
280.6641407
291.277966
282.1843227
309.0071167
288.9347353
304.8416846
301.48205
314.2154713
317.7768272
310.1014172
303.4646181
299.4130186
321.7117358
291.2954047
295.2711699
313.1285463
293.5119775
313.6750422
309.5441411
303.1636981
337.2624812
322.2384072
321.7215527
333.726375
354.5774512
315.2298631
306.1500693
322.9677186
291.0288144
314.0098027
309.0224664
302.0970803
308.3956631
322.3847504
337.0282622
319.1737282
296.0573382
269.1260147
249.3778287
273.6916074
285.5745122
325.8901383
339.6893637
300.8158474
290.6887045
285.662396
328.9964443
351.0081712
337.1136909
317.8825866
285.9260986
328.8339
294.9891302
300.9230311
300.839896
306.8095284
307.7119036
310.6981083
317.1310501
297.9835819
323.8401846
292.2767218
313.869546
289.3200126
303.5410139
318.5673495
311.8607964
314.1127909
312.4731488
307.3143937
341.3034157
332.6415256
322.7100409
337.1572549
287.1058425
265.7558386
242.1846089
243.8561987
268.2853704
258.2249239
283.872264
298.7732033
284.7687497
274.9843308
268.6766983
278.7599268
271.3082261
274.9452595
286.012878
296.7354175
318.9234089
355.446372
340.8265497
350.484817
339.8751022
354.8934346
369.73093
349.9120084
349.2783495
348.7598213
315.0156679
310.6228796
285.4010901
335.439365
348.1953574
331.5307949
326.8344699
319.5096677
336.463529
300.4614645
275.895553
268.5893312
289.8003897
329.1188423
332.311941
327.9966584
299.9101578
324.7348901
304.1133897
306.727731
292.2904896
278.9365702
313.2494146
254.0258349
244.7316944
243.2269437
257.7870655
302.9049762
321.9519778
354.4637985
347.42858
324.408936
316.4941356
315.5746447
320.5826812
280.2177006
277.8692753
295.2978793
285.2465524
278.0049735
271.6481688
271.8968725
248.0276131
289.4369913
303.6087017
313.3884114
328.0965048
332.8604877
308.3249308
314.1800841
317.7418698
308.1934193
273.8476129
275.4567434
279.8353873
315.6896682
313.2200838
295.4415915
327.0971308
336.8269996
310.7308304
292.3727922
271.6425011
268.1372869
252.4910665
271.0131959
255.6389824
245.7315338
259.4211613
263.8515177
272.4382173
302.5114281
302.1626112
273.6992582
262.2249604
258.7291207
269.8418452
274.6788334
266.4206168
273.6532567
302.2497332
262.1158921
261.7767291
315.8903257
264.5937727
230.1714376
247.9091511
279.8560329
308.2388753
309.3842727
293.2240404
301.4609517
295.009142
314.2431384
299.7954419
320.023265
319.596396
321.6415008
325.4213636
319.4242523
322.6423887
340.1665339
351.7411063
315.8855603
325.3316296
316.8468412
290.8208367
299.6420167
318.4291025
305.0313907
312.048234
293.4338207
306.2200522
325.5378797
292.6569112
289.4764502
282.2555819
306.5573188
328.0875123
331.4040754
314.8222145
318.4748712
323.7130591
337.0834793
317.2831832
317.3277336
323.8673836
325.6598433
313.8442377
271.7519095
263.2476695
258.6169288
282.6221143
280.478406
311.3015801
334.1021518
367.398275
347.1409512
354.4787609
340.9551018
350.7042163
357.2725323
336.1111825
286.1762975
296.8371431
298.702794
291.3719823
260.1080989
250.4273383
268.2771243
290.4001969
298.1240879
299.5343899
300.4299686
308.3427778
315.67735
300.860109
292.6351633
289.2609526
289.5075923
291.0909117
292.1122871
294.9811813
343.4238741
314.6531101
313.1042256
295.858338
320.8869768
324.5050884
349.1986992
316.3436786
321.3518835
324.1794435
321.7481955
324.9522309
316.2626105
305.1147526
326.7406071
320.7552302
335.2704339
335.4233213
359.2833596
349.4923207
295.6445857
287.5513467
294.0086072
309.4590716
321.3228844
308.5171595
322.0794916
349.2680091
371.8707914
363.3318251
341.8136333
343.8898245
348.249783
329.6172826
314.5200367
284.9922709
297.6510075
291.5733049
312.034549
307.6677139
297.567984
284.8132492
296.300967
311.7905825
321.5119347
336.0839654
327.3315851
326.4429973
344.6449523
315.2325442
310.2646296
331.9950853
331.9795018
318.0700021
334.7785513
309.8965432
320.4713642
319.3780694
319.0223362
318.5140111
274.771788
278.2551879
292.867151
300.3153977
290.9905744
291.1395009
301.4208549
315.415848
320.339553
299.1082044
299.1781602
294.2434559
312.349919
337.9744581
324.3286411
315.2972333
321.2729714
323.0296395
271.4320386
272.2882504
359.9894524
351.3288492
334.9966514
308.3603736
318.0172245
325.4088464
325.9918306
347.1536793
350.647672
347.01168
323.4976082
334.4939848
355.9533366
337.1109725
333.4704127
324.7091148
289.5909794
293.6891097
311.0578114
341.2312077
329.5684322
324.468411
336.1693841
347.4322187
351.2813946
312.0614028
327.5903744
308.084605
261.2497524
260.9956524
257.117315
255.8669516
265.2750702
286.5790704
318.3780154
362.7860596
374.2973941
379.0066719
400.2077804
325.6873449
324.5994804
320.2997448
294.2468697
294.7578393
271.8696614
289.5760026
277.1418256
286.7732565
286.8888392
293.6272968
291.8182853
303.7380747
319.6995086
336.9336207
342.9568821
313.7298434
311.4593969
310.0875764
281.6526612
308.6659961
285.9902552
288.4083589
262.3615851
271.3838092
307.1102593
317.3338942
305.2278567
293.5739166
288.260467
293.7207996
295.4593461
305.8700421
303.3348347
305.5005841
329.6751148
299.5061062
266.2327467
296.4969844
315.9979562
295.8990303
313.0731977
307.4275922
320.3548264
312.4628045
294.1611697
292.4474654
288.5541552
307.2683376
329.3820008
366.9616603
355.1595307
345.979315
335.5181033
338.4889584
304.3471068
292.6744981
295.4978525
313.6866969
293.3990335
303.4680037
296.4643796
267.9223008
276.8310217
285.6331569
282.066328
278.6691711
261.118927
290.3187945
299.5824107
285.3084649
304.6722909
314.1265748
285.2759632
286.5569466
297.6306221
329.95363
321.3395688
304.4989748
351.6423225
342.2296807
325.0571131
334.3557993
312.983131
320.9566571
325.3090881
356.1739971
372.5886987
360.2086089
325.0968468
310.5146882
293.9242233
296.8303171
306.3798667
303.8613488
255.2842123
239.6449273
250.7406267
280.9710158
290.8790161
307.9384231
270.277493
258.8356462
284.3962141
312.6156142
297.2091954
287.7432249
304.7517761
304.4275634
253.8124611
274.6848136
284.6253756
288.6725615
268.0899412
254.3767232
256.0620129
279.7722519
273.3816118
281.9331192
309.3222433
288.9663199
300.4133554
326.0488071
310.1261107
284.8241643
260.6422149
260.0940956
275.7298738
310.1048195
333.8543511
342.7315887
332.3111022
309.0585346
320.8677266
318.9685281
337.2019689
306.5117548
298.5016763
283.810192
261.6373114
262.4995593
273.6234264
265.2084601
288.4181873
304.5197734
315.1582556
315.9037024
320.2955099
299.3807049
291.0751354
276.8497871
269.7129483
275.9950446
263.6754035
283.7036228
275.1874012
276.2555093
326.6726855
293.0019508
304.4477191
277.2487124
284.2607075
299.8142408
283.7203822
300.7601555
322.035745
284.4899426
283.012905
281.8099207
297.1075671
315.7647014
336.9630437
342.3654344
320.712567
320.6495754
331.7358731
330.8902666
302.9815204
296.038566
315.9875722
312.9550054
287.9826652
301.8075754
302.6042411
309.8154726
313.7699159
343.5768642
371.6991902
366.199414
322.528387
336.1464386
336.9101192
307.5830553
265.4758507
260.046256
267.4661355
287.9453611
294.1255688
282.9156739
279.4613684
267.4580151
277.7030275
262.7591137
285.9054797
298.0550629
325.8852994
305.8070106
283.3629722
296.4951097
299.156821
302.52979
300.8855654
300.4990371
290.8963786
321.5918028
331.7492911
327.3681145
264.8186116
260.9877695
256.4589261
256.9187815
332.9037532
301.5418464
329.6798835
341.2755873
352.0770813
348.377197
336.247969
293.8208263
286.4769408
289.4076282
310.753218
311.1747677
315.4871787
328.4524575
291.0231743
299.0180045
310.0260186
316.271431
304.056848
308.8861034
315.541694
338.7151459
340.1772584
275.8227401
232.7836113
254.7957032
270.2779533
275.3564603
255.0861683
271.4741217
280.3419583
282.728522
300.7731729
294.2835027
306.1823593
302.2111816
285.7315443
281.6847864
294.9812517
298.4870792
276.305215
289.8497479
257.1370174
265.8997363
290.7291475
311.2716597
292.7994077
283.2446971
290.5128016
299.7664563
289.704838
294.1917236
294.7877109
280.7950143
298.154416
307.0605533
309.1146665
272.1857874
280.1571936
290.250807
304.5023566
316.5702609
308.0799586
290.9263986
281.2589276
253.3351958
279.4035117
290.2219231
295.9404219
305.2586651
273.4762438
264.2415952
261.7842448
250.5035848
263.8659619
289.8191043
317.3725459
329.3840497
297.9594633
304.8345867
345.9959003
346.1293726
310.444469
342.4372292
328.6207468
313.6277704
302.2075929
311.45245
314.9136007
337.3415566
342.8127728
324.1986583
331.0211645
316.7337612
321.2798032
305.601016
277.1803339
282.4114919
298.7334366
340.8686441
265.1956753
263.8933644
294.2966657
278.7698239
255.0906594
268.7909539
285.998853
317.5859363
331.5812828
300.8124396
337.3439004
352.5734468
340.2578965
306.4481705
305.6256519
309.1315495
314.128747
300.7850324
282.6953931
252.8264916
314.9191158
303.8028347
307.419974
316.3547826
297.5283497
290.2134716
287.8699159
300.4610663
327.740929
292.6920045
277.424224
293.0100042
287.116362
307.3039116
304.7728231
303.1478056
305.5715755
344.8517239
341.6457539
306.2083454
344.0939709
329.9421135
347.4010405
334.5575622
342.1862624
289.9007839
278.722696
270.4420718
274.7334731
285.3348772
287.4633864
270.0343054
301.4071434
305.9888781
327.8796419
353.5630986
338.5985335
315.3930201
315.902953
333.4895731
287.6271941
279.8265305
281.1072796
295.1640804
315.1414547
308.2921199
320.3690238
304.3216228
324.610335
337.6543434
313.899325
311.8054691
282.9913683
316.7508545
312.3622937
305.4073963
344.7116334
366.0198493
330.6033604
304.6400587
284.3681999
292.8977199
306.6633501
282.3016792
293.1396103
275.175319
288.5264746
293.2765011
296.7368634
293.5038255
308.0042905
329.5642598
345.060973
339.8976045
330.0391028
314.4870689
316.7944886
267.4310304
271.2150616
295.6370527
290.0511768
306.6879571
284.1523626
269.3403207
264.0778685
265.1203783
275.9080604
292.5283815
308.1071644
304.6790537
305.6485289
302.3644527
305.7697774
310.0495725
303.3365059
311.596431
339.4506837
321.2684443
307.1391065
285.8990975
305.770857
294.8514845
299.33425
318.8652888
305.3961754
299.8125651
308.2912735
305.8550966
320.616424
313.9265683
340.1227472
333.5897645
312.1915674
314.0690373
287.7926882
281.1181115
275.1835795
298.9861335
309.7988167
312.5710164
290.3484029
295.0102411
281.2751234
292.4627378
336.1215445
328.7256117
321.4632127
291.6730157
305.8371115
300.4302165
291.1836591
298.2869682
275.2817475
256.1972133
269.2066292
310.2418062
310.7204327
302.0762363
285.4825161
307.6001419
298.0197371
299.1926043
319.8901777
326.8749887
341.4266099
355.7248828
339.0414639
306.5928132
254.6116307
257.4740716
292.7743364
298.1953209
303.9791961
316.8638381
296.2326619
322.6875562
344.3400832
351.5395296
344.3410024
307.5519209
353.0673264
332.9287219
331.6758947
348.2867257
372.3435455
360.7075078
335.9147015
356.7386414
364.9122125
325.6277015
322.9960685
316.7313252
321.437609
291.6825071
301.3931466
320.295822
318.8595349
351.4921165
352.0270491
351.2190173
307.1752821
318.5004909
297.586212
273.4137827
232.8863111
247.7116014
262.3566312
253.7364735
296.9773045
302.8485391
321.2680243
346.9454663
351.9459526
369.7877097
315.0197522
310.20129
308.7078282
327.7942042
316.8600535
278.1130545
300.9872149
303.2963667
289.0561287
297.9760422
325.6013001
317.6988757
329.6450751
307.8145774
299.1673992
311.805457
310.9839342
327.3279169
332.6185702
329.6593247
332.398348
350.2431491
334.7649734
314.1772776
302.3464004
292.4658988
323.5637153
317.5142717
332.3927489
300.8362924
300.1908759
293.1811117
270.0803684
281.2165407
293.7547643
293.66544
288.3717038
294.0326423
292.2686679
303.7479618
294.0327456
330.0227021
328.9900516
351.9687696
366.732389
312.4294511
313.8670858
309.758398
299.7781686
288.9034106
276.7091381
266.0959798
245.9364989
275.4550614
301.6984679
261.079326
308.0520279
334.1629984
336.5265249
317.905495
295.5012457
273.1532433
296.5135718
318.8781443
316.7274472
317.8850446
267.9480294
272.312935
302.3331146
297.6411611
338.6731251
343.0010229
315.5967721
296.4157089
303.5422949
309.4243376
313.6495035
296.6085525
298.0555215
302.490217
324.7313605
301.968296
319.2135287
299.7212152
299.117748
291.4476699
314.1487031
285.6107303
279.5472692
275.9199791
243.9978288
261.7723009
257.7355721
280.7379313
274.9566577
284.9723794
308.0816574
314.461432
332.3982988
328.6607601
320.0282626
313.606442
296.9931138
301.6609515
306.7942433
297.9641381
320.1203984
332.706426
340.6923522
341.6421367
358.7034927
388.6152478
399.9058157
364.9996374
311.3140076
309.375595
282.8854067
280.8198068
270.8478819
274.7313317
270.3791602
268.1555919
256.6871991
260.2883582
262.1459352
301.6402664
283.8270735
281.6492051
268.0259636
307.8711089
331.1648904
339.851249
327.9823971
312.072116
307.7567291
308.5212243
292.2804938
268.6027229
272.7704741
248.5138655
251.4100814
272.7459408
298.1531317
281.2171412
264.573236
289.9514926
278.6064738
299.5804389
319.5118744
301.359706
282.2942939
283.7721139
281.8027725
263.5608649
280.8172047
298.4063287
305.0647801
310.0732786
289.4562665
294.496546
318.5781999
306.1351125
328.6053526
316.8403233
293.5677244
298.7342342
307.8908991
339.1917575
326.6836596
336.6792919
310.7636597
290.2823411
270.915589
297.8332323
275.9196957
278.6935474
324.0182577
340.656641
327.7672713
315.7285859
319.5574234
325.0807777
335.4646439
328.5120323
331.1132487
321.3162278
335.3824964
307.7449542
323.0146525
294.3967565
292.3586787
321.5452653
311.8252552
323.7722874
305.7979656
287.5493865
296.104489
289.6461183
297.7544278
323.9943073
334.608236
337.6455079
301.3015651
333.8867237
336.8333264
375.6508017
337.4828877
345.6054101
335.8341691
358.7295893
345.9544863
315.4193891
307.1082986
280.6913196
269.2998925
266.2935586
277.4968266
279.073863
273.2751021
259.2471986
302.5654519
279.1149935
289.2650852
302.3426674
322.590419
322.9049251
269.4799757
267.8861694
290.1442239
300.4094257
294.5957585
320.9510298
322.9630688
316.6993035
291.2009121
279.708568
295.7385341
299.4225839
307.6137884
350.4324402
356.4802563
343.8890694
313.7124165
281.4794001
260.3001243
248.2454601
307.6942142
309.6225889
302.8077129
306.809651
278.2023351
280.7782619
255.5595679
268.8613054
289.2889743
298.3328367
296.06601
279.8322169
295.1378032
275.5708612
268.9453256
263.752114
269.8905707
281.9089736
285.9819966
289.9334629
287.2285792
283.2739679
287.8325505
282.5299119
285.3427174
285.6942125
305.7641751
314.4427989
350.6415879
344.0596445
337.5301651
314.3436937
316.4643207
279.2414619
281.0492696
284.7482004
262.877241
262.4203589
275.9932281
282.2501184
311.8350596
291.7333759
286.8093181
305.5967292
300.5587329
311.1386226
338.3999225
309.1905405
305.2385989
322.8478197
302.2238965
321.2329644
325.1955538
313.8211578
321.3449219
314.2894727
317.8168651
311.6019759
321.1847236
334.8544693
307.1190781
292.6791503
306.7820866
295.3179864
315.7122867
321.583121
301.3061703
293.1793445
293.8199517
282.2784779
272.5759145
243.280664
285.7404474
296.1529993
306.3799041
321.6279484
343.9610055
359.8193933
333.6324224
322.6799595
319.3389336
285.9142227
322.1445125
346.8484837
313.2750741
312.7858542
336.0794725
342.0882766
341.9979882
305.9014076
289.1849385
295.9797037
285.9843516
289.1018956
312.7508501
301.0764181
297.7316213
269.7300239
298.3606123
308.0508542
281.0804963
274.4247791
252.6547302
242.1105348
269.7213774
282.5847586
270.8556858
271.3593224
308.8539671
351.5920624
368.8020257
302.0439015
307.6171636
272.2292896
248.4922907
244.4366395
289.7869188
294.8877189
298.87585
312.966722
262.1140002
250.292978
266.8362098
290.0951242
298.7711389
294.9310272
328.1535607
359.5933973
301.5256725
280.1158797
269.3746522
272.6508889
269.6541645
283.7923265
301.8669474
292.4317683
276.9020573
272.2146023
253.7435152
269.1845471
247.9788091
259.0439207
257.215382
269.6440795
261.2726679
260.2217688
257.3423841
242.2531516
229.3522758
246.5762384
255.6231837
275.0226729
282.9824408
265.7848557
296.0216104
306.774095
311.2491621
265.7439344
282.4338485
287.3646159
301.1618547
326.041972
325.709521
285.2202403
293.8509115
275.7121437
286.5031317
327.1950004
361.3770865
306.1357336
306.2343931
305.7674086
265.4696152
241.9663981
243.634771
246.4232094
267.5752172
284.5018139
312.0091993
302.1013453
284.0011892
279.4092049
269.6533955
307.8083227
331.6006907
365.2701332
377.0795583
355.7001738
333.2265968
302.6223812
304.6686296
275.4181888
250.7949899
262.9068234
297.8120743
271.8060751
259.8575932
275.7402034
250.2458277
278.2072659
316.8255264
286.0987141
287.0225831
293.1169679
279.6407318
296.1048557
285.1762623
307.4709108
313.439533
318.9263115
335.7651365
352.7251568
365.7113534
337.2515865
308.6473669
304.5535978
291.2994889
288.1035147
308.1915183
303.3517605
328.5155981
303.947829
267.144779
300.6632691
293.575403
302.5534686
299.5090855
278.7226377
288.9860379
297.9597998
323.5820378
318.809084
308.1636048
301.1955774
309.3926557
328.1280886
342.8718618
338.4833152
322.0408007
305.5072635
263.4798588
277.8307517
276.4584979
271.593986
273.6561158
297.9365527
304.2135139
332.3857755
312.4922883
316.4495627
282.5602627
290.4613974
319.1219509
331.9209822
308.7441255
292.6210133
313.3031666
280.0520813
292.5022272
289.082118
327.9065506
302.5407432
287.4391401
276.6955168
281.9702437
264.6064018
268.9576709
295.4756695
295.6458758
286.8555715
280.2930176
295.1828188
304.2251715
318.3612823
293.488771
292.3344493
300.9349988
347.7410988
334.6731745
316.4692464
287.1781476
320.9420497
340.1020863
312.3643877
325.3310192
314.3126134
327.6414459
332.3369119
319.2978383
337.9851131
359.5602589
345.4919416
311.0185343
283.6637771
252.3222732
292.8777588
298.0507275
308.947259
308.3815333
305.4086487
262.2869244
255.1020563
240.8965654
249.5796659
269.8542491
307.3507549
314.7270313
336.2423052
309.251663
334.042836
289.8909177
320.8213281
299.9578976
301.9348949
299.4639993
297.6250471
266.6826099
285.6466739
293.2144184
269.2859143
255.4649429
241.7273243
271.936031
261.3299681
235.3455252
217.8258208
225.3473542
229.4688753
252.7176652
251.8785907
281.4722661
285.2834998
292.4144447
309.2100439
287.3772825
267.9343189
265.6389897
271.5708011
292.3802586
298.3529021
244.7625708
251.0619322
254.1682867
270.3338494
294.0686884
293.066962
298.7640828
279.0276719
251.3318119
257.1646018
266.2571573
285.0250834
278.3125997
313.8235785
324.1209421
333.0176349
335.5091758
309.5283474
283.9912038
264.5545929
247.9844579
287.3413544
267.6466359
271.0261184
264.1800663
267.8169217
271.9125759
275.0746018
296.8995598
308.5620457
318.051102
300.1998124
322.130406
300.0144745
280.1308951
268.5161104
264.2520664
276.7806553
274.5787736
251.3474895
305.7279242
292.4438325
279.1641538
284.3124437
311.0801306
288.5041015
289.5204668
282.7314188
262.4392653
259.0001643
267.2970148
284.0639365
275.2114659
291.4288822
280.80686
279.1978489
253.890781
272.7994127
291.574626
313.7660895
270.7767022
284.080422
288.1682412
291.5340366
299.7093507
313.9498544
306.7718506
354.5747294
330.9153527
317.2985874
299.1451619
315.4701722
313.6738977
313.4503314
295.738956
248.7008327
252.2827466
263.6753264
250.9447552
259.4414359
307.6452503
309.6642515
316.3229569
349.4493453
353.7367717
362.9758668
328.2843832
324.4285221
289.3890351
319.6401635
305.2026181
262.1634599
252.8707546
277.7104869
303.7287129
307.0720127
310.0857588
270.7015936
287.7884863
291.1294958
323.9610047
342.5024359
347.8104601
329.9545419
316.2885751
320.6193308
332.7907955
285.5714193
284.4849823
265.7555698
291.3737464
288.9980036
303.4046985
298.7211251
272.6291055
278.8035965
303.1319303
312.7724678
326.0842114
312.250753
307.0814216
323.2689751
325.6719126
298.5890653
311.3522037
298.8161134
267.9709551
257.7826408
272.5597459
270.6023885
274.0246467
281.027565
307.1518432
299.7485199
294.4614481
294.8664452
283.1066909
297.121287
287.4917576
302.6221982
319.1690326
303.3976918
328.0279527
320.0273293
316.6051247
330.6791291
301.9750593
319.1790572
281.8546928
276.0968904
269.3355683
274.2331828
281.6021417
256.5781893
290.0617138
308.6513613
338.3056256
321.4057211
309.6869675
314.3733293
292.6191572
318.5328905
317.8523013
317.2551586
306.7170609
276.4203035
260.8089787
270.1884602
318.1514602
332.4444347
317.4819945
335.3761582
309.680902
308.8115991
274.5056301
298.3923786
304.0842114
294.3270223
273.0459629
295.1008793
281.310146
308.7965702
335.5278441
315.2317138
278.9287513
259.4694435
287.877268
320.6831638
320.0089973
305.1836808
324.6884025
333.1343539
351.2465903
336.5373388
343.0422111
294.3014831
281.4176998
284.5288537
290.4214438
275.5384895
)
;

boundaryField
{
    xPeriodic_half0
    {
        type            cyclic;
    }
    xPeriodic_half1
    {
        type            cyclic;
    }
    yPeriodic_half0
    {
        type            cyclic;
    }
    yPeriodic_half1
    {
        type            cyclic;
    }
    zPeriodic_half0
    {
        type            cyclic;
    }
    zPeriodic_half1
    {
        type            cyclic;
    }
}


// ************************************************************************* //
