/*--------------------------------*- C++ -*----------------------------------*\
| =========                 |                                                 |
| \\      /  F ield         | OpenFOAM: The Open Source CFD Toolbox           |
|  \\    /   O peration     | Version:  2.4.0-MNF                             |
|   \\  /    A nd           | Web:      www.OpenFOAM.org                      |
|    \\/     M anipulation  |                                                 |
\*---------------------------------------------------------------------------*/
FoamFile
{
    version     2.0;
    format      ascii;
    class       volScalarField;
    location    "0.0006";
    object      rotationalT_mixture;
}
// * * * * * * * * * * * * * * * * * * * * * * * * * * * * * * * * * * * * * //

dimensions      [0 0 0 1 0 0 0];

internalField   nonuniform List<scalar> 
5120
(
307.3824445
291.0605493
290.6658257
295.0392759
301.2861811
288.978515
296.9455075
295.3333385
298.0276614
298.5789335
288.3713537
273.0848739
285.8689768
315.1903294
322.5432964
329.2209215
324.3442001
323.3340195
313.3837532
314.0831011
305.4235012
298.386166
295.0917548
303.2423324
308.7057347
314.82898
316.6459218
290.107952
284.0345399
277.176141
283.5038606
294.043686
292.8133421
289.6739514
292.7248675
302.7919738
294.0762726
294.2665359
310.2534424
302.4480291
304.0602214
303.5814431
310.235653
316.5526367
322.4526104
314.0207429
299.7831919
305.1108695
316.2349809
327.3219735
310.9093878
310.02084
306.6690826
307.2013216
299.6942317
291.3769543
287.3919909
283.960311
288.3128589
286.3438132
314.0400193
320.051027
319.6090878
301.9311951
297.6348524
305.1666168
304.3546779
296.1914054
287.9544138
281.0069414
277.0105478
276.8248225
284.3072039
291.6241634
294.3851277
302.4684825
304.5031668
312.5942726
305.2732003
303.9501164
306.7325254
310.1740268
294.7201035
280.3641626
286.9522386
290.0023357
291.3000162
291.6121767
296.2282446
290.9598902
285.342933
288.4835295
289.1543033
286.8733792
285.8195143
286.3227932
279.9135857
281.4758367
298.1159602
299.3186325
285.7479279
305.0490801
296.2187955
288.8647123
288.1756936
285.1372956
295.7492798
296.275957
288.1367111
299.2602111
308.4404445
293.2960386
296.2789649
294.8497623
285.3049638
296.9601464
297.3002059
315.9115634
307.8598189
293.0326417
298.946856
295.4238192
303.0584216
307.3605182
302.9033454
286.0491075
281.1233163
295.1109873
309.534359
309.432619
310.1995181
302.4061359
309.0197457
321.9436181
323.2346456
305.9615491
305.3132124
296.5977744
303.8833813
299.011382
309.4683621
305.7403242
310.3038385
301.037087
302.095365
298.5860255
282.945768
279.2539059
277.8289313
286.823486
281.7574518
298.4123025
296.4904452
299.0630271
314.19775
305.8973135
327.6191386
320.2668032
312.6492125
318.0084207
297.1231093
295.6180589
293.4455808
301.9001495
295.5557638
293.4982016
291.9235825
287.5144096
297.9776392
296.8831245
279.4554068
280.4045512
286.4010924
293.7364559
298.1781327
308.6980461
335.216499
319.5012464
312.2122331
310.5108017
310.5331364
317.7163191
310.2638457
325.8605213
332.2899056
326.2276052
324.8479664
316.2251058
306.5658576
305.0069442
290.505021
288.712088
289.5369255
280.6591708
300.2989499
303.3127492
288.6796098
291.294312
297.9714291
294.3288934
320.0793678
325.611189
322.991228
311.6860471
315.7857821
307.3344173
316.7395556
312.1263238
305.8124261
283.7755133
285.4102398
298.709907
308.3215558
307.847482
309.7577099
302.0821725
302.2535601
300.1659491
308.9065755
330.5806336
323.9494785
312.4150514
308.8772325
301.4276009
294.8804626
284.1575234
276.0814674
289.1829262
289.313298
309.3876078
306.9720917
318.1708457
313.0120286
309.2435794
305.6334596
327.1370778
333.9769369
347.0967667
332.7513191
334.4273504
307.3604528
314.7341877
300.3578002
300.0278878
297.7975498
314.8153912
305.8825111
302.625993
298.1097917
297.2671549
306.8004393
315.2495219
309.9501147
303.4976296
298.7565282
298.5313261
303.5461177
287.5863573
305.6653604
311.4912682
293.0536941
297.4897543
303.9305769
307.9226076
305.7132318
304.3170515
298.6873998
292.6223726
283.3552525
301.4045692
309.7546904
316.0440616
314.2133208
320.2580384
307.7325315
302.5291853
298.3076913
295.1341051
298.6384133
283.0170482
301.9429874
300.8548023
304.3663897
312.2865166
320.9955864
324.1063927
330.3839011
342.6838174
341.8335436
329.3585197
327.3271715
324.5716982
325.9204452
325.4720657
336.0432834
322.6971959
304.2061024
300.5352363
302.0332718
291.0858225
315.6184127
307.6734862
305.2522304
316.6613357
320.8749398
323.7861416
322.208758
315.2412233
314.3526273
329.082395
319.550381
325.164173
327.1281937
328.0978703
323.8151871
329.5758793
305.8302885
298.2502389
296.7873723
309.6547391
306.5759667
314.051859
306.7176516
296.4434168
285.7087381
281.0292778
287.1267256
284.7393885
281.7234976
287.9964269
293.0102489
297.6016613
286.2043253
270.4390565
290.368313
303.0797712
313.3326467
321.0810044
326.4461622
313.7817768
274.7365308
282.1231959
286.9201462
299.4295625
295.0221797
285.7426528
292.2689361
297.9602593
295.2973518
298.8874575
289.0694377
291.1988927
292.4761371
275.0732357
276.6316387
277.3718717
277.791642
277.9369647
274.8329582
278.4868682
302.4196359
301.3721749
307.8998972
299.7116556
290.2873742
289.7208725
287.4548686
286.8538642
281.5076315
270.2821812
283.2223081
282.7377581
278.375968
269.4947116
280.9068749
291.5211051
283.5520998
283.4166514
295.6158414
287.630446
304.6220896
291.8368458
287.9569891
289.050819
291.2815881
282.1861877
283.1588929
285.2085129
286.8845453
285.2836251
283.5665745
267.1089951
267.6117221
281.5368819
281.1693188
289.4422334
295.8963217
284.3280529
293.5366992
313.4450957
269.6656094
284.3881849
288.2479196
284.2954348
278.7775274
286.9985913
284.254766
278.3852258
277.7944777
283.179327
301.2021775
302.0860566
296.0443586
288.1458986
284.2199942
275.600351
294.6222126
293.140133
295.5096117
273.208907
279.0696336
280.0999982
290.9676693
298.513156
289.6734108
278.6990377
273.870902
289.3596879
283.3858641
277.3175676
256.3864911
261.7952737
278.7480651
281.7066975
283.2167054
290.6035788
290.1276451
270.7034152
269.6042972
272.6686624
284.2343565
294.6588462
304.3921084
302.2836517
290.6804597
284.7503587
302.9766097
300.4749965
322.5611658
321.5775526
324.3177841
313.8262684
310.8066615
303.0545713
302.7478471
286.0946663
290.217983
290.8861202
291.3950491
290.6827466
308.2109763
311.8537808
306.5796148
299.1307594
302.0174179
309.3851473
315.1475174
303.1577051
305.6343293
297.0176085
317.9980918
327.4723356
315.5690565
315.2158916
319.5782743
327.6071405
323.4395636
315.1870379
312.3633944
319.4190395
318.3472924
328.7536976
320.3269356
314.1748666
304.1128568
299.908778
303.4337195
307.6066711
298.9718357
302.4093264
294.5513532
301.9009293
299.5381781
310.8204586
298.0639532
292.4575547
291.7454487
291.6323964
302.2215036
313.8790829
283.2186226
285.473645
293.0774653
300.1644998
293.4722373
292.6554772
282.9773444
271.7085889
284.6224402
290.5439162
297.8352207
294.5120304
313.3040977
302.9879814
313.3961385
303.7331338
294.9394658
291.9662147
280.6556281
277.1731326
288.5933321
278.3381187
281.6472528
273.2600601
289.1107332
293.1389575
306.2413085
311.6816026
312.4452934
321.0892677
320.5525462
306.395561
297.3620651
296.2784085
292.2159216
281.7502004
270.2402204
284.9177523
287.4171927
286.2510675
316.8141614
316.7708329
319.0702074
318.7138967
324.4809158
311.5387754
308.2073895
302.3700483
308.2587172
311.1850999
320.2413809
315.5270472
299.1757938
301.3975438
304.2249315
321.4137415
314.1920444
318.3140729
317.9411479
317.9110054
314.4046501
313.9473942
302.8818634
304.0574034
307.6962342
299.7027954
304.1434909
299.8593959
317.2253822
325.7197175
320.6943433
310.1535986
296.8504824
317.9716843
319.3147336
312.5906199
311.5669151
311.9799122
303.0645986
310.2733484
301.3929905
295.4413029
305.7419732
297.3384867
296.2886522
302.3623639
308.4719109
308.985616
304.0789397
288.8209364
295.1810481
305.2810305
309.6785129
309.5955249
310.0419299
326.425323
319.7909596
315.5865062
307.9238903
302.943589
314.231979
315.2971712
317.4960107
321.2708171
322.4560261
310.927665
297.182077
298.5235194
300.8666373
289.6331361
300.5260869
298.4293549
311.7232567
325.3570976
324.8542457
336.6133154
339.7097516
332.6054035
339.7436121
318.6190613
339.4574643
326.1591597
311.485565
304.7312142
313.4853866
315.1814397
310.9833231
309.6384168
305.4438306
293.8583339
306.7655954
311.1995068
310.7730026
312.6083567
308.4227601
307.4513822
311.0749134
331.8471488
330.4037435
341.4850611
302.4948225
296.9200434
296.7736624
291.2938491
292.383401
288.7975136
292.5469177
290.4441984
289.3689086
296.8061389
304.0337281
291.0431335
298.0299763
281.7699777
288.1921637
297.0623272
295.3779126
305.3628039
294.5509961
319.2112798
291.809242
277.4776426
274.4163094
274.0123241
287.0685843
288.2378754
298.1194323
295.9314278
296.2131125
289.4947477
292.309194
299.9836267
301.288797
315.8672306
303.4118966
300.7978767
297.398957
299.2172917
296.3277476
291.7971403
296.7029012
321.2696256
308.6869898
292.6325082
293.0063114
295.6485985
290.4436832
287.1963175
284.7530874
279.5144469
292.3429619
294.2134274
292.6562096
302.5144802
302.3195852
297.9099161
286.2664034
284.6573415
285.4441874
280.5170541
292.8754894
278.7859183
287.8219478
304.002858
302.2381419
301.3804643
308.9508316
303.5725144
291.218276
294.8151656
300.4239181
309.0404105
293.8820746
287.0184821
283.6347323
266.7192568
272.0484761
286.9646968
280.4322418
286.6002513
276.7676279
278.7642139
285.7177273
289.8002141
280.0268011
293.2968115
283.776711
297.3910809
306.3289754
306.7039287
305.165559
312.8788331
300.1435949
288.689004
301.7888032
297.5772346
298.6435358
296.8949493
282.3232729
276.9598676
285.2949184
286.0008673
287.3496308
295.3679954
306.7375146
308.8506466
311.8309801
303.0638544
307.6806575
306.8915674
310.8420098
305.7573925
303.168752
293.8073525
291.3480865
280.4254651
271.8006779
280.5682866
287.0167127
291.2054181
316.4790209
296.5784135
299.7753522
301.6027197
316.4258683
307.2656051
310.5751165
310.1595461
296.6889795
293.8029528
280.9300623
285.8860088
299.0896155
307.9872881
303.7216381
295.0992267
289.6082806
299.5810473
310.2821891
318.709596
296.8869725
313.0247882
324.5453433
331.2887049
343.7026427
343.3448042
331.0510011
315.1793077
309.1033276
312.5425115
289.8116187
285.1701114
292.336316
298.9102233
297.953232
315.7306736
320.7337344
328.870941
307.0783817
306.6035087
301.4039919
307.9000103
283.8349421
280.9808206
280.9293058
279.5078961
295.7748441
316.0832855
311.5132549
309.2504422
317.3832151
306.4594014
290.6183292
279.3505765
286.2106611
282.6934113
286.5987504
296.511534
308.7442371
307.9690835
279.1607652
279.6521842
273.4831677
278.4541275
276.6027215
285.6215341
283.1275692
286.8896314
286.1145017
285.4909971
284.6817822
293.8094607
297.5308384
298.329878
306.2621326
297.4284442
307.1332548
292.0745465
279.4913759
286.7790367
287.7211103
302.4655776
329.233778
319.3248705
324.6237239
322.478635
314.2439387
312.9770162
301.8753879
291.3033984
291.3355427
290.0612821
286.113197
285.7305436
282.0241468
288.2762765
295.5041767
300.9930628
288.7464404
290.9900581
317.8108762
304.3523264
284.2398472
287.2677448
289.5819301
301.8444926
294.9754353
296.7119568
294.6355097
295.0432338
300.5985643
313.4717515
320.2069254
315.4673613
313.5979852
300.8769834
291.1987756
286.6903521
292.4356477
303.8860406
273.9264737
287.8020867
293.2921721
317.634069
311.4296557
315.4852018
311.1660134
305.7789049
294.5041
280.5925794
278.8003604
282.0646784
284.6338745
285.681674
290.4354488
295.5477031
307.6820215
321.1935512
312.4106372
300.1787465
292.1908276
283.6546168
277.8087151
269.2003324
265.5855027
278.144165
286.5071201
281.7925221
290.4994993
300.7440981
321.1799949
317.9051204
302.1839015
306.1659595
298.492145
294.415411
300.8681345
295.7055573
297.4904351
301.9090397
302.1165478
299.0022296
270.381595
275.4845639
265.3017418
280.959578
297.2145253
289.3038302
290.9558042
306.0807729
294.8130972
293.1765415
290.666395
295.9744224
297.616807
289.3912004
286.806148
283.8340655
282.9489574
299.2054703
299.72056
312.1627069
307.9500936
303.0185459
292.3891819
288.0290722
295.3248587
296.2133302
295.5330037
297.4859127
302.7951198
313.1125099
308.8067471
301.0322327
312.2826516
301.6814678
304.8405672
307.1272356
307.4630979
300.9962766
294.394138
288.0296641
294.3477186
315.001822
314.0140723
308.5802823
295.0470192
293.7377556
286.3846019
271.7439289
267.1051881
280.61779
273.7923605
291.4039251
284.2945626
294.685665
303.7084578
315.9692181
304.6913893
297.0235218
286.7258209
289.7661437
295.2644101
302.9535712
303.1055644
287.3370393
276.294934
291.78567
291.4852347
309.4462906
311.0889111
307.3898415
300.4912107
306.3851877
315.5146543
315.0921142
308.0229872
293.2301512
284.2391218
288.0631987
273.2975233
266.0913143
282.9553119
291.4223945
280.6991643
297.689344
294.0825484
297.3420236
286.2174444
279.6399762
290.1629948
307.1362203
301.9618583
300.5990094
299.8326702
293.7417387
290.1325455
275.1298211
273.3327365
271.6983265
298.6862413
290.2834384
288.5234238
294.6650757
285.48371
285.0937774
287.4380106
300.5318086
318.8997047
314.3119269
291.7861478
288.7214405
298.2335498
291.9968971
300.492814
294.3660767
309.3866687
299.2011782
301.7850378
292.3762081
298.5813457
309.0808945
314.1989823
313.8860755
317.6111742
313.1861886
297.0221759
293.1518401
293.5519864
295.0534255
278.87206
285.848012
294.9948415
299.3945329
303.6215853
299.0515888
297.9739918
306.0152077
317.6414865
323.0939355
329.7132525
331.5364087
332.3723728
314.765148
298.7142522
301.0579882
296.3702767
296.2256522
299.7184449
303.8407906
309.8447434
299.8039008
306.9623435
289.1170042
279.5355725
273.3902026
288.7951244
286.0417463
294.6759638
300.1439042
288.0730526
289.1351979
292.414609
298.0498921
289.8477684
287.9403443
298.7196852
294.9983173
296.1722212
289.4217635
292.5575482
290.6642289
291.7109072
291.8537499
291.7596867
303.2279896
304.7034851
301.7090431
297.5825689
293.0636592
305.384257
302.707694
290.9767072
291.33649
288.7683069
291.116704
299.4264518
305.9690854
291.6594086
299.4297408
295.0334341
296.8657686
280.2669785
295.7628653
292.8040777
290.3584726
293.5265655
285.3806575
297.3501388
294.1372764
304.6836981
292.0169301
296.178944
298.9469007
293.6730134
290.129745
292.2759949
311.9812177
317.388546
318.0034722
325.2197559
317.4025704
316.1697454
317.9508446
318.7589449
299.673918
294.647377
306.5915717
291.3057778
297.4738867
300.3311248
293.3255759
302.0292105
295.605731
302.0180619
304.8548908
287.1995279
282.3126773
288.7027945
298.2103269
289.4622245
296.6916944
283.5807839
287.5732257
286.8106817
282.503651
286.9988517
286.0379802
296.5842035
293.0901751
303.8591761
303.7553852
302.3058825
294.6000422
295.1214655
301.4220584
306.1296344
297.1002801
312.4128553
314.524352
314.9693628
314.8746601
309.9320456
309.6936517
313.8284685
302.4194531
302.7703905
302.7610673
303.3543928
310.9089477
284.8914121
289.4127627
290.0150578
289.6096625
286.367843
293.3926407
301.0465162
289.7207539
297.5694779
289.5871123
285.9459023
292.3355649
298.8252647
292.4641131
292.9152168
292.6145495
302.5124517
307.3211573
304.4662769
293.7430449
277.9362964
273.8759733
269.1329264
272.2834374
287.1247078
277.7977334
269.8383121
279.2103478
280.2275166
277.5113364
275.0497482
267.9100404
267.0322111
259.3825861
271.3839025
277.0815251
269.3968364
261.218366
268.3922179
276.0964735
304.2996328
300.0009242
305.2562101
309.4840517
300.2426467
295.5696916
291.6947308
289.4177988
289.7782349
295.9213356
297.2228336
295.928006
286.8242357
293.4861055
278.7554523
283.1948415
285.4689749
297.0512253
290.1056366
290.0736652
311.7048573
324.1486688
327.1318055
327.2421586
328.3236096
313.7877939
299.1007405
310.9639316
313.5517735
318.1472654
306.4486741
312.653902
305.1922015
295.7519171
298.1486604
284.2234071
296.0097429
305.5600133
305.6435956
299.5879475
309.7589868
311.5154562
297.7541166
305.2504837
305.9220287
311.2409394
312.4170766
299.5930976
291.9421086
312.1401731
319.5709942
325.4107851
312.2639684
319.9411088
300.5491998
293.6685408
289.316894
284.8566621
285.9339675
295.5779631
297.9364341
304.1369321
283.1574067
293.9603906
283.7391984
285.9137424
295.9883437
311.0544146
304.6803417
310.4474816
305.9155594
303.6024392
297.7139401
301.8126378
304.1415083
295.9802277
291.7305626
276.3333196
286.738932
301.0615872
306.46688
294.4033176
296.9764551
306.8871116
319.7653175
315.4470267
313.749013
321.2754645
295.8591405
281.6338434
277.3965929
286.0779567
287.5753241
285.1902102
283.7538979
285.1364723
280.6234657
289.035813
289.0439258
297.4868326
279.2454882
287.3423049
301.5348526
288.3594822
290.1216432
288.6945165
292.2275903
289.5808138
289.0238199
307.1041596
293.9387614
299.2951934
293.8377722
292.7903027
280.9304501
277.3140581
272.8036081
271.9359753
271.7539891
274.3899935
303.1016542
304.1424112
288.1092181
282.6176439
297.2070567
312.6973376
307.6908251
303.6892737
311.0658489
319.6624613
323.4770477
313.4313056
309.1444658
318.3553459
327.7377258
326.4611832
322.1325637
316.0689046
309.3454443
296.3638393
327.7659536
307.1845297
303.423953
302.649313
285.4479648
285.3103941
302.8756845
296.9897629
314.6130797
307.1193621
303.1405242
290.206796
288.6182
304.8874359
298.9039658
307.4053535
287.8924295
289.0178478
305.1737701
323.5995785
295.3573531
297.2966379
291.6864548
292.3939915
307.2304082
309.5493563
327.6412675
336.6116288
320.1485292
312.5579744
319.4607636
329.6454955
321.958898
313.6568423
319.7703335
325.5198629
322.452269
317.9033813
299.2950928
299.6424481
281.5489813
280.0434179
293.1727964
291.9873272
282.2762429
269.9849813
272.0899984
283.3913562
301.8460619
315.0592137
319.5468933
318.4362407
306.4980392
306.384164
293.5510427
294.3785271
286.3181101
297.145125
285.1317653
290.5177407
291.5486309
292.5192454
276.3125407
293.9015416
291.4708372
291.250906
284.6022869
285.9113458
284.5170697
286.7858987
285.8888503
287.9164792
296.2407914
296.8760954
291.4303455
293.6328736
303.3364172
296.5317949
286.0192239
284.9126228
284.1310523
302.741724
303.8777786
279.9728521
300.1284411
311.552965
307.8544911
291.6535611
278.6761913
280.700807
279.5761662
286.014351
290.853488
286.8268189
289.4268226
289.7427067
292.9771643
296.0766175
297.3602091
295.5851581
285.3636716
283.080293
287.7806822
298.8085747
298.0897816
290.1554089
297.9405679
296.0669811
285.0066776
287.3919558
298.5492785
302.183587
315.0101924
316.7704766
310.6299055
298.8374688
286.3616426
285.5278067
288.1868618
285.7200994
307.214644
296.5073071
283.5958927
280.5898484
279.9379284
277.5960568
280.9066547
285.6216715
298.3408815
294.6115118
299.7370978
298.6827229
282.0898869
293.0751309
300.673079
310.8369242
309.3364508
310.3332246
304.9685326
304.079757
310.7282533
303.5721776
293.4007396
295.1434468
296.906937
295.7295146
295.4510144
301.3486468
300.6204579
301.1712391
300.1066937
296.6400076
300.324952
315.048141
307.4086685
305.0101311
307.3174305
305.5703286
304.8003125
306.6314267
307.0049809
304.1541582
300.3441236
291.4685013
287.344227
295.1562576
300.2889155
294.758284
298.9507559
300.4625279
295.0168808
284.634335
292.1060102
296.6042553
300.739339
302.0255904
297.4459813
302.4652239
306.2662189
305.9150319
295.8730626
302.5112387
301.9149192
302.941785
306.028402
289.0495476
292.9439222
296.5892916
304.669065
298.5355857
293.1148448
313.1542849
328.2502661
333.1122883
316.8931681
292.2127697
294.3804657
292.8080995
293.969494
293.6934798
286.2340334
304.8887609
310.4517085
319.2147834
312.3281347
320.9066874
310.8330313
319.4411896
316.7847813
313.3146512
315.5096389
311.8486181
310.2619972
297.2476165
307.2565272
311.2804432
298.4924539
295.402707
298.261916
295.7944625
301.7923436
306.0816749
311.6028312
296.4554912
310.2932367
300.4026804
311.7800007
299.2838129
304.115459
310.6711156
301.575271
295.5570734
287.5646675
304.2686527
303.750512
309.6358531
298.5319947
303.2851198
301.4975046
311.4095308
298.7373515
315.7854677
315.9713472
310.6057605
303.8245431
309.0920715
304.404166
287.5573154
297.4464483
277.0977899
275.5285878
279.7303801
285.7312484
296.6601647
312.2797524
316.1227548
300.8999841
298.1805487
302.322021
299.8287102
304.6576243
311.6839454
303.8354709
306.9453037
298.5577898
300.7612861
285.5786261
288.8487334
307.8299147
308.2733225
320.623187
312.6027567
310.7866591
295.7894735
296.3409071
287.3147184
289.1385784
304.822511
291.3014606
289.0494241
299.3247269
288.6432066
297.2929974
312.4649102
313.6032332
304.9110551
318.5086079
306.8118088
299.5889426
295.2604222
293.0241844
281.844075
284.0599099
277.655915
290.9570641
293.298426
289.3436282
297.9612574
306.0670752
318.2440351
283.2541052
299.3226769
292.4648851
294.4452328
295.5117226
288.1930031
289.5572221
299.6288361
307.8854272
312.8328893
316.2774874
314.3276084
316.4472808
315.5442598
311.5408147
307.8735388
305.656257
296.8917451
299.6899576
288.5163351
308.1258498
297.0385977
299.333187
295.8921249
299.3422843
301.4546949
296.070314
285.9458167
282.5721349
300.4726654
306.5919332
307.7875986
309.1689747
296.2482066
285.9738476
284.359239
281.0217691
286.9856087
300.4600311
305.8437301
290.9896082
289.4047994
302.0406707
285.7675006
294.7871972
295.1955269
291.4943247
297.5377852
298.4318258
307.1453503
309.5443634
313.1040573
323.2455153
313.2745154
312.0117362
294.9891972
296.9730821
301.5324655
294.7677571
296.5411463
315.235209
301.166939
308.0541497
311.8074842
302.6716569
302.5509943
290.75329
295.4932081
289.1980418
276.2420626
278.2472808
276.2171924
285.2212243
295.7405635
310.8428158
306.884064
325.9226963
319.1963416
313.74627
315.4529043
289.7925159
296.6785948
297.648892
292.1986373
290.7153314
282.880531
286.7798879
292.724115
301.0562567
290.4073615
293.4071917
300.3727538
291.5054672
279.6997732
287.9634502
291.7755739
286.4687399
293.8349386
293.1123829
284.8662745
314.2844897
327.3650199
317.1784553
311.4175946
308.3314045
300.231221
299.7371679
295.6121235
303.0115369
302.5720383
301.7265521
303.0396797
295.1495311
303.8961907
297.5435857
304.9171756
299.6299307
297.7604041
298.4799411
318.0132511
305.0777803
306.4478305
296.1804875
289.1848694
296.1489608
296.9829208
299.2516391
301.9188856
298.0608517
302.336842
293.7527533
300.5985127
299.2473137
298.3967954
299.5475069
287.1045126
280.8575219
294.2951835
301.8607258
301.0581994
304.1555896
300.6205444
317.7260843
318.7983591
302.9859714
297.0967581
280.9279538
283.126211
292.3908699
299.6138146
301.7631469
304.7803144
297.2338936
285.2158642
293.3555715
305.6752151
294.0985501
288.6963894
291.1170044
299.2168618
284.2185191
293.0014219
292.642025
299.6764885
305.1993373
295.96522
302.6341366
294.8141269
305.4476372
300.9980597
306.6877853
318.2850452
322.1333348
313.0470163
301.2168468
288.0578437
296.8029023
296.8852355
289.3711044
286.9984135
307.0589699
318.7738615
314.690103
330.9745727
317.5863309
310.6616348
299.3349528
306.0864289
309.03619
302.1040141
301.4822076
302.3023299
300.0778972
302.745399
299.1388328
310.229112
307.393213
319.6051729
317.1561545
305.5750784
293.1526816
288.5139237
298.3546875
302.2386714
302.8410995
301.3329674
313.2433671
310.1742059
310.7624353
302.1406468
298.5608188
289.699352
289.9991482
307.5543604
314.7172117
330.3617448
331.7447599
333.6333472
314.1793214
309.4231192
299.1068578
299.5584484
292.2348352
292.5023784
302.9827035
315.6183339
300.9199495
301.736721
293.0199866
294.9359909
306.2652337
325.7243811
312.9777174
317.6733084
313.483986
313.3151801
312.7116888
302.2993824
302.0092795
300.9043492
320.548211
310.7646941
308.0539819
313.2959465
305.7765595
307.3749562
307.948397
309.8599152
312.2803966
303.1142298
297.8304171
301.6052659
308.4563256
307.1459637
305.7216639
315.1097227
312.325142
311.9575966
325.6311208
312.672823
321.6153611
319.2562922
306.6503505
299.5309369
305.2639565
308.2363841
313.4481012
311.5683126
306.8065326
303.3748651
299.8907318
293.3837518
290.4967762
286.4629368
300.7180484
306.4123585
313.8416146
307.8834308
314.4292585
326.3147933
299.4395174
312.6154532
315.9938678
310.3554225
316.0591478
301.9142974
309.1707691
311.5294733
310.027466
300.2972933
303.6018315
318.9195289
321.7566495
326.6074767
320.4864267
312.6408922
318.1698885
317.2381669
311.638609
301.6619179
304.7408471
310.6875131
311.1785994
295.0049994
294.8124353
294.7174766
301.9698234
296.711662
292.3200127
303.06875
307.3688457
309.5080674
304.7327406
314.3492111
306.2092608
311.1141265
306.4567213
300.2348048
304.3522259
304.5375412
298.4667231
286.4265957
288.6234309
289.4453545
286.3700715
285.1588562
286.2895593
283.4398233
305.4599866
307.0828668
300.2543025
297.2811227
294.8429003
295.5925817
308.9476186
319.1566286
313.2934845
325.5312843
309.8603998
300.0090921
302.1270875
311.6915232
320.0114161
317.798414
306.80461
303.3002957
299.3349615
299.7331741
293.3038276
283.4869128
282.9217597
282.0700842
288.9202426
298.3193246
301.7721954
309.6793787
294.8258337
281.4657532
281.1497139
285.5116443
294.8222154
289.1496972
289.069849
295.2274113
310.3386974
318.3605243
316.9540945
310.6833138
305.1885906
306.4473525
295.7607562
286.8799578
300.5257342
301.0213577
303.3437504
304.9810593
316.126596
320.1250563
310.7397658
311.2801379
306.2068453
316.7494509
315.4094138
303.0250339
297.4959222
299.0553104
297.8956512
294.3628667
285.9584333
299.8498318
304.5299389
316.1225364
301.615315
304.6847991
296.2479128
292.359122
287.1396482
285.0866951
288.7787439
299.7104924
303.1088595
299.8108666
288.561204
274.3804293
278.7117466
288.8082321
279.1334551
283.4893038
302.2721009
298.05305
311.2559641
329.8270172
331.2211403
319.2301176
313.8383786
311.547778
315.5627375
315.0098833
298.5268607
289.4102776
287.8705149
274.090206
278.8289631
292.9763268
299.5128666
288.7418378
297.839676
289.5208184
269.8533839
264.283682
265.7746649
278.5367425
287.2063429
298.1332994
294.8504861
293.4314017
292.9912085
285.2434909
283.8957974
288.3491288
307.2845748
307.6208228
306.9658041
301.2679131
287.1689034
300.8948544
306.177606
289.9219027
293.045079
290.3833978
294.5316183
295.8118942
296.4992369
291.9035941
297.4803877
311.2237705
321.3584403
311.1008292
311.5982137
297.0769734
305.5826814
310.3875673
310.578239
316.3478442
319.7658469
307.5646977
301.1160716
298.4592345
287.3840114
290.6773418
298.9456788
297.0605744
289.8211832
274.6167136
284.7110707
281.836321
295.7268812
307.851413
306.4678436
297.1825302
307.1043805
309.8922388
318.5735904
325.0905395
328.0978207
341.9265589
340.5238875
344.4186127
332.5456887
318.0306722
297.1820806
294.3854164
293.065924
297.1633906
288.0462424
282.2452297
283.2026895
286.4150049
289.6366109
305.3960656
334.1946487
309.8291292
324.8986492
325.6094432
326.6617816
311.9630832
317.4573939
324.1480323
319.9851872
335.7156946
336.7545174
327.1467483
325.1344169
330.9654117
319.4059144
323.2413618
325.1236874
324.4614111
316.8702126
327.0837573
307.4936197
318.0265812
309.4292679
311.9798774
312.9205533
312.7559955
315.2729773
307.7458743
307.089054
298.3629304
295.4004511
311.2995119
320.4290389
319.3879007
306.6163397
293.6912215
282.6642657
289.2822033
291.4939895
301.6898018
292.9443242
294.8025506
312.5085436
308.7047799
308.6612147
299.0410542
296.144803
296.215917
313.3583382
314.468422
304.2158358
309.7636577
307.895874
309.7588503
295.1709135
304.753052
303.6840698
320.5258272
300.9408855
298.7290052
331.4490078
315.216149
307.1014073
297.9727855
310.1869908
318.1890173
314.9074068
313.7323429
310.1790933
330.2660899
327.4161322
330.6099781
332.9786418
329.0673472
339.8335733
312.7894668
312.1089476
322.6599254
331.0172855
325.2099703
292.0034303
293.5102816
308.9304744
311.7455695
316.1278086
305.7476518
297.2794246
293.8352087
281.3281916
264.4395939
280.1402569
299.9708881
309.5196503
320.2537219
294.031095
299.2923834
299.0453876
295.578182
296.9084569
291.5883455
287.652339
284.0422084
299.5680089
304.2489749
299.0601324
300.9609428
300.9907586
301.6780623
306.9831285
305.1746238
309.6612144
304.5254966
298.158002
294.8909459
302.970476
295.0757871
298.6197431
300.5128647
281.9170093
298.6385727
324.4139424
313.6605082
312.8506282
313.0182495
301.3094098
298.1237848
293.5593898
305.1707114
309.0090841
318.9658719
316.9386068
324.918727
324.2604896
322.1047477
327.479677
312.8658449
299.4294305
303.2981019
321.4355271
322.5169473
289.5300031
289.610628
288.7552065
290.4175219
297.3863897
302.9541223
295.3430439
296.0851446
284.4761935
273.2542514
273.3569961
277.3453016
283.9084046
276.9435651
285.5717714
278.499883
278.6621845
290.1396557
281.5609495
291.7489589
288.8470039
294.7860842
294.7020901
313.1955326
311.5614998
309.4658585
303.4893578
305.8904991
307.6857786
308.5894296
305.2275058
298.6638577
292.7206595
288.2185503
282.4578706
275.1180901
282.7477635
281.5941205
305.1122449
294.7401591
306.5011127
310.3719645
312.9612643
310.31689
299.2412375
297.8302919
298.8725079
295.5015866
298.7033036
311.6601355
306.4458619
292.9026848
283.1389496
284.1407568
295.1429021
297.6583339
290.5731941
288.2679224
298.4377959
300.5063585
294.1012631
292.9009807
288.7314101
286.398614
283.5791613
296.8934204
292.8305862
293.9052264
292.997119
278.5770299
289.2532625
300.1274956
294.3678121
293.1701641
294.8632716
296.4836716
290.072295
285.9746213
283.5902777
286.2398983
290.775104
291.7175797
293.0083961
297.0611572
295.7586006
298.859553
304.3276093
298.755158
299.7773985
318.5560988
312.2501462
300.5307179
292.3223282
293.8058902
284.4090279
272.6196887
282.971453
284.0748504
291.1779318
296.8278005
275.6371292
270.094266
282.4415742
298.2057498
285.0857894
293.08296
294.7298233
295.5525905
289.6530368
279.3003146
281.3171566
267.1652869
272.8207598
272.2962791
271.3085797
284.7469495
288.1190647
280.9369439
276.6226751
272.9768013
301.4247816
300.1767388
291.6433948
306.8853727
296.122057
286.2150726
297.3888778
295.84081
320.2089369
320.3506701
310.5021857
315.3144199
314.9471313
315.3128999
306.6821344
310.5686598
301.7765834
319.4475176
315.6568653
311.7953999
314.9566117
304.21826
307.8566412
298.4448587
285.2585595
297.3334456
304.7975511
291.7093195
294.5700667
292.6339317
310.3690674
301.2622584
301.6922878
304.805776
311.9272577
323.25961
306.1948177
309.1859598
311.0765012
315.9811085
300.1908133
301.1963562
300.3329431
306.3265625
295.1674997
296.1633146
275.4896533
283.7909452
288.6339017
294.3842616
295.7592572
292.8698976
287.3187039
290.7492665
282.8449576
290.7894138
289.6886147
305.7780771
298.9970033
293.7812626
295.206894
297.7493398
294.625531
285.4216297
290.4310675
283.9572461
305.0466365
301.3367498
296.2154941
292.3238388
289.5087081
296.322127
308.7558368
330.2167261
340.2914593
327.6370885
327.1633387
317.3280425
326.41197
310.2669579
301.651968
297.892558
287.6370778
297.2942838
309.8543066
313.8910354
310.7288392
315.1176183
319.6917486
312.7437232
311.515557
305.9228104
307.859138
306.7857835
309.1417807
302.7525779
301.9897742
298.8456074
284.0130251
294.5083803
303.6353795
320.1788277
308.7507618
307.306291
306.2845157
292.9413948
307.7331358
296.3656377
304.6487399
311.3627385
306.7075884
304.9294058
295.4379641
296.7610414
305.880779
305.469308
306.001053
303.4510218
300.4023808
298.6874614
295.1816387
291.7620046
308.2723901
308.0732121
306.4206505
312.8026644
312.9952289
320.1392128
299.8470773
309.4314715
312.0171864
306.6630321
285.1034662
286.8706313
304.8948444
305.1322064
316.752823
312.8809641
315.3097738
292.3773812
321.3560002
316.3610669
325.6796485
313.583955
300.9827306
298.1300641
306.2865454
321.2574198
307.9143404
311.6750073
312.0784228
293.7982549
289.1464274
292.5506532
293.3568638
291.6689439
300.5930227
295.7647588
291.6344516
304.3973319
311.7271602
321.7043562
307.6062558
314.8411606
313.691994
317.0935121
309.700594
291.4483726
286.2606174
307.9426174
321.1596864
307.2984115
322.0379041
328.1724435
311.5473094
313.530279
316.974441
318.3779532
325.756414
319.8782296
311.7574317
296.5503189
301.3776539
292.1953508
293.4553397
281.4297289
296.3779472
294.4692805
303.9643251
304.9126166
304.7465271
313.3472815
303.1989102
294.087105
295.2490004
309.5917644
321.2863243
320.8403718
313.8091005
302.7817526
292.3609117
296.5781851
301.7397825
310.1136753
308.0672292
300.8366224
309.2909949
303.8475674
303.7854655
305.2985267
314.5206477
296.8036697
287.5229215
284.5642129
289.1121538
291.9998798
288.1591786
290.3187773
302.2138567
299.5865768
302.6631201
295.0308086
304.5614658
297.9820732
291.0030683
282.8719455
276.0017648
280.1640331
283.7928468
293.8993916
303.7654725
310.4474853
310.9636124
296.7878602
310.6253335
304.2273816
303.6788101
287.5352341
290.081141
287.0811026
298.7625858
290.7689864
293.308675
291.3808517
302.1934553
311.7460341
297.7600917
285.1753706
297.0304502
308.2388778
299.8962348
302.3544704
293.6447246
291.1238967
290.9646827
295.9867495
290.0897968
281.8930172
287.3165925
300.2776078
290.0031725
292.9796649
293.1404195
281.708785
277.3768998
272.214854
277.6381501
289.8841867
299.1760455
307.6186079
304.2076902
295.3020915
298.5413364
302.1516222
286.8416391
293.8144525
292.2731772
295.8288496
285.7906816
286.1745595
309.6931729
297.5384352
290.5917679
296.5082981
300.2828003
297.5791043
305.091627
291.1725075
278.261206
282.4558926
281.3765022
287.0111847
294.8608066
284.6892065
293.7287308
299.5883945
304.6418442
305.2714818
320.3772636
325.6854175
295.7055073
295.1969064
304.7386609
289.7698116
290.9413587
290.4301715
287.9197714
289.7342971
293.1492643
293.9089871
293.35465
283.3523779
283.8345187
290.264786
303.7237484
286.813686
291.9554562
300.9766562
302.7210421
294.5678172
286.2324872
290.4152415
290.145854
282.5053503
286.1707352
281.9742267
278.606622
291.0171293
283.6626755
284.3829301
291.0995868
283.3663491
293.5345609
303.8012038
301.1345608
294.5220275
290.524111
281.8766274
289.2394772
288.0341315
293.623726
296.6455002
291.2582289
282.3628205
285.9025169
294.9370129
276.7279929
276.4140647
288.531483
289.9178438
295.7695191
319.3348974
304.7548967
309.1751528
304.3391829
302.9917061
293.0151377
301.859581
296.1728513
290.7046223
292.092792
290.4095134
298.4985625
299.8057659
313.026561
292.8234598
287.1998395
291.1263394
287.2644647
298.9895374
304.1320231
300.7946892
316.5160334
303.3758895
297.4468285
287.6820193
289.3763225
297.5681832
291.1104315
288.8958034
311.948773
316.8819978
320.346821
314.1907581
301.5144694
295.923626
300.8411065
301.5895552
305.5754698
291.9460134
282.8829161
274.8965513
280.7713644
277.7139009
286.7939226
286.8846199
303.2572166
299.8572722
296.3048708
310.5065197
283.9968044
280.146838
302.2226393
286.3680839
307.7944481
328.8795415
323.6258556
331.2480466
320.7941671
306.0622426
303.623367
313.458514
312.8309531
307.458297
300.4910504
294.9810471
301.2208299
303.1306172
305.5121907
298.7174387
304.34958
304.6669361
310.8097909
320.5839996
320.5965541
304.1076567
305.6575422
309.841609
312.0970665
311.5685386
316.7088209
315.5419361
317.9079579
320.8401723
323.8161979
313.8066942
309.4475362
295.0280112
299.5778395
312.3541282
322.7773356
321.5275843
294.5342282
293.7424986
304.4597368
290.0180643
281.8318102
283.618836
294.2458525
298.6406765
293.1336507
300.3137582
306.2539798
319.774707
308.3124077
305.0757135
316.7644058
333.1314859
331.7724231
323.3707529
294.0954103
291.7227875
316.3858937
313.4301922
299.8639862
305.889692
288.7629847
296.0479043
305.5571865
300.8053699
307.347298
300.936056
297.0400975
304.3043571
306.1000727
298.544353
297.3836205
310.0357511
304.8154953
302.81068
307.8237719
295.2755472
279.8728895
277.7470366
282.9811906
289.7510761
280.9509323
290.3844149
296.0472502
279.2463023
270.9650902
279.5499849
282.5811573
268.050587
279.9895845
285.2977504
286.4049876
285.9044505
300.2046126
303.8881307
285.2378994
290.9070816
290.8426823
291.4707441
304.2083409
306.6620922
308.1883295
311.591501
303.7092519
292.0870976
295.5057756
309.5849953
315.3392053
336.1115587
335.309481
326.3973026
309.6539094
303.1299323
294.872991
298.6738105
321.9664203
325.1180721
311.1403463
304.6230316
303.9974046
315.8233493
329.7359345
325.6748283
323.4485559
313.8288246
311.6001371
309.2278812
310.5167001
292.0711516
298.9365836
303.5409204
313.5069753
303.2861194
303.3970436
314.021794
280.8398024
291.1820464
296.5881067
282.0478541
308.045727
318.8580805
311.984388
318.6613532
316.9141244
306.3051972
303.7897596
292.3616552
302.633621
309.5331988
306.2456765
302.4727298
293.3521393
293.1704098
287.1566808
286.0382662
310.9448356
312.3689537
310.5440026
310.3546975
306.6219225
285.7279758
304.0970989
305.7709378
300.5234145
304.7736888
298.4031136
300.2388384
299.3259172
305.6242638
294.6799451
288.9795004
298.1113807
291.1617365
282.3145428
295.5028846
298.5076618
299.781561
300.4950754
314.1035676
325.8793199
321.4853693
320.7461075
301.9103653
299.5028527
293.7715143
289.772626
289.2470639
285.593861
279.1401536
298.6716409
305.3918103
299.6067898
297.5577012
304.0957792
298.8554373
307.6193387
312.2299143
300.5784179
293.3479607
299.4752369
294.0100699
310.5107173
318.6386772
312.0296487
308.9305197
292.9611969
289.5785507
296.3138335
297.3634097
311.6643392
321.3139702
319.4736714
313.7212706
303.3009304
303.6713234
300.2404035
296.4101837
303.4062296
305.9069859
308.174733
308.941181
313.5107662
305.3227577
304.8413612
302.1377902
305.454618
304.2107892
301.1396897
310.2771237
294.5679274
290.3739037
290.5045601
294.365233
306.019138
299.3700316
297.1091723
297.2496533
302.3216857
296.6276656
289.2846128
282.1184225
275.0819989
279.7071613
301.2606815
305.5400422
300.7881851
319.8932365
316.5313287
299.5543765
298.3382797
288.1738504
289.0460175
295.2555495
299.3769824
296.2016774
279.6761078
276.7298016
289.0647742
307.5080069
294.8640909
305.8001709
304.4286948
311.4287622
300.3042796
298.620162
304.7196496
295.6924487
301.0370211
291.0065696
294.3328986
309.9269701
320.5511891
308.4511517
308.692631
300.1096972
300.7194709
294.8077312
281.1689535
281.7628472
287.9253492
307.3680304
322.0037215
307.9891791
310.4287078
306.3663329
309.8670852
300.4649518
294.2053129
311.4081419
309.5999575
303.7067057
305.6163101
285.4394443
286.7954969
293.8222747
300.7493642
303.8552074
295.8562456
294.52183
298.3893817
293.9058412
296.6810751
306.3430599
312.3639045
309.5526121
311.95163
303.6986266
311.1286859
302.2318036
307.1543949
310.9789297
306.2875652
313.4689756
317.7247333
301.5054004
311.9396958
315.1769012
309.1489492
308.5812743
297.4582823
306.538601
303.5089964
307.8920715
304.8291802
312.2266674
304.3385773
297.008546
285.4237659
289.0617231
289.0562019
290.4559976
294.9841605
298.1373461
303.8287088
301.9599988
282.2912869
292.9468665
296.8145314
296.2707676
304.5180757
310.695654
320.1154605
310.7542241
302.0294349
285.1240208
280.6130331
289.3134724
301.5650085
289.4866573
285.4225075
299.9579242
307.2412525
300.1767246
296.1662774
285.2571784
319.0776711
322.7437081
313.4210214
301.3015263
297.5920601
301.089133
290.314457
281.3797029
275.5317415
280.6719031
292.1003005
295.4897276
286.8636854
290.6397337
301.5735383
299.5558256
296.8978508
299.0073318
319.5057328
318.7340911
317.7022132
322.9101168
330.0526696
317.2899095
319.6709283
318.4528034
334.3556598
322.4402767
335.3118577
324.8383345
317.1128752
312.8087717
323.9775589
323.288979
323.0119124
319.1425878
312.404048
305.5730795
291.8737291
299.830543
311.3258122
304.0504502
327.8359104
312.2654661
306.7190321
306.8672329
292.6899401
285.8285109
281.6912693
297.0174233
296.4609952
286.8455639
279.3804913
294.1504821
309.9499823
297.9259028
306.6498856
317.841127
326.5606914
331.0846306
307.0239775
298.4562789
292.9069019
297.856703
290.6167256
292.5488629
291.5852689
297.2774811
289.2410854
305.4777265
306.9766993
305.6497208
306.7680263
310.818137
299.2113163
300.9931329
310.9767163
313.9304492
308.7542134
294.5043213
304.725099
313.8239036
308.5434734
307.8400597
315.8539248
300.2430217
294.6040294
298.1592107
297.7811719
302.999956
298.678229
304.7909311
289.4702474
297.3031118
297.8215928
291.9500244
297.2425669
303.7689458
295.8313768
311.0545528
302.48502
303.9380902
312.4507851
321.1891735
319.8420543
302.3297249
308.564167
309.5093643
306.6510021
302.6499767
295.3578732
293.9830928
281.6038801
284.036552
284.655244
302.501128
299.5588302
314.5494286
311.2234761
312.7121546
296.825259
301.9594616
297.6158506
300.5083009
310.4383171
308.6102627
301.6484596
303.5038359
304.5068905
305.1165277
303.1671324
300.6715713
302.4123737
310.8591006
299.2963808
300.7237999
297.9009241
303.7313881
309.69557
295.6093561
295.1060666
300.2205684
278.8901524
284.3039792
286.6003331
297.7035008
305.6754503
310.4552859
295.8461502
285.4248862
295.7127773
308.8278424
310.6138966
311.6864886
311.7557097
303.1831116
308.2665716
296.0077645
293.9970983
312.2014952
300.3552503
294.4881507
292.5774459
297.304041
285.2930041
287.3364563
295.2341296
301.6448518
308.7955103
316.5499657
317.831996
310.4618785
313.7767827
309.0567396
316.4845778
325.3513345
306.5503763
307.9670676
298.8565869
299.0912373
291.9558665
291.8351047
280.5414516
293.9684423
295.1386519
297.7194083
295.0810813
309.2503752
317.0772673
327.9116617
322.8133494
320.1410001
313.7268909
319.7308048
307.2643299
300.8254421
309.7627027
301.210152
293.8487679
287.20907
299.8600977
300.1712029
308.4946281
294.761536
303.4825834
301.9792214
300.6413752
307.2705072
299.3300066
286.1346904
286.0413747
270.8126102
281.716066
293.1108912
295.1042922
288.4273574
280.1322843
279.7302547
281.648419
283.8271393
302.7873169
304.3349581
295.7338122
292.8553523
293.4611324
280.1126633
280.3080942
279.6316114
294.0598279
288.1711485
288.1202354
294.7678489
297.2174577
292.7321387
300.9235484
301.5427114
289.665987
297.1995329
299.1313386
297.5286517
300.8928479
300.7487325
303.8687226
298.9946069
301.1626233
303.742232
306.147986
307.3379757
297.8135346
303.538256
293.3788425
297.7252248
292.6783314
284.3760346
293.7188234
292.8397665
294.1508701
298.4253511
294.1163578
302.4285378
310.9512027
308.7482156
311.9391718
323.9089102
336.9950129
328.1271593
319.8280321
307.4195902
293.5900136
299.3355624
301.7395088
308.3730609
307.2357789
301.9787011
290.0005871
277.3806417
282.8004444
291.7835212
304.7406598
309.5678934
282.5665741
281.6734777
285.1307025
306.2381787
310.0529982
294.5716164
290.9740755
279.2581862
296.1669043
295.699095
302.5437897
300.7737599
307.8226558
318.8779677
297.6990889
296.9877327
294.2511792
303.537837
289.2375329
290.2814805
283.2824828
275.0969085
280.3677896
289.2546245
301.4701999
300.7387979
303.7946917
319.7663876
324.290959
324.5696151
326.9367629
297.31023
286.2799637
281.5839262
298.5258857
302.5431952
296.6484506
294.9042091
293.6827988
280.4447493
284.1550763
287.7511149
285.359277
287.9420398
308.9874779
312.6539542
304.7634509
305.7480272
297.2156317
302.9710681
311.427665
318.9944585
312.7882318
311.8786042
308.8832741
307.4687431
305.8427797
299.5911645
304.9220858
296.9731537
313.0772927
307.3352283
299.6287691
311.8827007
316.4024533
320.1374337
305.1988881
298.2034133
294.419381
302.5854067
314.3811676
311.3623399
302.5334831
294.8993762
315.0769542
297.1538756
295.1015184
297.6092961
291.3027456
299.7506018
307.3356067
305.8428282
293.6227993
307.3298825
316.3521334
311.9372143
318.131164
326.6756379
309.5926687
302.6292411
299.88125
315.2684106
310.9824211
306.7794965
307.1926029
321.252709
320.3087435
321.7949324
314.309935
298.7056995
331.0939784
321.040823
325.7812186
294.5643201
304.194026
300.0595088
314.7956809
313.4299376
308.8767676
303.0571218
306.3947704
317.4308618
318.5589221
318.2728905
312.1034173
322.7854166
337.3060284
325.8865441
328.7963595
311.1958708
301.7295188
303.7210088
313.3174282
300.5033108
294.4406602
298.7314647
286.8788855
292.8327665
292.5697502
310.160435
294.0718307
295.2272149
299.7160156
291.469286
282.3699983
275.4432077
277.8801252
277.7200355
284.5768662
295.5929016
297.047877
295.5641554
291.1894976
292.9073028
290.3613777
305.8996114
297.8788343
285.6719262
283.2685508
285.0498479
295.7999191
297.0756648
314.2378681
313.6961269
311.1807159
304.434604
297.5041203
302.3494259
301.4382131
305.6757525
292.8928138
307.5683016
307.4950357
298.3703397
288.1233775
282.0272986
285.8457659
297.2666387
302.9845249
320.8284833
332.3009796
311.7053571
303.8301042
300.433967
317.9365819
314.0936516
317.3456137
309.9085708
307.8310856
303.3953094
293.2726255
279.4553831
276.6964897
291.809283
309.1461768
322.4745947
312.7651023
302.047451
290.8325021
293.7251687
294.2111339
288.0546215
295.8268442
309.4053019
298.3281982
299.6570241
304.3462979
306.4358963
306.7445531
299.5858982
293.1054744
300.9794146
307.3667167
306.6908311
305.2896498
302.9039901
308.1137392
317.1068578
312.6260321
310.0557402
314.9264181
321.6128982
319.2290683
311.0409959
302.7912844
304.2982776
292.2779857
292.3057849
299.7422687
304.0168198
284.039539
279.340974
288.3395912
283.7026701
287.1043057
285.1820547
294.7070637
293.0231261
292.7781039
305.3424803
299.6157211
299.539298
301.3461227
291.1673647
308.1887465
311.8585721
309.9671816
308.4916474
305.8958296
292.886263
299.6541944
294.2815452
290.2043875
292.5946557
307.7094579
306.2249157
301.1563649
304.0132696
309.2421386
300.0885647
306.8925904
308.2715727
307.8167548
308.2830013
296.9494193
287.8068094
294.696029
306.3602071
318.5541582
306.3443618
288.1008151
288.9958433
291.1114084
297.3397552
292.9753686
312.1856108
311.9868123
300.9058511
296.8848095
282.2580731
288.5028392
300.0883614
289.5551533
294.668724
306.4863978
307.3658155
311.0471874
297.2179783
300.1938422
300.9517478
296.5813732
300.2783512
304.3561864
303.7550751
292.3365314
293.8572113
297.9370089
294.9148053
300.0312696
290.7782944
288.9114865
298.2476204
298.4545252
298.6152103
288.9986666
283.5774823
292.4169203
291.2631887
282.1778269
291.4438062
311.3915049
309.7937237
307.4113064
305.6614528
309.4803643
305.1922811
305.5414769
326.3499578
332.928327
324.744933
311.7124059
311.3034227
311.7482814
307.925245
314.0136604
321.0679061
310.153368
303.9023352
310.2162386
310.0498034
294.2255058
299.7594412
305.7698644
305.2703026
305.6619176
299.319494
314.8877044
306.3721972
304.6002886
299.4696586
298.3582934
287.3947474
283.4567293
285.6709182
296.6095717
320.5989699
310.549056
310.2589116
312.8748159
291.1834751
302.4032722
296.0650884
289.6017888
293.6963242
291.2243593
299.6653658
300.012035
296.6492224
305.8824905
298.4024468
298.0050147
312.3676389
322.4742998
327.1349524
312.4149654
293.2500127
297.7746242
299.2136177
289.0839219
300.4252091
289.2223237
300.9625544
295.9502821
300.7075077
304.5389937
302.6161362
306.0394447
300.6765119
302.8881954
302.3363211
296.1223845
299.2124268
296.2461041
301.7420262
319.4769865
312.1810186
303.3656538
303.1784113
301.0194018
301.6306243
298.3702377
305.9645668
312.2866435
303.3776479
291.9720228
301.8418135
301.4446873
304.4282747
302.060476
311.7900342
304.8510714
290.9434571
291.3190954
293.2130834
284.9474994
300.0853067
300.3143973
292.5527427
287.4327917
296.8237246
303.328277
300.9317705
302.7063976
308.0861172
307.4127592
283.2789652
282.607797
280.9930308
291.020247
297.2736595
291.6707745
286.1712537
293.8770539
309.70412
311.1476478
321.3155369
310.735715
309.6628812
336.8571282
336.2466016
312.1419413
320.5442333
312.7258916
310.2484955
302.5925654
303.6153453
296.6090275
312.7179804
310.5436906
308.4318378
293.7155517
294.355075
306.8461603
297.7413449
287.5705821
283.4137295
287.6881389
305.9432741
302.9147359
306.0839087
282.6010922
280.8863268
290.9120242
310.3730513
306.9034575
312.9894829
312.2290114
304.1179694
301.2553129
306.6901146
304.9755512
305.1630345
294.9237576
303.0868244
310.1482504
308.9478366
312.5016337
308.779836
309.5390845
295.1971558
303.1579471
304.2802974
286.3030293
284.8528286
278.9577616
282.4503733
288.3860945
311.1287917
317.9958666
314.5045149
320.0395358
303.6541286
296.0560516
283.3146879
285.4998651
285.5599285
286.9120395
286.6585084
293.6589499
292.5020549
285.3096484
289.5354658
303.2233427
302.315064
314.3752048
311.460021
321.299551
308.6438004
299.6782252
293.2043534
289.38243
292.2650859
291.4735705
299.0185536
287.2485197
283.1738789
298.0963907
280.7670567
283.9993062
291.4909837
295.2981085
303.7713924
315.4304525
325.4479874
315.2868296
299.8168432
289.5651053
294.2166815
293.6083147
306.5786891
302.2193395
319.3087579
315.7284862
314.6082602
321.1081399
321.9333035
304.039286
308.8833679
303.3189556
299.0931466
282.5986341
285.8336121
297.0333269
296.1864378
297.2361163
298.21027
308.495867
307.9065861
306.4100604
318.0807207
308.3193748
302.1671939
294.86988
302.13081
287.7032337
286.6982094
281.9995649
283.1318363
275.4374991
280.6343565
282.4360084
288.9011988
305.485783
306.5011138
311.6364121
313.9225212
311.5709308
321.5373561
303.9031877
294.5695597
304.4103504
290.7466551
282.9432833
300.1245531
306.4318785
306.6934954
296.6940935
278.7790058
266.1252626
263.4432514
303.3720571
289.5571098
290.1231665
293.6334359
294.142088
296.8918163
292.9721135
280.1633012
277.5923517
287.4236597
295.0399046
306.6390478
308.5935554
295.7440601
280.7882512
272.5061532
286.9931123
305.9049468
309.0767921
313.639944
294.3296245
299.0998232
295.7448693
278.3484838
267.5356003
254.9260038
254.263765
271.0288255
273.2123898
289.4118298
288.9177492
278.1595208
289.81464
291.5568928
291.379029
292.179502
275.264281
271.8346019
278.8311878
285.3886556
300.5894228
292.5326704
279.5992916
279.6089827
286.9390392
288.3673288
282.1223321
297.398638
293.123347
288.9802733
290.6989091
290.2345675
286.9715082
276.7691037
291.920675
296.4057049
299.2949027
285.4718331
294.732517
291.4405126
315.2672771
318.4165992
304.3376507
308.6228899
312.7480428
301.9657087
301.1140622
289.0090145
293.0987943
291.9123252
283.0255118
283.0235484
292.3938404
306.0260171
288.1994138
292.2937144
300.486172
315.4999416
316.5182894
312.3620262
309.1354076
317.2347341
311.357548
315.4867739
304.0595328
300.8447011
300.0425985
294.057628
290.2857489
286.9157732
285.8870203
288.9561262
295.0131233
292.5198299
292.4143456
297.1630555
294.5893795
292.1295906
294.3982008
308.6176121
310.0874024
303.2949179
305.8355029
294.0557345
298.02675
318.6470922
311.8673399
328.6444136
310.945085
309.4354484
323.7643931
330.2995911
318.3047984
304.2633252
316.5990243
323.2214433
308.560913
304.2990422
307.0815559
293.7035101
304.1061938
301.1334195
315.7745022
314.7836037
306.4458781
297.3403799
305.4047703
318.166983
326.3965369
316.9723958
319.0431454
314.3156939
310.4150993
313.4317755
309.2550293
297.9927679
310.8091551
320.4222029
310.055214
300.0321124
317.3838472
315.258352
297.6267365
296.520989
301.3994785
293.3739318
288.085013
281.2754654
296.5501034
281.875557
286.8601772
284.1571777
295.3153987
288.67708
290.1071852
301.4639565
305.7481068
303.194141
312.5877225
320.0711401
307.9754567
302.4885852
306.1394765
308.0400759
301.0257974
297.3292966
297.6150095
292.6408811
289.2832848
303.9065706
316.0303808
316.340664
301.7601885
296.6904094
290.4982823
294.3255067
310.9905945
320.9424772
314.2979202
298.5502585
300.512048
300.0185606
288.3625503
288.0460472
306.2916886
305.7787953
314.3098128
314.219582
309.5263718
299.8983446
285.8048688
303.5295206
303.9396175
307.8196
312.3700643
315.9763035
312.5300669
311.3401425
307.7847283
313.1740292
310.9166848
306.3558191
296.5838959
295.0883048
280.1227449
280.0122616
284.2398178
295.0128758
301.6756006
296.3669991
295.0062601
288.6720279
289.1990262
291.4151064
295.9633076
291.0961561
292.5901809
294.2770402
296.5293432
294.9417482
315.7632754
326.6623901
326.5719184
315.7024294
305.4089634
297.1036742
295.5188043
294.1428086
291.2871807
291.0857039
301.7408713
306.6587222
297.2794785
307.769226
297.3142881
298.0249099
298.9170887
306.6125762
303.0628397
314.2854029
286.7916782
287.7712836
292.3256552
301.2299983
311.3223774
295.4090475
294.9415096
295.3991317
316.2460253
317.0843275
318.181365
311.4285059
312.3216984
293.535391
291.7272193
298.8269287
280.7506548
286.2108627
285.3457535
285.2528785
302.5399932
295.1121679
296.1327826
304.0451813
318.9017476
335.8690254
327.4160479
306.9476804
295.6160306
287.9167979
301.154026
297.4443506
306.644602
302.9608212
317.7644217
313.6481108
312.3873169
303.1441795
310.1629214
305.3703532
317.9437017
310.5013958
299.8202345
311.8479995
309.5943961
319.6410438
320.1030735
322.0674659
329.1843846
314.1889167
314.6726097
310.6400932
309.6947736
302.5812816
301.907913
314.201197
318.4911371
327.9155364
339.3906073
328.4935821
306.6974456
305.0966275
284.4316973
279.7613411
265.3593653
268.7749481
277.0560879
264.5347347
280.4268491
268.3158888
277.4094989
294.5923204
299.2406282
321.9705946
304.0286567
304.8801456
299.9661281
293.3392039
285.5764447
277.2697731
286.0592456
284.1322398
280.0484776
291.8497118
290.0768081
300.5045172
303.5768663
298.9954955
300.890405
291.4777133
292.0968637
300.0217512
299.9751356
291.1679639
305.7041606
309.0855679
300.9715891
288.823397
287.6315875
287.980655
288.1012112
283.9913072
294.7237844
291.9501921
298.0503806
287.9646297
281.5807911
269.8258218
275.5903175
271.6194813
282.866967
291.0887704
297.6716224
311.3006431
302.0183135
308.4466697
307.8052619
315.8688476
307.2883337
283.0054909
300.6364568
304.0568747
299.4578824
293.5701295
289.4968208
296.2099268
304.5826964
303.8403206
312.5601059
300.9211569
307.8318374
315.2155121
324.7776573
319.1653815
316.3664761
302.0205871
307.4393843
305.100382
307.4077521
314.2961631
300.5304755
312.6158922
316.2790309
318.2139159
331.5268763
310.0169383
293.188831
283.756717
282.3712303
293.0611951
286.6654577
284.3664701
286.9860135
269.818859
279.627679
285.3133987
287.8022192
291.6244102
297.0508268
302.1343362
297.7175139
292.6648677
293.7881332
301.2927426
293.7902716
292.376876
285.7212971
298.4986191
296.2497491
299.8997658
301.7741623
290.3805664
296.1397188
291.5404313
288.0375261
291.3951734
304.2811878
301.6930452
303.6558558
297.7901694
297.2548677
301.5966584
310.3307868
322.9167366
323.9103071
334.8810046
344.2042123
336.4339441
328.3827623
320.7553242
309.6229138
314.7784316
301.7389719
296.9677367
291.8813524
285.9310347
277.2330453
270.6070892
267.0698986
292.5927398
307.3375892
295.1020484
301.0052062
292.7808085
302.3506525
309.6829507
313.8446592
310.5539091
305.7524052
314.9132531
311.0316562
308.4052397
320.7760962
313.3811438
319.5226127
319.9920151
320.063435
313.566146
308.3511945
311.9997218
295.3796317
301.6948801
308.6127917
307.391205
308.9771738
308.4462513
300.9314958
290.4895603
295.3635321
296.5199106
300.2593084
284.0720969
288.5587057
282.7342918
307.0742416
286.0118763
292.8228011
302.1015789
299.9885215
301.9383281
300.8538809
301.5059196
300.646437
313.1366448
304.2118053
306.6323546
308.0731395
302.1804594
297.2156651
299.9795362
300.3955535
314.5430219
305.3463248
314.558752
303.015949
298.8442164
311.2849137
307.3849006
302.0825605
296.3469505
296.0376083
306.848232
329.08682
314.501686
302.5567068
305.5328887
302.1300963
325.0141944
323.9662194
308.7504834
306.5091624
306.4765778
301.0022452
300.8257722
300.7746507
312.5523934
302.574932
299.2354621
290.278014
304.270294
295.2612624
309.9618159
302.2340419
311.5770566
306.2070082
300.8854636
287.1465659
275.7206173
275.2696977
295.1374605
296.1813957
295.5359665
301.1402114
284.9892857
292.5006424
275.2425437
272.7000194
283.0668326
288.6962029
290.3478868
291.263314
279.9637708
291.5135312
287.3790038
286.2747202
297.8659693
291.9583986
295.6238214
292.2329778
284.2511236
290.0087472
291.4959504
286.8188243
304.1897759
300.308443
304.1524911
309.0756157
294.7434011
296.7948329
282.4904483
286.2259785
296.6801546
290.6007905
300.245213
301.9140485
303.9589439
292.4480281
286.1211318
282.759582
278.0774625
282.4222235
290.4278538
290.9836534
305.0993107
318.4963183
321.2857649
310.4455889
300.0524241
285.0853755
280.0956526
298.9704701
307.1673578
307.9721457
286.8175564
283.0327512
279.2443097
285.1178772
284.1002144
295.8920133
303.3894264
294.5459469
291.0704075
296.3669941
281.2473368
288.9887546
294.013535
286.817077
284.3106311
295.1773521
298.7209159
308.1299904
300.9635019
299.4408459
316.8247943
321.875538
310.8261322
301.3712614
286.8664644
284.7443619
296.4531706
295.9394946
303.5339592
292.6997281
285.8282073
287.9929612
285.8676452
295.0978212
302.6021816
311.8383127
318.548389
287.9578513
282.4236845
275.2776936
270.3956124
274.3344707
278.7369125
278.1971175
274.8624345
288.0867166
285.8116928
276.7718919
267.6439376
281.9954553
265.8386368
272.8702881
281.4881871
295.9448864
291.1430451
293.6624973
291.0914133
309.9152177
301.9127188
319.0931506
311.8590371
293.3866473
298.7837426
304.3643885
308.1430888
310.1852088
305.2081119
302.3150428
306.3782943
296.4962489
301.0864577
304.1354159
293.5624434
284.137508
273.8342271
291.0299764
304.799577
288.0476304
287.8864317
285.1085609
281.5628034
290.0264919
287.7292206
283.3353136
293.5350409
310.6392146
326.6219704
337.2068263
313.5862924
298.4481551
283.5515456
282.1263913
286.1990783
297.6603612
298.0318539
307.6963706
295.7592527
299.6198822
296.876951
297.6735014
294.6367231
290.012163
293.9165214
315.6012452
323.8889707
306.1113186
303.2365001
284.7331039
278.0852829
285.6550414
290.6616933
284.8830671
286.0406164
284.2878964
278.4345206
278.736757
291.4674108
284.2030841
287.4185395
286.0590751
289.4588562
280.2243527
292.2185496
300.8911928
292.1998822
281.2292905
293.0742711
308.323452
307.7718786
292.5471904
287.0533568
285.1944592
295.2393202
300.2945628
288.1491244
285.6489272
282.8100466
296.065885
301.8038573
307.5263385
289.6853298
286.350094
273.1689584
279.1166848
282.3148954
307.6099808
295.3595766
288.1838172
285.8198427
279.2066046
265.1300115
269.6289266
267.1992016
283.0722444
286.7986518
303.773219
303.7627424
294.5290535
295.2811784
302.5134635
317.5835418
313.9439378
318.1814378
318.1404549
314.692719
301.0694769
281.1370396
271.8185803
271.9923588
270.7725916
303.807787
308.9334811
300.2374452
293.923436
302.1049641
286.7450431
294.447045
301.0758455
285.7001188
296.9582829
307.8854427
308.861811
296.6207281
286.0955717
305.4893911
306.5711247
305.394163
297.8419906
305.1792142
306.9462544
294.0635904
304.6772179
316.3769192
304.2768477
294.6108505
289.4425653
295.1464315
303.12161
292.8349908
283.1091394
298.0383284
302.1492103
311.1749135
299.2028131
295.892257
311.6573901
329.2748761
341.9521671
339.8198746
314.4082811
301.9602665
300.2696326
316.934792
331.3457843
331.6417836
326.9587663
302.8504674
296.3079393
310.3299908
309.1260254
307.0810211
306.4243023
304.5478897
307.2296575
320.8997906
315.6797032
317.3145795
304.3594291
301.6345888
316.2549576
316.562844
315.3031997
310.3673965
319.8817729
301.4042673
312.5979285
304.0008662
299.9167208
304.0888363
301.1130883
288.3765868
299.9165411
306.9647856
309.2087703
305.2736934
299.9653182
299.1440097
301.8499518
301.9523019
305.2701449
309.5313479
305.3985591
304.336788
303.2353465
315.5341231
299.9225678
304.17599
319.7790685
306.7738285
311.3407267
299.4179388
300.767695
302.1423272
305.7722485
314.6038472
310.6239248
294.3933533
302.1264259
303.0918914
291.5686494
286.9855841
282.6069928
299.9768483
300.3397541
308.5330322
311.2201849
315.8029435
287.019945
280.3985757
283.1011705
289.8525255
289.5791282
286.2144495
289.2934219
309.4103586
300.4190025
302.8175897
285.4004308
286.0278754
280.8210597
292.3245238
289.3715713
287.2812203
273.0551573
283.9502343
284.8296293
282.6816486
269.8027235
261.3462328
282.0924865
291.3634205
291.4139054
290.6999086
293.7383767
283.3326039
294.5674667
293.3297186
301.4258398
298.4642435
299.8825986
307.2960404
318.3961224
306.2911135
301.1147755
291.759115
285.9321203
287.5342254
272.6289328
270.5324687
258.2795779
258.8071248
285.1585246
294.7498006
310.1016931
304.3990404
278.4785099
285.9045969
283.8516323
287.713011
283.9728564
290.7794108
285.3524878
283.2332028
280.3468505
291.2884424
284.8822713
286.1903968
294.0617899
310.1064703
306.2759916
301.640168
289.6899588
299.5113037
309.1470843
322.6320271
320.7611909
314.1039833
319.2186268
319.9663021
326.3579214
315.370976
304.2514959
300.9018225
298.9700813
292.9063994
300.0294905
289.2372791
292.5704972
304.9834208
295.3214273
291.1713699
297.2355377
285.1100889
299.720327
285.0647821
288.564158
284.263199
288.6950621
282.041167
279.9957871
287.9082745
280.5962203
285.1036566
289.8437414
310.2660089
303.5999417
307.1537545
303.5596639
294.7327762
315.2189519
329.3800992
331.5157928
315.1079053
304.5159402
316.0187068
303.4174161
299.6720424
305.8719232
322.8645172
326.417832
316.0483613
299.9196656
292.3058725
289.4290458
291.7568824
298.335212
301.2780273
296.6329469
297.3244177
304.0834856
317.3875625
326.6751505
321.2090225
309.184841
318.3372401
310.3306273
316.277487
305.6810905
288.3752077
303.5538372
311.6892574
310.950014
313.2914599
313.2103727
312.0545055
297.6339247
289.4827716
297.3495696
309.1474911
295.5870972
299.859077
301.7772003
306.0993101
314.316227
293.6245615
293.0534547
285.4733983
286.6833045
298.5745051
302.6367424
301.9472843
298.6858009
308.0462235
299.5905858
305.220068
322.2071001
313.2439797
311.0017842
298.1091504
308.2677382
296.8987869
298.9699223
298.2709904
297.5928475
293.6155925
293.6915453
284.0984137
282.8217128
287.4173464
308.1607993
313.2795505
315.9519009
298.1597571
292.0255397
295.1665375
287.909771
300.2007937
324.0334545
310.1744839
319.6655482
327.2182997
330.6276213
313.5019883
307.6109364
324.1356659
323.9548278
328.2083448
313.4404672
307.7103158
299.7521641
293.8531205
304.9187
317.5723258
327.4536838
329.3607317
331.4608575
337.9288606
305.4565166
333.319761
322.7838664
315.7979837
318.5943303
327.9218191
326.2758116
312.425633
327.2082847
336.2207248
338.9951618
340.4115901
329.902273
311.9353547
292.0443148
291.2384706
304.1635274
311.2190154
301.5449634
312.3055915
302.3846819
310.7583471
330.714706
325.3934301
302.0173833
301.0538863
308.8053015
316.6058239
305.3034857
312.2364104
322.9054906
322.751536
322.8585481
312.0394679
309.1795799
286.6989512
289.7774604
297.7392103
313.3620831
302.6664516
)
;

boundaryField
{
    xPeriodic_half0
    {
        type            cyclic;
    }
    xPeriodic_half1
    {
        type            cyclic;
    }
    yPeriodic_half0
    {
        type            cyclic;
    }
    yPeriodic_half1
    {
        type            cyclic;
    }
    zPeriodic_half0
    {
        type            cyclic;
    }
    zPeriodic_half1
    {
        type            cyclic;
    }
}


// ************************************************************************* //
