/*--------------------------------*- C++ -*----------------------------------*\
| =========                 |                                                 |
| \\      /  F ield         | OpenFOAM: The Open Source CFD Toolbox           |
|  \\    /   O peration     | Version:  2.4.0-MNF                             |
|   \\  /    A nd           | Web:      www.OpenFOAM.org                      |
|    \\/     M anipulation  |                                                 |
\*---------------------------------------------------------------------------*/
FoamFile
{
    version     2.0;
    format      ascii;
    class       volScalarField;
    location    "0.0006";
    object      rotationalT_N2;
}
// * * * * * * * * * * * * * * * * * * * * * * * * * * * * * * * * * * * * * //

dimensions      [0 0 0 1 0 0 0];

internalField   nonuniform List<scalar> 
5120
(
316.4401878
297.4581292
282.8516841
284.9222565
291.6185439
273.5289695
285.728685
296.059904
300.0822876
295.3043326
289.50721
270.0810945
289.0133737
321.6725482
328.9412767
337.0918226
324.667162
334.0494418
324.1011964
325.0548815
301.4982983
298.8871688
295.9675951
300.1924528
304.4711851
316.1497412
316.0264432
290.1314121
278.1030717
272.0022272
279.2566544
290.298878
291.0106665
287.0232041
289.2762801
309.0702253
301.8958059
296.6506511
310.0589838
302.3415022
298.8790905
297.9958682
305.7591356
300.8032491
305.7341028
296.4969197
294.8162205
303.6167242
317.6186592
331.104101
315.8365333
314.0374135
306.7918791
313.9072372
311.4535593
298.049707
298.5529807
301.0325755
298.7686371
292.9126036
316.6940006
319.2020925
320.2179342
307.3913646
310.8377637
317.7503509
305.7905597
288.6994572
287.8172956
271.1359164
269.8907395
282.0844493
289.8212207
296.1684704
299.1953603
306.892309
306.5986469
325.4755314
318.3841985
309.3328663
301.9889742
310.7535185
287.4515091
276.3250647
279.5635128
277.641391
279.6161713
282.2918727
287.747971
295.9470728
287.2191873
287.140991
288.3351337
280.2749352
286.0347787
282.5950798
278.0120283
278.0139837
295.5130993
292.8691192
279.8835932
292.2687223
289.5270714
285.9240753
284.5303414
278.1313451
295.0899885
296.4911426
285.0129923
280.629466
293.5661999
282.3402713
284.2801257
278.5858889
273.8778716
288.9412008
292.0252181
305.7579689
304.3856962
291.4297323
297.4829865
293.4254685
300.9803336
310.6647784
303.8904702
283.855792
278.9694859
295.9245766
314.3484469
314.9869064
324.796362
312.2073417
309.9156804
326.2018878
329.3876242
311.3955318
311.9204881
291.3969999
300.8829212
294.0925083
308.6741363
304.3945443
303.6496747
299.1448475
298.8786086
296.813725
286.0757223
289.6903735
285.4508381
289.7602727
279.1005478
299.8450371
299.662674
299.4429044
313.5907382
312.7833683
341.9633636
334.5583413
319.9077735
319.9958574
294.0839698
290.9770368
291.8787446
302.9885598
298.9345197
291.0107562
289.0954763
296.6212805
308.4238345
304.5819479
282.2836218
288.9978079
297.2646138
312.6342969
305.9649558
304.9564659
321.0269504
311.0896668
304.447925
303.7724867
314.7199625
328.7556354
317.7271739
333.9053503
343.7409233
334.5650073
337.7941322
328.7670647
316.8647581
317.4951818
299.0016533
291.0621943
291.2035727
276.265052
301.5911534
309.1427252
296.3179103
298.8121753
303.7962841
301.1137591
315.4626686
322.4379775
318.5893613
303.5366668
308.0631311
306.8381348
317.4657999
308.8363918
299.7746988
283.2038678
281.228995
292.5295014
299.7048458
302.7558275
302.6194426
291.4630882
293.7022207
292.1060159
308.4989706
331.7164925
332.252762
323.7675612
315.0972131
313.0084855
308.5419855
293.2953433
277.6835957
288.071678
281.4239844
297.7582304
294.7854349
311.2764029
306.188468
300.9709769
295.8383133
328.6147082
339.7783232
348.3498575
327.7437386
335.0553728
313.8633441
326.0393753
306.1247058
296.3654364
290.7134962
315.6931831
304.1232659
295.304506
290.6744907
283.8973592
306.2983676
320.6582875
323.1940696
307.6563668
303.9754162
309.4601435
313.6445712
293.7389683
309.3694509
318.4751412
282.9138688
288.4169869
298.9988079
309.9715044
304.1949688
300.2078173
297.6629649
288.976787
280.8702481
291.6982584
304.2337538
293.9489197
298.7034546
309.5396468
296.7703583
297.5621774
294.5830288
293.0128396
284.5965768
274.1424673
294.897997
298.0470825
303.0789826
314.8943503
321.2265704
327.3037029
321.9162075
332.2164275
328.2855135
322.6061615
323.2989268
327.4577123
327.3994824
327.6546328
329.3784498
309.705453
289.2875087
288.1085518
285.066091
279.6456553
313.0814387
308.8403521
307.7540083
317.7061785
319.7967161
319.9776747
315.8508818
313.0629873
313.0550921
340.7660853
322.8600081
330.5242921
330.3871261
333.8071509
329.1469519
334.4460756
301.9335307
291.6777221
285.9597288
298.9266011
306.9539409
312.4674155
304.4220348
291.3423013
271.6882872
272.2920494
282.5501088
288.1837658
282.792076
290.9267148
300.5624264
303.3189684
293.1888003
275.5982578
296.8977515
306.7169127
325.4312104
335.1680765
338.3805968
318.0722155
279.891795
284.2203429
288.1724704
300.5270758
300.7689709
292.8484915
293.2745115
294.1976198
287.6847654
294.1885736
286.672786
290.7660311
288.2773674
269.3757805
275.2151518
273.927872
273.07274
265.924287
273.0419229
281.0486287
304.9929401
300.1795856
307.0797399
297.8674983
291.018575
292.6825517
289.9997843
285.0062579
289.1071453
273.0231373
282.902553
286.5059658
281.5523826
277.3685779
291.6761669
300.1585127
285.0064184
283.8145345
295.7634647
286.3329535
317.4074712
308.9996028
294.9315633
291.313317
283.3316766
268.9120417
269.7037533
272.7216896
282.5920784
281.7366941
276.0039585
265.4021172
270.4179233
279.9067209
274.7665753
281.9016147
292.9478773
291.4634049
299.8016555
327.2623254
259.7476795
274.9875271
280.225149
274.3535449
268.4111964
283.5520491
284.9439306
276.6553207
278.5583526
284.069684
300.9773776
304.9656655
302.6452788
289.2567644
281.1619663
270.0169528
293.7426959
288.3314878
293.7047495
265.2354098
284.4725929
284.3758992
289.8516283
290.9287604
286.4893468
275.1180733
267.8358362
286.8826086
279.9640853
275.5494583
250.7236528
260.502244
280.2331962
282.9567191
283.2546868
287.3131747
287.1997433
263.4549433
264.5968441
275.2483944
288.4132504
302.543857
317.0979542
310.4673352
292.1521552
288.945317
306.077171
299.1861214
324.0846697
322.1070296
319.8078824
317.7645495
315.3017105
304.9737074
310.6831734
290.3367344
294.3764797
295.220598
298.9601105
300.6049194
299.8258024
302.5954316
295.6140483
298.5053702
308.4755877
317.6737576
318.2522472
301.0421434
307.4802352
301.1443406
326.9941642
334.9486436
319.2107917
319.70025
326.870884
338.4934544
336.1583312
326.194142
317.2660294
315.1356783
330.5057577
344.1113977
339.5977712
323.731579
311.1533534
308.2093191
305.1158613
311.5059902
301.8521676
295.0847557
293.8215597
298.2036757
295.2331109
308.3714049
294.8239034
284.2810142
286.0991275
288.3472394
303.7779839
322.9960781
287.5172965
279.0940633
286.7023747
296.3387369
291.4485971
284.5950994
273.8842656
266.351584
284.2339861
293.0034156
307.1011799
298.2771509
325.5946408
308.1687159
317.871855
309.0678132
293.5164598
294.9325023
280.4497323
288.2678189
271.4811958
267.9699443
276.4136352
266.3189246
275.7360909
277.8012262
297.0686145
301.746436
297.6417409
308.7810233
317.3164075
311.6382197
302.1519639
300.9588954
290.4334704
274.6749477
266.8025223
272.7525109
273.942996
270.9035887
313.8058576
308.1074014
317.9502649
319.1195441
320.883175
316.1584705
314.5750708
307.877778
315.2103394
326.8420777
331.8738847
320.6149217
309.8032908
302.7487149
298.3470141
313.0296236
311.1141298
323.4561684
323.5593501
321.2884337
323.5385015
326.7295176
313.6045317
321.9022254
316.7850761
302.0775692
304.497598
303.6507168
323.5849721
327.839676
323.4590604
306.2328979
287.6148491
313.7805712
319.2026507
301.4290789
299.1538067
301.4680219
299.2802523
312.4750424
307.0798787
304.8798541
313.9683332
290.4055523
288.5565293
299.390518
298.3844369
307.6984704
305.4094858
284.0965911
293.7265279
306.424265
309.0554181
307.2966699
306.0739978
321.3369468
311.9295117
314.3965134
312.2752821
304.8245787
312.6313687
310.6173861
316.8920887
313.1552035
317.7533383
314.1272265
299.2223574
291.5263993
292.2311235
278.9017175
288.2984629
290.0341358
304.6801425
321.5058151
324.6444951
341.3347577
339.8816067
326.3672753
337.0074911
310.3733247
334.3072171
320.8087053
306.0083726
299.0667367
315.4147157
315.2365442
308.803913
313.1572005
313.7179946
299.220611
309.0513125
313.1598801
315.7865842
315.1820905
307.5839558
305.4964336
314.3655623
339.9405407
334.8072488
346.2169634
295.6510245
291.6989983
294.7316326
297.1456317
301.1269045
295.925014
298.056135
287.2372105
289.1842431
295.2195802
306.2416826
295.2144291
306.1032748
289.7069073
293.3649036
300.7747952
299.0268039
309.2109483
297.0815812
321.5560926
290.205115
271.0080788
274.3721288
275.82072
288.9404471
286.1110071
303.2086642
304.6798388
298.4001658
292.9962557
292.784402
299.6657285
296.0471834
313.3113587
308.8364566
303.5899466
296.6898291
294.3966889
292.3320775
282.9436653
302.6560619
334.7968166
318.5557969
301.1510763
298.8966156
300.5299425
286.9161963
272.0784248
276.3410112
266.8725195
282.2919246
286.7548974
288.870503
309.744957
307.0000698
298.5488121
289.6142239
285.3451847
287.0021268
280.3547073
293.7358219
279.1018067
292.3294828
307.3557303
308.7851015
310.6114613
317.9932135
309.345101
297.6384821
299.8065087
304.2100908
307.4693455
291.5021835
273.3973146
269.3931296
260.4090901
270.5658982
285.2332026
278.9320056
287.439821
270.0508663
275.3575292
282.9246125
287.0394902
277.1710018
284.4375428
281.2765192
292.000232
300.7168992
309.1316759
311.4736881
317.7053881
297.1761652
289.1212454
298.4393857
292.308506
291.7612994
293.7448876
284.9262321
277.9095493
281.907138
287.8924215
288.9976438
295.8857133
305.1226596
315.374783
326.0598325
318.2072989
313.9126271
317.4558473
314.6803862
301.6227514
301.0908527
286.59752
293.1741561
282.0543782
279.8278555
287.4236924
285.8922123
283.7882986
316.7580401
298.7077641
299.512082
310.3368789
323.7427618
314.5796698
318.0379163
311.0071077
298.6036886
292.8033159
281.4046824
294.0773206
309.3551935
315.443851
313.5753487
295.4547564
288.6405615
294.0843677
310.9463443
318.577112
301.6343204
310.7851943
319.2843123
317.4498799
332.0805895
337.1598195
329.6608245
321.9092514
313.6743467
320.8914006
293.8906021
288.5987912
298.3529468
308.0887322
302.4812987
317.247702
322.9699179
330.6376807
309.2294651
313.3993211
312.9197644
321.7665528
298.0833652
297.5633344
297.2257251
289.9622003
300.8474568
315.3408797
303.4584405
307.781136
308.5284454
299.014865
285.2841357
281.9013827
284.0945439
281.3800749
290.6026272
303.8519205
316.7795329
310.5907943
277.5662436
288.9662112
281.4743169
285.6717809
283.0698977
292.0036123
290.7701031
302.9633077
298.9505598
298.8849123
295.7151713
298.8566638
299.1682435
289.5438749
303.8582404
299.9384766
310.6205773
282.7987257
270.5837507
283.3373544
287.8493513
295.9624086
328.4948906
314.3383821
326.3157925
324.9040154
301.4944684
312.34751
309.9440259
293.1877823
289.9525072
287.5237996
282.2421235
285.8732901
280.1680684
285.129113
291.7464621
302.6009168
282.3536763
284.694484
315.9405327
304.6717055
275.9862393
280.9051016
278.5331612
296.3459135
294.9787144
301.9659052
297.9611582
297.172439
294.3474454
304.5231568
307.0027853
312.0739494
318.0802906
301.6022265
292.7588418
288.2234517
294.856982
307.8800415
276.6650584
281.4158254
291.4056601
317.2195365
316.2617252
319.6242569
320.5017529
310.8959826
299.4767348
288.4008272
280.8979204
280.7638745
277.2597348
277.1869965
276.4354355
291.3484111
300.6199909
314.009944
306.5846204
296.5353984
286.3430669
290.7287848
286.0987576
280.0931381
276.0649833
283.2910854
291.2262299
286.5699379
291.2736617
306.9671891
331.1586275
317.7405758
303.3505782
306.5585052
301.3593182
293.116053
298.3376025
299.1629392
293.2364023
293.9964653
295.6841655
296.583397
264.1186604
272.355261
255.2876032
270.4236147
291.8346308
289.2826638
295.4731257
304.8280588
286.2962733
284.2007311
278.0953676
291.3056779
298.2868099
287.3164404
279.4825297
274.7555511
281.0881734
294.8538586
301.9297988
318.1963688
313.0880225
309.566336
301.719309
294.7161494
301.1327198
302.8425839
299.5669003
302.0426289
305.484274
312.6745518
309.0455395
301.2906151
311.9367542
299.5758902
303.1182905
300.7183048
299.202664
300.1476391
304.5149418
289.4506834
295.6026574
305.9599709
304.9298255
303.2929058
297.1961385
301.5240804
286.5426083
272.7502177
269.5614006
284.4983913
274.4507315
291.8028631
282.9210741
288.8540896
299.3133136
320.5546213
309.7744071
304.4863654
287.589431
286.2469389
285.0041353
292.8924734
304.5159931
291.8446928
281.3145748
298.7223936
300.1894352
321.0649209
322.2368996
307.4272597
296.8911336
295.5755792
308.2143688
317.8122445
306.5047411
293.1599138
283.492291
286.4928584
264.5264703
264.4709832
278.6569948
288.1885224
280.9891192
297.6456338
288.3927026
297.4285453
283.9000586
272.0905335
279.3770549
293.5978065
289.9775838
288.3664562
288.5452782
291.7409779
281.5217
269.5278944
262.9646287
269.3629164
293.5605522
284.0003049
281.4414089
294.0683809
284.6257447
285.0000899
291.0871614
297.4982893
320.7522006
316.4080913
290.5878678
287.4555253
294.4005626
297.1720177
307.661129
293.221382
312.9818863
310.5479109
301.3523316
290.4309761
302.4938512
312.8971417
316.8137587
314.7887716
321.7741786
315.3472754
291.9312156
292.7840981
296.3171765
300.4464705
279.595288
285.680393
300.8282551
302.5263948
316.9450885
300.0401716
292.0131341
302.0880947
318.170783
323.7602058
348.4922786
342.5000803
343.5994707
324.0368392
302.9018096
308.4917369
300.8608134
298.3224622
304.5672858
303.7111068
308.48304
294.3583428
292.4279546
284.5782848
275.5555034
267.2824916
287.2554261
283.1629015
302.507737
316.5519891
289.0936205
291.5228526
296.8223937
301.8189862
295.8790052
294.6721631
305.7890463
303.0211926
289.615059
282.7136924
288.5524371
286.5176593
291.7403605
288.6220149
286.8582127
299.807376
306.0981565
303.1855706
297.7066823
287.7546379
306.3574739
300.8525348
287.3601674
286.386401
290.0035866
295.4385651
307.0380716
309.244562
301.8166773
314.2141951
310.0188372
310.5365231
293.3188629
300.6511241
294.4764424
284.1424905
288.1504571
284.2063025
301.939798
298.8666204
302.7228286
281.7453284
294.2128355
296.1210651
289.9361414
297.4460251
300.9728383
319.5502893
316.771319
309.1685498
319.2761901
307.6883659
311.0355974
320.2109358
318.1360427
303.1797255
295.1760733
309.0393508
289.3565983
293.7229271
299.9800332
283.0276409
286.631807
278.7858084
288.9237536
292.8219526
286.5745707
277.7701669
284.4675892
295.9195854
287.2003395
296.6039827
288.4135395
296.8395542
293.824373
287.8496305
282.0777631
290.6282422
301.1145604
292.0621118
307.7977529
304.5876231
305.3702341
292.5974806
295.2696483
304.6593332
306.4388412
294.5638465
308.0008971
306.9936791
318.7911627
327.8087515
321.3672554
318.1990963
327.0116977
317.7490316
319.9707733
303.2959278
307.4103642
313.9689797
278.9120105
278.0915304
284.7354881
284.6341364
281.7372494
290.3373443
299.7106678
284.0165067
285.8318511
285.9897029
278.4042352
293.274291
303.9343961
285.955502
281.9980312
287.5921508
302.813599
310.8102578
313.7472627
288.6855822
281.6195797
274.2395596
263.6430244
262.2938861
276.6915977
261.8894129
261.2772625
283.1317596
282.994818
277.2213983
275.0808912
270.784289
274.5690512
274.8872891
284.0075127
290.0754957
288.4592575
276.7766637
283.5493881
286.5341814
306.2866661
309.3460132
312.1862329
313.5395641
298.3701185
296.0639212
291.4772062
285.2145935
281.854663
286.3583742
288.7828278
292.2638558
283.4257585
292.2972446
281.734372
292.6819465
295.9534352
305.4144501
306.0335536
304.3771225
306.7436167
314.1338684
326.0224882
327.8806159
328.2785918
312.1852469
293.2660844
304.2833611
309.0121871
317.5640674
300.8376237
310.9258702
305.7626526
297.0253919
297.3807617
280.9671921
295.9380393
303.9985798
299.0928747
291.0515573
300.9674847
312.4618281
295.9600926
303.3635944
309.2508225
309.9680933
312.3185669
296.4971836
294.7254823
304.9113725
317.8446912
328.2341531
314.6764752
319.9901918
295.8400385
285.8134977
275.4628808
272.6629781
272.390352
279.2743848
284.0173594
292.5082465
277.1532136
292.1888158
281.5657431
286.1329337
286.3240436
300.4909841
296.1438833
304.6597333
306.4739014
301.9582834
292.5577559
300.1669726
301.4873273
296.5062146
287.2931695
264.6624736
275.877868
289.9969498
301.1323494
291.8072056
296.9145233
310.5226071
326.2762932
319.326139
325.9325618
337.5168535
303.4159341
284.6458615
279.2180889
286.7926834
284.2197895
283.8019898
273.5764686
272.10379
268.6566797
282.7328301
278.0241246
287.0308035
275.8703149
278.6403877
293.4170661
284.9774702
285.6660005
285.0770309
286.8946601
284.051976
285.5855859
306.1826202
292.8958749
297.9525318
294.9038522
287.871108
282.1630689
278.2726714
275.5697407
265.0518133
265.4521686
261.5918462
298.3517036
297.1500546
294.3624603
278.2507311
293.7598367
306.1990338
293.9505861
295.9117467
311.5283202
316.2029974
320.2099914
314.1814299
305.1198534
310.0179263
304.9405257
305.1690136
311.8809182
309.0583006
305.8371914
292.6381676
318.7693373
310.4201378
307.859835
302.1510477
278.0906265
278.123475
299.2739348
296.1604829
303.8957464
297.4655908
299.3806062
283.5112913
283.6108585
300.7105694
289.256736
292.2352465
275.2416721
275.3915066
296.1633165
310.2671395
297.0768988
299.6495203
293.9573016
294.7602671
301.9316775
302.908284
324.3831108
333.7844958
315.7503355
305.0783148
313.4978087
326.7874573
326.8029857
312.2189305
326.7932953
333.9606244
326.6074622
316.1493906
290.81102
289.2797212
280.3305038
271.0606294
287.8547301
287.1226793
282.2239334
270.3859056
270.2294485
276.4857398
303.0905271
318.1588235
324.2458888
326.5494104
320.5362085
317.1286075
295.9669899
303.2024518
295.7676477
308.5376476
295.5971807
298.7782182
282.243705
282.4035053
273.1305366
294.0315931
287.456962
282.0049796
272.8940501
281.4931473
278.9176796
277.0669666
278.9987497
281.5239822
287.7666619
297.4174864
294.1078675
290.9373978
298.2241001
282.3086442
267.3144074
270.0703701
285.659567
313.6493498
316.3195512
287.9322643
304.0579186
309.0502
296.4274655
284.7410022
278.3952611
282.9767734
274.2416062
281.3580356
284.8359762
274.8777809
275.3952042
282.8595647
291.768709
293.9096089
298.6180235
298.6223673
289.6149902
285.293365
293.330634
306.6132247
304.6251317
295.6624061
305.5684227
297.5176329
284.3138695
281.3510898
296.2724327
304.9146269
326.0852587
323.3620595
315.9266795
295.4329091
289.083781
287.1125153
287.9159281
288.9786401
297.6405587
295.5841959
279.2029086
279.0801065
283.7231672
272.2282818
281.326051
282.487042
292.2573568
289.5536913
295.379271
290.5311443
277.0355247
290.7940599
305.6541601
313.2536541
304.9862372
303.3634636
295.1042333
291.3233405
306.3058673
302.1902199
290.3088287
296.626006
309.0486608
304.8156513
299.4738524
305.1628471
298.786082
296.7636538
297.3973807
297.6233398
302.2836826
316.3681203
302.5677242
299.0052602
302.8116968
301.6516197
301.7510723
302.1465645
309.8523419
301.0467657
296.2227893
288.7071678
286.216772
289.7796976
293.5792866
282.517029
291.9281564
293.0093367
289.8840779
274.7706107
277.6022464
288.6809934
302.6497702
300.7726818
295.0496103
295.0763229
303.1383465
305.2403697
296.5057496
307.695903
304.4017443
298.1712461
298.2644723
283.1363876
282.8492544
283.2260219
304.2805481
300.5949956
298.5005033
323.5063308
341.2425908
348.3318109
324.7321054
294.7039984
298.5317516
295.1236992
301.0648387
300.3333609
289.4196264
301.99642
300.8127874
309.9615282
311.2195171
323.0416858
311.1028542
322.460437
310.3234842
306.4891439
312.3909092
313.9593792
308.3674755
299.3750978
309.1755428
312.0325842
296.6346993
292.4190223
296.8347988
297.5077193
298.1782234
312.4397302
322.0512296
305.4041895
319.8564292
302.2621999
312.5627072
301.9133231
304.733128
312.1652557
301.6564618
298.3609384
284.3400936
290.714704
295.4733544
301.8031166
296.9736336
299.3260593
295.0045188
304.488419
302.2005729
318.9337039
321.9070333
316.3917146
308.28304
314.0345326
306.8141541
292.7825316
291.2179267
273.0456556
278.6447454
288.6684293
294.5535754
301.0375051
313.534583
312.3229158
301.5529883
302.3827907
301.8544213
300.0460112
312.8688613
312.4893267
296.0552109
300.5118527
294.6638752
306.7217227
289.5670405
287.377153
308.2048059
306.7105014
317.5128253
308.3923609
311.3583784
295.0261502
302.2385766
291.1772963
297.8061398
314.9758347
296.5189145
297.0049859
306.5349762
292.6848555
300.2797973
314.0835535
319.598847
307.1175154
321.6293959
306.8969037
304.3311319
298.4489812
295.9274223
285.297653
287.6530311
279.1944301
285.7478425
286.0797716
280.0826126
300.2284802
306.1784122
321.9892679
279.9774376
297.81494
289.8751877
296.9692702
293.7647245
290.7471931
288.3315346
289.5881059
303.4299334
306.6478034
313.0921667
310.1258112
309.2373403
321.5664647
322.1227607
316.436848
308.6105615
301.2714521
303.0400602
287.388541
300.6076808
288.984373
292.0369465
290.4628109
299.6428957
299.0440895
296.7959989
289.3594474
286.2474718
305.1374003
310.6710398
310.4590687
314.4084985
297.7213436
282.8756292
283.7003281
278.7791524
281.3297044
289.1715401
295.3476203
285.0460336
279.3610896
296.2767922
269.4275943
275.4208162
280.1847804
278.0135666
285.4876428
291.4324649
310.6862213
314.3765167
318.9441913
323.5561204
310.4593389
309.3880859
294.5524069
299.4418033
303.4902508
299.4887018
297.5831316
320.2283452
304.6278282
309.2489566
311.9488476
304.0019377
302.6832776
299.9207661
302.6263254
294.6585379
279.7272451
282.2907072
281.3018616
283.1857911
296.6329398
312.799258
313.3004396
328.4676995
318.3116441
311.6400782
314.9759145
277.6989506
288.077791
291.7348461
286.0785147
292.3346992
280.119357
289.2180399
297.8149136
311.5692714
297.6529705
299.2908444
301.4618271
300.2128879
283.1786195
288.1028459
292.4205089
285.0558851
290.118307
280.8274982
279.8741666
325.7380802
341.5861569
323.9555507
312.3050794
301.8871943
297.8019365
299.1474941
289.5626544
299.4063517
308.723247
304.9189058
307.1454713
288.264959
294.6904944
289.3846561
296.5963406
293.280091
297.1536108
300.3766511
325.476167
284.8126586
298.4530451
292.8106919
291.5472962
296.3388761
295.5978967
299.0188834
299.9813619
292.9242238
301.237938
291.2114154
300.4385215
300.968216
290.2880535
298.5184334
282.5271142
271.618405
282.8779625
291.6199582
291.2934395
301.0974261
294.583812
319.1436988
327.402307
300.7998348
297.8181533
283.9179125
285.657996
295.642016
302.1659011
300.4363623
296.8811512
288.8685891
272.2661928
279.1665778
293.7296447
290.3767698
276.7236037
281.0070098
285.9331481
277.8476003
286.082892
288.4631658
295.289636
300.2827128
291.8756024
291.1186873
289.9723822
309.2858087
299.4194431
305.9788958
313.9205954
315.2727066
307.6150604
299.3887993
285.4945723
293.0255358
293.0671826
288.2881262
285.7220353
310.2027447
323.251799
323.2664348
335.2048262
319.5338642
315.7570293
302.6633476
311.2794028
310.7313945
305.4766487
304.5964083
305.0459198
303.6944807
308.2778413
306.7106097
318.7666297
318.2899862
329.2310709
331.0696914
318.9507553
292.691732
288.418021
298.1650384
303.3461164
308.0780026
303.7310414
311.4260577
307.0635765
310.1983149
307.1873183
306.9914912
291.3550954
282.1748928
299.0999014
315.9584959
335.8715593
344.2008639
345.9939564
319.3094392
308.6657113
299.0999045
301.6600682
294.6111863
293.8623881
298.7721584
307.4842278
296.5074349
305.3103054
292.2910218
285.2612839
297.782479
318.7919472
309.8324324
312.3673005
309.7639804
308.0426444
301.6421974
299.4623392
300.1149764
298.9525647
326.5905544
313.2363842
305.4048877
299.2011433
299.1812105
311.0985825
316.0165227
318.2699418
314.5356089
314.5976753
300.761899
298.3089445
302.9668705
303.6787296
300.6072598
316.7378813
308.0686679
305.8075407
314.7762372
313.9645315
323.4226471
321.5167668
313.1725287
308.5010241
310.9867741
315.1601238
322.1490323
312.2821096
310.4880253
310.0718031
306.3966522
294.7304517
291.8789144
285.9245076
307.6442524
313.1129471
317.1476511
318.0260741
326.5098764
336.131619
299.1890155
319.5777381
322.8194037
311.939769
318.086249
305.1542788
302.0724514
311.2491869
311.8458601
307.6323476
309.0008111
329.8660072
324.1068262
328.1868772
316.3280748
313.562527
318.96033
317.3315527
307.3637138
300.5539578
299.7175154
309.3945113
310.6884186
296.3201287
297.2840071
301.7392811
313.6359863
312.7876054
302.9876902
307.2496114
309.8207046
306.187138
298.7503117
301.666601
307.2446289
309.9051312
304.9805297
296.7584515
306.5867613
303.3359563
293.1061575
274.9982953
267.572077
271.9352973
274.1644167
279.0286318
276.2550461
283.913108
307.6596744
307.2102127
301.3304238
298.1932203
293.472374
295.9978143
310.2833844
326.7672002
321.3474773
330.0673472
313.8326048
302.793889
300.5952925
313.4442812
321.6274688
324.4449573
310.8564762
305.7062023
299.2342859
303.4475609
292.2809883
279.3343243
285.3145901
283.1806861
295.1955286
304.384413
301.009598
306.1989159
293.9627304
282.5316013
280.523297
286.761085
284.2089921
275.8315672
281.6473887
292.1301324
308.9622559
315.2636014
307.8089766
303.8183448
303.5328987
310.4759377
294.152585
278.6240382
296.0854508
299.0061753
295.0473825
302.6589079
302.0036284
304.7909074
302.2772135
298.1744828
309.469987
315.79644
319.160479
302.2242156
296.9509786
298.8214458
289.4813954
283.2030758
275.3786135
285.7305053
304.261212
317.865518
306.8171186
315.2130031
304.5126809
300.1769844
295.5220734
290.64455
299.1017308
306.4722424
298.9171543
294.4909733
284.5369564
266.9443345
276.3738091
281.7185374
275.4463383
281.4746516
300.217049
295.0159117
306.5280507
323.079922
323.2332993
314.7873904
318.480968
310.437702
315.1728058
319.6985052
294.1429108
285.9643747
278.8709043
263.6134929
278.4745521
296.3299153
303.8096832
287.2682174
297.873674
289.4005361
263.2090517
252.7017727
253.6210303
267.4796599
287.8937082
300.420203
285.5647253
280.9947895
276.3339434
267.0536674
270.4277041
276.3217417
297.9336516
306.0926876
301.4158686
296.2772308
286.1261571
298.8403021
308.054423
296.0437292
297.2005876
294.0410569
297.4757125
290.9785036
289.4861952
280.4356044
288.5958396
297.4264398
311.1379318
305.4726121
305.6328125
286.4650086
309.3820739
315.7979296
312.5783474
314.0537057
324.5350235
305.6291455
294.3714952
296.4509313
286.9028019
292.8589294
301.246319
311.464107
304.5079254
283.1452257
293.6516683
282.5184928
295.4449386
311.9205149
311.9038212
294.9227532
312.9516615
311.464079
315.5986334
324.838614
331.869412
349.6669345
352.143776
354.7906331
340.0344617
327.0689429
304.3470837
298.1703711
297.7483758
303.6787597
296.3480001
286.4220793
280.3900956
276.504973
285.7725939
305.5533092
344.1809956
327.6748968
338.5573662
333.0145519
326.1802585
313.132675
313.3926097
316.7512346
316.738435
323.4610534
322.4595014
318.2625496
319.5702519
327.7790173
315.4718318
317.7237354
324.9554739
329.3127876
320.4336157
328.6628761
307.6205294
308.9997793
299.5844731
306.8035762
307.6062102
306.0369318
311.8679339
306.2795054
298.4957325
288.4661136
293.260506
304.7137714
313.9420184
315.1748906
306.4039747
301.01598
291.4603325
293.3102655
294.820444
307.1842509
301.486034
306.2559535
329.30122
318.7405942
310.8908813
305.2540458
305.3216773
310.6157651
327.9160235
327.6327369
317.8345062
317.0831761
312.7600654
316.1662709
297.839222
307.537059
306.8755252
325.0846208
304.958754
304.5304504
331.387722
316.8907233
304.0094052
297.2507936
311.6246523
305.8617436
302.9664908
308.0749668
309.3381267
333.2137558
331.4920695
338.2305987
346.8763657
343.1981539
344.1947986
314.1335963
309.7744909
322.4650738
328.1865919
323.9717692
291.7874777
286.9808906
303.4865832
309.4366004
313.6610434
298.0141828
293.0089828
290.6281843
282.9824179
264.9138731
289.7722712
312.376964
316.8234626
326.8450219
299.1587709
302.3562882
304.3672581
293.1988998
296.2009139
292.0184642
278.6731206
272.5884786
293.9878235
303.4072812
304.7465648
304.9725283
306.5869176
304.9201928
308.1863828
310.3224336
316.6002488
306.3326409
303.4489465
292.8529768
309.2546439
303.3791635
308.0192831
305.8503368
284.479444
295.0516927
324.0394452
315.3624789
310.9432039
313.926804
305.7691801
298.92113
299.0799577
311.3209524
312.700613
315.608456
315.8899126
326.0236387
321.2293417
318.3635245
326.076036
306.73524
291.774058
304.8620145
322.3926115
324.4621118
282.1838522
284.8611599
280.9130935
290.7723591
297.1155326
294.4092249
286.7121431
290.460909
274.9112951
271.9489406
275.2704105
283.3392197
292.6838167
283.9725766
295.665947
291.0423746
281.6971353
288.1250706
272.9377502
286.1354391
297.2366418
303.1540549
302.6086563
315.833434
312.6444219
313.7059925
309.4443784
310.4918155
316.5801517
309.6124342
309.7386594
301.3221531
292.928164
291.1334348
284.4173702
279.2530347
286.2546595
281.451055
303.3408272
296.5912581
306.2186169
305.3442163
308.6378415
308.133935
294.9108336
290.9393905
301.9133796
296.6593574
301.0202811
314.0402518
304.3036552
294.5605642
282.2115693
283.8574162
300.6281491
292.5545547
286.4182942
286.5099544
289.9321813
299.8761146
293.4667131
295.8349235
291.1321022
291.2455208
284.9533084
297.7672104
294.5367306
297.1138241
300.6096134
274.0350638
290.9049249
294.4541025
293.3650053
294.8904312
295.2801878
296.1444886
296.7550648
291.1580637
284.5255242
291.409929
291.4862849
286.5866229
289.5081104
301.2335457
299.1812322
306.9778109
312.6077675
299.7638413
298.3299098
320.3728684
308.4345075
293.4005682
286.3835242
288.9138783
275.5526172
272.4739967
279.4247971
278.8190601
292.3694756
291.7141023
273.251084
270.1970899
282.3055821
294.2958608
275.7745396
283.1668328
292.2533265
282.2292326
281.9743257
273.7118491
269.7580775
249.0201155
265.520963
268.4888763
273.8348415
280.9680284
288.8005327
277.656842
269.618109
270.6163917
281.3912773
277.3465052
281.0391658
299.5194296
286.8733025
277.1756456
288.2514953
294.1131994
323.9470695
321.146379
318.2331645
314.3163047
303.8219375
309.9512277
297.5048657
297.1744211
292.3077743
314.0787919
303.7012806
291.2633689
306.3802589
299.0251201
295.2904105
286.9105953
278.2473991
293.0809612
304.8228975
287.9982308
284.3885802
288.8679089
304.2586155
296.4610717
306.1151544
309.6077043
318.2366627
324.4684936
315.0977916
318.9576715
311.780606
317.1366414
299.646132
298.6345325
294.229926
303.6925112
294.9455146
294.0424072
274.7861219
288.3422943
289.2029373
294.8177202
291.6007616
286.562294
282.9349008
285.8264798
273.0263824
291.5117459
294.0561297
311.0612631
306.6811781
292.1805245
297.2974274
298.5311674
296.5235414
289.4300562
299.4520201
290.676795
311.3732988
308.0954358
303.5260513
300.1939976
293.4689066
293.0178478
301.1976399
322.1214522
330.4151645
321.6279519
322.3758726
318.2530011
330.9084279
311.8625407
299.3425228
293.1466478
284.0721997
293.0262183
306.7119134
319.1157267
317.5904077
325.1534238
333.7769294
319.710049
320.3242404
311.9922923
312.7003368
314.5279048
317.1660208
300.1309502
302.7329387
302.4733919
286.5781739
291.4001604
306.0386641
324.206034
319.2720983
317.2622545
315.233765
301.6287845
309.4740017
293.6541211
300.3317269
319.3848734
308.2218242
305.382528
287.2474578
292.1589107
306.0755535
308.8165844
313.4240889
309.0650323
307.6068785
306.9138191
294.4941212
288.0038204
308.328192
310.708244
308.9701367
316.1324208
319.1363125
321.842835
298.1326763
305.2243449
312.8178436
315.9447083
286.3799799
293.0181869
306.1266792
306.2094791
313.6822432
309.2415119
317.6189501
294.6565675
313.2048836
319.4246021
323.3869563
320.9337886
309.6280624
301.4505615
305.2650844
317.6724475
304.345596
310.1830437
311.4303425
291.9061807
286.015177
291.5085941
287.4148974
284.3448696
296.9392831
291.2897683
277.0461429
291.9068487
300.8341959
314.85141
305.6468401
314.5272176
310.9195516
314.8192106
308.0143007
289.8277074
279.1461272
299.8915967
313.563611
303.5293659
322.1804707
335.4861159
318.8176296
316.9378406
320.2393528
321.3972113
328.1106594
313.8630991
320.2215791
300.3334915
305.0819044
291.6579675
281.8626371
279.4143574
289.6295439
292.1271594
302.481396
304.4074537
294.790243
305.3945355
297.0201372
287.5279191
291.6026566
313.0745878
326.5595606
320.3507831
308.8878846
309.4657346
297.210866
302.3698778
306.3261908
309.0794947
305.7919238
291.8060801
301.8685331
295.6390964
292.8018569
295.7995932
312.7970824
295.576319
277.8068307
271.0106939
273.8095853
282.3417903
280.8006831
292.5323226
311.6192492
308.2504641
305.4682576
300.4084143
314.8806134
316.9574516
310.0104529
303.4259739
290.2686838
295.6133102
296.5281612
305.7085744
309.0213147
317.2559243
318.8755706
301.3649125
316.4273009
311.8931056
308.569569
285.0328652
290.8286876
287.3589549
307.4491688
298.4144149
301.1484131
302.1814313
313.7007449
316.9422212
299.4524552
288.7938944
301.7410495
310.8187758
301.9180828
299.2761771
287.075019
287.4814079
289.4059828
296.6374987
295.8058931
285.4367503
289.7365848
311.7151365
294.9714879
295.0067096
293.2296268
274.7088225
268.3502706
267.688104
275.1745565
282.9485675
293.1683087
306.871247
309.6772729
297.9893028
306.7931784
306.8021224
289.220342
294.4934263
294.5998763
299.4393127
289.3531029
292.7501954
303.9899809
292.6514516
282.6608349
289.5917318
297.1025601
294.431036
310.3971331
297.3537776
281.0117628
278.053527
281.2150231
291.9803603
296.3419938
282.5516053
289.5946068
293.4823772
302.1174368
306.5006856
323.576106
327.8836579
299.9369002
302.1843127
311.6967459
284.9457032
286.358165
279.7559662
278.4223401
281.8907177
289.3131026
292.3464434
293.847655
282.2963412
289.1475
296.3134612
307.4732887
283.203447
274.9749178
291.5313451
294.1893912
293.5568371
286.1139667
287.451805
283.9390708
281.7599068
291.2662167
280.7658542
276.4004965
283.1619197
277.903476
273.6884601
275.423806
271.5343912
281.2003934
301.2500626
292.4122229
279.6959526
277.4995264
266.6137008
278.3544113
279.3113733
292.8776498
285.2398795
285.9571109
279.3462924
277.8301612
284.9631063
267.0560896
261.4834558
283.7757231
291.9344999
304.1043489
326.7201441
309.9996676
312.6912614
310.3560903
303.9871279
293.1598933
308.564798
300.1849038
291.4445534
295.9907175
295.7500812
303.9582333
305.4448181
311.7804285
297.9396365
289.5442532
297.730407
300.9961748
309.112591
313.0654452
303.2193845
322.4945431
310.107671
300.9268431
284.8880943
280.2849719
283.7368156
285.3505803
288.8688911
318.7023592
323.0317693
326.0790973
322.6606766
299.5306952
297.1639748
299.8353786
291.145624
295.3058194
283.7744396
269.8046124
275.0483084
286.7244825
290.8998012
287.9377012
294.4688965
310.1928142
308.5672866
302.2023991
317.6261542
291.9906597
286.0793813
309.1783605
289.4877993
311.7337527
328.8505079
330.8650205
339.2056543
321.783065
306.8724489
301.6777056
314.9569965
313.8940301
311.6095918
305.4483006
296.8163036
300.747404
304.3469594
305.7108453
303.361986
306.2676673
301.0923301
309.0839067
316.6609786
322.4018439
301.6732869
306.6227828
313.0425171
317.1011605
314.2858846
319.7340526
311.9341297
311.9653215
316.7142774
315.7927789
314.5084082
315.7643133
297.1006034
304.2951437
312.0680242
328.4028075
326.6683615
299.6161501
300.0727358
304.5825601
290.7336528
281.5494069
288.9829974
295.2364282
299.2697685
284.5083197
291.937379
309.0191637
329.4368209
317.9255745
315.4306881
323.1727277
338.6417895
330.8276114
322.7192836
290.5795557
287.3831541
316.338734
315.9017533
300.4445759
304.2961851
285.0820477
292.6935821
301.6428683
294.7913754
300.5001186
297.270521
294.8535201
305.4747894
306.5440363
294.0368781
294.8731201
304.7944997
303.2311251
301.5194701
309.7919536
297.8452269
279.4223817
279.0084874
278.9053196
285.7138713
277.7910669
287.3684623
293.7439921
274.8071099
263.5928404
279.2136414
280.8548193
262.9282751
277.0410778
277.2525912
279.621646
277.4394178
304.1181131
306.8462345
285.1822035
289.1585005
290.50607
288.912275
299.3650438
302.6885108
306.3954156
305.6972213
296.8849446
283.6837664
289.8569433
303.9606438
310.8267711
330.5083087
326.6314962
323.0482495
312.9135901
307.1544643
300.8820368
305.483792
317.9033785
322.1333116
311.7715581
302.6032151
301.0636374
309.5259008
322.1585859
325.1917908
324.2616947
317.4418416
313.1560492
308.2418841
309.3130935
284.8417993
295.3110701
297.6839752
313.7000844
292.4052035
290.041325
300.3210155
286.240585
296.1078464
305.420675
291.8673496
323.2500642
338.8009547
337.309244
342.5725568
331.0323945
316.8005302
304.4305828
291.7607531
306.3525884
311.1204976
309.5722243
309.5210392
300.9706021
300.7151787
291.1660021
290.3795255
309.8853923
318.1959831
314.8446675
313.3577981
310.8265351
288.016575
303.7775525
302.6067944
298.6193063
302.1779447
296.7373279
298.8566745
299.4858488
299.2701975
291.1796936
285.7025931
296.2132109
290.6813243
281.8286104
294.5729141
294.5396359
291.176321
293.9629937
312.8761738
320.0485255
308.8866762
313.9887126
298.616758
304.5752579
298.6302554
296.1709267
295.6486804
291.8280965
286.7546091
301.2945718
305.5102272
298.6037336
295.7675905
303.9352721
297.064268
305.1876301
305.4901025
299.5713092
298.774608
312.1781715
303.6322613
310.7754001
317.8671222
316.3595794
313.508394
295.7986063
296.8309161
296.6559924
304.9672133
327.0163314
333.3781898
329.3860019
326.4745906
309.8063287
301.5507824
294.2490098
287.5451368
295.643874
307.5830386
314.8880985
308.1645157
313.1240855
301.666188
305.8797352
294.3567408
296.0895258
298.573378
295.3702811
308.8960072
298.2129269
296.5315297
290.3442528
292.00342
304.461953
298.1543352
297.2828846
298.9379713
302.7104036
285.6733244
278.9132387
270.998034
270.9465742
272.4896385
292.864981
303.1660046
301.2805902
312.9687542
312.189908
293.3822457
291.8429669
288.9353528
283.1887813
285.3293723
295.583545
294.7271681
278.7519373
275.3316386
295.1961586
315.1261304
300.0592483
310.2905371
309.1150503
317.9872585
304.6991489
300.0440689
307.8672744
301.2342125
304.1080963
293.1080138
297.6802324
312.4349578
322.6258166
315.5405005
309.4124808
307.0186179
316.8658071
303.4270361
284.0741067
281.4462292
286.8598965
314.2649685
325.1594283
307.4319064
307.296885
303.8283977
304.1686401
293.3916289
280.9206059
299.1063898
298.0315332
299.618836
311.7818203
295.7582228
299.0275951
310.4135987
309.8939394
316.107175
298.0473106
295.0454264
306.7846095
299.6351636
302.3059486
313.353987
314.4453077
313.7401169
308.3666646
298.5782764
311.8925221
298.7374531
303.7249432
308.0300365
307.5999189
313.9078493
311.1279353
292.4014976
294.6779738
302.5344245
300.9987404
296.6216223
288.605799
299.8976064
294.2888736
298.6851368
307.9889561
313.9567601
303.2406175
299.5321992
284.7287477
292.3313529
295.4543294
293.0726578
295.0270743
287.0901729
285.1865805
282.9836035
278.3651523
290.0120548
295.7873576
298.0990373
305.6720624
312.0824498
320.5802365
312.6549528
298.3103302
271.5728814
266.8869486
271.3494635
293.9798185
281.4981569
277.0381998
296.7684284
307.7038406
301.1976194
297.7955723
283.1959627
306.212954
319.225801
304.4237149
289.8400942
285.0517413
288.732855
280.3052971
281.6969779
281.607672
282.1823739
292.3231246
294.1637822
285.8248657
286.215722
296.4049382
290.5095277
283.4882036
296.1588521
311.6151713
307.4155118
318.2192365
330.8818307
334.3365076
313.6067946
313.8063183
315.1622411
324.5789778
318.1315042
338.0341566
330.9041011
325.2692172
317.5936892
329.4822678
319.5351721
317.2690947
307.462687
302.4097117
290.7076835
277.7595751
287.5127134
302.6320783
298.6120213
324.3925668
308.8957772
305.4122267
305.8892789
296.4902489
286.2606267
281.1650134
303.0974548
305.2028162
293.4638945
279.7937852
302.3458607
319.7011689
307.6139455
303.2043571
311.9593458
320.7081057
326.6306233
297.2133723
289.0071589
285.5414949
290.8999816
283.8758211
291.338122
290.2929061
296.8459387
285.2715377
294.8985203
296.6688057
298.1065199
298.179702
300.4056891
290.4115752
285.9248034
303.0395782
314.4320714
312.6534208
285.8075158
299.8314152
309.1695119
308.1705022
311.4175239
316.444926
296.5444537
287.8044339
289.4422044
287.7319154
295.4674566
286.6557695
299.3911906
282.8615142
295.0258
298.6746068
295.5320296
296.8678783
301.7408896
285.9774555
304.8426254
296.6158637
295.2830802
297.4262217
301.8127004
311.5584033
300.907539
308.0774975
310.24603
308.8297228
303.3073946
298.9074291
289.6674681
279.2916643
279.396773
277.0154346
287.5083713
292.2166969
304.6689503
303.1575416
306.4455283
300.5274952
299.576875
293.7754417
297.4877685
302.8504723
306.3504102
299.7211915
299.4502002
298.2060664
301.3060554
303.1034168
303.0006866
307.591892
321.0701351
311.4950924
313.4069093
305.9744095
315.775801
323.4368776
303.0209499
293.4778349
296.7242492
281.5545446
282.5850327
285.7136235
292.7895429
298.9811538
298.9253896
287.757355
282.0447741
298.2881215
311.108529
310.1251195
312.7151427
314.5504712
302.8784415
309.67499
293.4339598
293.4725367
311.1125393
302.9792739
299.5298836
291.1226401
289.9877917
285.7675293
295.7340573
313.2776481
321.4551002
317.8969655
321.9008777
317.3102505
307.6670694
314.6143036
310.253798
319.5565531
325.2583957
308.8080532
305.7970575
294.2298152
297.7862965
302.5730942
300.7682043
285.5461873
294.6866924
296.5868266
303.9516601
303.9604184
317.2440469
332.2180647
342.5686594
333.9247118
332.5730542
322.6958196
318.9228614
304.7182016
301.0543772
313.3443984
301.0837918
299.7577566
292.5356402
288.4789666
291.6283178
306.3653749
293.1313581
300.2450312
292.786711
295.2261251
303.9956368
300.2459929
285.6852323
289.55166
270.6983871
285.7514633
293.6723274
290.9629258
283.6523324
282.0913021
280.0326765
283.4003496
282.9278506
309.367528
316.044855
298.0090205
294.1451653
292.5529664
277.6293613
267.4589135
262.4983603
280.4244723
271.5614988
271.8455799
280.1989337
289.2239504
288.4557393
297.5912627
295.6690703
288.1485817
302.5208579
301.5023251
302.0436142
298.8118525
303.8833006
303.6047859
298.3115267
297.9524717
300.3531575
305.1292172
308.3308424
297.3846407
298.8074385
293.8961098
298.3779785
287.0189
281.8237425
288.051331
288.1516178
291.5331737
287.3449104
286.4816608
297.1372852
304.370717
295.1484831
310.9088926
329.0771178
340.9375111
338.073291
321.4072658
306.9915316
291.2493118
296.7153296
295.7431326
299.8069848
303.4612803
303.6883465
295.8110351
284.5136965
284.9601785
293.1011306
299.4177363
301.422953
276.8121175
278.6174686
284.955226
299.0288826
298.0987486
281.6691421
282.909751
277.4307877
287.0326964
295.9101062
303.0253195
300.7550089
308.1353995
322.4156165
293.944419
291.4904125
293.2339626
298.1224393
288.421733
283.0313601
281.2546603
265.6054961
267.8919759
280.9583313
296.9667933
297.161103
302.7561492
313.3297783
321.9805256
325.064757
323.9069318
299.9674121
292.3017629
292.8645729
314.3765061
312.5084241
307.2039251
298.362873
292.1815788
279.0809559
287.0060853
293.6402656
287.4373703
292.5112047
318.4934714
320.2458266
307.0834023
301.8921502
279.7402345
292.0263226
300.6959245
313.7689655
302.0030877
295.4012926
295.9808756
294.4407773
292.7305309
294.7849786
303.1598072
300.5156221
306.5463675
296.1125235
289.901371
307.1718693
315.3702867
314.8424839
306.7156948
305.28489
301.8986958
306.4644971
310.4968192
305.7481089
295.2182365
293.5568461
312.4421007
295.4429666
292.2556992
299.0115767
294.7050795
295.9375351
323.7121854
323.6911593
307.7125307
320.5167829
320.1430873
308.7752373
308.0721289
320.7187748
304.8630958
298.2070695
294.8765982
313.5626649
319.5743701
315.9623707
311.3327553
333.2288388
333.9031897
336.3884241
326.4338641
314.7397414
342.9346873
326.3359663
329.4877143
285.1323442
295.9164763
297.8409394
314.9674461
312.1010743
309.0758147
311.6592749
316.069429
328.79994
319.4008175
319.9031883
317.028272
321.5455675
337.4400962
330.0227909
338.0552916
322.3423515
312.2131078
318.1013435
324.5026832
312.3991555
308.7757814
310.4097522
294.7646252
299.5915627
289.3090623
312.7287017
300.6692777
304.5973748
312.8035247
298.482319
284.7212263
278.1595835
279.2161257
270.1705322
292.0050784
306.490359
291.6854529
304.748692
307.1731959
305.3282072
293.0130158
305.2706042
294.7917423
283.41138
277.840886
282.3170561
290.4961076
296.1944909
312.4840042
312.106234
308.3718015
298.5374979
291.2631237
296.2403986
289.9646055
291.3632661
286.2339659
302.2122525
305.0273246
300.4613099
284.7355425
270.1317763
279.4238831
292.3089312
306.1885661
325.4738422
334.5027596
317.6817122
308.4503187
306.3665893
321.461325
309.4644028
313.0219737
308.4425955
304.8861647
297.7088952
281.3859597
269.4816103
265.5228977
282.5814034
304.4901284
324.8299087
323.3266158
312.8827082
300.3344691
297.692222
299.054567
280.3211643
283.1059332
289.9163457
282.5821489
283.772645
294.1600947
294.7021247
291.9971525
289.40392
295.6166714
302.3208019
310.4813189
312.172182
320.723434
319.4027346
319.7553131
324.7931651
316.3883951
313.0091016
319.2286843
325.8171571
320.2536685
313.9857144
305.5998207
308.496373
293.0964523
292.6882226
302.1096587
307.1827346
271.3828777
270.0118648
281.8591262
280.407682
279.0526549
275.1860734
281.3084002
287.7760018
285.7259715
300.4521149
294.0040814
293.0238014
297.2452152
287.4926857
303.6053456
309.7004719
303.1951493
301.9627567
293.2499677
280.8199422
300.8022632
296.2828
288.961783
287.0896909
303.6240308
305.5640222
294.8973099
290.9500458
293.5691121
284.5952358
298.476619
299.465058
297.4327315
302.5910899
292.4368442
288.5547907
293.9335527
310.9063421
320.305695
305.9825917
285.5774647
290.112265
289.7115583
293.2515936
283.6181015
303.632805
306.88366
292.3214175
281.8263174
273.7869245
282.3339635
291.5842296
279.056633
288.8070446
299.6516235
306.743426
308.6774718
291.9230893
295.8108756
296.3748104
303.1716609
306.470167
307.4064779
304.8002217
292.7345367
294.7333342
296.8280033
288.48266
294.2862953
288.4926483
286.1311436
299.2476654
295.2083079
288.8424662
279.8958795
274.7539171
284.9357218
281.7709483
285.3613385
296.7782648
299.1520219
300.0837344
301.1251018
304.9897321
307.2976444
299.6418414
300.0371983
320.9466566
328.1024006
318.5102438
308.2750552
304.9854026
302.0798781
301.2038646
308.7500969
320.0969172
316.1480456
306.6933368
309.9635926
301.9049531
283.3940045
292.1546848
296.4704333
291.5390731
291.6356306
295.6145775
311.3289305
305.8933175
317.4166195
311.1977942
309.8357355
295.8793876
288.2580271
285.4282755
291.3381936
310.062487
292.6862404
291.8430967
288.706125
281.1870269
296.4793673
290.1364386
288.4879174
293.441173
295.8775094
302.2104303
306.1313018
298.972979
310.7701662
299.6860893
299.7850998
315.2232726
323.3887522
324.0835685
302.7027607
287.2584618
293.6333684
295.6387883
291.2107136
298.0296315
289.9959222
304.1241566
304.0940557
307.4413108
303.971343
298.9977215
306.244961
302.7133969
307.3312701
304.5901347
296.3129826
297.4732946
294.6683616
300.8182769
316.716233
315.9529838
315.3099368
305.2283945
296.5083632
302.9866078
293.9266071
305.5632713
310.2977801
301.0707307
291.3844867
304.2897638
305.1040174
303.6144059
295.2368375
295.5698046
290.0025479
275.8937314
279.386704
281.3918282
279.9411491
301.921217
301.452424
287.8067299
285.9011595
295.0702798
305.5063823
310.7349724
310.3977003
314.7497221
314.8141249
284.6301958
288.7474742
278.2141416
288.2192089
300.9878063
287.8019022
277.3811785
296.4012871
316.8109037
314.9818041
318.7469797
307.458754
311.4256388
331.429448
334.4147916
307.9464832
316.0778773
312.6452156
306.8645802
295.6969148
288.8467985
274.214162
300.7219069
306.1586784
307.7306345
293.64546
293.5498107
307.0019309
295.7418734
297.3347424
297.2303712
298.287835
313.37367
306.390928
305.541653
285.6585631
286.5360232
292.5594875
309.7756202
309.5377678
319.6385983
314.1179971
304.03209
312.8019947
315.3841953
310.3230426
309.816462
302.1535942
316.164042
325.0423499
317.5428865
323.3816398
317.4052872
309.6035628
296.796483
304.0426399
296.4583922
277.1358846
284.8630965
285.8983898
290.6722053
293.1896106
311.5079566
312.0401247
304.7825291
316.099585
301.8467727
287.7383407
270.6987137
267.868733
278.6231753
282.8283146
287.5966321
305.3000417
302.1079767
288.5709196
296.4571684
308.0077455
301.6206857
314.108369
310.0330229
321.6203442
311.2533837
301.9515805
298.2079667
295.4032626
296.8839023
299.5636279
303.3135789
290.784398
285.2144321
288.6624399
276.8002153
278.1671046
295.8977851
298.7836035
304.9883493
324.4811033
332.6768769
313.2564356
304.9105138
291.8784332
298.8531624
292.3202463
303.6091926
291.427207
312.288446
314.3319317
312.784592
318.2245618
319.4496619
304.3249364
312.5308193
299.8580084
294.9565919
280.9659111
280.8829301
295.5374333
292.306335
292.5030978
284.7975379
288.8312746
289.8157085
301.4325714
312.8753444
300.8668111
300.718826
303.1921171
315.1985308
294.2777224
286.3023293
278.2967811
283.2007327
274.1802942
284.8054835
283.706639
295.224653
310.0917795
308.5812985
308.0988545
315.8846853
318.2819151
327.2936289
305.000291
292.4717666
305.4119287
287.8408006
280.5933151
293.6910797
298.5285592
300.3456379
305.6837698
283.2667254
268.5880855
265.2379866
294.4591967
286.3726999
280.1058124
282.5486049
278.0614854
282.0501062
281.1502082
276.1040987
275.1392128
286.9096782
291.1682738
305.383792
306.8612751
286.9420156
277.6517425
264.6106915
279.730916
302.4316952
310.7536222
315.1726305
289.0375865
289.4115163
284.28599
278.9891091
276.9827429
254.9611296
249.9755212
269.8206745
278.6061438
295.4512595
291.8181009
276.6248178
286.3503296
290.6861367
286.8591597
289.4464128
272.5327405
269.1648251
274.965928
282.1237667
307.7287714
293.30087
285.6570786
283.3606901
286.0258981
282.9780744
279.4848402
301.0378118
293.7596184
286.3726246
290.9640609
289.2888072
285.1148736
275.7943262
290.5965342
293.9585548
296.5340422
289.1556297
299.0640782
291.7811337
318.0797338
318.9148788
303.3038429
313.2142165
321.6132932
315.7167516
307.4117791
288.7155081
292.3610924
288.3871357
285.6397225
288.7619133
302.2810107
322.5247799
295.8985694
293.0983422
295.1722782
311.6168611
322.1145443
314.4203104
298.0049843
309.2084456
311.6188073
308.3904294
296.7812345
297.2874506
299.4187866
288.1971407
282.5448094
270.0326395
267.9824732
277.7905355
284.4311684
285.2404852
283.4590133
294.6316674
299.6260692
294.8730698
293.0635931
298.6359342
321.7037152
313.4934488
308.8327574
298.161186
310.1416901
331.3910676
317.8771904
331.2186469
305.8460245
311.5296077
320.0692002
324.8196809
312.7241977
303.6226563
319.7625191
327.2510701
306.9299313
305.3348235
313.7815926
304.322515
301.9541073
300.5625506
317.9502491
314.4059471
308.8173722
299.218901
310.0684908
322.4359984
326.0869032
322.3550929
326.6667983
319.3852867
316.3501461
315.0628875
310.4343148
296.8425139
312.1116512
314.5501984
302.883976
298.6211092
310.6620942
311.6343361
284.4453991
286.8532045
291.4475032
294.2881075
290.5004715
283.9177565
302.1994623
280.9809674
286.6975838
288.2403708
293.7135616
284.4295127
280.6096961
289.5449392
297.4042152
299.521734
311.6621199
316.476917
313.6638077
308.8506335
312.9102781
311.3649841
297.228184
294.2583512
291.2524005
289.2740791
279.8604537
295.4199008
316.6429779
317.5544402
306.555829
291.0464922
283.7342526
290.2702238
298.6497947
307.1512379
309.3853837
296.7094368
305.1423165
301.9236978
283.5816133
289.6675806
309.8869387
314.9407508
321.9412448
320.9931728
313.1886918
301.6804236
280.0417791
297.0074158
292.6344809
299.3814101
307.2987277
316.4180004
311.2755645
323.4418091
318.2674993
317.9516703
317.3450552
306.2612925
300.2035191
302.5059369
284.6437643
284.3849044
286.6615354
295.7121201
299.8521871
293.9989836
291.7440571
284.5101967
284.0413581
285.3857135
293.8963441
284.9757227
279.9526044
286.9157482
293.6493973
297.8258778
319.0838012
338.4982175
335.6697461
314.7552104
305.4129216
296.1630446
291.429928
290.4126995
281.0330913
282.3429085
287.2047565
296.993953
292.6311797
305.6038576
300.5362437
303.9055355
306.5859945
309.0721865
300.7985861
314.877513
285.6593181
285.6409419
295.536357
304.0497136
303.5817372
284.1898565
286.0728766
296.5408815
319.5608972
322.4759462
326.340915
315.4332934
324.2096497
304.3126337
298.5802845
295.3005935
271.4013872
280.8113764
285.3018784
278.3839377
303.8273467
293.9974095
289.5295897
297.0840365
312.7277643
330.9103363
324.4827555
307.0348343
305.1303985
295.926328
303.6898593
297.2336824
307.3937811
299.0329967
324.6207727
310.5331002
301.6497012
288.434688
299.2459949
304.7059881
306.4747631
302.3144295
288.2297311
298.9276632
288.9578308
306.9651373
315.7000426
311.6133144
316.9271102
309.8301117
311.4222407
308.2952963
305.5487831
306.3394797
302.0742384
312.3465826
318.3804646
320.6823818
335.3634676
321.2290896
306.5690636
301.279732
280.3292724
281.6563474
275.3919793
275.5088706
281.8041425
268.1853923
274.9163212
257.5037491
263.9944813
277.8081909
282.4425675
306.7275841
300.477317
303.0645619
296.7029592
282.3151843
276.6799405
277.0455369
282.1174223
279.482839
277.514215
290.0812177
280.4890151
295.6731963
296.0885904
296.4853022
301.4117645
285.2724021
286.3120238
291.4432656
290.2001403
279.2078474
297.2463181
296.5048367
291.124041
281.1636143
283.3071158
286.8021792
278.6307179
275.0908302
284.2929459
289.3210058
297.4056003
286.5979115
284.9247981
266.4305113
270.4277905
265.0423605
281.1577874
290.1503564
299.7335066
313.9939731
304.4092021
302.1853091
301.9958671
305.4659378
291.6060125
275.1432182
296.3354784
302.3142552
299.3609864
295.024252
293.422985
305.7364195
320.9314875
311.2364797
315.5553765
311.8531452
307.775789
310.0975129
321.5993922
319.5053107
321.9790945
310.7241532
310.8326432
300.7463705
304.1669941
313.1024038
308.8396536
324.2541793
320.3200044
324.2647262
329.4309526
300.9962387
286.9199427
279.7209066
276.3904587
288.1169362
277.8725795
280.5391809
283.5408512
260.0693108
267.5639214
281.0573426
279.1162476
289.4080121
296.531551
304.8113355
292.6575782
294.9493585
298.3317922
309.2794583
307.9169302
301.2189227
294.9604608
304.4881276
302.6292269
304.7269536
299.8338745
282.6967117
285.2512563
279.5802468
278.3053099
284.8074624
306.286631
301.7022053
302.7079757
297.7377917
291.1003681
293.2988194
302.1946811
317.2937613
314.6387706
319.1512262
329.1481165
328.2411662
333.1793901
323.7396001
316.0271071
323.0560585
309.4313397
302.5706104
297.1562744
290.4225856
282.7709538
273.235542
268.2359715
290.384559
314.3835542
299.4407951
311.1499838
288.7367968
293.3072228
300.3421386
309.6063017
310.127519
305.1373678
316.9197195
316.6356968
318.7976516
333.9724469
331.8632841
338.0223126
333.2717068
326.1417772
321.8053498
320.6216079
318.7716779
300.5460474
302.3437322
305.1338433
309.4570837
317.3751337
315.3974068
306.3749401
298.9888403
300.0424463
295.9116537
298.7374906
275.9791949
288.2922854
279.043706
303.6182707
279.7274706
281.463261
297.4527457
301.7515836
302.8406668
299.1154124
291.5968069
293.5859402
306.7913408
302.4260913
311.0991109
319.4686643
303.4265396
303.7031789
306.8079569
293.3890254
306.5609237
298.3297799
314.2135373
298.5218401
291.6658123
305.7829391
301.9270583
294.1907229
290.7664988
285.486376
306.5863494
330.7655589
320.1620936
305.5032682
301.3493272
299.6085731
325.3726568
329.3596321
314.6241948
309.1790408
310.7892857
301.8915285
294.588914
291.7866014
305.6573277
302.8775382
290.725757
278.5391387
283.5303723
282.9223177
300.2342362
292.6440791
299.8471076
295.9778778
297.0912087
281.653153
274.3551388
276.8700206
302.6631465
301.700989
300.0104531
308.6658248
291.526528
289.4657491
274.1814248
267.4397502
276.8364869
277.5218776
280.8903563
297.3076571
283.3428593
291.9094928
283.769577
284.093637
291.8308093
283.6319491
288.7891018
292.5769997
285.5489966
288.4158431
289.2888339
280.6051896
289.9576744
283.4806002
292.4102046
307.7591128
298.6856428
307.0671409
292.1483459
280.3690258
292.7960804
286.7360989
298.4567183
308.3786866
310.0143058
302.9986708
290.9546046
280.8930857
272.8163263
279.0432745
293.4287519
289.8574539
313.2826428
332.3303518
336.8996171
321.5348517
305.2362671
284.8287982
277.1563068
302.7722501
314.7906153
314.4823869
288.2371791
282.2439165
277.0689397
278.7849195
275.0853885
281.2621167
292.3232499
283.7347647
285.6153589
291.1437296
281.8361582
291.3849435
296.6862277
294.7970223
291.1897801
301.0264138
303.7742601
306.9776578
303.6297673
302.9380044
319.5653211
327.1993508
310.7490161
291.2320192
279.9439101
278.2758683
287.9370067
294.0218977
297.6651469
283.5334227
278.105024
278.4481567
278.0861935
288.5780072
299.9257389
308.8711981
313.7429548
282.1146257
279.0407681
265.4060999
262.6026264
260.7383013
264.301602
270.0322488
268.5410061
286.2286105
286.8016022
277.8698621
274.3324218
280.9266143
256.7537914
262.7104578
268.8969777
281.0961184
271.7187664
281.8107184
281.5238794
306.7468116
307.2234229
318.1342453
302.1497354
286.8354166
294.7028738
296.0823147
299.3042709
301.3034684
304.9937375
306.6268355
309.6126386
299.787031
304.9110393
301.3499747
291.0416261
279.4370188
275.2054041
288.6911151
303.6755431
290.1902578
292.0715395
294.6829362
294.1683817
296.3251342
289.3725177
287.0843376
300.1604353
311.120977
320.0736912
328.7596124
316.8448991
295.7347842
286.9984196
293.1911306
298.3608942
299.8083586
298.9089188
310.1052602
290.8135975
310.3881725
309.8063802
305.6286288
295.8362179
287.5184103
293.6233482
311.6023974
312.849029
307.5726291
310.2552599
289.26228
279.6782159
289.8358661
292.4961265
280.1644248
284.1637522
286.4319541
280.3696063
286.278663
298.123898
293.3513735
294.0641013
293.0558126
294.6805859
286.1673223
302.1334856
314.2416112
306.3173792
296.0291943
305.2224058
321.2367628
317.3805288
295.2841803
292.5441024
282.4717802
292.6894127
297.488986
293.6649059
286.4510599
281.6938696
294.6128173
295.2574546
302.6110022
291.0715204
283.8238312
272.3778633
277.0169841
270.7847968
293.6081304
292.3019423
283.2218624
280.3538612
283.137208
271.853446
277.9121796
274.1460396
288.5036784
287.6661804
300.9547225
304.2873941
298.0458321
300.125437
311.9686401
320.2834554
309.1316071
306.0295164
302.8242297
304.0324145
292.4311918
275.2603507
262.5825743
270.9295159
276.7360548
316.1353111
312.2506035
308.9807206
304.2797556
309.4837808
296.8059668
299.362152
297.2120984
285.605095
299.6995392
312.3026501
318.2138507
296.7787996
286.381623
304.8827143
304.5672338
301.4141193
287.6393168
291.1921538
288.2240403
282.5219707
303.556478
319.1035929
307.105086
296.0688471
284.2583434
292.9950885
295.5187728
289.3629427
288.7722313
297.1820045
305.0788184
313.9222083
299.1085027
301.0717308
318.5751696
339.0287523
347.5708363
345.9774925
316.233927
302.196443
297.3051492
313.1793069
327.3782021
329.5778579
328.4423073
302.0732132
306.5400683
320.6828412
319.5110727
318.4473759
317.0349531
306.7005801
308.1794755
317.7399433
316.5825761
317.5566049
310.6605697
305.0678928
315.2900448
311.4376339
317.4275673
316.0575067
321.9556836
308.7181551
319.4029277
309.2117935
292.6632588
304.4999999
305.0513025
291.6002587
304.818087
318.3379669
319.3740174
307.7687827
301.0886275
302.7412393
308.1889043
304.0221334
305.5497119
306.9030697
308.8806082
308.0487308
304.0397626
305.2201068
289.4383688
300.8390717
328.1456765
303.0960623
304.2610074
296.2947214
294.8724972
299.2536111
300.7445876
310.6276645
308.7040755
284.4346958
287.5046518
290.8006409
285.3262877
288.0646914
292.2086255
302.2738393
301.0423984
308.4052759
312.004248
318.5105305
294.5019945
287.299933
294.2396219
300.8905684
295.1698126
280.478343
281.8730453
301.9763993
297.8590942
292.997025
284.0670111
276.5735489
275.4240414
289.4544582
286.2003012
283.9013295
275.1516632
283.4484704
282.2543013
286.376107
273.9071026
267.0815618
285.0398501
300.1271755
307.731399
315.9957019
316.7716227
300.8849391
307.0771419
305.6130558
308.0190054
302.7830403
302.2338317
306.692157
327.7411218
316.5297798
311.6667416
297.9182617
283.8673441
284.3452191
280.7921031
275.8942255
259.3234437
255.6589657
282.836011
295.1599314
312.7910279
312.1537444
288.2250116
295.7521355
289.6985767
288.5929537
285.8987016
283.1955631
272.8363777
266.4925037
263.2079388
285.5342965
285.1777105
292.8600807
307.86061
317.1580443
318.4575239
311.9935147
298.9564879
310.6344906
321.5455908
338.0954844
327.4980384
315.6988681
319.5527456
325.0351346
327.4673864
319.4884093
310.6234126
309.6864856
308.7208163
296.9674784
306.4746372
300.3979856
288.6559991
309.0705769
300.6194334
293.376274
292.70024
283.9864738
302.5620254
285.7346832
296.003697
291.9021296
295.5025237
281.3942169
281.4162074
286.9192194
280.5350534
286.7575117
300.5791945
321.4982944
306.9763274
305.1872117
311.667278
297.0652564
321.4109671
339.1237674
338.6015436
315.3856126
303.9385474
305.560944
296.1177735
295.134043
307.5930158
324.8702165
329.7340974
316.671384
301.0304228
303.4408827
299.5632048
299.4227479
311.5145347
312.4748735
293.6108142
293.5786204
300.2375105
308.0375572
318.7997959
309.3744055
303.7535211
316.5402832
316.7532346
315.313432
305.8134538
295.2441143
316.1569943
320.3070616
312.696295
314.7812204
313.9831918
323.7725791
300.2283308
289.0092359
290.4838193
299.7631177
281.3138308
292.0719154
297.995539
302.5445567
309.4415205
295.7114782
295.3840098
290.8684419
285.4077937
301.4109469
302.4031464
303.0525426
307.3331877
316.6726428
298.5871438
303.0250756
321.1489546
313.4881131
312.1370102
290.6121535
303.4013283
296.4410032
295.848044
298.1282997
305.1351774
303.3187585
299.8596258
287.6499992
285.3041467
289.2804721
308.4525079
316.8772438
322.3700516
299.2173653
294.9137209
294.5584358
288.0315452
299.5028727
325.5084098
312.4501121
316.8780801
329.460806
334.5886152
308.6781487
309.408155
325.5635631
336.7619886
344.8769918
327.5579293
318.1400108
305.6328495
307.6571335
310.014278
320.3956441
324.1759545
331.3666452
337.1134981
344.4680862
309.1168098
337.1545303
324.0838188
315.4278612
321.8678809
342.1383833
343.3051396
325.2902032
329.76905
337.2951171
345.6831931
342.06334
336.1543907
312.8984859
297.447647
288.9638948
304.1899946
316.9924639
309.8333977
317.2362102
308.2029415
311.3688156
329.1138722
328.3859694
308.9587417
313.7639343
315.1323813
315.5409652
301.3040787
313.9633275
322.4508565
320.2109573
315.7944856
305.7120451
300.0753135
284.5321919
292.3384017
301.3825428
319.6503802
310.4742895
)
;

boundaryField
{
    xPeriodic_half0
    {
        type            cyclic;
    }
    xPeriodic_half1
    {
        type            cyclic;
    }
    yPeriodic_half0
    {
        type            cyclic;
    }
    yPeriodic_half1
    {
        type            cyclic;
    }
    zPeriodic_half0
    {
        type            cyclic;
    }
    zPeriodic_half1
    {
        type            cyclic;
    }
}


// ************************************************************************* //
