/*--------------------------------*- C++ -*----------------------------------*\
| =========                 |                                                 |
| \\      /  F ield         | OpenFOAM: The Open Source CFD Toolbox           |
|  \\    /   O peration     | Version:  2.4.0-MNF                             |
|   \\  /    A nd           | Web:      www.OpenFOAM.org                      |
|    \\/     M anipulation  |                                                 |
\*---------------------------------------------------------------------------*/
FoamFile
{
    version     2.0;
    format      ascii;
    class       volScalarField;
    location    "0.0009";
    object      dsmcRhoNMean_N2;
}
// * * * * * * * * * * * * * * * * * * * * * * * * * * * * * * * * * * * * * //

dimensions      [0 -3 0 0 0 0 0];

internalField   nonuniform List<scalar> 
5120
(
10.27
10.05
9.9
9.77
10.18
10.07
9.83
9.61
9.12
9.06
9.73
9.26
9.27
9.44
9.55
9.65
9.53
9.6
9.84
10.4
10.61
11.11
10.96
10.43
10.42
10.17
10.28
10.59
10.57
10.13
9.85
9.93
10
10.06
9.82
9.77
9.52
9.74
9.94
9.89
9.22
9.07
8.9
9.19
9.4
9.61
9.62
9.69
10
10.29
10.57
10.63
10.12
10.2
10.1
10.32
10.03
9.78
9.43
9.05
10.08
10.01
10.05
9.53
9.3
9.23
9.24
9.63
9.36
9.21
9.38
9.35
9.69
10.15
10.09
10.09
9.99
10.03
9.77
9.39
9.6
9.79
9.68
9.8
9.34
9.41
9.85
9.21
9.59
9.41
9.67
9.35
9.85
9.41
9
8.68
8.88
8.96
8.88
9.44
10.77
10.44
10.42
10.47
10.36
10.25
9.66
9.79
9.99
9.74
9.5
9.48
9.13
9.44
9.38
9.78
10.17
10.79
11.15
10.95
10.03
10.08
10.13
10.13
10.54
10.27
10.34
9.93
9.75
9.79
9.75
9.23
9.81
9.54
9.27
9.11
9.55
9.89
9.72
9.69
9.76
10.18
10.35
10.83
10.14
10.25
9.82
9.57
8.96
9.28
9.17
9.25
9.13
9.1
9.53
10.07
10.39
10.38
9.75
9.26
9.49
9.28
9.09
9.32
9.54
9.48
9.2
9.13
9.73
9.57
9.8
9.84
9.61
9.71
9.82
9.82
9.68
9.75
10.22
10.24
9.43
9.92
10.06
9.63
9.34
8.97
8.82
8.96
9.48
9.34
9.97
9.85
10.08
9.95
9.8
9.91
9.97
9.69
9.79
9.5
9.65
9.21
9.25
9.6
9.64
9.76
9.81
9.79
9.18
9.14
9.46
9.58
9.58
9.3
8.99
9.16
9.39
9.6
9.67
9.79
8.73
8.55
8.98
9.41
8.71
8.63
8.88
9.09
8.63
8.97
9.03
9.01
8.86
9.48
9.14
9.16
9.01
9.43
9.19
8.82
9.35
9.62
9.65
9.83
10.16
10.42
10.26
9.59
9.52
9.58
9.5
9.43
9.36
9.36
9.2
9.32
9.63
9.11
9.16
9.31
9.98
9.89
9.64
9.28
9.12
9.24
9.68
9.28
9.34
9.93
9.73
10.04
10.19
9.9
9.79
9.84
9.62
9.89
9.8
10.07
9.21
9.68
9.99
10.05
10.4
10.77
10.07
10.13
10.3
9.76
9.54
9.69
9.58
9.77
9.64
9.96
10
9.78
9.47
9.43
9.31
9.15
9.4
9.56
9.44
9.57
10.39
10.04
9.78
9.31
9.58
9.53
9.45
9.68
10.07
10.07
9.54
9.07
9.17
8.72
10.44
10.47
10.21
10.14
9.99
9.75
9.35
9.23
9.51
9.74
9.63
9.84
10.08
10.17
10.07
9.92
10.15
9.96
9.8
9.87
8.96
9.13
9.54
10
9.63
9.55
9.37
9.62
10.15
10.43
10.25
10.23
10.19
10.26
10.79
10.49
10.45
10.74
10.64
9.41
10.14
9.81
9.58
9.39
9.36
9.22
9.36
9.89
10.04
9.48
9.37
9.95
9.95
10.2
9.89
9.72
9.39
9.49
9.98
10.23
8.94
8.83
8.84
8.74
8.93
9.18
8.89
8.78
9.48
9.34
9.75
10.11
9.88
9.86
9.93
9.75
9.57
9.38
9.44
9.47
10.2
9.89
10.27
10.19
10.68
10.97
10.47
10.63
10.34
9.81
9.51
9.68
9.57
9.31
9.65
9.86
9.77
9.85
10.42
10.72
9.66
10.4
10.45
9.96
10.02
9.45
10.05
9.7
9.14
8.88
9.26
8.83
9.54
9.79
10.26
9.85
9.62
9.47
9.32
9.7
10.25
10.53
10.31
10.19
10.23
9.57
9.39
9.99
10.18
10.38
10.64
11.01
10.65
10.14
9.65
9.54
9.51
9.76
9.95
10.31
10.62
10.8
10.55
10.39
10.36
10.44
10.13
9.82
9.55
9.15
8.99
9.13
9.87
10.13
10.72
10.73
11.35
11.03
11.01
10.48
10.15
10.01
9.69
9.35
9.21
9.28
9.43
9.88
9.92
9.43
9.26
9.3
8.91
9.45
9.09
9.44
9.71
10.16
10.13
10.02
9.02
9.04
9.17
9.37
9.93
9.72
9.55
9.44
9.68
9.9
10.23
10
10.13
9.96
10.34
10.07
9.94
9.61
9.23
8.73
10.35
10.64
10.2
9.93
9.89
9.87
9.6
9.84
9.9
9.99
9.69
9.46
9.53
9.3
9.46
9.14
9.28
9.49
9.9
9.76
9.18
8.88
9.06
9.23
9.56
9.92
10.07
9.52
9.49
9.03
9.99
10.23
9.61
9.49
9.69
9.26
8.89
9.31
9.53
9.36
9.65
9.76
9.42
9.6
9.91
9.6
9.75
9.89
9.84
9.76
9.9
9.53
10.45
10.17
9.7
9.29
9.37
9.71
10.08
9.99
9.4
9.22
9.26
9.31
9.57
9.52
9.5
9.92
9.88
9.45
9.46
9.84
9.4
9.72
9.37
9.49
9.36
9.79
9.91
9.47
8.69
8.44
8.62
8.61
8.97
9
9.61
9.33
9.36
9.73
9.91
9.49
9.5
9.13
9.17
9.12
9.04
8.92
8.47
8.48
9.09
9.25
8.93
9.33
9.18
9.18
9.22
9.29
10
9.6
9.31
9.11
9.4
9.21
9.3
9.8
10.16
9.9
9.81
9.38
10.59
10.51
10.24
9.98
9.49
9.45
9.59
9.35
9.33
9.58
9.99
10.06
9.67
9.68
9.68
9.62
10.53
10.62
10.85
10.9
9.05
9.08
8.52
8.64
9.51
10.43
10.08
10.34
10.03
10.01
9.95
9.94
10.06
9.75
9.8
9.93
9.79
9.62
9.23
9.38
9.94
10.48
10.52
10.38
10.2
9.85
9.78
9.92
9.96
9.87
10.34
9.94
9.85
9.75
9.96
9.7
9.84
10.1
10.33
10.01
9.54
8.92
9.5
9.4
9.03
9.35
9.43
9.46
9.53
9.65
9.16
9.65
9.94
9.82
9.57
9.92
9.83
10.03
9.15
9.41
9.84
9.89
9.94
10.13
10.1
9.7
9.61
9.47
9.53
9.48
9.4
9.12
9.33
9.49
9.42
9.52
9.66
9.88
10.24
10.01
9.78
9.55
9.37
9.29
9.34
9.84
9.94
9.87
10.22
10.47
10.89
10.44
9.97
9.66
9.35
9.36
9.51
9.71
9.2
9.2
9.94
10.1
10.47
10.32
10.2
10.05
9.46
9.38
9.73
10.44
10.82
10.45
10.09
9.88
9.91
10.05
10.17
10.12
9.83
10.02
9.69
9.32
9.47
10.02
10.4
10.41
10.44
9.96
9.9
9.86
10.16
10.02
9.82
9.98
10.13
9.57
9.25
9.54
9.51
9.64
10.08
9.82
9.38
9.28
9.35
9.56
9.71
9.9
9.95
10.3
10.45
9.83
10.09
9.76
9.91
9.42
9.38
9.24
9.53
9.51
10.05
9.93
10.39
9.73
9.58
9.46
9.49
9.85
9.97
9.78
9.27
9.8
10.05
9.95
9.44
9.83
9.98
10.08
9.96
9.88
10.24
10.19
9.76
9.64
9.53
9.68
10.08
9.54
9.4
8.8
8.49
9.03
8.84
8.88
9.39
9.55
10.12
10.15
10.21
10.24
9.71
9.13
9.33
9.4
9.41
9.66
9.54
9.7
9.74
9.84
9.41
9.42
9.75
9.71
9.45
9.32
9.17
9.15
8.88
9.17
9.6
9.97
10.29
9.7
9.91
9.74
9.28
8.9
8.56
8.73
8.53
8.63
8.97
9.79
9.81
10.03
10
9.72
9.59
9.41
9.17
9.07
9.31
9.47
9.19
9.38
9.63
9.77
9.89
9.79
9.41
9.08
8.5
8.46
8.6
9
9.26
9.1
9.18
9
9.38
9.77
9.6
9.62
9.37
9.41
9.62
9.53
9.75
9.25
9.25
9.58
9.87
9.53
9.62
9.67
9.48
9.75
9.78
9.63
10.81
10.58
10.32
10.12
10.37
10.32
9.83
9.97
9.81
9.72
9.52
9.18
9.45
9.76
9.58
8.9
8.69
9.07
9.58
10.25
9.32
9.23
9.21
9.43
9.46
9.5
9.6
9.54
9.44
9.56
9.4
9.6
9.64
9.59
9.66
10.17
9.52
8.97
9.07
9.42
9.75
9.6
9.75
10.1
10.22
10.46
10.68
10.51
9.71
10.08
9.76
9.73
9.47
9.87
9.86
9.89
9.83
9.66
9.53
9.39
9.82
9.78
10.28
9.75
9.38
9.12
8.75
8.76
9.38
9.76
9.88
10.14
9.97
9.72
9.78
9.96
10.2
9.96
10.09
9.87
9.73
10.08
9.7
9.83
10.05
10.19
10.19
10.24
9.78
10.32
9.89
9.71
9.42
9.64
9.68
9.77
8.97
9.2
9.33
9.48
9.39
9.65
9.52
9.76
9.62
9.66
9.96
10.55
10.19
10.05
9.9
9.93
10.03
9.79
9.92
9.87
9.53
10.08
9.77
9.42
10.42
10.14
10.38
10.21
10.07
9.9
9.98
9.91
10.42
9.71
9.15
9.24
9.5
9.91
10.15
9.87
9.88
10.16
10.65
10.72
10.05
10.04
9.48
9.22
9.34
9.15
9.02
9.71
9.76
9.47
9.52
9.33
9.15
9.23
9.57
10.4
10.27
10.24
9.62
10.07
10.14
9.92
9.63
9
9.01
9.32
9.29
9.44
10
9.83
10
9.95
10.28
10.5
10.98
10.82
10.67
9.76
9.78
10.05
9.12
9.63
9.85
10.32
9.78
9.28
9.41
9.57
9.41
9.87
9.58
9.82
9.51
8.78
8.51
8.12
8.6
8.95
9.18
8.83
10.75
10.44
10
9.96
10.44
10.64
10.62
10.24
9.53
9.9
9.97
9.41
8.75
8.65
9.08
9.18
9.22
9.68
9.95
10.61
9.08
9.27
9.63
9.41
9.57
9.97
9.66
9.88
10.11
10.73
10.75
11.05
11.26
10.75
10.72
10.64
10.11
10.35
10.2
9.16
9.16
9.36
9.36
9.26
9.35
9.15
9.58
10.03
9.63
9.8
10.11
10.4
9.87
9.68
9.42
9.28
9.43
9.1
9.11
9.18
9.96
9.54
9.12
9.07
8.91
9.25
9.42
8.87
9.26
9.23
9.25
9.73
9.97
9.88
10.25
10.05
10.43
10.8
10.12
10.3
9.31
10.08
9.83
10.11
9.96
9.77
9.64
9.95
9.69
10.17
9.7
9.81
9.88
9.39
8.84
9.35
9.44
9.17
9.09
9.11
9.75
9.32
9.66
9.9
10.07
9.36
9
9.5
9.94
9.74
9.87
9.98
10.26
10.04
9.8
10
10.21
9.89
10.17
10.28
9.01
9.48
9.94
10.15
9.74
9.51
9.79
9.74
10.06
10.09
9.93
10.08
10
10.09
10.44
9.93
9.87
9.64
9
8.66
10
10.4
10.41
9.97
10.14
9.66
9.89
9.84
9.88
10.25
10.64
10.39
9.9
9.7
9.95
9.69
10.2
10.1
10.02
9.69
10.7
10.46
10.33
10.15
10.06
10.42
11.13
10.47
10.23
10.32
9.99
9.6
9.52
9.26
9.24
8.92
9.06
9.3
9.65
9.93
9.18
9.56
9.71
9.72
9.49
9.44
9.58
10.25
9.96
9.96
10.2
9.61
9.4
9.46
9.85
9.69
9.48
9.84
9.93
9.66
9.6
10.17
9.83
9.99
9.81
10.08
9.71
9.74
9.71
10.2
10.21
10.15
10.31
9.83
9.4
9.17
9.59
9.14
9.67
9.61
9.12
9.02
9.53
9.48
9.7
9.39
8.92
8.63
9.32
9.56
9.82
9.81
10.08
10.12
10.18
10.1
10.47
10.15
9.98
9.85
9.87
9.82
9.79
10.07
9.92
10.57
10.58
10.34
9.78
10.27
10.23
10.16
9.76
9.51
9.47
9.53
9.51
9.63
9.58
9.41
9.12
9.42
9.83
9.61
9.17
9.09
9.14
8.78
8.77
8.57
9.32
9.56
9.73
9.74
9.53
9.28
9.37
9.2
9.36
9.37
10.13
9.96
9.31
9.75
9.62
9.68
9.43
9.41
9.27
9.28
9.52
9.63
9.68
9.51
9.88
10.35
10.15
9.67
9.94
10.31
8.73
9.04
9.33
9.2
9.55
9.36
9.64
10.07
9.53
9.38
9.3
9.5
9.77
9.65
9.64
9.48
9.15
9.11
8.85
8.59
9.56
9.43
9.83
9.95
9.82
10.33
10.02
9.77
9.79
9.39
9.7
10.21
9.91
9.89
9.93
9.94
10.28
9.7
9.48
9.44
9.05
9.35
9.76
9.56
10.05
10.22
10.26
9.72
9.53
9.91
10.05
9.8
9.57
9.75
9.82
9.47
9.87
9.45
9.55
9.58
9.56
9.49
9.19
9.45
9.39
9.61
9.7
10.17
10.43
9.95
9.59
9.54
9.81
9.47
9.69
9.81
9.62
9.52
9.39
9.63
10.78
10.66
10.28
10.78
10.32
10.52
10.14
9.78
10.01
10.41
10.59
10.46
9.82
10.25
10.31
10.87
10.69
10.6
10.87
10.9
9.52
9.28
9.23
9.24
8.69
8.9
9.16
9.5
10.05
10.13
10.82
10.69
10.76
10.84
10.31
9.8
9.62
9.58
9.86
10.16
9.05
8.99
9.18
9.8
9.61
10.61
10.17
9.74
9.03
9.38
9.48
9.4
9.43
9.14
9.65
9.59
9.58
9.65
9.19
8.79
10.35
9.67
9.21
9.33
9.96
9.96
9.81
10.38
10.23
10.42
10.06
9.4
9.49
9.88
9.88
10.21
9.72
9.95
10.28
10.86
9.57
10.03
10.24
10.16
10.21
10.6
10.17
9.62
9.06
9.29
9.77
9.99
9.86
10.44
9.88
10.16
10.57
10.38
10.02
9.86
10.16
10.45
10.55
10.23
9.95
9.47
10.08
10.41
10.8
10.15
10.08
10.35
10.68
10.11
10.12
10.66
10.5
10.22
9.81
9.94
10.14
10.28
10.69
10.12
10.39
10
10.28
9.84
9.34
9.04
9.14
9.72
9.75
9.71
9.64
9.48
9.69
9.27
9.46
9.63
9.7
10.09
10.01
9.79
9.97
9.58
9.62
10.03
9.81
9.35
9.81
9.51
9.43
9.09
9.09
9.11
9.17
9.54
9.91
9.98
8.81
9.16
8.86
8.97
9.41
9.75
9.89
9.69
9.7
9.48
9.25
9.48
9.86
9.92
9.79
9.64
9.39
8.71
8.7
8.8
10
9.57
9.36
9.18
9.03
9.3
9.44
10.34
10.08
9.38
9.23
9.37
9.38
9.33
9.24
9.59
9.16
9.42
9.5
9.68
9.13
9.65
10.09
10.1
9.66
9.5
9.34
9.37
9.28
9.44
9.27
9.14
9.52
9.41
9
9.39
9.51
9.42
9.29
9.72
10.55
9.93
9.45
9.48
10.16
9.44
9.64
9.14
8.85
9.75
9.39
9.36
9.38
9.42
9.68
9.69
10.31
10.6
10.69
10.25
9.11
9.36
9.57
9.63
9.35
9.63
9.65
9.6
9.1
9.1
9.18
9.56
10
10.04
9.79
9.79
9.65
9.61
9.28
8.77
10.06
9.75
9.16
8.96
8.98
9.23
9.63
10.11
10.03
10.11
10.09
9.53
9.81
9.52
9.69
9.37
9.31
9.91
10.38
10.5
9.92
9.87
10.04
9.99
10.44
10.31
10.27
10.49
10.99
10.54
10.29
10.15
10.04
9.89
9.54
9.26
9.02
8.9
9.55
9.54
10.07
10.61
10.97
10.37
10.57
10.47
9.79
9.96
10.15
9.87
10.04
9.93
9.42
9.62
9.99
9.07
9.37
9.28
9.18
9.65
10.3
10.09
10.1
10.13
10.84
10.32
10.61
10.52
10.53
9.94
10.14
9.77
9.74
9.89
9.51
9.76
9.73
10.17
10.37
10.36
10.3
10.37
10.34
10.31
10.46
10.15
9.58
9.78
9.33
9.48
9.16
9.34
9.41
9.8
10.03
10.16
10.76
10.86
10.34
9.95
10.51
10.65
10.08
10.13
10.01
10.05
9.68
9.42
9.9
9.65
9.67
9.47
9.47
9.43
9.56
9.75
9.93
10.28
9.98
10.35
9.79
9.89
9.91
9.61
9.29
9.15
9.49
9.95
9.89
9.61
9.51
9.45
9.83
9.44
9.74
9.08
9.02
9.68
9.55
9.73
9.69
9.14
9.24
9.71
9.33
9.58
9.35
9.06
9.75
9.9
9.87
10.09
10.12
10.12
10.2
10.16
9.88
9.97
9.67
10.01
9.8
9.8
9.73
10.13
10.55
10.59
10.15
10.31
10.08
10.07
10.4
10.67
10.96
10.7
10.54
10.21
10.01
10.36
10.05
9.89
10.39
9.95
9.66
10.14
9.88
9.9
10.34
9.85
9.6
9.92
10.32
9.95
9.72
9.9
9.86
9.99
9.9
9.97
10.07
10.5
10.05
9.6
9.54
9.31
9.14
9.55
9.96
10.17
10.55
10.52
10.46
9.88
9.89
9.55
9.42
9.65
10.53
10.59
10.52
10.58
8.92
8.83
9.28
9.4
9.99
9.58
9.1
9.07
9.17
9.11
9.55
9.93
9.47
9.74
9.8
9.83
9.36
9.36
8.88
8.98
9.71
9.3
8.51
8.76
8.5
8.82
8.71
9.56
9.29
9.93
9.78
9.64
9.8
9.69
10.09
9.89
10.51
10.42
10.2
9.83
9.19
9.04
9.39
8.91
9.28
9.55
9.63
9.22
9.13
9.35
9.2
9.74
9.66
10.37
10.19
9.76
9.51
9.38
9.71
9.46
9.81
9.65
10.01
10.78
9.94
10.08
9.83
9.89
9.97
9.81
9.96
9.49
9.61
9.38
9.72
9.49
9.28
9.37
9.41
9.84
9.06
8.71
9
9.41
10.07
10.4
10.06
9.79
9.6
9.37
9.21
9.22
8.9
8.31
8.51
8.89
9.26
9.59
9.51
9.8
9.77
9.63
9.74
9.92
9.86
9.55
9.51
9.67
9.67
9.52
9.24
9.2
8.95
9.14
9.37
9.65
9.94
9.81
9.97
9.75
9.03
9.33
8.99
9.29
9.76
9.96
10.44
9.88
9.56
9.22
9.55
9.21
9.69
9.85
9.82
9.36
9.57
9.98
9.79
9.28
9.83
9.93
10.14
10.16
10.47
10.68
10.64
10.22
10.06
10.19
10.14
10.23
10.05
9.82
9.99
9.89
10.28
10.11
9.87
9.38
9.24
9.27
9.86
9.57
9.64
9.75
10.03
10.09
10.56
10.47
10.48
10.28
10.22
10.15
9.21
9.22
9.14
9.67
9.42
9.25
10.52
11.01
10.55
10.78
10.58
9.86
10.37
10.22
10.35
10.23
10.32
10.32
9.63
9.48
9.63
9.23
8.99
8.91
9.58
10.33
9.88
9.8
10.26
10.37
10.37
10.27
10.47
10.57
9.99
10
9.47
9.51
9.42
9.24
9.1
8.79
9.88
10.1
10.53
9.96
9.81
9.45
9.35
9.1
9.37
9.65
9.4
9.61
10.19
10.05
10.1
10.51
9.89
9.99
9.28
9.43
9.74
9.48
9.93
10.26
9.13
9.49
10.14
9.55
9.64
9.67
9.9
10.18
9.86
9.94
9.85
9.56
9.56
9.82
9.72
9.73
9.54
9.09
8.78
8.8
10.26
9.73
9.29
9.06
9.18
8.94
9.76
9.85
10.14
10.05
9.69
10.21
9.81
9.73
9.75
10.2
10.73
10.83
11.02
10.47
9.61
9.56
9.41
10.02
10.24
9.45
8.8
9.11
9.01
8.9
9.06
9.14
9.08
9.76
9.84
10.13
10.18
10.07
9.86
9.36
10.56
11.1
11.05
11.17
10.65
10.84
10.61
10.27
9.9
9.88
9.63
9.1
8.93
10.17
9.72
9.8
8.92
8.99
9.52
10.03
10.63
10.42
10.33
10.43
10.1
10.21
9.97
9.95
9.8
9.65
10.06
10.36
10.36
10.04
10.17
9.94
10.07
10.39
10.38
10.31
10.2
10.75
10.37
9.89
10.39
10.19
10
9.75
9.65
9.41
9.23
9.35
9.33
9.57
9.67
10.03
9.64
9.58
10.15
10.53
9.77
9.69
10.08
10.52
10.22
9.92
10.02
9.67
9.88
9.97
10.41
10.26
10.41
9.76
9.59
9.34
9.42
10.06
9.52
9.05
9.85
9.67
9.12
8.82
9.37
10.27
10.15
10.01
9.71
9.24
9.17
10.19
10.12
9.8
10.15
10.26
9.87
10.18
9.51
9.82
9.56
10.12
10.07
9.37
8.94
8.97
9.22
9.73
9.91
9.49
9.54
9.02
9.66
10.09
10.34
9.84
9.71
9.46
9.69
9.42
9.69
9.86
9.61
9.33
9.37
9.41
9.29
9.39
9.48
9.81
10.09
9.75
9.39
9.17
8.95
9.28
9.51
9.31
9.51
9.44
10.28
10.08
9.76
9.76
9.71
9.73
9.33
9.84
10.08
9.91
9.9
10.49
10.59
10.32
10.45
10.49
10.32
10.07
9.59
10.12
10.5
10.78
10.55
10.49
10.07
9.78
9.71
10.25
10.04
10.39
10.71
10.92
10.99
10.49
10.98
11.2
10.72
10.88
10.2
10.8
10.55
10.56
10.61
10.68
10.73
10.8
10.77
10.34
10.09
10.09
10.56
10.1
9.91
10.02
9.71
9.55
9.86
9.56
9.87
10.47
10.33
9.67
9.58
9.89
9.33
9.61
9.26
9.67
9.98
9.68
10.13
10.3
10.53
10.7
10.47
10.9
10.55
10.57
10.43
10.07
9.48
9.56
9.92
9.44
9.84
9.65
9.59
9.9
10.14
9.78
9.69
9.23
9.1
9.26
9.98
10.37
9.42
9.55
9.63
9.37
9.67
9.69
10.19
10.85
10.86
10.6
10.48
10.53
9.87
10.09
10.28
9.94
10.4
10.49
9.91
10
9.94
10.26
9.75
9.56
9.9
10.31
9.69
10.27
9.92
9.9
9.51
9.79
9.82
9.59
9.63
9.41
10.09
9.53
9.57
9.64
9.81
9.4
9.37
9.48
10.1
9.73
10.24
10.12
10.46
10.41
10.41
10.08
9.71
9.1
9.21
8.98
9
8.84
9.28
9.74
9.93
10.04
10.27
10.68
9.52
9.37
9.04
8.53
8.85
8.76
8.83
9.63
9.55
9.44
9.3
9.29
9.75
10.22
10.25
10.15
10.04
9.75
9.94
9.71
9.22
9.03
8.91
8.99
9.23
9.85
10.14
9.57
10.2
9.99
9.39
9.5
10.15
9.88
10.21
10.16
9.89
10.32
9.89
10.19
9.47
9.57
10.23
9.79
10.08
9.67
9.6
9.7
10.21
10.91
10.5
10.26
10.01
9.68
9.67
10.36
10.48
9.84
9.88
9.21
10.07
9.75
9.93
9.65
9.36
9.77
9.3
9.2
9.49
9.61
9.76
9.84
9.99
9.8
9.99
9.6
9.68
9.58
9.75
10.19
9.3
9.12
9.25
9.22
9.25
9.32
9.53
9.64
9.69
9.92
9.62
9.49
9.86
10.64
10.33
10.18
9.6
9.42
9.4
9.19
9.85
9.73
9.5
9.44
9.82
9.61
9.98
10.08
10.14
10.63
10.83
9.96
9.9
9.4
10.3
10.17
10.15
9.91
10.26
10.02
9.85
9.53
9.79
10.19
9.56
9.37
9.22
9.63
9.64
9.66
9.39
9.49
9.73
9.99
9.73
10.43
10.42
10.21
10.43
10.37
9.71
9.66
9.69
9.53
9.07
9.47
9.63
9.47
9.23
9.27
9.51
9.75
9.79
10.16
9.69
8.99
9.09
9.27
9.58
9.32
9.97
9.5
9.99
10.1
9.92
9.69
9.71
10
9.95
9.88
9.58
9.45
10.21
9.6
9.27
9.65
9.51
9.99
10.09
10.15
10.29
10.23
10.69
10.54
10.54
10.92
10.73
10.24
9.89
10.6
10.17
9.86
9.91
10.48
10.82
11.01
10.81
10.42
10.59
10.48
9.33
9.58
9.53
9.41
9.75
9.85
9.78
10.25
10.05
10.22
10.21
9.96
10.31
10.12
10.35
11
10.85
10.84
10.27
9.73
10.56
10.52
10.02
9.37
9.24
9.41
9.32
9.07
8.76
9.2
9.2
9.13
9.6
9.71
9.66
10.25
10.26
10.01
10.16
10.32
10.4
10.55
10.14
10.44
10.02
9.46
9.36
9.37
8.91
8.82
9.15
9.26
9.33
9.56
9.55
8.96
9.37
9.81
10.19
10.75
9.74
9.79
9.4
9.22
9.16
9.65
9.98
9.31
9.45
10.02
10.44
10.24
10.08
10.06
10.52
9.87
9.99
10.16
9.89
9.52
8.98
9.02
9.78
9.93
10.09
9.84
9.24
8.9
9.23
9.24
9.46
9.43
9.46
9.43
9.43
9.33
9.51
9.72
10.09
9.8
10.65
10.55
10.13
10.01
9.59
9.62
9.33
9.25
8.73
9.09
9.38
9.28
9.15
9.23
9.16
9.4
9.2
9.29
9.43
9.63
8.9
9.22
9.21
9.89
9.98
9.54
9.32
9.16
9.28
9.22
9.55
9.37
9.35
8.72
8.43
8.3
8.08
8.43
8.82
8.99
9.52
9.91
9.79
9.6
9.7
9.33
9.29
9.45
9.68
9.73
10.13
10.11
10.02
10.01
9.2
8.93
9.57
9.6
9.73
9.55
9.33
9.79
10.11
10.39
10.49
10.55
10.88
10.92
10.7
10.12
9.42
9.59
10.05
10.19
10.04
9.37
8.9
8.54
7.96
8.82
10.52
9.46
9.65
10.14
10.79
10.28
10.33
10.14
10.38
10.04
9.99
10.19
9.94
9.49
9.6
9.98
10.11
10.39
10.35
10.04
9.05
9.12
9.65
9.49
9.51
9.44
9.4
9.24
9.14
9.47
9.6
9.73
9.61
9.67
9.24
9.36
9.18
9.41
9.66
9.55
8.9
9.26
9.75
9.63
9.15
9.21
8.9
9.03
8.86
8.69
8.99
9.24
9.43
9.78
9.39
9.03
9.18
9.56
9.05
8.81
10.1
9.96
9.94
9.83
10.06
9.71
10.36
10.11
10.23
10.08
10.41
9.89
10.4
9.82
9.91
9.3
9.02
8.98
9.27
9.74
9.49
9.99
10.59
10.8
10.42
10.15
9.39
9.67
9.68
9.74
9.6
9.27
9.5
9.43
9.42
9.88
10.23
10.02
10.12
9.32
10.14
9.59
9.37
9.68
9.24
8.95
8.8
8.75
9.47
9.36
9.61
9.98
9.5
9.99
9.78
10.27
10.28
10.23
10.48
10.99
10.72
10.4
10.23
9.51
9.92
10.09
10.08
10.25
9.69
9.68
9.17
9.45
9.77
9.53
9.65
9.06
9.35
9.61
9.3
9.71
8.96
9.06
9.7
10.03
9.66
9.73
9.99
9.91
9.67
9.67
9.94
10.14
9.53
9.1
9.64
8.99
9.72
9.63
9.46
9.38
9.85
9.77
9.73
10.05
10.32
10.28
10.22
10.35
10.89
10.8
10.54
10.64
10.15
10.11
9.52
9.82
9.79
9.92
10.01
9.99
9.35
9.68
9.92
9.89
9.79
10.05
10.48
10.32
10.01
9.53
9.93
10.09
9.66
9.88
10
10.14
9.86
9.83
9.93
9.65
10.16
10.23
9.92
9.64
9.55
9.37
9.11
8.91
8.75
9.03
8.46
8.88
9.68
9.71
9.65
9.76
9.77
9.63
9.67
9.61
8.32
8.64
8.9
9.11
9.6
9.36
9.76
10.27
10.26
10.55
10.44
9.97
9.74
9.37
9.28
9.13
9.08
8.47
8.53
8.53
9.21
8.89
8.91
8.91
9.04
9.19
9.21
9.3
9.83
9.77
9.86
9.88
9.5
9.26
9.5
9.39
9.44
9.39
9.28
9.3
9.68
9.31
9.22
9.28
9.4
9.35
9.55
9.73
9.14
9.14
9.41
9.5
9.64
9.84
9.8
10.19
9.98
10.19
10.14
9.48
9.12
9.63
10.08
10.22
9.37
10.03
10.32
10.04
10.34
10.25
10.03
9.97
9.87
9.86
9.84
10.74
10.07
9.48
9.3
9.36
9.8
9.83
9.67
9.94
10.49
10.12
9.84
10.03
10.18
10.07
10.13
10.13
10.15
9.7
9.33
9.76
9.64
9.77
9.85
9.98
10.16
10.18
10.09
9.87
9.28
9.83
10.13
10.28
10.33
10.34
10.28
9.79
9.83
9.95
10.39
10.1
10.34
10.23
10.41
10.57
9.55
9.99
10.05
9.99
9.47
9.28
9.66
9.57
9.61
9.89
9.53
9.67
9.58
9.74
9.8
10.08
10.39
9.7
9.61
9.36
10.24
10.25
10.17
9.93
9.82
10.23
10.07
9.87
8.82
8.82
9.2
9.2
9.01
9.45
9.41
8.98
9.43
9.27
9.8
10.3
9.62
9.51
9.55
9.64
10.13
10.14
10.01
9.32
9.9
9.26
9.51
9.98
9.83
10.23
9.98
9.84
9.56
9.45
9.36
9.48
9.2
9.8
9.72
9.59
9.15
9.19
9.94
10.32
10.16
10.05
9.8
9.33
9.39
9.35
9.12
9.2
9
8.98
9.16
9.17
10.1
9.75
9.29
9.24
9.84
10.52
10.16
10.32
10.06
9.44
9.39
9.59
9.53
9.53
9.99
10.09
9.99
9.45
9.82
9.84
9.01
9.26
9.27
9.88
9.67
9.25
9.12
8.8
8.82
9.28
9.63
9.47
9.84
9.9
9.67
9.67
8.98
9.49
9.67
9.33
10.36
10.5
9.96
9.54
10.1
10.4
10.67
10.32
10.3
10.2
10.07
9.53
9.23
9.24
9.03
9.52
9.78
10.18
9.7
9.84
9.14
9.37
9.91
9.92
9.76
10.3
10.27
10.37
10.33
10.08
9.51
9.26
9.67
9.66
9.24
9.24
9.51
8.71
8.89
9.21
9.44
9.26
8.6
9.13
9.22
9.21
9.25
9.48
9.07
8.94
9.25
9.45
9.27
9.23
9.13
9.39
9.84
9.84
9.89
9.85
9.57
9.79
9.59
9.85
9.66
9.85
9.96
9.57
9.52
9.44
9.31
9.23
8.82
8.62
8.91
9.4
9.39
9.88
10.2
10.21
9.79
10.32
10.68
10.46
9.58
9.44
9.73
8.91
9.56
9.3
9.25
9.96
9.76
9.73
9.48
9.61
9.4
9.17
9.06
9.48
9.52
9.68
9.16
9.37
9.4
9.72
9.53
9.96
9.96
9.55
9.76
9.16
9.5
9.15
9.2
9.33
9.44
9.34
9.36
9.44
9.41
10.06
9.59
9.83
9.84
9.86
10.07
9.51
9.79
9.61
9.8
9.65
9.5
9.4
9.53
9.32
9.61
9.4
9.3
9.24
9.75
9.44
9.53
9.8
9.91
9.62
9.45
9.4
8.76
8.29
8.8
9.42
9.8
10.1
10.45
10.25
9.97
10.21
10.27
10.48
10.28
9.85
9.88
9.71
9.41
9.82
10.13
9.54
9.56
9.23
9.38
9.04
9.23
9.88
9.78
9.42
9.58
10.26
10.32
10.26
10.67
11.04
10.88
10.77
10.85
10.42
10.09
9.68
9.94
9.72
10.24
10.36
10.78
10.45
10.21
10.25
10.17
9.97
10.56
10.83
9.16
8.94
8.77
9.02
9.99
9.48
9.7
9.87
10.04
9.72
10.04
9.86
9.94
9.62
9.76
9.81
9.79
9.68
9.78
9.18
9.29
8.98
9.3
9.14
8.64
8.86
8.66
9.1
9.72
10.16
9.62
9.54
9.53
9.82
9.32
9.48
9.67
9.52
9.2
9.33
8.24
8.14
8.25
8.48
9.1
9.58
9.48
9.84
9.34
9.73
9.32
9.2
8.59
8.76
8.89
9.04
9.14
8.88
8.63
8.63
8.67
9.05
9.13
9.55
9.58
8.95
9.42
9.79
9.68
9.7
9.61
9.64
9.53
9.17
9.2
9.12
8.83
8.88
8.72
8.56
10.06
9.5
9.73
9.78
9.9
9.3
9.1
9.3
9.13
9.34
9.45
9.64
9.86
9.81
9.61
9.36
9.42
9.84
10.03
10.13
9.74
9.9
9.54
9.45
9.38
9.36
9.02
9.69
9.63
9.65
9.81
9.8
9.54
9.42
8.93
9.36
9.61
9.12
9.5
9.79
9.16
8.94
9.54
9.51
9.94
9.99
9.66
10
10.05
9.67
9.44
9.05
9.37
9.11
9.68
9.39
9.36
9.43
9.25
9.03
9.79
10.04
10.12
10.08
9.57
9.15
9.3
9.83
9.37
9.47
9.53
9.76
9.78
9.77
9.92
9.44
9.42
9.72
9.99
9.82
9.6
9.03
9.54
9.56
9.84
9.96
9.73
9.74
9.61
9.42
9.05
9.11
9.06
9.53
9.83
9.96
9.91
9.88
9.92
9.6
9.8
9.35
8.94
8.7
8.89
8.58
8.77
8.68
8.93
9.43
9.69
9.26
9.56
9.73
9.78
9.65
9.66
9.39
9.53
9.46
10.02
9.68
9.59
9.56
9.26
9.43
9.66
10.11
9.83
9.77
9.93
9.66
9.53
9.63
9.83
9.79
9.26
9.5
9.64
10.04
9.93
9.65
10.02
9.94
10.21
9.57
9.63
9.72
9.78
9.7
9.8
9.92
9.98
10.02
9.63
9.36
9.75
9.98
10.07
9.75
9.2
9.9
9.91
9.83
9.43
9
9.2
9.12
9.09
8.81
8.97
8.66
8.35
8.34
8.59
8.63
8.26
8.32
8.57
9.19
10.14
10.18
9.65
9.26
8.76
9.08
9.15
9.24
9.91
10.73
10.65
10.23
10.17
9.56
9.3
9.8
9.73
9.48
9.22
9.46
10.16
10.62
10.28
10.81
10.82
10.51
10.22
10.48
10.58
10.05
9.84
9.41
8.85
8.91
8.95
9.22
9.1
9.1
9.63
9.92
9.66
9.66
9.82
9.81
10.08
9.98
9.62
9.81
9.84
9.74
9.78
10.07
10.18
9.8
9.75
10.18
9.6
9.66
9.27
9.19
9.79
9.75
9.97
9.78
9.35
8.93
8.73
8.32
8.4
8.53
8.76
9.08
9.54
9.39
9.44
9.56
9.65
10.06
10.04
9.68
9.37
9.25
8.82
8.28
8.41
8.45
8.9
8.79
9.05
8.67
9.23
9.3
9.52
9.87
10.08
10.07
10.12
9.7
9.81
9.89
9.26
9.25
9.66
9.99
10.44
10.22
10.2
10
9.57
9.5
9.15
9.14
9.16
9.25
9.02
9.12
9.02
8.82
8.89
8.94
9.69
9.59
9.66
8.99
8.37
8.82
9.27
9.14
9.05
8.89
8.98
9.36
9.3
9.37
9.35
9.81
10.21
9.78
9.11
9.41
9.16
8.8
8.44
9.02
9.43
9.82
10.22
9.98
9.37
9.17
8.69
8.87
9.03
9.27
9.92
9.72
9.66
9.21
9.51
9.27
9.72
10.13
9.6
9.43
9.5
9.39
9.25
8.9
9.02
9.27
9.89
9.96
9.72
9.49
9.84
9.84
10.04
10.08
9.86
9.36
9.3
9.31
9.29
9.33
8.85
8.61
8.95
9.26
9.52
9.7
9.72
9.92
10.04
9.96
9.43
9.64
9.78
9.4
9.91
9.86
10.05
9.97
9.97
9.72
9.95
9.95
9.59
9.18
9.22
9.33
9.84
10.09
10.29
10.18
10.12
10.4
10.28
10.3
9.73
9.91
10.2
10.38
10.01
9.83
9.53
9.72
9.68
10.04
9.83
9.67
9.66
9.5
9.69
9.6
9.7
9.99
9.34
9.48
9.56
10.05
9.82
10.15
10.07
10.24
10.32
10.12
10.46
10.45
10.36
9.99
9.86
10.12
9.86
9.75
9.17
9.06
9.39
9.11
9.39
9.59
10.47
10.47
10.3
9.95
9.69
9.54
9.89
10.13
9.98
9.9
9.71
9.52
9.3
9.52
9.96
9.95
10.33
9.45
10.05
10.18
9.78
9.7
9.48
9.43
9.11
9.29
9.55
9.05
8.69
9.04
9.32
9.44
10.04
9.99
10.09
10.51
10.43
10.19
9.98
10.06
8.1
8.25
8.4
8.13
9.18
9.43
9.31
9.5
9.18
9.77
9.94
10.13
9.91
9.69
9.89
9.7
9.35
9.15
9.02
8.43
9.39
9.34
9.54
9.5
9.7
9.47
10.07
9.68
9.62
9.38
9.24
9.38
9.28
9.27
8.65
8.63
8.49
8.87
9.02
9.24
10.2
9.8
9.77
9.51
9.73
9.85
10.12
10.03
9.85
10.06
9.8
9.88
9.63
9.95
9.99
10.49
10.8
10.97
11.31
10.78
10.36
9.8
9.85
9.79
9.97
9.95
9.78
9.21
9.19
9.43
10.01
9.73
9.51
9.4
9.47
9.37
9.56
9.95
9.8
9.96
9
8.88
8.99
8.91
9.06
9.65
9.79
10.08
9.62
9.04
8.46
9
8.78
8.7
8.57
8.76
9.24
9.15
9.35
9.62
9.27
9.45
9.35
9
8.94
8.86
9.17
8.95
9.06
9.5
8.9
9.25
8.92
8.9
9.34
9.29
9.71
9.64
9.41
9.23
9.71
9.53
10.07
9.78
10.47
10.35
10.08
9.74
9.74
9.73
9.48
9.15
9.33
9.12
9.52
9.63
9.62
9.3
9.68
9.85
9.54
9.47
9.1
8.96
8.57
8.38
8.7
9.51
8.96
9.73
9.77
9.92
9.63
9.83
9.64
9.52
9.15
9.51
9.67
9.61
10.28
10.14
10.22
10.25
10.27
10.33
9.75
9.38
9.46
9.55
9.49
9.15
9.23
9.01
8.99
9.25
9.1
9.27
9.39
10.34
9.17
8.93
8.69
9.27
9.23
9.11
9.26
9.65
9.59
9.33
9.67
9.71
9.18
9.27
9.45
9.15
9.64
9.86
9.94
9.73
8.87
9.11
9.07
8.45
9.28
9.64
9.63
9.35
9.36
9.07
8.83
9.14
9.23
9.5
9.43
9.25
9.25
9.17
8.76
8.51
10.15
9.06
9.06
9.4
9.28
9.41
9.83
9.6
8.75
9.11
9.79
9.85
10.09
9.77
9.6
9.42
9.36
9.79
9.83
9.54
9.73
9.06
8.98
8.84
9.07
9.4
9.24
9.41
10.24
10.55
10.03
9.34
9.02
9.45
9.67
9.55
9.71
9.91
9.28
10.06
9.51
9.69
10.39
11
11.41
10.93
11.09
10.29
9.99
10.06
10.07
10.58
10.46
10.27
10.33
10.18
10.03
10.56
10.2
9.64
10.66
10.35
10.08
10.33
10.34
10.43
10.15
9.99
10.06
10.01
9.88
9.74
10.24
11.16
11.24
11.37
11.17
11.02
10.43
10.36
9.87
9.92
9.77
9.48
9.72
9.7
9.86
9.81
10.45
10.12
10.25
10.31
10.21
10.27
10.45
9.91
10.07
10.13
10.17
10.17
9.14
9.37
9.5
9.46
9.22
9.31
9.59
10.06
10.55
9.85
9.5
9.27
9.38
9.46
10.32
10.34
10.76
10.04
9.7
9.17
9.58
9.07
9.46
9.63
9.82
9.86
9.6
10.12
9.96
9.5
9.17
9.29
9.78
9.93
9.33
8.61
9.05
9.2
9.19
9.58
9.89
9.88
10.04
9.54
9.74
9.55
9.63
9.46
9.3
9.81
10.1
10.28
10.45
10.11
10.41
10.81
10.42
10.54
10.37
9.91
9.15
9.59
9.54
10.13
9.99
9.87
9.81
9.92
9.83
9.85
9.81
9.75
9.95
10.11
9.78
9.76
9.49
9.02
9.24
9.24
9.1
9.05
9.43
9.41
9.52
9.17
9.06
9.08
9.34
9.45
9.57
9.35
9.62
9.38
9.54
9.82
9.23
8.78
8.85
8.74
9.5
9.6
9.87
9.72
9.83
10.13
9.89
9.67
9.6
9.44
9.07
9.44
9.45
9.37
9.31
9.14
9.33
9.43
9.65
9.63
10
9.67
9.16
9.06
8.57
8.92
9.21
9.81
10.43
9.77
9.77
10.33
10.48
10.6
10.09
9.41
9.89
9.99
9.75
10.15
9.72
9.94
10.13
9.84
9.85
9.36
9.04
8.96
9.22
9.5
9.5
9.47
9.53
9.46
9.11
9.28
9.36
9.73
9.35
9.6
9.96
10.13
10.11
10.26
10.22
10.36
10.42
9.98
9.29
9.53
9.24
9.38
9.24
9.16
8.56
8.84
9.34
9.63
10.12
9.72
9.71
9.43
9.37
9.27
9.72
9.73
9.54
9.67
9.99
9.97
9.79
9.85
10.08
10.55
10.57
10.52
10.04
9.57
9.46
9.7
9.53
9.6
10.27
10.22
9.57
9.17
9.09
9.19
9.46
9.45
9.49
9.88
9.52
9.33
9.53
9.74
9.85
9.84
9.93
9.27
9.7
9.78
9.95
9.99
10.55
10.96
10.36
10.04
10.42
10.35
10.32
9.83
9.24
9.45
9.45
9.61
9.44
9.67
9.72
9.97
9.58
9.46
9.26
9.48
9.57
10.23
9.96
9.86
9.91
9.42
9.15
9.48
10.06
10.23
10.23
10.08
10.13
9.7
9.54
9.63
10.45
10.6
10.44
10.07
9.83
9.59
9.35
9.55
9.62
9.52
9.91
10.34
10.19
9.93
10.14
9.61
9.62
9.48
10.11
10.37
10.19
10.53
10.74
10.74
10.27
10.24
10.11
10.26
9.6
9.61
9.6
9.75
9.79
9.71
9.36
9.65
9.46
9.98
10.09
9.91
10.21
9.86
9.58
9.27
9.16
9.54
9.79
9.79
9.73
10.04
10.32
10.05
10.1
9.55
9.19
9.67
10.01
10.01
10.33
10.27
11.03
10.15
9.91
9.54
9.6
9.6
9.62
9.19
8.72
8.74
9.14
10.09
9.97
9.87
9.64
9.4
9.73
9.85
10.01
10.07
9.16
8.89
9.04
9.88
10.07
9.71
9.92
9.39
9.61
9.97
10.16
10.13
9.23
9.05
9.05
9.17
8.51
8.26
8.66
9.26
9.7
9.59
9.9
10.04
9.8
10.03
10.05
9.98
10.4
9.56
9.96
9.74
9.48
9.08
9.08
9.14
9.63
9.25
9.4
9.75
9.07
9.71
9.17
8.7
9.01
9.28
9.65
9.8
9.78
10.63
9.79
9.98
9.98
10.35
10.41
10.43
10.32
9.76
9.45
9.16
9.62
9
9.24
9.28
9.29
9.81
10.13
10.08
9.84
9.66
10.17
10.03
9.95
9.7
9.83
10.01
9.86
10.1
10
9.8
10.13
10.4
9.46
9.63
10.14
10.09
10
10.15
10.22
10.63
10.56
10.21
9.73
9.62
9.85
9.65
9.08
9.01
8.92
9.38
9.44
9.94
9.78
10.04
9.77
9.69
9.97
9.94
9.37
9.85
10
10.13
10.43
10.42
10.24
10.25
10.29
10.14
9.95
9.84
10.01
9.51
9.53
9.74
9.91
9.88
10.07
9.93
9.53
9.13
9.17
9.56
9.59
9.9
10.02
9.95
9.37
9.66
9.57
9.53
9.25
9.19
9.5
9.69
10.48
10.46
10.39
10.57
10.68
10.85
10.31
9.86
9.56
9.93
10.19
10.08
10.35
9.93
9.51
9.59
9.56
9.93
9.99
9.57
9.13
9.26
9.08
9.17
10.01
9.81
9.83
9.61
9.08
8.73
9.53
9.48
9.46
9.13
9.39
9.26
9.66
10.05
9.95
10.15
9.99
9.89
9.61
10.08
10.16
9.81
10.09
10.32
10.59
10.66
10.12
9.73
9.61
9.87
9.55
9.66
10.1
10.04
9.95
9.54
9.6
9.72
10.06
10.2
10.14
10.18
10.16
9.69
9.59
9.42
9.53
10.24
9.86
10
10.22
10.32
10.55
10.48
10.2
10.77
11.12
10.8
10.44
10.36
10.28
10.24
10.25
10.21
10.21
10.38
10.16
10.57
10.59
10.17
10.31
10.2
9.4
9.63
9.88
10.15
9.79
9.54
8.98
9.02
9.43
9.77
9.98
9.95
9.77
9.76
9.83
9.32
9.66
10.38
9.65
9.53
)
;

boundaryField
{
    xPeriodic_half0
    {
        type            cyclic;
    }
    xPeriodic_half1
    {
        type            cyclic;
    }
    yPeriodic_half0
    {
        type            cyclic;
    }
    yPeriodic_half1
    {
        type            cyclic;
    }
    zPeriodic_half0
    {
        type            cyclic;
    }
    zPeriodic_half1
    {
        type            cyclic;
    }
}


// ************************************************************************* //
