/*--------------------------------*- C++ -*----------------------------------*\
| =========                 |                                                 |
| \\      /  F ield         | OpenFOAM: The Open Source CFD Toolbox           |
|  \\    /   O peration     | Version:  2.4.0-MNF                             |
|   \\  /    A nd           | Web:      www.OpenFOAM.org                      |
|    \\/     M anipulation  |                                                 |
\*---------------------------------------------------------------------------*/
FoamFile
{
    version     2.0;
    format      ascii;
    class       volScalarField;
    location    "0.0009";
    object      dsmcRhoNMean_O2;
}
// * * * * * * * * * * * * * * * * * * * * * * * * * * * * * * * * * * * * * //

dimensions      [0 -3 0 0 0 0 0];

internalField   nonuniform List<scalar> 
5120
(
3.14
3.07
2.83
2.56
2.55
2.85
2.86
3.06
2.87
2.81
2.68
2.58
2.4
2.45
2.62
2.55
2.87
2.79
3.06
3.26
2.61
2.53
2.67
2.83
2.71
2.87
2.7
2.61
2.61
2.6
2.77
3.07
3.05
3.04
2.96
2.87
2.73
2.87
2.82
2.67
3.28
3.14
3.3
3.41
3.4
3.27
3.05
2.93
2.96
3.05
2.78
2.9
2.68
2.48
2.76
2.91
2.9
3.07
3.03
3.06
2.55
2.35
2.38
1.94
2.22
2.27
2.55
2.6
2.79
2.9
2.78
2.65
3.02
2.96
2.74
2.65
2.59
2.43
2.55
2.48
2.54
2.47
2.19
2.42
2.47
2.8
2.47
2.61
2.71
3.07
3.18
3.26
2.99
2.9
2.86
2.9
3.12
3.18
2.97
2.9
2.51
2.51
2.84
2.92
2.89
2.74
2.67
2.7
2.72
2.65
2.82
2.65
2.71
2.69
2.71
2.86
3.05
2.96
2.58
2.68
2.61
2.82
2.84
2.83
2.41
2.64
2.53
2.7
2.71
2.63
2.75
2.81
2.78
2.64
2.52
2.74
2.83
2.45
2.49
2.51
3.14
3.35
3.17
3.15
3.15
3.18
3.14
2.84
3.14
3.46
3.32
3.08
3.03
2.93
3.1
2.92
3.25
3.36
3.34
3.01
2.47
2.55
2.8
2.78
2.83
2.97
2.84
2.57
2.8
2.62
2.85
2.7
2.7
2.91
2.78
2.64
2.58
2.44
2.37
2.57
3.01
2.91
2.84
2.81
2.99
2.86
3.35
3.45
3.3
3.07
2.92
3.07
3.15
2.84
3.15
3.09
2.89
2.74
2.85
3
2.48
2.58
2.7
2.71
2.54
2.57
2.32
2.5
2.51
2.65
2.72
2.48
2.5
2.62
2.86
2.91
2.96
3
2.9
2.67
2.96
2.75
3.03
3.07
3.16
2.93
2.88
2.67
2.85
2.92
2.77
2.98
2.74
2.66
2.58
2.74
2.5
2.48
2.55
2.59
2.16
2.32
2.42
2.52
2.49
2.46
2.69
2.59
2.75
2.85
2.83
2.51
2.59
2.63
2.83
2.9
2.72
2.7
2.56
2.23
2.57
2.8
3.03
3.01
3.1
3.01
2.95
3.27
3.09
2.95
2.69
2.57
2.88
2.81
2.78
2.46
2.33
2.24
2.11
2.34
2.66
2.54
2.79
2.71
2.76
2.61
2.59
2.44
2.71
2.82
3.12
3.13
2.86
2.72
2.67
2.59
2.87
2.64
2.8
2.82
2.9
3
2.92
2.9
2.91
2.73
2.68
2.75
2.85
2.74
2.53
2.52
2.81
2.83
2.88
2.85
2.79
2.86
2.96
2.8
3.49
3.57
3.25
3.25
3.45
3.13
3.02
3.01
2.96
2.72
2.57
2.52
2.87
2.95
2.94
2.99
2.93
3.02
3.03
3.42
2.84
3.09
3.16
2.75
2.87
2.9
3.04
3.21
3.12
3.03
2.7
2.74
2.78
2.92
2.69
2.45
2.88
2.82
2.88
2.81
3.14
3.08
2.86
2.88
2.99
3.01
2.87
2.68
2.59
2.53
2.7
2.67
2.49
2.76
2.71
2.73
2.95
2.77
3.19
3.41
2.57
2.54
2.68
2.89
2.52
2.58
2.55
2.78
2.29
2.55
2.47
2.51
2.51
2.49
2.71
3.1
2.84
2.79
2.6
2.58
2.59
3.03
2.99
2.97
3.23
2.97
2.98
2.9
2.86
2.66
2.64
2.72
2.57
2.51
2.68
2.48
2.66
2.6
2.5
2.6
2.16
2.21
2.4
2.65
2.76
2.83
2.64
2.59
2.53
2.53
2.41
2.56
2.81
2.96
2.65
2.2
2.09
2.42
2.51
2.35
2.85
2.81
3.04
2.78
2.61
2.55
2.74
2.85
2.81
2.88
2.69
2.64
2.53
2.63
2.73
3.01
2.86
2.69
2.92
2.71
2.85
2.79
2.42
2.72
2.87
3.06
2.93
2.89
3.15
3.02
3.03
3.22
3.16
3.2
2.93
2.9
3.02
3.09
2.81
2.78
2.59
2.75
2.64
2.47
2.3
2.34
2.48
2.76
2.71
2.74
2.82
2.84
2.65
2.81
2.44
2.33
2.46
2.4
2.63
2.7
2.89
2.8
2.66
2.83
2.7
2.48
2.1
1.94
2.05
2.28
2.23
2.34
2.28
2.42
2.57
2.78
2.94
3.2
3.15
2.91
2.79
2.52
2.34
2.4
2.19
2.05
2.25
2.28
2.47
2.54
2.71
2.69
2.64
2.43
2.37
2.62
2.73
2.65
2.48
2.72
2.72
3.09
3.01
2.88
2.91
3.12
3.07
3.38
3.25
3.19
3
3.28
3.17
3.07
2.75
2.73
2.61
2.39
2.27
2.73
3.07
2.69
2.63
2.63
2.81
2.84
2.82
2.5
2.39
2.64
3.01
3.03
2.71
2.89
2.82
2.79
2.91
3.01
3.2
3.25
2.72
2.75
2.69
2.46
2.29
2.59
2.5
2.42
2.51
2.26
2.09
2.42
2.51
2.49
2.76
2.84
2.56
2.6
2.75
2.69
2.49
2.69
2.61
2.91
2.89
2.84
2.92
2.9
2.64
2.78
3.12
3.12
2.94
2.83
2.59
2.86
2.96
2.88
2.49
2.42
3.08
2.77
2.77
2.6
2.69
2.64
2.59
2.49
2.55
2.69
3.05
3.33
3.26
3.03
3.06
3.16
2.77
2.88
2.95
2.93
3.11
2.93
2.83
2.49
2.28
2.27
2.38
2.67
3.21
3.19
3.52
3.27
3.5
3.4
3.17
3.23
3.52
3.52
3.58
3.25
2.84
2.57
2.83
2.74
2.65
2.57
2.76
2.95
2.91
2.76
2.68
2.6
2.72
2.81
2.97
2.86
2.81
2.79
2.71
2.79
3.23
2.9
3.03
2.88
3.15
3
3.04
3.07
3.11
3.24
3.03
3.02
3.25
2.97
2.83
2.65
2.76
3.08
2.86
3.14
2.63
2.68
2.93
2.93
2.7
2.67
2.31
2.6
2.83
2.75
3.05
3.09
2.9
3.22
3.18
3.12
3.15
3.02
2.7
2.44
3.19
2.84
2.97
3.05
2.93
2.94
2.84
2.95
2.75
2.89
2.92
3.15
3.01
2.89
2.79
2.71
2.89
2.96
3.21
3.37
2.92
2.7
2.77
2.54
2.47
2.75
2.87
2.82
2.89
3.07
2.58
2.57
2.5
2.47
2.71
2.82
2.78
2.68
2.75
2.78
3.06
3.18
2.9
2.82
3.02
2.96
3.06
3.37
3.27
3.32
3.28
3.14
3.06
2.62
2.8
2.38
2.33
2.55
2.65
3.14
3
2.99
3.02
2.8
2.71
2.81
2.9
2.76
2.61
2.77
2.93
2.96
2.71
2.81
2.66
2.78
2.99
3.21
3.18
3.19
2.6
2.75
2.86
3.04
2.98
3.04
2.7
2.8
2.76
2.56
2.52
2.46
2.72
2.63
2.67
2.93
2.87
2.72
2.85
2.73
2.73
2.66
2.6
2.73
2.55
2.83
2.98
3.21
3.06
2.64
2.54
2.52
2.35
2.71
3.14
2.87
2.92
2.6
2.74
2.56
2.47
2.56
2.65
2.82
2.92
2.72
3.09
2.89
2.93
2.8
2.73
2.61
2.68
2.71
2.64
2.55
2.53
2.25
2.28
2.3
2.45
2.57
2.44
2.33
2.6
2.53
2.54
2.65
2.71
2.83
2.79
2.73
2.67
2.88
2.82
2.68
2.89
2.87
2.75
2.5
2.89
2.84
2.91
2.83
2.63
2.64
2.59
2.64
2.57
2.47
2.25
2.48
2.49
2.6
2.68
2.72
2.42
2.59
2.62
2.75
2.75
2.92
3.02
3.28
3.05
2.67
3.11
2.95
2.92
2.77
2.79
2.85
3.13
3.26
3.02
2.67
2.9
2.93
2.9
2.96
3.01
2.79
2.97
3
2.93
2.72
2.79
2.87
2.95
3.08
2.84
2.51
2.39
2.27
2.57
2.51
2.56
2.63
2.84
2.83
2.65
2.77
2.8
2.91
3.03
3.19
3.41
3.21
3.06
2.82
2.57
2.52
2.29
2.47
2.94
2.64
2.42
2.69
2.42
2.63
2.69
2.9
3.03
2.94
2.96
3.2
3.25
2.96
2.73
3.02
3.38
3.38
3.18
2.99
2.77
2.9
2.75
2.87
2.67
2.71
3.05
3.09
3
2.95
3.03
3.02
3.23
2.8
2.84
2.93
2.96
2.91
2.75
2.7
2.61
2.5
2.49
2.64
2.82
2.9
2.52
2.58
2.74
2.7
2.41
2.57
2.55
2.68
2.64
2.7
2.78
2.67
2.64
2.9
2.97
3.17
3.08
2.96
2.78
2.61
2.81
2.75
2.42
2.27
2.63
2.66
2.87
2.92
2.8
2.8
2.79
2.76
2.94
2.81
2.95
2.94
2.99
3.04
2.95
2.82
2.47
2.72
2.75
2.67
2.6
2.71
2.84
2.71
2.65
2.6
2.52
2.49
2.91
2.75
2.79
2.53
2.44
2.39
2.48
2.62
3.05
2.95
2.63
2.66
2.7
2.83
2.88
2.83
2.92
2.87
2.75
2.87
2.71
2.51
2.57
2.7
2.92
3.15
3.06
2.92
2.77
2.77
2.81
2.94
2.89
2.76
2.78
2.53
2.64
2.89
3.13
3.11
3.04
3.07
2.99
2.86
2.77
2.66
2.65
2.5
3.01
3.03
3.07
2.95
2.86
2.89
2.9
2.71
2.71
2.63
2.21
2.32
2.34
2.25
2.64
2.71
2.87
2.84
2.75
3.06
2.76
2.8
2.72
2.66
2.41
2.72
2.97
3.02
2.92
3.2
3.1
3.06
2.9
2.9
2.69
2.54
2.37
2.59
2.5
2.62
2.85
2.75
2.77
2.76
2.79
2.64
2.38
2.14
2.2
2.04
2.25
2.52
2.74
2.84
2.57
2.69
2.79
3.03
2.65
2.78
2.77
2.77
2.54
2.54
2.6
2.62
2.44
2.87
2.95
2.72
2.71
2.34
2.24
2.02
1.98
1.95
1.94
2.36
2.59
2.58
3.18
3.15
3.11
3.12
2.96
2.9
2.84
2.75
2.5
2.74
2.65
2.82
2.77
2.68
2.73
2.66
2.69
2.7
2.73
3.04
3.04
3.05
2.76
2.66
2.81
2.65
2.64
2.68
2.33
2.13
2.33
2.52
2.9
2.79
2.73
2.91
2.81
2.78
2.86
3.03
2.98
3.11
3.08
3.01
3.08
3.25
2.81
2.68
2.98
3.14
3.05
2.89
2.59
2.54
2.61
2.72
3.17
3.25
3.21
3.14
3.25
3.29
3.2
3.28
3.19
3.15
2.92
3.02
2.98
2.91
2.84
2.97
2.99
3.06
3.05
3.02
2.92
2.9
2.96
2.93
2.47
2.6
2.41
2.5
2.68
2.82
2.45
2.21
2.3
2.53
2.73
2.58
2.73
2.66
2.96
3.19
3.25
2.74
2.81
2.81
2.78
2.85
2.84
2.83
2.89
2.61
2.7
3.13
3.24
3.17
3.18
2.96
3.01
3.05
2.76
2.69
3.23
3.02
3.07
2.97
2.48
2.76
3.01
3.13
2.87
3.14
3.18
3.24
3.3
3.05
2.86
2.93
2.93
2.82
2.67
2.54
2.62
2.64
2.75
2.51
2.77
2.88
2.92
2.94
2.97
2.8
2.93
2.71
2.87
2.94
2.88
3.02
3.08
3.09
3.27
3.04
2.67
2.7
2.81
2.94
2.5
2.38
2.77
2.72
3.1
3.26
3.35
2.98
2.92
2.87
2.79
2.61
2.52
2.39
2.44
2.55
2.71
2.69
2.75
2.88
2.45
2.68
2.96
2.87
2.71
2.36
2.57
2.71
2.63
2.53
2.38
2.22
2.4
2.45
2.47
2.67
2.6
2.5
2.26
2.37
2.3
2.32
2.48
2.84
2.51
2.85
2.86
2.78
2.48
2.52
2.57
2.67
2.42
2.63
2.61
2.53
2.52
2.41
2.65
2.56
2.56
2.6
2.72
2.62
2.7
2.69
2.85
2.87
3.06
3.15
3.03
3.14
3.18
3.05
3
2.85
2.7
2.44
2.32
2.53
2.6
2.36
2.42
2.63
2.9
2.78
3.03
2.85
2.85
2.78
2.66
2.75
2.77
2.75
2.75
2.54
2.42
2.5
2.55
2.46
2.73
2.68
2.7
2.87
2.83
3.11
2.75
2.87
2.65
2.44
2.62
2.63
2.78
2.78
2.93
2.89
2.96
2.83
2.58
2.45
2.6
2.67
2.77
2.76
2.84
2.82
2.83
2.91
2.9
2.99
2.92
2.7
2.49
2.57
2.68
2.65
2.83
2.84
2.74
2.62
2.35
2.22
2.29
2.26
2.37
2.22
2.52
2.32
2.48
2.31
2.23
2.19
2.17
2.22
2.4
2.78
2.38
2.12
2.19
2.23
2.47
2.39
2.45
2.6
2.62
2.65
2.63
2.66
2.73
2.8
2.69
2.89
2.92
3.21
3.08
3.19
3.44
3.46
3.27
2.66
2.94
2.84
2.73
2.93
2.96
3.19
3.3
3.28
3.31
3.63
3.74
3.51
3.15
2.89
2.84
2.7
2.78
2.56
2.71
2.92
2.68
2.74
2.59
2.56
2.65
2.74
2.75
3.03
3.04
3.11
3.07
3.02
3.38
3.24
3.04
3.05
3.15
3.06
2.9
2.83
2.58
2.47
2.76
3.07
3.17
2.97
3.01
2.77
2.54
2.43
2.4
2.63
2.53
2.45
2.46
2.46
2.21
2.33
2.63
2.69
2.61
2.6
2.73
2.62
2.6
2.47
2.49
2.49
2.61
2.6
2.45
2.7
2.73
2.8
2.82
2.78
2.61
2.87
2.58
2.61
3.03
3.05
3.36
2.84
2.8
2.68
2.71
2.54
2.5
2.5
2.72
3.05
2.92
3.11
3.11
3.06
3.09
3.29
2.87
2.98
3.22
2.78
2.59
2.55
2.58
2.84
2.91
2.7
2.85
2.91
2.8
2.77
2.96
2.95
3.14
3.07
2.8
3.02
2.96
3.19
3.65
3.59
3.37
3.11
2.95
2.97
2.74
3.01
3.07
2.81
2.64
2.59
2.64
3.04
2.9
3.27
3.33
3.42
3.28
3.55
2.94
3.28
3.32
3.53
3.55
3.23
2.84
2.66
2.51
2.36
2.21
2.59
2.51
2.61
2.67
2.87
2.87
2.75
2.88
3.1
3.21
3.24
3.22
3.02
2.98
3.15
3.08
2.94
2.77
2.69
2.84
2.78
2.8
2.8
2.66
2.55
2.64
3
2.68
2.79
3.05
2.93
2.88
3.13
3.04
3.07
2.86
2.76
2.72
2.7
2.79
2.85
2.8
3.14
2.9
2.92
2.97
2.94
3.05
3.12
2.68
2.81
2.6
2.47
2.35
2.48
2.71
2.75
2.67
2.83
2.64
2.81
2.62
2.39
2.52
2.72
2.82
2.78
2.8
2.82
2.38
2.56
2.75
2.79
2.74
2.6
2.53
2.65
2.94
2.83
2.71
2.69
2.97
3.16
3.24
2.82
2.53
2.69
2.52
2.7
3.15
2.94
3.06
2.74
2.89
2.71
2.57
2.71
2.73
2.81
3.01
2.85
2.82
2.72
2.66
3.09
3.26
3.03
3.06
3.14
3.01
2.81
2.67
2.75
2.8
2.83
2.9
2.57
2.62
2.59
2.72
2.82
2.94
2.65
2.65
2.52
2.5
2.74
2.9
3.09
2.73
2.83
2.56
2.33
2.23
2.51
2.52
2.73
2.76
2.99
2.98
2.95
2.72
2.81
2.93
2.9
2.97
2.84
2.85
2.77
3.02
2.84
2.97
2.73
2.7
2.83
2.77
2.96
2.36
2.54
2.54
2.94
3.06
3.01
3.21
2.75
2.52
2.76
2.95
3.14
2.85
2.99
2.9
2.95
2.84
2.82
3.07
3.28
3.31
3.24
2.99
2.91
3.07
2.9
2.69
2.76
2.93
3
2.86
2.98
2.82
2.88
2.95
2.94
2.93
2.88
2.89
2.83
2.75
2.66
3.11
3.31
3.22
3.43
3.61
3.49
3.42
3.25
3.05
3.03
2.9
2.51
2.65
2.7
2.62
2.69
2.72
2.86
2.97
3.06
2.8
2.5
2.62
2.7
2.57
2.86
3.05
2.83
2.62
2.79
2.47
2.62
2.44
2.82
3.08
3.21
3.09
2.86
2.69
2.45
2.46
2.46
2.48
2.61
2.63
2.54
2.44
2.82
2.66
2.59
2.45
2.38
2.4
2.67
2.88
2.87
2.68
2.63
2.81
2.77
2.71
2.65
2.66
2.54
2.35
2.24
2.25
2.15
2.35
2.47
3.02
3.4
3.44
3.28
3.28
3.21
2.87
2.93
2.73
2.86
2.82
3.03
3.05
2.83
2.72
3.07
3.26
3.08
3.19
3.07
3.1
3.07
3.05
2.93
2.89
3.07
3.23
2.94
2.97
2.96
2.9
2.67
2.77
2.92
2.8
2.57
2.63
2.7
2.85
3.14
2.74
2.74
2.55
2.59
2.66
2.58
2.6
2.44
2.86
2.8
2.7
2.9
2.7
2.88
2.96
3.08
3.11
3.21
3.15
2.69
2.65
2.78
2.49
2.69
2.43
2.57
2.66
2.91
2.6
3.01
2.88
3.12
2.82
2.9
2.72
2.6
2.33
2.53
2.4
2.71
2.94
2.89
2.69
2.48
2.47
2.51
2.7
2.63
2.54
2.67
2.7
2.59
2.75
2.54
2.82
2.6
2.97
2.9
2.77
2.92
2.9
2.63
2.71
2.87
2.84
2.99
2.6
2.85
3.07
2.94
2.62
2.34
2.24
2.72
2.73
2.65
2.72
2.56
2.8
2.93
2.75
2.78
2.9
2.77
2.8
2.89
3.17
2.73
2.28
2.29
2.47
2.86
3.27
3.1
2.94
2.95
2.77
2.75
2.65
2.63
2.74
2.55
2.29
2.37
2.65
2.82
2.63
2.56
2.88
2.96
3.07
3.02
3.03
3.21
3.17
2.88
2.96
3.08
2.95
2.76
2.45
2.66
2.82
3.14
3.25
3.23
3.24
3.17
3.07
2.82
2.63
2.95
3.14
3.02
3.08
2.97
2.86
2.62
2.59
2.32
3.09
2.96
3.04
3.04
2.84
2.72
2.83
2.8
2.84
2.83
3.05
2.74
2.88
3.07
2.73
2.94
2.99
3.07
3.01
3.04
2.49
2.35
2.51
2.56
2.48
2.76
2.83
2.79
2.83
3.01
3.13
2.84
2.48
2.52
2.56
2.7
2.71
2.56
2.53
2.4
2.52
2.32
2.38
2.74
3.18
3.29
3.04
2.85
2.83
2.7
2.7
2.74
2.8
2.76
2.92
2.94
2.76
2.77
2.5
2.56
2.91
3.02
3.04
2.66
2.54
2.31
2.56
2.71
2.75
2.7
2.89
2.74
2.71
2.74
2.92
2.9
3
3.08
3.16
2.81
2.6
2.85
2.86
2.69
2.48
2.35
2.57
2.74
2.63
2.62
2.55
2.68
2.57
2.45
2.69
2.52
2.36
2.31
2.68
2.61
2.95
2.74
3.06
2.66
2.58
2.59
2.44
2.5
2.49
2.47
2.13
2.17
2.27
2.21
2.45
2.46
2.9
3
3.05
3.01
2.8
2.47
2.55
2.74
2.59
2.7
2.53
2.8
2.91
2.87
2.8
2.68
2.66
2.73
3.08
3.08
2.91
2.87
2.67
2.58
2.85
2.76
2.42
2.59
2.53
2.72
2.71
2.8
3.12
3.22
3.08
2.97
3.19
2.99
2.8
2.85
2.78
2.78
3.08
3.12
2.9
2.92
3.23
3.25
3.39
3.37
3.22
3.17
2.92
2.89
3.08
3.12
2.93
2.99
3.19
3.3
3.36
3.32
3.11
3
2.91
2.74
2.91
2.74
2.7
2.86
2.8
3.03
3.02
2.99
2.93
3.04
3
2.7
2.83
2.91
2.73
2.63
2.89
2.93
2.42
2.55
2.64
2.72
2.81
2.69
2.75
2.81
2.96
3.05
3.43
3.43
3.23
3.25
2.83
2.86
2.78
2.78
2.55
2.55
2.36
2.28
2.53
2.68
2.69
2.69
2.74
2.64
2.95
3.07
3.08
3.04
2.87
2.94
2.57
2.34
2.38
2.56
2.61
2.36
2.9
2.86
2.91
2.77
2.61
2.6
2.63
2.57
2.53
2.76
2.95
2.78
2.74
2.98
3.17
3.21
3.12
3.11
3.12
3.11
3.1
2.83
3.12
3.07
3.04
3.15
3.31
3.2
3.3
3.07
2.94
2.97
2.88
2.64
2.76
2.93
2.83
2.84
2.99
3.22
2.99
2.72
2.74
3.04
2.98
3.12
3.33
3.42
3.13
2.91
2.9
2.82
2.97
3.16
2.8
2.83
2.76
2.91
2.98
2.79
3.04
3.03
3.02
2.79
2.63
2.61
2.55
2.53
3.02
3.15
3.28
2.97
2.84
2.67
2.52
2.49
2.59
2.6
2.64
3
2.77
2.81
2.92
3.13
3.13
3.06
3.04
3.06
3.08
3.08
2.75
2.59
2.62
2.7
3.09
2.78
2.76
2.88
2.73
2.93
3.48
3.18
3.06
3.19
3.08
2.83
2.98
3.09
2.89
2.88
2.9
3.11
3.02
3.19
3.16
3.16
3.31
3.42
3.46
3.66
3.16
3.22
3.26
3.4
3.39
2.93
2.97
3.14
3.23
3.41
3.23
3.36
3.3
3.41
3.31
2.91
2.86
3.04
3.14
2.88
2.7
2.35
2.3
2.47
2.66
2.94
3.02
2.92
2.48
2.63
2.59
2.53
2.66
2.93
2.69
2.84
2.97
2.88
2.71
2.78
2.95
3.28
3.4
3.33
3.26
3.42
3.18
3.18
3.29
3.32
3.45
3.47
3.29
2.95
3.02
3.1
3.03
3.01
3.11
3.03
2.8
2.86
2.71
2.86
2.87
2.99
2.88
2.7
2.73
2.74
2.83
2.93
3.05
3.15
2.83
3.02
2.92
2.88
2.91
2.87
2.76
2.99
3.17
3.02
3.03
3.02
2.84
2.66
2.59
2.62
2.68
2.96
3.01
2.52
2.58
2.71
2.83
2.86
2.65
2.54
2.98
2.79
2.79
2.84
2.69
2.76
2.95
2.9
3.07
3.05
3.07
3.2
2.86
3.13
3.24
2.92
2.69
2.8
2.72
2.55
2.79
2.75
2.94
2.92
2.55
2.71
2.76
2.91
2.82
2.73
2.84
2.76
2.98
2.93
2.9
2.88
2.91
2.86
3.14
3.05
2.87
2.7
2.6
2.7
3.09
3.01
2.92
2.87
2.93
2.77
2.82
2.94
3.01
2.94
2.95
3.11
2.99
2.8
2.57
2.72
2.89
2.87
3.04
2.98
3.04
3.17
3.25
3.24
3.35
3.03
2.94
2.97
2.98
2.8
3.06
3.11
3.14
2.98
3
3.08
2.8
2.96
2.84
2.76
2.55
2.65
2.86
3.04
2.98
2.93
2.96
2.9
2.83
2.95
2.94
3.13
2.51
2.57
2.43
2.72
3.03
3.19
3.23
2.98
3.22
3.26
3.07
2.91
2.9
2.92
2.79
2.97
3.16
2.92
2.83
2.67
2.9
2.99
2.87
3.01
3.22
3.19
3.24
3.21
3.04
2.99
2.67
2.81
2.78
2.84
2.63
2.68
2.98
3.06
2.99
2.87
3.16
3.21
3.47
3.25
2.98
2.92
2.87
2.61
2.71
2.85
3.1
3.18
3.18
3.08
3.1
2.8
2.88
2.86
2.96
3.22
3.31
2.98
2.98
2.67
2.72
2.67
2.58
2.42
2.29
2.32
2.58
2.7
2.57
2.64
2.97
2.77
3.03
2.9
2.57
2.68
2.7
2.78
2.77
2.6
2.47
2.45
2.87
2.98
3.18
2.85
2.92
2.92
3.04
2.89
2.93
2.65
2.32
2.72
2.79
2.78
2.71
2.59
2.72
2.52
3.23
3.1
2.75
2.82
2.67
2.47
2.38
2.49
2.79
2.87
3.19
3.1
2.93
2.98
2.86
2.94
2.96
3.01
2.88
3.11
2.82
2.86
3.12
3.05
3.39
3.37
3.42
3.56
3.49
3.46
3.35
3.48
3.35
3.38
2.87
2.67
2.77
2.54
2.52
2.69
2.9
2.88
2.89
2.95
2.82
2.88
2.65
2.64
2.73
2.77
2.85
2.98
2.88
2.76
2.73
2.85
2.77
2.85
2.92
2.75
3.16
3.04
3.04
2.82
2.68
3.03
3.13
3.14
3.07
3.01
3.09
2.95
2.87
3.12
3.25
3.17
2.96
3.13
3.03
3.31
3.47
3.15
3.07
2.81
3.11
3.07
3.12
2.92
2.92
3.06
3.06
2.84
2.74
2.97
3.21
3.14
3.33
3.41
3.45
3.31
3.11
3.08
2.94
3.07
3.17
3.4
3.29
3.3
2.9
2.56
2.55
2.33
2.43
2.7
2.8
3.03
2.91
2.97
3.14
3.14
2.59
2.91
3
3.27
3
2.86
2.69
2.81
2.85
2.82
2.85
2.93
2.94
2.91
2.58
2.91
2.63
2.88
2.67
2.54
2.8
2.71
2.78
2.74
3.07
3.22
3.26
2.98
3.08
3.19
2.75
2.81
2.61
2.6
2.78
2.38
2.71
3.02
2.78
2.63
2.81
2.92
3.17
2.99
2.65
2.7
2.73
2.87
2.7
2.82
2.74
2.75
2.88
3.2
2.99
3
2.82
2.7
2.74
2.69
3.09
2.76
2.75
3.25
3.44
3.39
3.2
2.77
2.7
2.43
2.29
2.25
2.08
2.29
2.48
2.51
2.63
2.83
2.85
2.98
2.91
2.86
2.63
2.89
2.87
2.95
2.93
2.87
3.08
2.98
3.06
2.92
2.81
2.33
2.57
2.45
2.78
2.53
2.8
2.75
2.94
2.82
2.7
2.69
2.66
2.77
3.21
3.15
3.23
3.31
3.03
3.22
3.11
2.92
2.96
2.81
2.8
2.82
2.96
2.86
2.91
2.77
2.61
2.77
2.69
2.82
2.61
2.29
2.26
2.67
2.81
2.99
3.32
3.46
3.61
3.25
3.09
3.13
2.88
3.08
2.92
2.96
3.25
3.07
3.19
3.06
2.85
2.75
2.71
2.7
2.87
3
2.84
3.05
2.69
2.9
2.88
2.97
3.09
2.91
2.63
2.85
2.63
2.58
2.55
2.02
2.04
2.17
2.42
2.68
2.46
2.88
2.89
2.84
2.86
2.77
2.71
2.71
2.5
2.62
2.62
2.63
2.64
2.6
2.88
3.11
2.95
2.71
2.36
2.29
2.31
2.5
2.47
2.44
2.43
2.36
2.26
2.1
2.09
2.29
2.71
2.62
2.6
2.63
2.66
2.61
2.58
2.46
2.55
2.61
2.59
2.84
2.88
2.81
3.07
2.72
2.8
2.94
2.86
2.95
3.05
3.11
3.58
3.18
3.29
3.11
2.99
2.92
2.86
2.87
2.86
2.7
2.97
2.89
3.08
3.02
2.91
2.86
3.02
3.14
3.16
3.36
3.35
3.16
3.53
3.34
3.3
2.72
2.85
2.64
2.71
2.77
2.78
2.59
2.73
2.99
2.62
2.59
2.41
2.75
2.79
2.76
3.11
3.34
3.04
3.06
3.17
2.95
3.09
3.01
2.67
2.71
2.92
2.73
2.88
2.6
2.65
2.86
2.88
2.76
2.94
2.97
2.73
2.76
3.16
3.1
3.14
2.96
3.07
3
3.28
3.27
3.37
2.99
2.91
3.08
2.65
2.82
2.76
3.01
2.17
2.54
2.33
2.27
2.22
2.48
2.97
2.91
2.88
2.87
2.83
2.9
2.88
2.68
2.6
2.62
2.85
2.75
2.73
2.62
2.56
2.49
2.67
2.74
2.99
2.74
2.57
2.79
2.44
2.4
2.48
2.72
2.72
2.95
2.81
2.84
2.8
2.69
2.84
2.65
2.86
3.02
2.89
3.01
2.82
2.62
2.61
2.64
2.69
2.84
3.23
3.08
2.86
2.44
2.59
2.55
2.48
2.52
2.48
2.73
3.04
3.01
2.74
2.7
2.8
2.62
2.81
2.77
2.73
2.73
2.66
2.6
2.54
2.56
2.85
2.93
2.75
3.09
3.07
3.09
3.2
3.2
3.25
3.05
2.94
3.11
2.96
3.04
3.11
3.1
3.03
3.08
3.04
2.98
2.82
3.03
3.08
3.03
3.14
3.11
3.08
2.94
3.1
2.66
2.67
2.89
2.87
2.87
2.82
2.71
3.26
3.27
3.05
3.03
2.99
2.84
2.66
2.78
2.69
2.86
2.37
2.65
2.77
2.78
2.67
2.82
3.01
3.06
3.27
3.29
3.39
3.19
3.27
3.14
3.11
3.39
3.03
2.92
2.62
2.5
2.86
2.77
2.78
2.83
2.66
2.72
2.48
2.54
2.56
2.71
3.03
3.21
3.06
2.51
2.58
2.38
2.53
2.34
2.4
2.61
2.77
2.55
2.71
2.74
2.92
2.88
2.77
2.7
2.7
2.52
2.48
2.38
2.56
2.6
2.68
2.7
2.6
2.73
2.72
3
3.03
2.87
2.68
2.7
2.64
2.94
3.11
3.1
3
2.89
2.7
2.72
2.57
2.45
2.5
2.56
2.87
2.71
2.97
3
2.64
2.73
2.51
2.43
2.33
2.28
2.36
2.48
2.51
2.44
2.5
2.47
2.49
2.78
3.04
2.96
2.98
3.12
3.22
2.93
2.79
2.65
2.72
2.84
2.95
2.71
2.95
2.86
2.79
2.83
3.12
2.95
2.9
2.79
2.58
2.67
2.87
2.85
2.7
2.67
2.94
3.01
3
3.02
3.09
3.14
2.75
2.71
2.86
2.89
2.75
2.76
3.01
2.77
2.64
2.88
3
3.02
3.31
3.05
3.27
2.93
2.68
2.82
2.66
2.72
3.09
3.4
3.05
3.04
2.77
2.95
2.81
2.85
2.99
2.96
3.25
3.28
3.53
3.5
2.8
2.86
2.89
2.7
2.74
2.55
2.36
2.25
2.54
2.54
2.83
2.64
2.88
3.09
3.07
3.16
3.26
3.15
3.16
2.84
3.29
2.94
2.91
2.63
2.84
2.79
2.75
2.98
2.81
2.89
3
3.19
3.05
3.13
2.89
2.85
3.03
3.1
3.29
3.32
2.56
2.68
2.64
2.64
2.86
2.65
2.88
2.77
2.62
2.9
2.66
2.62
2.57
2.47
2.55
2.31
2.46
2.34
2.22
2.45
2.67
2.67
2.69
2.8
2.71
3.02
3
2.96
3.05
2.95
2.97
2.88
2.73
2.77
2.64
2.64
2.95
2.92
2.74
2.81
3.42
3.46
3.12
2.93
2.82
2.72
3.09
2.98
2.95
3
2.97
2.9
2.85
2.84
2.86
3.14
3.14
3.25
3.22
3.73
3.2
2.98
2.98
2.79
2.9
3.02
2.94
2.71
2.79
2.85
2.55
2.65
2.91
3
3.12
2.91
3.24
3.47
3.54
3.2
2.34
2.6
2.64
2.84
3.17
3.11
3.29
3.37
3.21
3.06
3.04
3.18
2.72
2.7
2.84
2.76
2.89
2.41
2.29
2.24
3.11
3.25
3.05
3.03
2.91
3.1
2.98
2.85
2.87
3.01
2.77
2.87
3.11
2.98
3.24
3.02
3.15
2.94
2.85
2.86
3.01
2.72
2.76
2.83
2.65
2.33
2.68
2.92
3.08
2.98
2.79
2.86
2.94
3.17
3.07
3.06
3.29
3.29
3.22
3.22
3.15
3.25
2.96
3.02
3.02
3.01
2.88
3
2.72
2.78
2.66
2.73
2.74
3.06
3.21
3.07
3.09
3.21
2.94
3.39
2.91
2.81
2.77
2.77
2.66
2.83
2.81
2.75
2.92
2.91
2.74
2.72
2.94
2.89
2.51
2.69
2.77
2.82
2.68
2.53
2.62
2.97
3.21
3.29
3.32
3.13
2.96
2.93
2.99
2.88
2.94
2.96
3.12
3.05
2.79
2.48
2.33
2.42
2.58
2.47
2.51
2.49
2.35
2.49
2.71
2.64
2.54
2.5
2.6
2.63
2.72
2.71
2.55
2.64
2.37
2.47
2.51
2.48
2.53
2.29
2.28
2.71
2.85
2.87
2.74
2.75
2.46
2.59
2.7
2.83
2.7
2.7
2.65
2.78
2.87
2.78
2.8
2.57
2.58
2.44
3.02
3.02
2.95
2.68
2.76
2.95
2.93
2.83
2.55
2.42
2.47
2.62
2.82
2.94
2.85
2.83
2.97
3.06
3.17
3.12
3.09
3.18
3.06
3
3.02
2.96
2.99
3.09
3.21
3.07
2.98
2.82
2.57
2.54
2.68
2.69
2.45
2.54
2.4
2.79
2.17
2.45
2.51
2.8
2.76
2.69
3.05
2.97
3.03
2.89
2.93
3.02
3
2.9
2.84
2.48
2.43
2.36
2.63
2.24
2.74
2.94
3.15
2.8
3
2.74
2.3
2.24
2.37
2.59
2.76
2.8
2.94
2.87
2.94
3.19
3
2.91
2.65
2.68
2.35
2.42
2.63
3.02
2.67
2.53
2.28
2.24
2.42
2.32
2.18
2.33
2.33
2.6
2.45
2.33
2.52
2.65
2.66
2.55
2.52
2.5
2.67
2.64
2.53
2.79
2.6
2.92
3.3
3.19
3.13
2.96
3
2.88
3.17
2.88
2.45
2.24
2.46
2.59
2.96
2.98
3.03
2.79
2.67
2.82
2.64
2.38
2.53
2.7
2.83
2.93
2.98
3
2.81
2.83
2.9
3.31
3.25
3.15
2.78
3.01
3.24
3.25
3.28
3.18
3.13
3.22
3.35
3.28
3.2
3.16
3.17
2.83
2.69
3.21
2.9
2.85
2.67
2.73
3.49
3.63
3.33
3.32
3.26
3.53
3.45
3.25
3.5
3.19
3.04
3.16
3.17
3.28
2.9
2.54
2.67
2.7
2.9
3.47
3.02
2.98
3.1
3.04
2.61
2.69
2.71
2.71
2.87
2.89
2.97
3.35
2.98
3.04
3.09
3.1
2.76
2.91
2.93
3.1
2.28
2.51
2.71
2.77
3.22
3.3
3.27
3.28
2.81
2.95
3.03
2.96
2.95
2.7
2.28
2.2
2.35
2.48
2.25
1.91
3.14
3
2.86
3.12
2.8
2.78
2.86
2.85
2.83
2.85
2.89
2.78
2.87
2.85
3
2.96
2.61
2.94
3.12
2.98
3.14
3.42
3.09
2.98
2.84
2.75
3.05
2.77
2.84
2.77
2.64
2.59
2.33
2.48
2.46
2.46
2.9
2.87
3.12
3.22
2.76
2.68
2.69
2.91
2.68
2.74
2.83
3.09
3.07
2.83
2.8
2.73
2.86
2.99
2.95
2.93
2.85
2.82
2.57
2.75
2.85
2.88
3.46
3.08
3.05
3.11
3.28
3.39
3.38
2.96
3.06
3.13
3.04
2.83
2.93
2.89
3.11
2.63
2.9
2.7
2.69
2.42
2.76
2.64
2.68
2.85
2.94
2.83
2.85
2.89
2.69
2.47
2.35
2.21
2.24
2.44
2.27
2.54
2.76
2.62
3.13
3.09
2.9
2.86
2.7
2.56
2.89
2.62
3.09
3.33
3.09
2.93
3.07
3.1
3.17
2.91
2.79
2.68
2.98
2.98
3.07
3.03
2.75
2.57
2.83
2.99
3.15
3.14
3.28
3.1
3.27
3.07
3.19
3.07
3.02
3.21
3.16
3.17
2.76
2.71
2.71
2.51
2.6
2.91
2.49
2.47
2.66
2.49
2.46
2.75
2.71
2.97
3.13
3.03
2.98
2.66
2.73
2.76
2.81
2.69
2.75
2.9
2.96
2.73
2.82
3.02
2.98
3.08
2.86
2.8
2.58
2.46
2.78
2.96
2.9
2.53
2.53
2.62
2.53
2.63
3.4
3.14
2.99
2.96
2.44
2.56
2.65
2.78
2.78
2.54
2.66
3.05
2.89
2.66
2.82
2.95
3.1
3.18
3.09
3.23
2.72
2.63
2.41
2.57
2.66
2.71
2.78
2.73
2.63
2.71
2.94
3.12
2.99
2.92
2.97
2.79
2.9
3
3.04
2.85
2.54
2.7
2.48
2.45
2.49
2.2
2.25
2.31
2.26
2.4
2.66
2.41
2.73
2.83
2.72
2.63
2.88
2.73
2.76
2.85
3.42
2.8
2.87
2.68
2.46
2.49
2.55
2.66
2.76
2.89
2.97
3.03
2.77
2.75
2.83
2.82
2.96
3.36
3.65
3.2
2.62
2.43
2.81
2.97
3.12
2.77
2.66
2.47
2.54
2.35
2.24
2.29
2.44
2.63
2.78
3.07
3.2
3.36
3.07
2.86
2.79
2.68
2.6
2.61
2.64
2.6
2.69
2.76
2.65
2.58
2.48
2.49
2.54
2.47
2.57
2.63
2.48
2.62
2.57
2.69
2.72
2.7
2.71
2.88
3.06
2.97
2.75
2.82
2.81
2.96
3.04
2.79
2.71
2.66
2.66
2.63
2.7
2.77
2.78
2.9
3.11
2.91
2.98
2.9
2.85
3.08
2.84
2.68
2.58
2.69
2.74
3.12
3.1
3.14
3.13
3.09
3.18
3.11
2.97
3.26
2.61
2.59
2.78
2.92
2.7
2.87
2.84
2.72
2.61
2.59
2.45
2.4
2.53
2.79
2.78
2.94
2.81
2.61
2.63
2.63
2.67
2.78
2.49
2.33
2.8
2.64
2.42
2.44
2.51
2.53
2.49
2.84
2.8
2.55
2.55
2.84
2.94
2.88
2.86
2.93
3.08
3.12
3.24
3.21
3.09
3.06
2.73
2.82
2.94
2.93
3.18
3.01
2.8
2.93
2.9
2.57
2.78
2.69
2.71
2.95
2.2
2.25
2.35
2.45
2.46
2.33
2.55
2.67
2.7
2.54
2.63
2.64
2.97
2.83
3.06
2.85
2.98
2.7
2.58
2.4
2.85
2.66
2.81
2.84
2.89
3.09
2.87
2.98
2.92
2.7
2.98
2.95
2.76
2.83
3.14
3.41
2.9
2.72
2.6
2.76
2.6
2.53
2.49
2.54
2.55
2.24
2.35
2.23
2.15
2.64
2.74
3.11
2.87
2.66
2.47
2.46
2.52
2.74
2.47
2.4
2.4
2.31
2.47
2.49
2.48
2.51
2.72
2.82
2.89
2.86
2.99
2.86
2.77
2.72
2.51
2.76
2.89
2.91
2.66
2.53
3.16
2.94
2.93
2.99
3.28
3.42
3.13
2.75
2.77
2.31
2.28
2.05
1.83
2.19
2.44
2.76
2.7
2.75
2.92
2.95
2.86
2.76
3.07
3
3.06
2.77
2.85
3.11
3.04
3.2
3.06
3.03
2.79
2.96
2.85
2.66
2.54
2.58
2.82
2.94
2.38
2.65
2.99
3.04
3.09
3.17
3.24
2.92
3.06
2.99
2.78
2.64
2.62
2.77
2.9
2.66
2.48
2.32
2.17
2.21
2.64
2.49
2.48
2.45
2.81
2.85
2.79
2.93
2.86
2.58
2.9
3.14
2.97
2.5
2.79
2.89
2.91
2.99
2.75
2.37
2.72
2.9
2.62
2.62
2.58
2.57
2.45
2.71
2.49
2.45
2.42
2.38
2.6
2.81
2.61
2.7
2.7
2.52
2.9
2.88
2.85
2.73
2.59
2.18
2.22
2.34
2.34
2.47
2.54
2.51
2.6
2.57
2.54
2.76
2.74
3.04
2.85
2.87
2.46
2.3
2.74
2.8
2.92
2.89
2.79
2.67
2.54
2.31
2.38
2.48
2.67
2.57
2.25
2.48
2.45
2.61
2.54
2.7
2.9
2.68
2.77
2.73
2.66
2.77
2.69
2.84
2.84
2.75
2.75
2.76
2.92
2.92
2.83
2.8
2.67
2.79
2.95
2.9
2.93
2.77
2.67
2.52
2.66
2.99
3.02
2.91
2.95
2.94
2.93
2.62
2.72
2.77
2.95
2.91
2.83
2.76
2.69
2.66
2.77
2.61
2.91
2.82
2.83
2.54
2.8
2.62
2.63
2.72
2.82
2.77
2.6
2.77
2.56
2.66
2.73
2.53
2.5
2.64
2.78
2.93
2.75
2.85
2.98
3.1
2.98
2.67
2.59
2.77
2.53
2.82
2.75
2.61
2.54
2.67
2.96
2.95
3.02
3.12
2.74
2.73
2.7
2.49
2.39
2.32
2.57
2.66
2.87
2.79
2.96
2.82
2.69
2.75
2.76
2.75
2.62
2.56
2.5
2.58
2.7
2.48
2.77
2.78
2.85
2.67
2.58
2.65
2.69
2.52
2.87
3.05
2.75
2.94
2.77
2.98
2.62
2.35
2.51
2.6
2.72
2.76
3
3.41
3.12
3.19
2.91
2.98
2.65
2.65
2.58
2.71
3
2.92
3.06
3.15
2.9
2.76
2.96
3.04
3.14
3.21
2.97
2.85
2.65
2.78
2.8
2.65
2.66
2.79
3
2.97
2.84
2.92
2.63
2.68
2.79
2.78
2.73
2.8
2.86
2.98
2.83
2.6
2.78
2.61
2.3
2.24
2.25
2.51
2.41
2.77
2.57
2.62
2.77
2.76
2.66
2.81
2.64
2.77
2.74
2.81
2.67
2.92
2.74
2.73
2.64
2.46
2.71
2.58
2.55
2.57
2.83
2.69
2.57
2.62
2.61
2.78
2.77
2.71
2.62
2.54
2.71
3.05
2.93
2.84
2.84
3.2
3.25
3.13
2.97
3.12
3.17
3.22
3.25
3.22
2.92
3.02
3.08
3.03
2.76
2.83
2.39
2.41
2.46
2.6
2.56
2.71
2.56
2.63
2.55
2.64
2.42
2.74
2.61
2.56
2.34
2.33
2.34
2.34
2.38
2.52
2.77
2.82
3.05
2.91
2.72
2.69
2.63
2.23
2.32
2.43
2.62
2.55
2.54
2.84
2.83
2.81
3.07
3.22
3.21
3.25
2.58
2.65
2.7
2.71
2.56
2.61
2.49
2.7
2.97
2.95
2.98
3.08
2.91
2.7
3
3.06
2.82
2.96
2.62
2.5
2.4
2.42
2.61
2.64
2.54
2.75
2.8
2.67
2.51
2.35
2.14
2.37
2.56
2.78
2.65
2.44
2.41
2.34
2.81
2.53
2.58
2.63
2.82
2.77
2.78
2.59
2.78
2.75
2.88
2.8
2.6
2.53
2.52
2.62
2.68
2.5
2.41
2.28
2.42
2.58
3.06
3.06
2.98
2.7
2.78
2.84
2.76
2.49
2.74
2.79
2.87
2.78
2.71
2.64
2.79
2.61
2.58
2.55
2.77
2.98
2.89
3.01
3.14
3.24
3.35
3.06
3.14
3.45
3.45
3.1
2.86
2.82
2.81
2.71
2.7
2.96
2.69
2.66
2.67
2.68
2.85
2.6
2.58
2.63
2.51
2.44
2.69
2.63
2.72
2.87
3.05
3.21
2.92
2.81
2.85
3.08
2.86
3.27
3.11
2.94
2.48
2.43
2.73
2.69
2.6
2.77
2.53
2.58
2.75
3.09
3.1
3.14
2.99
3.25
3.06
2.71
2.64
2.52
2.63
2.63
2.84
2.87
2.66
2.73
3.07
3.13
3.11
3.45
3.31
2.91
2.93
3.25
3.04
3.02
2.98
2.98
2.98
2.92
2.73
2.89
2.55
2.65
2.6
2.71
2.7
2.99
2.86
2.8
2.57
2.59
2.6
2.35
2.28
2.51
2.59
2.82
3.06
2.92
2.7
2.64
3.23
3.11
3
2.89
2.87
2.67
2.64
2.67
2.83
2.76
2.67
3.03
3.1
3.09
3
3.09
3.15
3.01
3.16
3.25
3.05
2.96
3.11
2.95
3.23
3.18
3.18
3.02
2.89
2.61
2.69
2.9
2.76
2.76
2.56
2.65
2.64
2.79
2.78
2.93
2.67
2.72
2.71
2.83
3.09
3.6
3.51
3.13
3.09
2.88
2.67
2.69
2.79
2.74
2.84
2.47
2.55
2.74
2.65
2.57
2.58
2.34
2.75
2.99
2.91
2.71
2.74
2.89
3.09
3.06
2.82
2.72
2.85
2.76
3.2
3.17
3.11
2.96
2.7
2.72
)
;

boundaryField
{
    xPeriodic_half0
    {
        type            cyclic;
    }
    xPeriodic_half1
    {
        type            cyclic;
    }
    yPeriodic_half0
    {
        type            cyclic;
    }
    yPeriodic_half1
    {
        type            cyclic;
    }
    zPeriodic_half0
    {
        type            cyclic;
    }
    zPeriodic_half1
    {
        type            cyclic;
    }
}


// ************************************************************************* //
