/*--------------------------------*- C++ -*----------------------------------*\
| =========                 |                                                 |
| \\      /  F ield         | OpenFOAM: The Open Source CFD Toolbox           |
|  \\    /   O peration     | Version:  2.4.0-MNF                             |
|   \\  /    A nd           | Web:      www.OpenFOAM.org                      |
|    \\/     M anipulation  |                                                 |
\*---------------------------------------------------------------------------*/
FoamFile
{
    version     2.0;
    format      ascii;
    class       volScalarField;
    location    "0.0009";
    object      dsmcRhoNMean_mixture;
}
// * * * * * * * * * * * * * * * * * * * * * * * * * * * * * * * * * * * * * //

dimensions      [0 -3 0 0 0 0 0];

internalField   nonuniform List<scalar> 
5120
(
13.41
13.12
12.73
12.33
12.73
12.92
12.69
12.67
11.99
11.87
12.41
11.84
11.67
11.89
12.17
12.2
12.4
12.39
12.9
13.66
13.22
13.64
13.63
13.26
13.13
13.04
12.98
13.2
13.18
12.73
12.62
13
13.05
13.1
12.78
12.64
12.25
12.61
12.76
12.56
12.5
12.21
12.2
12.6
12.8
12.88
12.67
12.62
12.96
13.34
13.35
13.53
12.8
12.68
12.86
13.23
12.93
12.85
12.46
12.11
12.63
12.36
12.43
11.47
11.52
11.5
11.79
12.23
12.15
12.11
12.16
12
12.71
13.11
12.83
12.74
12.58
12.46
12.32
11.87
12.14
12.26
11.87
12.22
11.81
12.21
12.32
11.82
12.3
12.48
12.85
12.61
12.84
12.31
11.86
11.58
12
12.14
11.85
12.34
13.28
12.95
13.26
13.39
13.25
12.99
12.33
12.49
12.71
12.39
12.32
12.13
11.84
12.13
12.09
12.64
13.22
13.75
13.73
13.63
12.64
12.9
12.97
12.96
12.95
12.91
12.87
12.63
12.46
12.42
12.5
12.04
12.59
12.18
11.79
11.85
12.38
12.34
12.21
12.2
12.9
13.53
13.52
13.98
13.29
13.43
12.96
12.41
12.1
12.74
12.49
12.33
12.16
12.03
12.63
12.99
13.64
13.74
13.09
12.27
11.96
11.83
11.89
12.1
12.37
12.45
12.04
11.7
12.53
12.19
12.65
12.54
12.31
12.62
12.6
12.46
12.26
12.19
12.59
12.81
12.44
12.83
12.9
12.44
12.33
11.83
12.17
12.41
12.78
12.41
12.89
12.92
13.23
12.79
12.95
13
12.86
12.43
12.64
12.5
12.13
11.79
11.95
12.31
12.18
12.33
12.13
12.29
11.69
11.79
12.18
12.06
12.08
11.92
11.85
12.07
12.35
12.6
12.57
12.46
11.69
11.3
12.01
12.48
11.87
11.56
11.76
11.76
11.48
11.89
11.8
11.99
11.6
12.14
11.72
11.9
11.51
11.91
11.74
11.41
11.51
11.94
12.07
12.35
12.65
12.88
12.95
12.18
12.27
12.43
12.33
11.94
11.95
11.99
12.03
12.22
12.35
11.81
11.72
11.54
12.55
12.69
12.67
12.29
12.22
12.25
12.63
12.55
12.43
12.88
12.42
12.61
13.07
12.71
12.57
12.3
11.95
12.13
11.91
12.41
11.87
12.22
12.78
12.76
13.16
13.38
12.66
12.57
13.01
12.58
12.66
12.82
12.44
12.49
12.31
12.55
12.87
12.42
12.27
12.25
12.21
12.15
12.32
12.46
12.35
12.3
13.07
12.79
12.63
12.05
12.11
12.05
12.26
12.51
12.95
12.92
12.33
11.93
12.13
11.52
13.93
14.04
13.46
13.39
13.44
12.88
12.37
12.24
12.47
12.46
12.2
12.36
12.95
13.12
13.01
12.91
13.08
12.98
12.83
13.29
11.8
12.22
12.7
12.75
12.5
12.45
12.41
12.83
13.27
13.46
12.95
12.97
12.97
13.18
13.48
12.94
13.33
13.56
13.52
12.22
13.28
12.89
12.44
12.27
12.35
12.23
12.23
12.57
12.63
12.01
12.07
12.62
12.44
12.96
12.6
12.45
12.34
12.26
13.17
13.64
11.51
11.37
11.52
11.63
11.45
11.76
11.44
11.56
11.77
11.89
12.22
12.62
12.39
12.35
12.64
12.85
12.41
12.17
12.04
12.05
12.79
12.92
13.26
13.16
13.91
13.94
13.45
13.53
13.2
12.47
12.15
12.4
12.14
11.82
12.33
12.34
12.43
12.45
12.92
13.32
11.82
12.61
12.85
12.61
12.78
12.28
12.69
12.29
11.67
11.41
11.67
11.39
12.35
12.75
12.91
12.05
11.71
11.89
11.83
12.05
13.1
13.34
13.35
12.97
12.84
12.12
12.13
12.84
12.99
13.26
13.33
13.65
13.18
12.77
12.38
12.55
12.37
12.45
12.87
13.02
13.47
13.59
12.97
13.11
13.23
13.5
13.06
12.71
12.7
12.17
12.02
12.35
13.03
13.33
13.65
13.63
14.37
14.12
13.82
13.26
12.74
12.76
12.33
11.82
11.51
11.62
11.91
12.64
12.63
12.17
12.08
12.14
11.56
12.26
11.53
11.77
12.17
12.56
12.76
12.72
11.91
11.84
11.83
12.2
12.63
12.2
11.65
11.38
11.73
12.18
12.46
12.34
12.41
12.38
12.91
12.85
12.88
12.81
12.38
11.64
13.14
13.16
12.54
12.33
12.08
11.92
11.85
12.12
12.37
12.53
12.4
12.15
12.17
11.73
11.83
11.76
12.01
12.14
12.38
12.48
11.9
11.97
12.07
12.11
12.47
13.04
13.14
12.9
12.74
12.22
12.99
13.51
12.78
12.56
12.44
11.99
11.5
11.7
11.8
12.09
12.72
12.45
12.05
12.23
12.72
12.44
12.57
12.39
12.23
12.4
12.91
12.56
13.16
13.06
12.52
12.08
12.28
12.72
13.28
13.24
12.12
11.97
11.95
11.77
11.86
12.11
12
12.34
12.39
11.71
11.55
12.26
11.91
12.21
12.13
12.33
11.92
12.39
12.66
12.16
11.18
11.13
11.23
11.52
11.86
11.84
12.53
12.23
12
12.51
13.03
12.61
12.44
11.96
11.76
11.98
12
11.8
10.96
10.9
12.17
12.02
11.7
11.93
11.87
11.82
11.81
11.78
12.55
12.29
12.36
12.44
12.66
12.24
12.36
12.96
12.93
12.78
12.76
12.31
13.7
13.44
13.07
12.47
11.77
11.72
11.97
12.02
12.54
12.77
13.51
13.33
13.17
13.08
12.85
12.85
14.05
14.14
14.43
14.15
11.89
11.65
11.35
11.38
12.16
13
12.84
13.29
12.94
12.77
12.63
12.54
12.78
12.56
12.77
12.79
12.6
12.41
11.94
12.17
13.17
13.38
13.55
13.26
13.35
12.85
12.82
12.99
13.07
13.11
13.37
12.96
13.1
12.72
12.79
12.35
12.6
13.18
13.19
13.15
12.17
11.6
12.43
12.33
11.73
12.02
11.74
12.06
12.36
12.4
12.21
12.74
12.84
13.04
12.75
13.04
12.98
13.05
11.85
11.85
13.03
12.73
12.91
13.18
13.03
12.64
12.45
12.42
12.28
12.37
12.32
12.27
12.34
12.38
12.21
12.23
12.55
12.84
13.45
13.38
12.7
12.25
12.14
11.83
11.81
12.59
12.81
12.69
13.11
13.54
13.47
13.01
12.47
12.13
12.06
12.18
12.29
12.39
11.95
11.98
13
13.28
13.37
13.14
13.22
13.01
12.52
12.75
13
13.76
14.1
13.59
13.15
12.5
12.71
12.43
12.5
12.67
12.48
13.16
12.69
12.31
12.49
12.82
13.11
13.22
13.34
12.72
12.51
12.63
13.09
12.98
12.53
12.79
12.79
12.35
12.24
12.75
12.69
12.83
12.68
12.57
12.24
12.32
12.33
12.6
12.41
12.7
12.71
12.86
12.97
12.29
12.81
12.39
12.58
12.35
12.25
11.96
12.38
12.24
12.78
12.59
12.99
12.46
12.13
12.29
12.47
13.06
13.03
12.42
11.81
12.32
12.4
12.66
12.58
12.7
12.9
12.68
12.7
12.44
12.71
12.75
12.41
12.46
12.45
12.4
13.17
12.43
12.33
11.6
11.22
11.64
11.52
11.59
12.03
12.1
12.65
12.4
12.49
12.54
12.16
11.7
11.77
11.73
12.01
12.19
12.08
12.35
12.45
12.67
12.2
12.15
12.42
12.59
12.27
12
12.06
12.02
11.63
11.67
12.49
12.81
13.2
12.53
12.54
12.38
11.87
11.54
11.13
11.2
10.78
11.11
11.46
12.39
12.49
12.75
12.42
12.31
12.21
12.16
11.92
11.99
12.33
12.75
12.24
12.05
12.74
12.72
12.81
12.56
12.2
11.93
11.63
11.72
11.62
11.67
12.16
12.03
12.08
11.96
12.39
12.56
12.57
12.62
12.3
12.13
12.41
12.4
12.7
12.33
12.09
12.09
12.26
11.8
12.19
12.18
12.04
12.38
12.62
12.46
13.46
13.35
13.12
13.03
13.4
13.51
13.24
13.18
12.87
12.54
12.09
11.7
11.74
12.23
12.52
11.54
11.11
11.76
12
12.88
12.01
12.13
12.24
12.37
12.42
12.7
12.85
12.5
12.17
12.58
12.78
12.98
12.82
12.58
12.43
13.07
12.27
11.84
11.74
12.13
12.8
12.69
12.75
13.05
13.25
13.48
13.91
13.31
12.55
13.01
12.72
12.64
12.22
12.57
12.47
12.39
12.32
12.3
12.35
12.29
12.34
12.36
13.02
12.45
11.79
11.69
11.3
11.44
12.02
12.46
12.66
12.81
12.61
12.62
12.75
13.13
13.28
12.92
12.87
12.48
12.54
12.83
12.12
12.1
12.68
12.85
13.06
13.16
12.58
13.12
12.68
12.47
12.36
12.45
12.63
12.71
11.96
12.24
12.28
12.3
11.86
12.37
12.27
12.43
12.22
12.37
12.8
13.26
12.84
12.65
12.42
12.42
12.94
12.54
12.71
12.4
11.97
12.47
12.25
12.04
13.47
13.09
13.01
12.87
12.77
12.73
12.86
12.74
13.34
12.58
11.9
12.11
12.21
12.42
12.72
12.57
12.8
13.31
13.71
13.64
12.82
12.81
12.29
12.16
12.23
11.91
11.8
12.24
12.4
12.36
12.65
12.44
12.19
12.3
12.56
13.26
13.04
12.9
12.27
12.57
13.15
12.95
12.7
11.95
11.87
12.21
12.19
12.15
12.71
12.46
12.21
12.27
12.62
12.75
13.62
13.53
13.54
12.6
12.53
13.11
11.88
12.43
12.57
12.98
12.19
12
12.38
12.59
12.33
13.07
12.68
12.88
12.41
11.68
11.2
10.66
10.97
11.54
11.68
11.45
13.6
13.19
12.77
12.72
13.23
13.28
13
12.38
11.73
11.94
12.22
11.93
11.49
11.49
11.65
11.87
12.01
12.71
12.6
13.39
11.85
12.04
12.17
11.95
12.17
12.59
12.1
12.75
13.06
13.45
13.46
13.39
13.5
12.77
12.7
12.59
12.05
12.71
12.79
11.74
12.34
12.51
12.47
12.38
12.31
12.05
12.42
12.78
12.13
12.54
12.76
13.22
12.64
12.36
12.15
11.94
12.12
11.8
11.84
12.22
13
12.59
11.88
11.73
11.72
11.9
12.06
11.55
11.59
11.36
11.58
12.25
12.87
12.67
12.98
12.96
13.24
13.58
12.98
13.33
12.29
13.19
12.91
13.12
13.04
13.02
12.45
12.63
12.67
13.31
12.75
12.7
12.47
11.93
11.45
12.07
12.61
12.42
12.3
12.25
13
12.61
12.86
13.18
13.26
12.51
11.92
12.52
12.92
12.65
12.71
12.95
13.25
13.1
12.85
13.02
13.13
12.79
13.13
13.21
11.48
12.08
12.35
12.65
12.42
12.33
12.24
11.95
12.36
12.62
12.66
12.66
12.73
12.75
13.4
13.12
13.12
12.38
11.81
11.47
12.78
13.25
13.25
12.8
13.03
12.27
12.59
12.97
13.12
13.42
13.82
13.35
12.91
12.75
12.71
12.38
13.43
13.12
13.09
12.66
13.18
13.22
13.34
13.28
12.93
13.56
14.31
13.71
13.53
13.37
12.85
12.53
12.45
12.08
11.91
11.46
11.68
11.94
12.4
12.44
11.95
12.44
12.63
12.66
12.46
12.24
12.51
12.96
12.83
12.9
13.08
12.63
12.48
12.55
13.12
12.73
12.15
12.54
12.74
12.6
12.1
12.55
12.6
12.71
12.91
13.34
13.06
12.72
12.63
13.07
13
12.76
12.83
12.22
11.84
11.72
12.3
11.83
12.42
12.49
11.57
11.7
12.49
12.35
12.41
11.75
11.49
11.34
11.95
12.09
12.2
12.03
12.48
12.57
12.65
12.77
13.07
12.65
12.24
12.22
12.17
12.14
12.27
12.91
12.43
13.42
13.44
13.12
12.26
12.79
12.8
12.83
12.18
12.14
12.08
12.06
12.03
12.04
12.23
11.97
11.68
12.02
12.55
12.23
11.87
11.78
11.99
11.65
11.83
11.72
12.35
12.7
12.91
12.79
12.53
12.13
12.07
11.64
11.68
11.9
12.73
12.32
11.73
12.38
12.52
12.46
12.46
12.26
12.12
12.06
12.18
12.38
12.45
12.26
12.63
12.89
12.57
12.17
12.49
12.77
11.46
11.72
12.03
12.07
12.38
12.47
12.39
12.94
12.18
11.82
11.92
12.13
12.55
12.43
12.57
12.37
12.11
11.94
11.43
11.04
12.16
12.1
12.6
12.71
12.66
13.15
12.85
12.68
12.69
12.38
12.62
12.91
12.4
12.46
12.61
12.59
13.11
12.54
12.22
12.06
11.4
11.57
12.05
11.82
12.42
12.44
12.78
12.04
12.01
12.22
12.28
11.99
11.74
11.97
12.22
12.25
12.25
11.57
11.74
11.81
12.03
11.88
11.64
12.05
12.01
12.26
12.33
12.83
13.16
12.75
12.28
12.43
12.73
12.68
12.77
13
13.06
12.98
12.66
12.29
13.72
13.5
13.01
13.71
13.28
13.71
13.44
13.06
13.32
14.04
14.33
13.97
12.97
13.14
13.15
13.57
13.47
13.16
13.58
13.82
12.2
12.02
11.82
11.8
11.34
11.64
11.91
12.53
13.09
13.24
13.89
13.71
14.14
14.08
13.35
12.85
12.77
12.64
12.76
12.99
11.63
11.46
11.94
12.87
12.78
13.58
13.18
12.51
11.57
11.81
11.88
12.03
11.96
11.59
12.11
12.05
11.79
11.98
11.82
11.48
12.96
12.27
11.94
11.95
12.56
12.43
12.3
12.87
12.84
13.02
12.51
12.1
12.22
12.68
12.7
12.99
12.33
12.82
12.86
13.47
12.6
13.08
13.6
13
13.01
13.28
12.88
12.16
11.56
11.79
12.49
13.04
12.78
13.55
12.99
13.22
13.66
13.67
12.89
12.84
13.38
13.23
13.14
12.78
12.53
12.31
12.99
13.11
13.65
13.06
12.88
13.12
13.64
13.06
13.26
13.73
13.3
13.24
12.77
13.13
13.79
13.87
14.06
13.23
13.34
12.97
13.02
12.85
12.41
11.85
11.78
12.31
12.39
12.75
12.54
12.75
13.02
12.69
12.74
13.18
12.64
13.37
13.33
13.32
13.52
12.81
12.46
12.69
12.32
11.71
12.02
12.1
11.94
11.7
11.76
11.98
12.04
12.29
12.79
13.08
12.02
12.4
12.08
11.99
12.39
12.9
12.97
12.63
12.47
12.17
12.09
12.26
12.66
12.72
12.45
12.19
12.03
11.71
11.38
11.59
13.05
12.5
12.24
12.31
12.07
12.37
12.3
13.1
12.8
12.08
12.02
12.22
12.18
12.47
12.14
12.51
12.13
12.36
12.55
12.8
11.81
12.46
12.69
12.57
12.01
11.98
12.05
12.12
11.95
12.27
11.91
11.95
12.14
11.8
11.52
12.11
12.33
12.2
12.09
12.54
12.93
12.49
12.2
12.27
12.9
12.04
12.17
11.79
11.79
12.58
12.1
12.05
12.35
12.58
12.92
12.51
12.84
13.29
13.21
12.95
12.26
12.3
12.63
12.37
12.24
12.34
12.22
12.31
11.83
11.91
12.19
12.41
12.82
12.76
12.45
12.88
12.91
12.64
12.34
11.91
13.07
12.56
11.83
11.71
11.78
12.06
12.53
12.68
12.65
12.7
12.81
12.35
12.75
12.17
12.34
11.89
11.81
12.65
13.28
13.59
12.65
12.7
12.6
12.32
12.67
12.82
12.79
13.22
13.75
13.53
13.27
13.1
12.76
12.7
12.47
12.16
11.99
11.74
12.4
12.31
13.09
13.45
13.94
13.1
13.27
13.3
12.56
12.92
12.51
12.41
12.58
12.87
12.48
12.63
13.2
11.82
11.89
12.04
12.13
12.79
13.15
13.08
13
13.08
13.68
13.14
13.68
13.8
13.84
13.18
13.13
12.68
12.81
12.79
12.2
12.52
12.66
13.17
13.23
13.34
13.12
13.25
13.29
13.25
13.39
13.03
12.47
12.61
12.08
12.14
12.27
12.65
12.63
13.23
13.64
13.65
14.18
14.11
13.39
12.98
13.41
13.16
12.73
12.83
12.63
12.74
12.4
12.28
12.87
12.71
12.47
11.97
12.09
12.13
12.13
12.61
12.98
13.11
12.6
13.14
12.26
12.51
12.35
12.43
12.37
12.36
12.58
12.81
12.58
12.06
11.97
11.91
12.31
12.05
12.37
11.62
11.46
12.5
12.21
12.32
12.14
11.52
11.64
12.38
12.21
12.45
12.03
11.69
12.56
12.67
12.58
12.74
12.78
12.66
12.55
12.4
12.13
12.12
12.02
12.48
12.82
13.2
13.17
13.41
13.83
13.8
13.02
13.24
12.81
12.93
13.22
13.7
14.01
13.53
13.26
13.28
13.27
13.44
13.24
12.96
13.49
13.02
12.71
13.07
12.77
12.97
13.57
12.79
12.57
12.88
13.22
12.62
12.49
12.82
12.66
12.56
12.53
12.67
12.92
13.64
12.79
12.34
12.09
11.9
11.8
12.13
12.56
12.61
13.41
13.32
13.16
12.78
12.59
12.43
12.38
12.73
13.64
13.8
13.67
13.27
11.57
11.61
11.77
12.09
12.42
12.15
11.76
11.98
11.77
12.12
12.43
13.05
12.29
12.64
12.52
12.43
11.69
11.89
11.28
11.69
12.65
12.19
11.2
11.24
10.97
11.33
11.41
12.19
11.83
12.6
12.48
12.23
12.55
12.23
12.91
12.49
13.48
13.32
12.97
12.75
12.09
11.67
12.1
11.78
12.12
12.54
12.23
12.07
12.2
12.29
11.82
12.08
11.9
13.09
12.92
12.41
12.23
11.94
12.51
12.39
12.56
12.43
12.91
13.55
12.74
12.97
13
12.62
12.25
12.1
12.43
12.35
12.88
12.48
12.66
12.44
12.05
12.12
12.06
12.47
11.8
11.26
11.29
11.78
12.72
13.22
12.69
12.35
12.48
12.33
12.28
12.24
11.93
11.52
11.68
11.77
12.22
12.67
12.46
12.56
12.22
12.29
12.56
13.06
13.11
12.78
12.75
12.84
12.74
12.34
11.87
12.15
12.09
12.16
12.45
12.62
12.8
12.43
12.56
12.07
12.12
12.29
12.03
12.33
12.6
12.68
13.27
12.68
12.4
12.05
12.6
11.95
12.57
12.92
12.55
12.3
12.56
13.05
12.8
12.32
12.32
12.28
12.65
12.72
12.95
13.44
13.47
13.01
12.89
13.2
13.27
13.07
12.53
12.34
12.55
12.59
12.99
12.67
12.4
11.78
11.76
11.59
12.24
12.31
12.82
13.04
13.07
12.94
13.39
13.17
13.18
13.02
13.02
12.91
12.13
12.16
11.9
12.44
11.92
11.81
13.43
14.03
13.59
13.44
13.12
12.17
12.93
12.93
13.1
12.93
13.21
13.06
12.34
12.22
12.55
12.13
11.99
11.99
12.74
13.14
12.48
12.65
13.12
13.06
12.85
12.62
13.04
13.31
12.62
12.62
12.02
12.19
11.99
11.69
11.79
11.31
12.24
12.41
13.21
12.57
12.76
12.19
12.41
11.76
11.95
12.24
11.84
12.11
12.68
12.52
12.23
12.68
12.16
12.2
11.73
11.89
12.64
12.48
12.98
13.27
11.93
11.96
12.69
12.29
12.23
12.37
12.43
12.98
12.77
12.81
12.65
12.24
12.22
12.55
12.8
12.81
12.45
11.96
11.45
11.38
13.11
12.49
11.71
11.65
11.71
11.66
12.47
12.65
13.26
13.27
12.77
13.18
13
12.72
12.55
13.05
13.51
13.61
14.1
13.59
12.51
12.48
12.64
13.27
13.63
12.82
12.02
12.28
11.93
11.79
12.14
12.26
12.01
12.75
13.03
13.43
13.54
13.39
12.97
12.36
13.47
13.84
13.96
13.91
13.35
13.7
13.41
13.3
12.92
12.87
12.56
12.14
11.93
12.87
12.55
12.71
11.65
11.62
12.41
12.96
13.05
12.97
12.97
13.15
12.91
12.9
12.72
12.76
12.76
12.7
13.49
13.79
13.59
13.29
13
12.8
12.85
13.17
12.93
12.86
12.56
13.03
12.9
12.57
13.08
12.88
12.74
12.39
12.6
12.48
12.31
12.39
12.2
12.51
12.24
12.37
12.02
12.14
12.76
12.89
12.67
12.55
12.99
13.29
12.83
12.52
12.65
12.24
12.41
12.73
13.36
13.04
13.15
12.74
12.76
12.55
12.54
13.17
12.64
12.16
12.95
12.5
12.24
11.89
12.41
13.42
13.46
13.21
13.01
12.31
12.11
13.16
13
12.44
12.91
13.19
12.7
13.02
12.5
13.04
12.55
12.84
12.81
12.41
11.92
12.09
12.55
13.15
13.04
12.4
12.44
11.84
12.63
13.25
13.14
12.67
12.47
12.37
12.67
12.21
12.73
12.89
12.63
12.12
12
12.02
11.84
11.92
12.5
12.96
13.37
12.72
12.23
11.84
11.47
11.77
12.1
11.91
12.15
12.44
13.05
12.89
12.68
12.89
12.84
12.79
12.37
12.9
13.16
12.99
12.65
13.08
13.21
13.02
13.54
13.27
13.08
12.95
12.32
13.05
13.98
13.96
13.61
13.68
13.15
12.61
12.69
13.34
12.93
13.27
13.61
14.03
14.01
13.68
14.14
14.36
14.03
14.3
13.66
14.46
13.71
13.78
13.87
14.08
14.12
13.73
13.74
13.48
13.32
13.5
13.79
13.46
13.21
13.43
13.02
12.46
12.72
12.6
13.01
13.35
13.03
12.02
11.88
12.36
11.99
12.55
12.28
12.59
12.46
12.31
12.72
12.83
13.19
13.63
13.16
13.74
13.52
13.45
13.14
12.85
12.43
12.84
13.32
12.77
13.1
13.07
12.77
13.08
13.43
13.1
13.14
12.7
12.39
12.21
13
13.47
12.45
12.56
12.74
12.4
12.47
12.55
12.9
13.71
13.73
13.59
13.36
13.23
12.6
12.83
13.11
12.87
13.45
13.64
12.74
13.02
12.86
13.14
12.66
12.43
12.66
13.3
12.86
13.29
12.95
12.92
12.35
12.45
12.41
12.21
12.31
12.37
13.1
12.05
12.15
12.35
12.64
12.26
12.02
12.02
13.08
12.52
13.03
12.96
13.15
13.17
13.36
12.98
12.78
12.15
12.28
12.18
11.86
11.97
12.52
12.66
12.62
12.84
12.99
13.23
12.31
12.12
11.98
11.45
11.4
11.47
11.59
12.54
12.37
12.17
12.14
12.05
12.73
13.15
13.15
13.03
12.95
12.61
13.08
12.76
12.09
11.73
11.51
11.69
12.32
12.86
13.06
12.44
13.13
12.76
12.21
12.44
13.16
12.82
13.16
13.27
12.88
13.12
12.46
12.91
12.36
12.44
13.27
12.77
13.12
12.84
12.85
12.94
13.56
13.94
13.44
13.23
12.99
12.48
12.73
13.47
13.62
12.82
12.88
12.29
12.87
12.71
12.77
12.41
11.91
12.42
12.16
12.24
12.47
12.54
12.72
12.74
12.82
12.75
12.93
12.73
12.19
12.15
12.18
12.91
12.33
12.31
12.48
12.2
12.47
12.58
12.6
12.55
12.59
12.84
12.41
12.46
13.02
13.56
13.16
12.85
12.5
12.41
12.27
12.2
13.07
12.92
12.74
12.65
12.86
12.6
12.65
12.89
12.92
13.47
13.46
12.64
12.88
12.46
13.29
13.04
13.31
13.12
13.73
13.27
12.83
12.45
12.66
12.8
12.27
12.22
12.32
12.81
12.82
12.74
12.49
12.29
12.61
12.85
12.69
13.65
13.73
13.19
13.41
13.04
12.43
12.33
12.27
11.95
11.36
11.79
12.21
12.17
11.8
11.91
12.48
12.52
12.82
13.06
12.26
11.67
11.79
12.05
12.35
11.92
12.44
11.95
12.86
13.08
13.1
12.54
12.63
12.92
12.99
12.77
12.51
12.1
12.53
12.32
12.06
12.43
12.22
12.58
12.81
12.67
13.52
13.33
13.44
13.36
13.21
13.39
13.11
12.73
12.68
13.47
13.36
12.96
12.84
13.46
13.68
13.95
13.77
13.43
13.47
13.59
12.15
12.44
12.65
12.46
13.14
13.22
13.2
13.81
13.54
13.68
13.56
13.44
13.66
13.5
13.22
13.67
13.62
13.38
12.79
12.42
13.46
13.4
12.91
12.32
12.06
12.29
11.97
11.71
11.49
11.97
12.05
12.11
12.48
12.47
12.39
13.1
13.03
12.86
13.08
13.07
13.56
13.59
13.18
13.26
12.7
12.49
12.49
12.51
11.98
11.83
12.24
12.21
12.2
12.68
12.8
12.13
12.33
12.94
13.22
14.06
13.21
12.94
12.47
12.03
12.27
12.72
13.1
12.23
12.37
13.08
13.5
13.08
12.82
13.03
13.73
13.01
13.32
13.57
13.34
12.83
12.09
12.1
12.72
13
13.26
13.24
12.53
12.2
12.13
11.8
12.01
11.76
11.89
12.13
12.23
12.36
12.42
12.69
13.23
12.94
13.24
13.46
13.13
13.28
12.59
12.48
12.02
12.06
11.58
11.91
12.23
12.21
12.09
12.14
11.74
12.31
11.83
12.17
12.1
12.17
11.7
11.93
11.99
12.63
13.05
12.76
12.58
12.14
12.36
12.41
12.3
12.18
11.96
11.32
11.21
10.68
10.79
11.45
11.6
11.62
12.33
12.83
12.96
12.59
12.35
12.03
12.02
12.32
12.38
12.55
12.87
12.86
12.9
13.21
12.19
11.93
12.39
12.3
12.47
12.24
12.42
12.55
12.86
13.64
13.93
13.94
14.08
13.69
13.4
12.55
11.71
11.84
12.13
12.48
12.52
11.88
11.53
11.37
10.81
11.8
13.43
12.32
12.28
13.03
13.66
13.23
13.26
13.01
13.46
13.02
13.05
13.11
12.75
11.82
12.17
12.43
12.89
12.92
13.15
12.79
11.99
11.94
12.35
12.18
12.17
12.21
12.61
12.39
12.37
12.78
12.63
12.95
12.72
12.59
12.2
12.17
11.98
12.23
12.62
12.41
11.81
12.03
12.36
12.4
11.84
12.03
11.51
11.32
11.12
11.36
11.8
12.23
12.75
13.24
13
12.28
12.27
12.69
11.93
11.89
13.02
12.92
13.19
12.9
13.25
12.77
13.21
12.86
12.94
12.78
13.28
12.89
13.24
12.87
12.6
12.2
11.9
11.95
12.36
12.65
12.12
12.84
13.22
13.38
12.97
12.17
11.43
11.84
12.1
12.42
12.06
12.15
12.39
12.27
12.28
12.65
12.94
12.73
12.62
11.94
12.76
12.22
12.01
12.28
12.12
12.06
11.75
11.46
11.83
11.65
11.92
12.48
11.97
12.43
12.21
12.63
12.54
12.33
12.57
13.28
13.43
13.02
12.83
12.14
12.58
12.7
12.66
12.71
12.24
12.29
11.76
12.29
12.65
12.34
12.72
11.78
12.15
12.55
12.16
12.66
12.01
12.17
13.28
13.21
12.95
12.84
12.98
12.83
12.53
12.54
12.8
12.84
12.5
11.99
12.72
12.01
12.63
12.49
12.48
12.52
13.01
13.13
13.08
13.21
13.85
13.62
13.52
13.07
13.74
13.44
13.25
13.41
12.93
12.7
12.25
12.81
12.41
12.51
12.42
12.74
12.14
12.44
13.03
13.23
12.83
13.11
13.65
13.27
13.1
12.54
12.6
12.8
12.58
12.61
12.88
12.74
12.51
12.69
12.81
12.41
13.1
13.2
12.65
12.4
12.71
12.47
12.25
11.87
11.82
12.03
11.74
12.15
13.05
12.7
12.56
12.84
12.42
12.45
12.43
12.62
10.49
11.18
11.23
11.38
11.82
11.84
12.73
13.18
13.14
13.42
13.27
12.87
12.62
12.05
11.88
11.75
11.93
11.22
11.26
11.15
11.77
11.38
11.58
11.65
12.03
11.93
11.78
12.09
12.27
12.17
12.34
12.6
12.22
12.21
12.31
12.23
12.24
12.08
12.12
11.95
12.54
12.33
12.11
12.29
12.22
11.97
12.16
12.37
11.83
11.98
12.64
12.58
12.5
12.28
12.39
12.74
12.46
12.71
12.62
12.21
12.16
12.64
12.82
12.92
12.17
12.65
13.13
12.81
13.07
12.98
12.69
12.57
12.41
12.42
12.69
13.67
12.82
12.57
12.37
12.45
13
13.03
12.92
12.99
13.43
13.23
12.8
13.07
13.29
13.17
13.16
13.21
13.19
12.68
12.15
12.79
12.72
12.8
12.99
13.09
13.24
13.12
13.19
12.53
11.95
12.72
13
13.15
13.15
13.05
13.54
13.06
12.88
12.98
13.38
12.94
13
13.01
13.1
13.43
11.92
12.64
12.82
12.77
12.14
12.1
12.67
12.63
12.88
13.18
12.92
12.86
12.85
12.88
12.91
13.47
13.42
12.62
12.23
11.86
13.1
13.02
12.95
12.76
12.48
12.95
12.55
12.41
11.38
11.53
12.23
12.41
12.07
11.96
11.99
11.36
11.96
11.61
12.2
12.91
12.39
12.06
12.26
12.38
13.05
13.02
12.78
12.02
12.6
11.78
11.99
12.36
12.39
12.83
12.66
12.54
12.16
12.18
12.08
12.48
12.23
12.67
12.4
12.29
11.79
12.13
13.05
13.42
13.16
12.94
12.5
12.05
11.96
11.8
11.62
11.76
11.87
11.69
12.13
12.17
12.74
12.48
11.8
11.67
12.17
12.8
12.52
12.8
12.57
11.88
11.89
12.06
12.02
12.31
13.03
13.05
12.97
12.57
13.04
12.77
11.8
11.91
11.99
12.72
12.62
11.96
12.07
11.66
11.61
12.11
12.75
12.42
12.74
12.69
12.25
12.34
11.85
12.34
12.37
12
13.3
13.51
12.96
12.56
13.19
13.54
13.42
13.03
13.16
13.09
12.82
12.29
12.24
12.01
11.67
12.4
12.78
13.2
13.01
12.89
12.41
12.3
12.59
12.74
12.42
13.02
13.36
13.77
13.38
13.12
12.28
12.21
12.48
12.51
12.23
12.2
12.76
11.99
12.42
12.71
12.24
12.12
11.49
11.83
11.96
11.76
11.61
11.73
11.61
11.48
12.08
12.09
12.15
12.32
12.2
12.55
13.1
12.99
13.05
12.69
12.86
12.73
12.5
12.48
12.5
12.64
12.71
12.55
12.33
12.33
12.31
12.42
11.87
11.75
11.8
12.25
12.42
12.98
13.49
13.53
12.35
13
13.32
13.1
12.44
12.09
12.61
11.68
12.18
12.2
11.91
12.58
12.33
12.2
12.03
11.92
11.86
11.51
11.28
11.93
12.19
12.35
11.85
12.17
12.11
12.74
12.53
12.92
13.01
12.5
12.73
12.04
12.23
11.92
11.84
11.97
12.39
12.26
12.1
12.25
12.83
13.52
12.71
12.76
12.66
12.58
13.16
12.49
12.74
12.61
12.77
12.55
12.35
12.24
12.39
12.46
12.75
12.65
12.52
12.97
12.95
12.42
12.51
12.59
12.81
12.64
12.39
12.11
11.55
11.14
11.35
12.07
12.71
13.1
13.57
13.16
13.21
13.68
13.81
13.68
12.62
12.45
12.52
12.55
12.58
12.93
13.42
12.91
12.77
12.29
12.42
12.22
11.95
12.58
12.62
12.18
12.47
12.67
12.61
12.5
13.78
14.29
13.93
13.8
13.76
13.52
13.07
12.53
12.81
12.73
13.01
13.23
13.89
13.43
13.45
13.27
13.32
12.91
13.41
13.69
12.17
11.66
11.53
11.85
12.64
11.81
12.38
12.79
13.12
12.7
12.83
12.72
12.88
12.79
12.83
12.87
13.08
12.97
13
12.4
12.44
12.23
12.26
12.16
11.66
11.87
11.54
12.1
12.44
12.94
12.28
12.27
12.27
12.88
12.53
12.55
12.76
12.73
12.14
12.72
11.15
10.95
11.02
11.25
11.76
12.41
12.29
12.59
12.26
12.64
12.06
11.92
11.53
11.65
11.4
11.73
11.91
11.7
11.31
11.16
11.29
12.02
12.34
12.84
12.9
12.08
12.38
12.72
12.67
12.58
12.55
12.6
12.65
12.22
11.99
11.6
11.16
11.3
11.3
11.03
12.57
11.99
12.08
12.27
12.61
11.94
11.64
11.8
11.73
11.97
12.17
12.35
12.41
12.45
11.98
11.83
11.93
12.32
12.56
12.42
12.02
12.61
12.39
12.32
12.12
12.11
11.48
12.28
12.33
12.48
12.51
12.5
12.19
12.2
11.8
12.14
12.41
11.69
12.08
12.23
12.18
11.96
12.49
12.19
12.7
12.94
12.59
12.83
12.6
12.09
11.91
11.67
12.19
12.05
12.53
12.22
12.33
12.49
12.42
12.15
12.88
13.22
13.18
13.08
12.59
12.11
12.29
12.92
12.58
12.54
12.51
12.58
12.35
12.31
12.6
12.13
11.87
12.26
12.39
12.61
11.77
11.48
12.05
12.36
12.6
12.65
12.78
12.71
12.64
12.31
11.98
12.13
12.06
12.43
12.67
12.44
12.34
12.24
12.55
11.84
12.54
12.29
12.09
11.5
11.89
11.32
11.07
10.92
11.3
12.02
12.45
12.06
12.5
12.6
12.72
12.84
12.66
12.3
12.18
12.14
12.37
12.1
12.22
12.58
11.93
11.96
11.94
12.35
12.25
12.09
12.11
11.99
11.86
12.23
12.28
12.12
11.78
12.15
12.3
12.59
12.45
12.15
12.69
12.58
12.74
12.36
12.23
12.64
13.08
12.89
12.93
12.88
12.98
12.9
12.8
12.24
12.2
12.22
12.53
12.34
12.16
12.88
12.94
12.62
12.1
11.82
11.84
11.5
11.62
11.51
11.8
11.59
11.33
11.34
11.4
11.46
11.16
11.63
11.82
12.34
12.92
13.19
12.89
12.51
12.04
12.26
12.28
12.46
13.26
14.01
13.85
13.39
13.34
12.39
11.99
13.01
12.63
12.33
11.89
12.19
13.65
14.25
13.61
14.13
14.08
14.04
13.67
13.73
14.08
13.24
12.88
12.57
12.02
12.19
11.85
11.76
11.77
11.8
12.53
13.39
12.68
12.64
12.92
12.85
12.69
12.67
12.33
12.52
12.71
12.63
12.75
13.42
13.16
12.84
12.84
13.28
12.36
12.57
12.2
12.29
12.07
12.26
12.68
12.55
12.57
12.23
12
11.6
11.21
11.48
11.79
12.04
12.49
12.09
11.72
11.76
12
12.54
12.29
11.59
12.51
12.25
11.68
11.4
11.21
11.23
11.76
11.64
11.88
11.52
12.12
12.08
12.39
12.72
13.08
13.03
12.73
12.64
12.93
12.87
12.4
12.67
12.75
12.97
13.28
12.97
13.25
12.77
12.41
12.27
11.79
11.73
11.49
11.73
11.48
11.58
11.92
11.69
12.01
12.16
12.45
12.27
12.35
11.9
11.05
11.56
12.1
12.23
12.12
11.72
11.78
12.09
12.16
12.36
12.3
12.74
13.06
12.6
11.68
12.16
12.01
11.68
11.9
12.1
12.48
12.93
13.5
13.37
12.75
12.13
11.75
12
12.07
12.1
12.85
12.61
12.77
11.84
12.41
11.97
12.41
12.55
12.36
12.07
12.18
12.24
12.19
11.73
11.87
12.16
12.58
12.43
12.07
11.7
12.08
12.28
12.31
12.62
12.62
11.98
12.43
12.4
12.19
12.19
11.55
11.17
11.84
11.88
12.61
13.03
12.81
12.85
13.11
13.06
12.6
12.55
12.57
12.08
12.89
12.84
13.12
13
12.72
12.29
12.78
12.94
12.74
12.32
12.5
12.43
13.11
13.16
13.48
13.25
13.14
13.61
13.44
13.47
12.49
12.62
12.91
12.89
12.61
12.74
12.02
12.19
12.34
12.53
12.29
12.42
12.37
12.47
12.82
12.63
12.68
12.65
12.07
12.24
12.37
12.74
12.57
13.05
13.03
12.97
13.14
13.14
13.44
13.53
13.22
12.79
12.44
12.58
12.64
12.71
12.07
11.59
11.92
11.73
11.92
12.22
13.87
13.61
13.29
12.91
12.13
12.1
12.54
12.91
12.76
12.44
12.37
12.57
12.19
12.18
12.78
12.9
13.43
12.63
13.14
13.41
12.5
12.33
11.89
12
11.77
12
12.33
11.78
11.32
11.75
12.26
12.56
13.03
12.91
13.06
13.3
13.33
13.19
13.02
12.91
10.64
10.95
10.88
10.58
11.67
11.63
11.56
11.81
11.44
12.17
12.6
12.54
12.64
12.52
12.61
12.33
12.23
11.88
11.78
11.28
12.81
12.14
12.41
12.18
12.16
11.96
12.62
12.34
12.38
12.27
12.21
12.41
12.05
12.02
11.48
11.45
11.45
12.23
12.67
12.44
12.82
12.23
12.58
12.48
12.85
12.62
12.78
12.5
12.39
12.41
12.04
12.17
12.07
12.58
12.77
13.56
14
14.33
14.38
13.64
13.15
12.48
12.45
12.4
12.61
12.55
12.47
11.97
11.84
12.01
12.49
12.22
12.05
11.87
12.04
12
12.04
12.57
12.37
12.65
11.72
11.58
11.7
11.79
12.12
12.62
12.54
12.9
12.43
12
11.5
11.79
11.49
11.36
11.23
11.39
11.94
11.92
12.13
12.52
12.38
12.36
12.33
11.9
11.79
11.94
12.01
11.63
11.64
12.19
11.64
12.37
12.02
12.04
12.47
12.38
12.89
12.75
12.38
12.49
12.32
12.12
12.85
12.7
13.17
13.22
12.92
12.46
12.35
12.32
11.93
11.55
11.86
11.91
12.3
12.57
12.43
11.91
12.31
12.48
12.21
12.25
11.59
11.29
11.37
11.02
11.12
11.95
11.47
12.26
12.26
12.76
12.43
12.38
12.19
12.36
12.09
12.39
12.53
12.54
13.36
13.26
13.46
13.46
13.36
13.39
12.48
12.2
12.4
12.48
12.67
12.16
12.03
11.94
11.89
11.82
11.88
11.96
12.1
13.29
11.37
11.18
11.04
11.72
11.69
11.44
11.81
12.32
12.29
11.87
12.3
12.35
12.15
12.1
12.51
12
12.62
12.56
12.52
12.13
11.72
11.77
11.88
11.29
12.17
12.73
12.5
12.33
12.28
11.77
11.81
12.09
11.99
12.33
12.57
12.66
12.15
11.89
11.36
11.27
12.75
11.59
11.55
11.94
11.83
11.65
12.18
11.83
10.9
11.75
12.53
12.96
12.96
12.43
12.07
11.88
11.88
12.53
12.3
11.94
12.13
11.37
11.45
11.33
11.55
11.91
11.96
12.23
13.13
13.41
13.02
12.2
11.79
12.17
12.18
12.31
12.6
12.82
11.94
12.59
12.67
12.63
13.32
13.99
14.69
14.35
14.22
13.04
12.76
12.37
12.35
12.63
12.29
12.46
12.77
12.94
12.73
13.31
13.12
12.59
13.52
13.11
13.15
13.33
13.4
13.2
13
13.1
13.1
13.21
12.94
12.77
13.03
14.12
14.09
14.03
13.71
13.6
13.25
13.3
12.25
12.57
12.76
12.52
12.81
12.87
13.1
12.73
13.51
13.11
13.03
12.95
12.83
13.04
13.35
12.57
12.55
12.45
12.34
12.38
11.78
11.86
11.98
11.91
12.03
12.16
12.38
12.99
13.41
12.43
12.4
12.41
12.35
11.96
13.11
13.23
13.67
13.03
12.45
11.54
12.3
11.97
12.08
12.25
12.4
12.43
12.05
12.83
12.45
11.95
11.59
11.67
12.38
12.74
11.94
11.31
11.75
11.72
12.09
12.46
12.74
12.61
12.63
11.72
11.96
11.89
11.97
11.93
11.84
12.32
12.7
12.85
12.99
12.87
13.15
13.85
13.27
13.41
12.83
12.21
11.89
12.39
12.46
13.02
12.78
12.54
12.35
12.23
12.21
12.33
12.48
12.32
12.2
12.59
12.23
12.37
12.03
11.72
12.14
11.92
11.87
11.78
12.09
12.18
12.21
12.01
11.9
11.83
12.09
12.21
12.49
12.27
12.45
12.18
12.21
12.61
12.18
11.68
11.78
11.51
12.17
12.12
12.53
12.71
12.85
13.04
12.84
12.61
12.53
12.06
11.79
12.21
12.4
12.28
12.14
11.9
12.02
12.09
12.42
12.24
12.91
12.49
11.99
11.6
11.37
11.54
11.84
12.53
13.25
12.54
12.37
13.1
13.04
13.26
12.82
11.94
12.39
12.63
12.53
13.08
12.47
12.79
13.11
12.94
12.83
12.03
11.63
11.73
11.75
12.32
12.25
12.08
12.07
12.13
12.07
12.23
12.38
12.85
12.09
12.33
12.66
12.62
12.5
12.58
12.79
13.02
13.29
12.77
12.25
12.35
11.93
12.13
12
11.91
11.18
11.4
11.84
12.21
12.82
12.2
12.48
12.21
12.22
11.94
12.3
12.38
12.23
12.19
12.86
13.02
12.54
12.79
12.85
13.53
13.19
12.87
12.55
12.17
12.18
12.46
12.53
13.01
13.39
13.41
12.48
12.15
11.74
11.84
12.04
12.16
12.49
12.8
12.58
12.48
12.43
12.5
12.81
12.88
13.07
12.48
12.67
12.63
12.6
12.77
13.35
13.61
13.02
12.83
13.42
13.32
13.16
12.75
11.87
12.13
12.24
12.39
12.17
12.47
12.58
12.95
12.41
12.06
12.04
12.09
11.87
12.47
12.21
12.37
12.32
12.19
11.72
12.1
12.83
12.99
12.89
12.89
12.77
12.47
12.28
12.44
13.12
13.52
13.18
12.8
12.47
12.05
12.06
12.13
12.17
12.09
12.74
13.03
12.76
12.55
12.75
12.39
12.39
12.19
12.73
12.91
12.9
13.58
13.67
13.58
13.11
13.44
13.36
13.39
12.57
12.73
12.77
12.97
13.04
12.93
12.28
12.67
12.54
13.01
12.85
12.74
12.6
12.27
12.04
11.87
11.72
12.25
12.35
12.42
12.28
12.68
12.74
12.79
12.71
12.11
11.53
12
12.35
12.35
12.71
12.79
13.8
12.97
12.96
12.45
12.32
12.29
12.25
11.42
11.04
11.17
11.76
12.64
12.51
12.71
12.47
12.21
12.8
13.07
13.22
13.32
11.74
11.54
11.74
12.59
12.63
12.32
12.41
12.09
12.58
12.92
13.14
13.21
12.14
11.75
12.05
12.23
11.33
11.22
11.28
11.76
12.1
12.01
12.51
12.68
12.34
12.78
12.85
12.65
12.91
11.91
12.1
12.11
12.04
11.86
11.73
11.58
12.04
11.59
12.21
12.28
11.65
12.34
11.99
11.47
11.79
11.87
12.43
12.55
12.66
13.43
12.39
12.51
12.5
12.97
13.09
12.93
12.73
12.04
11.87
11.74
12.68
12.06
12.22
11.98
12.07
12.65
12.89
12.57
12.58
12.45
13.04
12.81
12.66
12.34
12.62
12.62
12.44
12.65
12.77
12.78
13.02
13.41
12.6
12.87
13.49
13.15
13.14
13.6
13.67
13.73
13.42
13.03
12.54
12.33
12.55
12.61
11.77
11.67
11.59
12.06
12.29
12.54
12.36
12.67
12.28
12.13
12.66
12.57
12.09
12.72
13.05
13.34
13.35
13.23
13.09
13.33
13.15
13.41
13.06
12.78
12.49
11.94
12.26
12.43
12.51
12.65
12.6
12.51
12.28
12.22
12.27
12.7
12.58
13.15
13.08
12.66
12.01
12.18
12.2
12.16
12.09
12.06
12.16
12.42
13.55
13.59
13.5
14.02
13.99
13.76
13.24
13.11
12.6
12.95
13.17
13.06
13.33
12.85
12.24
12.48
12.11
12.58
12.59
12.28
11.83
12.25
11.94
11.97
12.58
12.4
12.43
11.96
11.36
11.24
12.12
12.3
12.52
12.05
12.09
11.9
12.89
13.16
12.95
13.04
12.86
12.56
12.25
12.75
12.99
12.57
12.76
13.35
13.69
13.75
13.12
12.82
12.76
12.88
12.71
12.91
13.15
13
13.06
12.49
12.83
12.9
13.24
13.22
13.03
12.79
12.85
12.59
12.35
12.18
12.09
12.89
12.5
12.79
13
13.25
13.22
13.2
12.91
13.6
14.21
14.4
13.95
13.49
13.37
13.12
12.92
12.9
13
13.12
13
13.04
13.14
12.91
12.96
12.77
11.98
11.97
12.63
13.14
12.7
12.25
11.72
11.91
12.52
12.83
12.8
12.67
12.62
12.52
13.03
12.49
12.77
13.34
12.35
12.25
)
;

boundaryField
{
    xPeriodic_half0
    {
        type            cyclic;
    }
    xPeriodic_half1
    {
        type            cyclic;
    }
    yPeriodic_half0
    {
        type            cyclic;
    }
    yPeriodic_half1
    {
        type            cyclic;
    }
    zPeriodic_half0
    {
        type            cyclic;
    }
    zPeriodic_half1
    {
        type            cyclic;
    }
}


// ************************************************************************* //
