/*--------------------------------*- C++ -*----------------------------------*\
| =========                 |                                                 |
| \\      /  F ield         | OpenFOAM: The Open Source CFD Toolbox           |
|  \\    /   O peration     | Version:  2.4.0-MNF                             |
|   \\  /    A nd           | Web:      www.OpenFOAM.org                      |
|    \\/     M anipulation  |                                                 |
\*---------------------------------------------------------------------------*/
FoamFile
{
    version     2.0;
    format      ascii;
    class       volScalarField;
    location    "0.0009";
    object      Ma_O2;
}
// * * * * * * * * * * * * * * * * * * * * * * * * * * * * * * * * * * * * * //

dimensions      [0 0 0 0 0 0 0];

internalField   nonuniform List<scalar> 
5120
(
5.790590387
5.791836174
5.762246842
5.573303724
5.800174868
5.939410285
5.950245715
6.063497527
6.399733162
6.486632956
6.093437271
5.816570575
6.224076197
6.41500459
6.556796863
6.255455548
6.117000327
6.224935952
6.175230359
5.968258042
6.321371311
6.396197552
6.248320602
6.058822324
6.031681915
6.366755796
6.503536356
6.522951117
6.363120951
6.405527948
6.056465782
6.068223227
5.696903698
5.985408691
6.206488928
5.797030061
6.087715695
6.026507184
5.678187221
6.047772944
5.759463026
5.840882763
5.910855408
6.039544302
6.223383123
5.952260621
5.843517274
5.921084145
5.859713047
5.681712791
5.825127173
5.649952732
5.805190794
6.152499681
5.936866108
5.772048233
6.052134268
6.155755014
6.122453782
6.14983568
6.005404265
5.832202816
5.492989465
5.530631075
5.672426678
5.675181126
5.763224554
5.678321613
5.460553473
5.410325825
5.419919273
5.588891845
5.498368332
5.395645765
5.629297588
5.707215966
5.763120504
6.090652449
6.247071772
5.940989142
6.014411086
6.212517667
6.692734743
6.390994868
6.596416242
6.08711378
5.956317733
5.703802529
5.556985546
5.745209072
5.824446893
5.850027581
6.134703908
6.195254858
6.649818183
6.094444513
5.955346039
5.521851642
5.675492128
5.71838656
6.194015023
6.474783183
6.105605932
6.040901248
5.859626416
5.874701702
6.223797143
6.3487715
6.149114314
5.791147551
5.688036414
5.921784883
5.93546584
6.021294671
6.133020773
5.879226874
5.842760508
5.768628486
5.815144014
6.108172157
5.509944228
5.625447132
5.576273441
5.84343827
6.071472332
6.060826447
5.944328769
5.986658571
5.773550271
5.783581625
5.693604589
5.606312953
5.753533909
5.840125488
6.093885644
6.135370554
5.86394889
5.926936023
5.919745256
5.473699563
6.15338015
5.847974001
5.901970856
5.737730745
5.441680801
5.645421481
6.014011396
6.249986809
6.128339375
5.926367619
5.974396219
6.181550422
5.950514814
5.969862932
5.967003685
5.829993262
5.704325484
5.593889292
5.628021922
6.241998927
5.641978033
5.819219018
5.89233554
6.106879495
6.13127877
5.960634284
5.694914052
5.799046434
5.97491091
5.898427297
5.745205913
5.597101326
5.558386136
5.566842359
5.630323212
5.831353353
5.652562399
5.563908086
5.864452138
5.81111484
5.672158886
5.797931249
5.783441556
6.129714284
6.190915502
6.190304239
6.313220253
6.381354175
6.075167112
6.053320824
6.134704948
5.672969794
5.719882966
6.018826295
6.154644676
6.077106642
6.019947465
6.006154296
6.202665467
5.937124187
5.823828225
5.65504563
5.785138857
5.925581906
6.05340278
5.918387224
5.791135951
5.851023097
6.009851349
5.649029189
5.801355669
6.036151469
6.20735063
6.164541258
6.002638163
5.844928271
5.949182729
6.050036055
6.040599078
6.098726364
5.851234835
5.847571721
5.855634168
5.840473245
5.61280837
5.761205256
5.882733673
5.730587976
5.676006666
5.817470135
6.123294335
6.073319574
6.007947141
5.92261783
5.636382693
5.573931161
5.6521825
5.35314982
5.632720401
5.982316462
6.155523555
5.780137538
5.532804362
5.708933711
5.646648598
5.557783791
5.6359789
5.779920626
5.891778622
5.980267241
6.039308657
6.478088687
6.493533927
6.412650311
6.284183255
5.946399489
5.940555744
6.041923178
5.920872658
6.257004556
6.03015878
5.830866048
5.625940114
5.53503139
5.543769307
5.668640691
6.005961457
6.107580499
6.446398647
6.514776083
6.174982382
6.386822562
6.461579735
6.080117073
5.977444076
5.861445644
5.604818382
5.565570789
5.937803277
6.103912596
5.786777842
6.021653982
6.123753592
5.994912147
6.112286474
6.340922672
6.215821331
5.814985238
5.76173325
5.598386064
5.665542533
5.661567408
5.615068674
5.845459261
5.96293988
5.687165192
5.537279404
5.926671741
5.985208654
5.586633726
6.190277309
6.24798063
5.961666683
5.636174643
5.629847986
5.58932923
6.017617121
5.959707044
5.848370378
5.729546976
5.769398205
5.890825996
5.818535585
5.554699691
5.679274986
5.942317091
6.414176644
6.19938151
6.178925265
6.206215168
5.582016701
5.603687896
6.023693036
6.407085602
6.374682106
6.278394998
6.316479842
6.374526384
6.083705676
5.922678119
5.82228504
6.007428001
5.788088399
5.657682026
5.741275224
5.724504821
5.798816863
5.873967478
6.199151044
5.778917536
6.178833023
5.990210873
5.879054832
6.228597713
6.544551471
6.409583883
6.301946675
6.2206459
6.165583132
6.395262823
6.390815445
6.328541477
6.197786822
6.018462858
5.836792375
5.739400927
5.535610959
5.63506889
5.8757059
6.121418549
5.818484483
6.015904865
6.157087709
5.840642181
5.58148568
5.820018137
6.265865404
6.19318088
6.220125355
5.800177223
5.728697554
5.958998188
5.866775587
5.784931751
5.811888812
5.776915044
5.691291904
5.8584099
5.724667442
5.757949695
5.923513452
6.018706623
5.958064846
5.724078353
6.092372682
6.132234727
5.615953572
5.620702702
6.12769127
6.159139196
6.051081873
6.047653691
5.998733045
6.014091851
5.849642654
5.599601551
5.752568269
5.830138035
5.63064611
5.793136301
6.200225734
6.017167823
5.872369824
5.784045241
5.840007179
6.102975886
6.313036163
6.497337426
6.427016004
6.245791142
6.302645543
6.057492206
6.135108505
6.352581885
5.891745199
6.142626387
5.630339047
5.892363674
5.946795886
6.163634005
5.748604408
5.731655915
5.736542513
5.714639677
5.782628196
5.827258995
5.887440464
5.729670452
6.013799913
6.009144307
6.217160355
6.023563366
5.573444868
5.569999499
5.69294619
5.861345256
6.154256274
5.865454308
5.748917191
5.676428366
5.686235625
5.499474913
5.551981972
5.695555652
6.344647881
6.197482925
5.823462082
5.827318876
5.786818426
5.881050492
5.643182411
5.890548388
6.015888507
5.831942082
5.820917217
5.459355471
5.63071196
5.784283868
5.768295247
5.718090523
6.065886091
6.417392541
6.330791525
5.996277847
5.527966886
5.745679675
5.848820458
5.778799174
5.977710795
5.904494662
5.846426078
5.731732277
5.761485632
6.182335474
6.273904878
6.360335063
6.063108104
6.202838207
6.15519537
6.143140993
5.877129756
5.810623993
5.764511652
6.072923987
6.218191413
6.069393047
6.264023087
5.666769893
5.567584676
5.491972203
5.327745088
5.802715834
5.716103731
5.391508167
5.747688351
5.78060586
5.769868359
5.653732563
5.353664215
5.47663756
6.127916163
6.335045077
6.323520905
5.955126769
5.986319825
5.736639217
5.694404177
5.74430435
5.734547167
5.48988263
5.613037405
5.547854941
5.687222714
5.496765941
5.578640112
5.4653128
5.322698409
5.419143979
5.504987341
5.984233923
6.039542213
6.20326829
6.119295136
5.834300519
5.752306084
5.72749298
5.505282859
5.777638099
6.141644612
6.156592927
5.958017055
5.861711996
5.48796565
5.546094943
6.09879454
6.363755575
6.230641321
6.035658812
5.967149115
5.988300767
5.950429275
5.95370757
6.439096312
6.348326774
6.253560693
6.188058361
6.115354123
6.085629587
5.791201015
5.668907498
5.999185605
5.899141699
5.868453668
5.930318362
5.819945353
5.625821412
5.806539602
5.980451053
6.063128908
5.982181708
5.713110175
6.246457839
5.922095556
5.771596735
5.962572197
6.043472037
6.04616815
6.299656642
6.298765467
6.12132045
5.680265035
6.116163208
6.350133689
6.322447506
6.516049092
6.674779453
6.523139936
6.459135607
6.259603521
5.985599112
5.450805684
5.592989293
5.513388053
5.664434356
5.654420894
5.431799193
5.397874351
5.332715873
5.611488381
5.818630939
6.031175775
5.8866907
5.722095893
5.75114916
5.549046744
5.823999343
6.12727263
6.096321203
5.74626459
5.64987395
6.001125918
5.741764512
6.028981267
6.169885608
6.124030557
5.934531199
6.004599081
5.922016233
5.885153197
5.552292986
5.582776582
5.650878814
5.770553169
5.845902259
6.508437715
6.1734065
6.170231714
6.018612325
6.242287719
6.364343314
6.471095685
6.218743117
5.777403932
5.919927455
5.656567796
5.742259994
5.705881707
5.743806122
5.775307027
6.272163629
6.194730415
6.014238092
5.947085691
6.423581963
6.066800972
6.280965873
6.418328704
6.79371366
6.754076079
6.345720053
5.96352138
5.818008821
6.02819874
6.068618657
5.952130934
6.100496927
6.002295807
5.661541979
5.645251922
6.016062815
6.197911226
6.185960635
6.155611995
6.357047161
6.369854602
6.480493944
5.969388659
6.261781615
6.013391414
6.160397873
5.82914215
5.953720245
5.78330165
5.952289449
5.899531162
6.014311424
5.840107982
5.565770846
5.627351644
5.639975309
5.690274246
5.729603841
5.929671312
5.91412458
6.05765247
5.887309272
5.860827444
5.727000819
6.036659438
5.918463882
6.152625826
6.142556464
6.063298275
5.862087846
6.043392623
5.970397327
6.092649152
6.493411623
6.405260271
6.355849882
6.233256867
6.021752131
6.187197411
6.024597241
6.126985699
6.215543189
6.255077715
5.903717203
5.958879342
5.959049209
6.179129932
5.945677288
5.733797625
5.872127116
5.97870023
5.893598973
6.515290374
6.571781266
6.333228026
6.212738215
6.460165512
6.393858647
6.197128271
6.302392493
6.240555293
5.942535362
5.627150841
6.036118927
5.996964652
6.128030992
5.862831572
5.887632724
6.094106164
6.136449545
5.819531881
6.311189685
6.15809183
6.100739449
6.797529126
6.697291413
6.19175766
6.032599278
6.246044853
6.234786507
6.081151813
6.075483801
6.20387925
6.014416022
5.77969934
5.847939774
6.018678255
6.057058293
5.904095327
5.901234611
6.087581535
5.966788872
5.928979992
5.904557948
5.679224473
5.941225524
5.762380257
5.974242222
5.968975033
5.813158855
6.1459797
6.318556352
6.474581986
6.601174187
6.329569808
6.137557782
6.029545415
6.097880441
6.346852515
6.130704464
6.055555011
6.194770025
6.057081777
5.759735984
5.769788446
5.816108509
6.032327608
5.961740396
6.012696506
6.059490529
5.844550118
6.077818883
6.258098199
6.362073449
6.138313358
5.844517581
6.041407813
6.025194372
5.772285754
6.173069914
6.138954344
6.074583423
5.903210545
5.899526826
5.700652256
5.816214435
5.552211677
5.749250563
5.811915708
5.917984021
6.195007359
5.951638917
5.761447499
5.698580104
5.77648712
5.961428624
5.7789307
6.220914559
6.35785376
6.387578728
6.064305106
6.227158709
6.592473393
6.640925509
6.275317459
6.321472442
6.459408183
6.124769821
6.230411117
6.19903271
6.139758622
5.840853957
5.762083878
5.801824474
6.100051073
5.759754254
6.163269374
6.141182973
5.957196322
6.055690063
6.177161632
6.134742387
6.010401919
6.037216303
6.237054463
6.261654316
6.270004591
6.063307872
5.964716752
5.622340892
5.558758709
5.78869011
5.702933057
5.798142089
5.968121665
6.004415005
5.994298513
5.989515286
6.087599177
6.345412682
6.451840365
6.264954266
6.085340645
5.973089333
6.104151208
6.084092385
6.07843062
6.082816197
6.250818878
6.278477127
6.106441068
6.061696065
6.096540052
6.075996201
6.113422053
6.333250627
5.692365332
5.64651469
5.489146411
5.785984921
5.541175376
5.742016296
5.897110277
5.854500074
5.823966597
5.900251362
5.775669063
5.841032358
5.869354868
5.823095472
6.00276467
5.895502561
6.081608259
6.329571894
5.840080918
5.692133624
6.059537493
5.982036832
5.630726147
5.724251666
5.861935023
5.818527521
5.842495619
6.063585415
5.99783216
5.719110503
5.886169196
5.904654564
6.10529776
6.357958136
5.831633341
5.903912498
5.741574588
5.787191437
5.746884014
6.097826743
6.20445685
5.671396245
5.766660237
5.789773358
5.888795149
5.920562085
5.77458632
5.717546698
6.019519334
6.165959564
6.125415997
6.062114323
5.787819459
5.84466654
6.161814427
6.188029085
5.821629521
5.70527406
6.095638244
6.005829125
5.763266037
5.838511274
5.86246032
5.758461881
5.858703058
5.840408348
6.01313811
6.036452997
5.779034315
5.713869262
5.605692636
5.518789726
5.69831918
5.852005145
5.704366341
5.90630634
6.010510177
6.149580193
5.750482225
5.48699409
6.108889775
6.070421434
5.946417098
6.103338769
5.948367212
6.126748397
6.061177685
6.070734221
5.917229213
5.511154969
5.420598291
5.76030652
5.963691045
5.894549057
5.710225546
5.611472236
5.614053554
5.379767082
5.70311379
5.909872589
5.69642984
5.861179147
5.969910195
5.758078762
5.66644551
5.722814542
6.070661204
6.146353141
6.164050764
5.763032821
5.507774179
5.675209753
6.179318111
6.155027524
6.337534703
6.197516462
6.080333947
5.913349517
5.666474934
5.802749728
5.866399487
5.932370449
6.068441821
5.805158485
5.89408744
6.017816937
5.743992801
5.598482601
5.576447989
5.662801886
5.770760066
5.85396447
5.788725754
5.958604693
5.953040502
6.193902885
6.263990956
6.304882606
6.303355594
6.036393766
5.443244184
5.667984705
5.544612548
5.740346109
5.863686669
5.937399931
6.08973935
6.157577325
6.058309426
6.147301603
6.065910345
5.820765262
5.661928843
5.935054141
5.959848692
5.767944465
5.938900667
5.832576988
5.578086167
5.572794658
6.071811055
6.054189577
6.363144573
5.638147019
5.527658964
5.902439407
5.881874823
5.83594303
5.706742309
5.937130819
5.948306565
6.135345434
6.047032769
5.902610374
5.692968328
5.726673999
5.832744962
5.822425008
6.177021809
6.035420051
5.669709251
5.839797502
6.059028047
6.212274345
6.337984767
5.941722387
5.836368721
5.68142774
5.552576719
5.779514837
5.72711516
5.743922683
5.668859624
5.781124355
5.828457611
6.195339564
6.003504272
6.067243349
5.740426781
5.611865543
5.948207936
5.97045588
6.005371468
6.224825656
5.690417883
5.660217694
5.348700394
5.315635178
5.341944732
5.312487093
5.461061473
5.508715015
5.570791192
5.816455997
5.854691217
5.697227238
5.723040953
5.700564719
6.094090866
5.93051954
5.717548634
5.788109908
5.699951778
5.706383785
6.016651532
5.901885001
6.136950337
6.085712798
5.832992317
5.505123602
5.563181943
5.637912208
6.139397421
5.994068364
5.916769027
5.976977445
5.621113574
5.552187062
5.666234337
5.822639455
5.749380665
5.759967981
6.113498155
6.059009113
5.843063181
5.586833292
5.68922956
5.748373521
6.013792261
5.890935731
5.920194073
5.63483609
5.465303217
5.682429173
5.522442631
5.79619113
5.741890184
5.910360388
5.606645326
5.532901696
6.094315476
6.077543296
5.972700202
5.766216435
5.836385632
5.699817965
5.686863336
5.765204483
6.078683196
6.038183558
5.983655778
5.930321021
5.838530363
5.545500282
5.613324567
5.690121954
5.632249122
5.690025578
5.74788054
6.08074639
5.691309551
5.815464135
6.017656513
5.878627756
5.561941231
5.750269188
5.911361793
6.030737234
6.19767832
6.110935136
6.124494114
6.069036949
5.791189356
5.880928279
5.915848351
5.937940742
5.88776404
5.770680603
5.676950506
5.642266415
6.245399042
6.084560265
6.134961762
6.168639178
6.426660757
6.483735521
6.357107431
6.154513377
5.931972369
5.808803928
5.880721387
5.765936468
5.783551133
5.854307842
6.163154689
5.898850296
5.879519948
5.915720945
5.925630281
6.032528059
5.898230918
6.117030236
6.225164475
6.397339001
6.637454511
6.648812255
6.26597181
6.086433155
6.055546026
6.339853928
6.354206324
6.274849994
6.092469652
5.984125157
6.157725446
6.213343951
6.301573631
6.255058574
6.57999484
6.119826974
5.7758654
5.696302244
5.981600311
6.138769781
5.895106073
5.875139151
5.796501189
5.779282986
6.045966647
6.520395726
6.226264012
6.20769931
6.073575379
5.740966417
5.783968087
5.660804415
5.84610812
5.823813613
5.546216456
5.503999068
5.805073656
5.513647822
5.493826164
5.688819335
5.885126977
5.797646902
5.619751037
5.83112753
5.495242874
5.640550269
6.039956287
5.969556641
6.193729122
6.550683354
6.593898538
6.463067404
6.114074797
5.852661611
6.149369319
6.158773689
5.611025754
5.707472261
5.979411424
5.997783702
5.695505097
5.900988158
5.963043226
6.011083411
6.045569856
6.018968312
6.099996723
6.109464006
6.096734127
6.086619445
6.045773901
5.900967418
5.907644
6.192266921
5.983302341
5.875131597
6.125631389
6.062813084
6.050399548
5.775178558
5.796433642
5.586705827
5.562485353
5.412281436
5.675369801
6.038883605
5.948906919
5.887358026
5.639287135
5.864241237
5.850108924
6.03955925
5.908529372
5.910409268
5.859589843
6.048136337
5.831291155
5.979263591
5.711814839
5.946017891
5.871848049
5.982654745
6.000902563
5.893985498
5.882000668
6.13146066
6.207125355
5.970243697
5.971971898
6.277836262
6.38739447
5.911656311
5.731869212
5.937061976
5.862659289
5.695889167
5.969631108
5.639621423
5.787463744
5.792068579
6.118847209
6.017074744
6.103804339
6.071717839
5.994265831
6.078208508
6.140878149
5.874933891
5.501334538
5.606749414
5.574941651
5.748204557
5.864798952
5.488955637
5.312585487
5.854120236
5.830134529
5.775835754
5.785092039
5.824223324
5.691559561
5.891793379
5.65706257
5.81149985
6.128446853
6.218296645
6.025333993
5.993692146
6.080178947
5.846632218
5.968381003
6.15203832
6.143100267
6.093940604
5.802427294
5.670268453
5.616736762
5.92028375
5.995245637
6.057109857
5.944203881
5.796956961
5.960565974
5.872605194
5.797185737
5.701753791
5.690042136
5.732900353
5.660965624
5.810444972
5.61135677
5.741276065
5.952398307
5.966872055
5.763431967
5.691233826
5.735217305
5.611895571
5.521086108
5.501901466
5.793924519
5.933433399
6.105769975
6.062828017
6.030442474
6.363876789
6.393681451
6.559091267
6.364252212
6.231139816
5.73343267
5.522047022
5.403849596
5.779260642
5.840188666
5.829435554
5.881122259
5.609067284
5.760813364
5.778504288
5.681360134
5.954348872
5.995366796
5.854725923
6.034969656
5.679587339
5.846646748
5.937907057
5.767170697
5.715781874
5.837877149
6.258323463
6.073347595
6.072878239
5.87863107
5.975582395
6.591459701
6.493437559
6.18907773
5.891504361
5.753923338
5.857101616
5.833456248
5.699156785
5.614404409
5.915638894
5.75639126
5.710082341
5.841394362
6.106030967
6.177268224
5.796658927
5.925441162
5.940935656
6.135345644
6.177267344
5.628977276
5.671914048
5.660906572
5.742287283
5.863479013
5.836896901
5.861245064
5.713276181
5.702688482
5.772831883
5.957823937
5.881173262
5.872797215
5.596657746
5.64100104
6.166828737
6.130136896
6.082708287
5.94134776
5.842782021
6.218987754
5.964167304
6.108190203
6.01217507
6.136243862
6.166344523
6.032408683
6.026606825
5.896637771
5.917186278
5.748322969
5.914198557
6.218807348
5.944354769
5.895480369
6.111045143
6.211096451
6.043293647
6.254168969
6.470602148
6.570127944
6.169368292
5.911576383
5.78442199
6.125949186
6.421750656
6.279192032
6.199986732
6.203393844
6.376939806
6.192876705
5.89235293
6.003991586
6.100130251
6.175859268
5.923692657
6.026467443
6.396336742
6.445250961
6.54493532
6.015904022
6.096154512
6.408351578
6.292770649
5.828565425
6.215698148
6.288795094
6.517285918
6.438050674
6.274635972
5.670434398
5.984110958
6.181019335
6.189956268
6.083430643
5.904657794
5.784593112
5.947664978
6.363313102
6.153737546
6.027632663
5.851507091
5.892082443
5.66709422
5.440787405
5.899016091
6.33274548
6.396389419
6.270444471
5.746804142
5.954450683
5.705870113
5.822036377
5.833621184
6.192824744
6.047456405
6.022049862
5.909951144
5.659177187
5.657849254
5.948756417
5.964745726
5.899096992
6.030647364
6.024729325
6.046788594
5.829624894
5.968243006
5.729902154
5.731225923
5.630794028
5.685604939
5.476459767
5.800260358
5.787785868
5.903412142
5.545000633
5.457779368
5.586061578
5.869115944
5.369125402
5.612909365
5.56380582
5.638111799
5.927822107
5.699861384
5.734784535
6.01873126
5.953141108
5.979312311
6.070441019
5.934073684
6.060084481
6.289213724
6.3047375
5.954238526
6.181509961
6.090787085
5.954023484
5.494198079
6.043564034
5.902519166
6.071671883
5.671333203
5.501829924
6.127391656
6.395011988
6.598942535
6.450402869
5.892490624
6.010910439
6.025525914
5.938965729
5.62321497
5.393719373
5.4728939
5.682531112
5.738499808
5.615367784
5.703056476
5.717641868
5.776609577
5.48501916
5.661807336
5.810285148
5.908233453
5.772926799
5.671252155
5.676157787
5.663826693
5.718940101
5.788609662
5.655443579
5.550207932
5.841474144
5.889356995
6.120287905
6.191774794
6.055711948
5.792266138
5.769927899
5.86046354
5.986094703
6.070564084
5.691349109
5.745153266
6.035122103
6.037580349
6.170105442
6.10377962
6.059008456
6.000990341
5.860637939
5.6076606
5.702564928
5.579426516
5.538443049
5.732842584
5.662948782
5.534979461
5.620226663
5.829962454
6.065626518
5.875341854
5.832363839
5.838023124
5.961516874
6.252715226
6.52962971
6.263662397
6.120100341
6.06721537
6.072086954
5.879035494
5.800352253
5.59379272
5.706152058
5.633564828
5.812210699
5.854539746
5.661352554
5.860872753
5.613791473
5.54502445
5.626564221
5.56602655
5.843048938
5.787356652
5.777222092
5.91571081
5.976966382
5.831402314
5.634991432
6.120248179
6.243008845
6.137566345
5.938167405
5.986510379
5.894261585
5.769042846
6.224753049
5.95362392
6.15144835
6.036086304
5.647493062
5.861986567
5.744240962
6.246975247
6.521831451
6.742082853
6.152421186
5.875882715
6.038078116
5.764228762
5.897716653
6.056801807
6.181914183
6.207794191
6.429651697
6.087531356
5.917427667
5.794179219
5.64727701
5.63624668
5.515579058
5.819838483
5.970155598
5.925090974
6.150860712
6.108281532
6.193469907
5.915873073
5.909247869
5.931679378
6.201776436
6.17220514
5.850725287
5.688456955
5.901188735
6.127781739
5.819664008
5.877494758
6.103910515
5.949260571
5.81257061
5.842789483
5.801850381
5.927403153
6.013459944
6.007151441
5.805845367
5.80650372
5.77710512
5.718614135
5.950931701
5.940124685
6.042217852
6.141224119
6.052777452
5.795035947
5.989114973
6.108263928
6.181968421
6.081823088
6.11963618
5.832530868
6.049476395
6.235507296
5.857511167
5.791899376
5.874232295
6.018964637
6.017330603
6.031682476
5.89072918
5.581412285
5.467257129
5.69404557
6.101587708
5.977916749
6.018617844
6.048064567
5.881619418
5.719460281
5.855451595
6.021443454
6.052533342
6.081216684
6.009595217
5.843386634
5.764442498
5.704217764
5.869788549
5.579637431
5.560129719
5.479782222
5.714946977
5.788228185
5.651123917
5.862545466
5.944799748
5.894323269
5.819129073
5.751222076
5.749832653
6.053067896
5.809967071
5.748174494
5.915796691
5.804421758
5.645526305
5.89893907
6.000952767
6.324152949
6.435916381
5.765116612
5.837853059
6.036782941
5.718235451
5.906322244
5.552611959
5.979805826
6.046949002
6.033670695
5.768914718
6.047796983
5.94958111
6.425021682
6.099098151
6.13287818
6.350165269
6.283284435
6.248272864
6.191920852
6.026653904
5.999872744
5.685877952
5.28155383
5.493420234
5.546265645
6.133864138
5.857637811
5.909799506
6.193560111
6.391875639
6.154214412
5.831227383
5.753756407
6.435827127
6.43007028
6.272059481
6.335468268
6.071156169
5.795709625
5.665564092
5.738745134
6.209980344
6.394531218
6.244272663
6.600267583
5.571256338
5.666093073
5.764311985
6.187980451
6.245435365
5.932879266
5.982750559
6.186206332
6.14855622
6.044937254
5.976130903
5.936240388
5.819609666
5.881814496
5.765907428
6.216540621
6.28266829
5.959958901
5.718681339
5.681302962
6.084096842
6.176417788
6.039487579
5.778601402
5.757945971
5.744628481
5.909989662
5.746597608
5.632370707
5.813569153
5.971705474
6.057370751
5.927936092
5.962813983
5.922890368
5.964633237
5.579833722
5.901568072
5.90138818
5.681778352
6.933583812
6.534716514
6.150701547
5.93709296
6.082703945
6.313761762
6.07577594
5.879735209
6.097280406
6.032684086
5.783854952
5.953142873
6.200094888
6.031172409
6.000102727
6.049914218
6.126114054
6.190625086
6.609644787
6.683877598
5.585123925
5.804579237
5.990364959
5.962820597
5.985816973
5.542115542
5.894464853
5.769804986
5.928630906
6.033991866
5.914432084
5.646743793
5.469671463
5.446140161
5.503536369
5.699329972
5.718775428
5.619921656
5.660599435
5.501541639
5.639031265
5.551946908
5.907891108
5.922018923
5.807280521
5.663799861
5.685686314
5.805441674
5.897248347
5.921504096
5.79476553
5.665889865
5.362234606
5.605074028
5.59196142
5.419089367
5.252672565
5.276269079
5.45444535
5.490984731
5.969886348
5.726414036
5.690429596
5.260245389
5.680970904
5.379616418
5.519789632
5.486204142
5.457645325
5.701121011
5.521471523
5.854395838
6.058392869
6.109805109
5.978631797
6.085929738
5.701101727
5.515899649
5.41046542
5.85900566
5.966330479
5.752258015
5.654547829
5.734525121
5.53880591
5.736398238
5.975020521
6.015971981
5.963601027
5.930393897
5.687617952
5.709584612
5.880779844
6.089438211
6.009808648
5.741514854
5.725741793
5.946597715
6.051432503
5.762345417
5.688557763
5.718173884
5.541005402
5.777204538
5.717401979
5.700894964
5.528644001
5.70536431
5.777053683
5.860504091
5.808129619
5.898495687
6.038655618
6.277752017
6.24014078
6.344528127
5.951690434
5.877027643
5.868449673
5.775888619
5.678152081
5.800544249
6.117878056
6.298502906
6.058681891
6.174047427
6.133551646
6.497250835
6.177656748
5.930837416
5.9723844
6.094816285
6.199265873
6.072749228
6.044612601
5.898427325
5.769245714
5.466261686
5.548882963
5.972537686
5.739181166
5.780149493
5.976869406
5.878190285
5.889158301
5.762406713
5.87922012
5.822237025
5.977187226
5.852319907
5.822290932
5.893309755
5.663754824
5.770218124
5.52456528
5.661781544
5.699687984
5.779227226
5.874380945
5.576310738
5.762209214
5.794454212
5.724920906
5.909427967
5.988485749
5.790573545
5.928161294
6.13527152
6.004741796
5.914816453
6.005503688
6.201488974
6.109355079
6.412160591
6.211813279
6.198131283
6.340896446
6.087528333
6.050424623
6.026620103
6.001246637
6.077846814
6.249141256
6.395085444
6.133337346
6.187368986
6.307941524
6.084304467
6.020083044
6.173995022
6.222321868
6.103585775
5.846364922
5.72732208
5.740696105
5.758401842
5.627056153
5.83230104
5.651622293
5.822429677
5.895695617
6.061737232
5.991473081
5.991482896
5.858500274
5.854437774
5.616710628
5.759112781
5.957846975
6.317634781
6.436384511
5.97657878
5.845517999
5.683328444
5.710314092
5.683366343
5.72648363
5.749386598
6.237136618
6.279277578
6.093792544
6.253060614
6.000762494
6.322061508
6.334021418
6.236976026
6.353462224
6.378085089
6.371667428
6.181134069
6.379262103
6.068826957
5.985332916
5.853050863
6.053298312
6.316503967
6.07579333
5.865400318
5.902009968
5.818814086
5.779001533
5.683914458
5.689303617
5.788117179
5.83400365
5.650312649
6.176647631
5.981410191
5.853474024
5.701856917
5.657615265
5.761487876
5.663365642
5.947155587
6.159416018
5.927329847
6.091185834
6.366711935
5.918190434
5.857778337
6.526984541
6.447110789
5.989026532
5.938126032
5.954226914
5.996151406
5.990157807
5.981535209
5.677874332
5.882581744
5.947205959
6.006192095
6.258391012
6.027434773
6.070741867
6.166290729
6.11955623
6.175621679
6.30304038
6.137278006
5.512421045
5.790142267
5.922427957
5.880167732
5.878018932
6.400671015
6.358531165
6.256136784
6.169105929
6.150022299
5.89891854
5.777938041
6.008983665
6.000315022
5.926646757
6.108649338
6.103217241
6.057444595
5.972609548
5.648764406
5.862338099
6.08423183
6.008150649
6.112669995
5.777749304
5.731169432
5.829321127
6.09227007
5.966936505
5.992186314
6.128885933
6.171747637
6.179550014
5.879462805
5.693007272
5.514421314
5.51277528
5.670267101
5.809106899
5.751866199
6.018605029
5.720325446
5.746560089
5.959865622
6.004627367
6.095801275
5.752764138
5.644479434
5.567135532
5.580594589
5.863480526
6.09689312
6.253596425
6.235122295
6.248877658
6.122995234
5.866657524
5.757830946
5.703136522
5.959789493
5.47681012
5.483813507
5.523813014
5.421130619
5.512539018
5.505692688
5.528180608
5.74651538
5.552046564
5.509291353
5.674940543
5.425137277
5.344250548
5.685911929
5.665417409
5.759715958
5.828545476
5.807546612
5.306617086
5.496427108
5.651356441
5.481500753
5.443683097
5.556828615
5.386663643
5.418221215
5.526224677
5.162382614
4.907679404
4.874227708
5.398483231
5.552536759
5.540247571
5.428900156
5.730282258
5.714999132
5.625378233
5.767743451
5.834552321
5.665816898
5.831341091
5.808351315
5.67580558
5.518587383
5.877938269
5.854456244
5.868567835
5.685486252
5.745679937
6.058293136
6.25176981
5.971075914
6.214363424
6.007671836
5.865113517
5.845330555
5.983375874
5.742228135
5.981952512
6.042556139
5.61254111
5.720538852
5.790804127
6.027564692
5.917321276
5.913729306
6.114912702
5.786493551
5.531125714
5.599668866
5.657454967
5.637367017
5.431125141
5.308477412
5.481439765
5.839852952
5.949236512
6.099747344
5.464816189
5.646690094
5.763870033
5.443267697
5.554273577
5.632832619
5.779569389
5.828646628
5.648864629
5.715817321
5.918698277
6.255270567
5.984629944
5.966860967
5.787154036
5.960663298
6.011185589
5.848310524
6.115840185
5.974285433
5.936765749
5.830058543
5.706356346
6.238398051
6.073093932
5.716080398
5.828154476
5.986868223
5.911846835
5.753004296
5.519704947
5.559995168
6.024628847
6.150917822
5.825220519
5.618761494
5.618937989
5.599886067
5.872633464
6.022427757
5.691005992
5.489619149
5.965559266
5.864522133
5.589456124
5.753051992
6.219666239
6.298696482
5.97406668
5.888939432
6.02364866
5.965308816
5.601617217
5.734809281
5.959823507
5.968905189
6.08511494
6.339351571
6.094161967
5.86080663
5.758507399
6.162078087
5.580628179
5.86567883
6.056472824
6.265821661
6.270711301
5.962066119
6.309078047
6.052945656
6.167255247
6.054879025
6.192191003
6.131853068
5.92800066
5.965292723
6.00820008
6.488695872
6.212446638
6.115625685
5.923279756
5.742762278
6.071459212
5.991172416
6.117117224
6.221928918
6.400383232
6.547938579
6.478880061
6.279315841
6.201714057
5.952994066
6.040095917
6.237848867
6.241321297
6.09300192
6.293657258
6.17525816
6.157115278
6.19557849
6.127140836
6.100752308
5.938449031
6.01037378
6.070149761
5.904267933
5.690024774
5.884063329
5.825958112
6.088969735
6.305242293
6.240528955
5.842849585
5.931917995
6.214535783
6.242286404
5.784087521
5.764701215
6.017680569
5.762046481
5.617060323
5.591237792
6.37580597
6.048063063
6.117665415
5.956057554
6.324843682
6.085904048
6.132268744
5.908064108
6.006652717
6.348576336
6.21853145
6.181754936
6.084430376
6.147819353
5.98703859
5.738919854
5.922895001
6.054805954
6.338066623
6.614831235
5.986001946
5.929574977
6.067575081
6.269810094
6.384650105
6.158014842
5.983937001
6.079672594
6.208924345
5.894589867
6.001715207
6.021195888
6.118842577
5.857677213
5.759848971
5.896728275
6.155358613
6.007550391
6.092293654
6.033086331
6.204594027
6.356715791
6.560292292
6.346064107
5.956988274
5.802138383
5.726140291
5.609912143
5.734848101
5.679061653
6.409722232
6.174850657
5.860905345
5.987731519
6.241067469
6.397681002
6.142346742
5.937525802
6.014241352
6.247653108
6.409839717
6.468609556
6.469174324
6.152583123
6.233664766
6.307891495
6.299448872
5.947318923
6.516581884
6.247684896
5.913059804
5.861916776
6.365294103
6.523902392
6.755165391
6.622818669
6.418715312
6.306567161
6.430946689
6.259376301
6.067990783
5.452648527
5.623519344
5.730630546
5.978449349
6.099512765
6.219538001
6.306622726
6.282664065
6.100119592
6.37645598
6.391395906
5.826471476
5.593386696
5.801994651
5.814248627
5.867029013
6.200856136
6.19149985
6.361990268
5.972219431
6.088957072
6.055607028
5.678293575
5.471420581
5.56421592
5.680639712
5.527331981
5.863761146
5.936551033
6.155068855
6.285673979
5.93917808
5.945122464
5.961664143
5.978418832
6.213696255
6.317102352
6.169187601
5.982052944
5.978518314
5.559881208
5.634705672
5.545782714
5.593931197
5.37884481
5.717657229
6.098581797
6.17718264
5.776325152
5.463119137
5.630453237
5.732411049
5.805730703
5.76025136
5.85350909
5.732173347
5.549471189
5.736890416
5.782210234
5.694174452
5.923942337
5.973012882
5.866782506
5.884534482
5.86234351
5.547150459
5.748035964
5.613856919
5.568795386
5.432233795
5.645982744
5.678741684
5.770533421
5.757725232
6.000212474
6.036027564
6.046903909
5.711353152
5.706112781
5.484393196
5.233701436
5.396128994
5.716461721
5.82654919
5.766337992
5.861030751
5.908132299
6.240471567
5.939470734
5.644718265
5.717395467
5.672349071
5.836309025
5.714475128
5.468272274
5.65153059
5.766373905
5.909739006
5.841129388
5.502845432
5.89737934
6.025626097
5.755890226
5.878110932
5.666456317
5.926977831
5.940658852
5.986694045
5.877316112
5.732289415
5.738236054
5.814679151
5.963082322
5.753895933
5.730044028
5.789567378
5.640104511
5.663675103
5.39372738
6.168797838
6.348695452
6.093267228
5.996965674
5.830720095
5.773994355
5.704060652
5.890324166
5.804648227
5.789060376
5.927202415
5.844690819
5.807066152
5.546469986
5.826479401
5.666737847
5.816181205
5.868338921
5.85878644
5.785353163
5.998840036
5.779701334
5.830209806
5.754479999
5.896455284
5.867302629
5.749343058
5.624975137
5.577875366
5.776454081
5.586486593
5.50006891
5.756711314
6.04037309
5.846726874
5.681160642
5.750742466
5.724765603
6.059911041
5.977865858
6.224153717
6.157219534
6.040494455
5.905713763
5.596577679
5.386948961
5.733838749
5.718126177
5.632858152
5.880512154
5.938924419
5.682036372
5.730691871
5.791619941
5.913357023
6.060827383
5.743463551
5.878865094
6.210662407
6.174808605
6.007963171
5.986123827
6.050376356
6.476450157
6.593136485
6.184684044
6.23631381
5.989795683
5.875539168
6.302917335
6.226740288
6.14739281
6.399510732
6.174238925
6.256973974
5.804816926
6.063877141
6.123111101
5.810751683
5.733256506
6.213676088
6.243898509
6.172973112
6.05341521
6.097160394
6.11891418
6.010065668
6.27922066
6.30222404
6.543663522
6.254728261
5.99800318
6.123957039
6.213053907
6.020180805
6.029026592
5.919755444
5.940582138
6.102542489
6.290779556
6.035091909
6.177014911
5.838586665
5.742639454
5.684624028
5.814899344
5.796038005
5.940914559
5.88149965
5.697314078
5.55684139
5.696657523
5.864149677
5.727756451
5.937240206
6.15574583
6.18573698
6.248226151
6.12832979
6.062176541
6.066273761
6.116263792
6.323179697
6.366490158
6.153547223
6.251383378
6.140381358
5.890311339
5.667608804
5.928988426
6.058222811
6.009203687
6.179994449
6.142681166
6.045152919
5.878562634
5.975635151
6.214026367
6.348698331
6.045527998
6.154531636
6.163220477
6.484503472
6.814438174
6.540122706
6.359860404
6.138160041
6.019621094
5.991885216
5.896097827
5.914671872
5.891406813
5.631699821
5.761401039
6.121097124
6.034672182
5.839513523
5.916554246
5.635743108
6.058214131
5.73989179
5.908709257
5.797597249
5.794976039
6.001633488
6.019176486
6.320823766
6.267789736
5.853011971
5.761846594
5.880717652
6.071207903
6.14303917
5.879784029
5.916504581
5.702285882
5.865129286
5.894363042
5.903784491
5.669483833
6.014302783
5.856681508
5.735056777
5.807348876
5.629967852
5.50311902
5.61431664
5.809066181
5.9839134
6.074655258
5.722684903
5.857976506
6.282724195
6.310199131
6.018719343
5.98485196
6.096295338
5.992196507
6.14349852
6.266651962
5.760880952
5.976730934
5.858478672
5.78383959
6.004335483
5.986939332
6.178249572
6.155280277
5.916570277
6.079248887
6.041736872
5.932660037
5.682991915
5.776203768
6.0302401
5.820709024
5.666184537
5.811688974
6.097629411
6.027285205
6.699514888
6.302148378
6.22440496
6.020044444
5.680278372
5.754476497
5.485309768
5.726584694
5.812070104
5.814859636
5.819920513
5.812471139
6.038851552
6.100794896
6.0946658
5.877349415
6.253642364
6.074844916
6.302296563
6.496803678
6.292273084
6.260669001
6.068187403
6.073943598
5.94740114
5.90562176
5.64552036
5.63165097
5.858098883
5.818908054
5.953539586
6.138612191
6.181588834
6.053542032
6.024316635
5.730110648
5.912771135
5.900247053
5.884516488
5.946665163
5.963164602
6.194769468
5.954758258
6.083190234
6.016593209
6.132191691
5.983778134
6.020116654
5.817685369
5.965478115
5.903311465
5.898109272
5.782976763
5.775453184
5.885360214
6.345086435
5.920945152
6.079070812
6.095661215
5.947232184
5.990707372
6.324207297
6.242212255
6.010471419
5.840618918
5.726517989
5.74442185
5.759804768
5.682966615
5.413113665
5.249999599
5.57723401
5.717754552
5.512002627
5.492079876
5.754881812
5.662084099
5.711755647
5.734743118
5.946003786
5.946451318
5.755660937
5.796400517
6.13935307
6.062677541
6.131827181
5.977322498
5.833181567
5.632078772
5.556754461
5.996279007
5.730504033
5.945058273
5.53621481
5.70662161
5.424148867
5.297204318
5.70789241
5.749338015
5.847874739
6.024632133
6.02315128
6.188112736
6.476117329
6.160899461
6.19486772
6.110672765
5.915679587
5.721867026
5.855304071
6.294441113
5.974525974
5.821912761
6.188203204
6.345559727
6.579631765
6.240402372
5.624921278
5.841580991
6.297476006
6.231823816
5.953157377
5.844264871
6.178817404
6.524189743
6.071764289
5.79502434
6.007751732
6.056485309
6.099386862
5.97050014
6.128191063
6.142859746
6.088389745
6.120842743
6.072939547
6.022976606
6.156607192
5.892532894
5.937477095
5.897607402
5.749897305
6.00432701
5.719673968
5.463118797
5.398099708
5.354965958
5.462379856
5.337271878
5.156347352
5.594391813
5.869458468
5.988464551
6.119427136
6.394895253
6.298826501
6.548781442
6.264567064
6.136510243
5.917332103
6.146388133
5.814861261
5.926958252
5.909617958
5.819389826
5.869382345
5.768374775
5.580453699
5.694364802
5.662597781
5.599867272
5.735718582
5.95108658
5.975244055
6.225632555
6.424100725
6.330553968
6.414324844
6.231511892
6.246654592
6.119928611
5.792108625
5.740770014
5.825341018
5.906429749
6.082294488
6.100184721
5.904428595
5.747865744
5.684555185
5.867426614
6.116869455
6.097537775
5.960626909
6.344939503
6.274591575
6.189030713
6.244397035
6.251268403
5.966669439
5.825956367
5.889416984
5.82866126
6.105264826
6.020541368
5.846917744
5.792031397
5.939653873
5.876684064
5.854460833
5.845696386
5.730597157
5.64400972
5.794788533
5.799404884
5.991729075
6.255325124
6.285163696
6.017383096
5.827222565
6.206841764
6.068058381
6.198624768
6.105194063
5.843455962
6.062796214
6.107263014
6.325593039
6.446969293
6.400793829
6.027675677
5.961036437
6.237334941
5.90917359
6.340857521
6.110793306
6.141502082
6.0862901
6.265600734
6.322466068
6.091579205
5.997874739
5.683153407
5.504877768
6.020980161
6.454593997
6.439854579
6.414334782
6.292826149
6.297511396
6.127820957
6.350513844
6.185083293
6.165601129
6.001649849
6.106781308
5.913933512
5.873137791
6.104351953
6.150971331
5.929989898
6.029368318
5.934965908
6.134078842
5.932801875
5.914711574
5.820254565
6.002779123
6.078427137
5.71039544
5.634860943
5.852424797
5.848020069
5.696606338
6.108453149
6.205301422
5.929742779
5.864961124
5.81060072
5.679445463
6.088191562
6.205740866
6.230469564
6.209766879
5.928356001
5.878235796
5.798997492
5.86062191
5.413183245
5.568131236
5.588135761
5.606874971
5.634899639
5.666034556
5.606918506
5.894353178
6.203285136
5.891218878
5.888229141
5.957526785
6.059470621
5.842685635
5.788066225
5.975863977
5.696631303
5.644102845
5.623897448
5.547436541
5.662829941
5.796121705
5.682173917
5.535276441
5.747695928
5.925751984
6.028297203
6.04462681
6.070141122
6.10471017
5.790140254
5.837443215
5.488623511
5.665766316
5.81620115
6.006723997
6.020314977
5.995439347
6.015402299
6.198148751
5.903660055
5.96929465
6.339776662
6.322521366
6.160084962
6.111497471
6.047165272
6.128791699
6.304575356
6.244246753
6.193945139
5.726687245
6.158497977
6.288907671
6.012232161
5.773740345
6.014910405
6.182342382
6.059768976
5.821143757
5.697417491
5.696215954
5.655876249
5.601842886
5.85274817
5.814893659
6.025414686
6.06803188
6.34307588
5.839062876
5.903688884
6.116404378
6.11298011
6.080367679
6.338560073
5.953791756
5.800741023
5.853380604
5.863173136
5.738117163
5.72199705
5.769504463
5.669164399
5.956151696
6.090253207
6.000400348
6.142751358
5.982723567
6.403381364
6.249552341
6.292052311
6.107736381
6.019136905
5.782680439
6.210497797
6.100949806
6.290276656
5.910142179
5.837159575
5.668125268
5.724052972
6.01120055
6.195973018
5.94863031
5.863286763
5.97236394
5.950845601
5.732178026
5.562227177
5.666666216
5.560873599
5.671584292
5.794720125
5.627000514
5.39857132
5.611653274
5.463128712
5.643566744
5.679735607
5.596795009
5.868425164
5.632174668
5.386124771
5.380076339
5.491265747
5.639305207
5.624821817
5.903051129
6.186026605
6.065523026
5.784370235
5.682540603
5.918371823
6.189715142
5.948610784
5.655878171
5.865198487
5.953727137
5.739695066
6.070998834
6.303588751
6.146848023
5.817408529
5.812668101
5.834812753
6.023199293
6.069449733
6.118892726
6.167606105
6.375410242
6.319508166
6.10781185
5.377836899
5.310131928
5.653781493
5.704809906
5.628049588
6.092164463
6.182307797
5.780744758
5.821947337
5.734625131
5.636737078
5.856397364
5.944344724
5.837803256
5.801159573
5.895541521
5.995569299
6.103448953
6.068933937
5.852005266
5.934689857
5.711494089
5.611509537
5.516533197
5.667439304
5.40474142
5.555752311
5.599546873
5.615594417
5.901419271
5.801044651
5.739025535
6.192602817
6.115308417
6.364514081
6.134806753
5.808808698
5.677861454
5.905677583
5.96825416
6.020845843
6.303891069
6.220610174
5.789222429
5.696560031
5.739574965
5.939254178
5.895164083
6.279642109
5.984874271
5.853969946
6.004845172
6.097216736
5.764054551
5.711997993
5.919163947
6.133635677
6.165911203
6.007620249
6.12309773
6.337174074
6.291197127
6.038239469
5.988595976
5.986258699
5.784282051
5.878068827
5.830269897
5.726505692
6.113966392
6.214113163
6.195745887
5.836248189
5.880656603
5.962915169
5.80251571
5.821106524
5.569107826
5.948588275
6.102139568
5.73359684
6.179361546
6.311227499
6.169863316
6.175842981
6.344719942
6.078427728
5.968076005
6.111587904
5.960168547
5.881005387
5.958880624
5.931062858
5.995295665
6.344893293
6.194080292
5.928260261
6.420394104
6.301207434
5.842529908
6.071234846
5.9715518
5.951339221
5.887371055
5.851584256
5.948476987
6.169814076
6.075144508
6.151451648
6.29303332
6.040279352
5.796045466
6.048654551
6.072798595
5.842577066
5.955570479
6.165139789
5.920105624
5.722221083
5.860927648
5.873844908
5.967400471
5.903047679
6.029586111
5.990212229
5.942651572
5.909395528
5.911778661
5.881085086
5.779356225
5.874445278
6.133758066
5.948478729
5.716838787
5.928390071
5.946546932
5.793947091
5.865518052
5.984129407
5.95343166
6.507965661
6.153966019
6.440446971
6.375570737
6.047451186
5.90223189
5.937241057
5.81789854
5.737018546
5.74355004
5.729246467
5.767481935
5.967870457
6.141745864
5.948981797
6.137887239
6.200597183
6.216367873
6.064865848
6.022008702
5.75528601
5.969364589
6.009947238
5.943678
6.125804316
6.31908373
6.006289286
5.928348564
5.969436732
5.884967928
6.16403205
5.855580096
5.948924639
6.003072554
5.717938402
5.584073969
5.747033051
5.745741496
5.630661915
5.909130287
5.757883101
5.639831666
5.748941754
5.752458469
5.599419039
5.761282075
5.792068109
5.920664911
5.886315112
5.959272987
6.03402213
5.994231227
5.862496888
5.84406355
5.829667348
5.946320577
5.792120883
5.92998558
5.729932131
6.04575581
5.605072848
5.779162507
5.611626708
5.691693563
5.717692617
5.627822018
5.351169231
5.377463064
5.761198753
5.757422766
5.867771805
5.683877438
5.901607336
6.023382424
6.046100062
6.303262636
6.021035599
5.987485421
5.660953695
5.370197518
6.276596596
5.940187337
6.10286279
5.768496894
5.760761819
5.886575028
6.033953963
5.951836981
5.781380167
5.710591565
5.544273055
5.612067363
5.418730926
5.06546024
5.120453887
5.443023032
5.670652208
5.648736698
5.644462524
6.01718931
5.599102035
5.804111374
5.639523845
6.082587522
5.767649245
5.938516583
5.868129819
5.878705337
6.048447634
6.0421464
5.913452964
5.968898458
5.819535919
6.017027798
5.964739723
6.175043393
6.153681659
5.985146648
5.994498002
5.696824485
5.96912796
5.831080222
5.668734956
5.79075881
6.069435256
5.993584554
6.142166307
6.217451056
6.184817422
6.061025667
5.827224991
5.712847457
5.49702501
5.497712504
5.886837947
5.860647525
5.967322753
5.877023927
6.148513017
5.953450285
5.772935131
5.564587547
5.777678359
5.735476318
5.890234069
5.653608719
5.621424735
5.979777449
6.254317387
6.174015987
6.043254585
5.795736829
6.16177051
5.959348549
5.644482482
5.744735168
5.83947693
5.882345149
5.7926658
5.856441377
5.642215895
5.894741991
5.92021888
5.895337849
5.903434073
5.988315909
6.008887294
6.165747724
5.718322772
5.634045179
5.916452866
6.258266196
6.354366177
6.24842201
5.765718829
5.7976119
5.655801644
5.555521569
5.691603156
5.580733368
5.927494506
5.924397824
5.525400566
5.766730768
5.865600684
5.811076708
5.861217069
5.674224115
5.807538888
5.582289321
5.933614247
5.97943773
5.631813803
5.668350587
5.756556554
5.892671122
5.979514919
5.882650878
5.702080874
6.036500151
6.041444313
6.077913803
5.970644581
5.729947641
5.8646652
5.871350863
5.901481321
5.778338403
5.872848544
5.681705153
5.671215879
5.606050698
5.929624716
6.035451546
5.68925768
5.83584814
5.763944813
5.834025192
6.039701016
5.847456686
5.979642703
6.079012757
6.160524437
6.414572988
6.186789507
6.147879953
6.129692979
6.280989415
6.240607343
5.715127638
5.910444698
5.840160196
5.521785995
6.086476975
6.064965496
5.881305842
5.802153114
5.872222673
6.29702568
6.129728077
6.606537685
6.359951381
6.255330161
5.956432293
5.73622218
5.736886525
5.702559715
5.897092089
5.718270122
5.545963418
5.741078977
6.067612325
6.089760137
6.038487399
6.24960049
6.261458968
6.370635263
5.958153549
5.949424263
6.100418508
5.757343477
5.793390919
5.965788323
6.383709111
6.460497655
6.169102294
6.618734452
6.541379539
6.289692157
6.508882136
6.487510494
6.087754381
6.246170985
6.391708014
6.206839749
6.235371806
5.965640206
6.211155105
5.908599269
5.822712865
5.791888903
5.809839509
5.743702753
5.975711915
5.954372646
5.875266177
5.867081482
6.166010361
6.252998036
6.290593056
6.196195475
6.493543905
6.097219357
6.445398996
6.179426977
6.247358563
6.130994025
5.819615624
5.736164063
5.918671125
5.740212536
5.804132955
5.768869306
5.806002438
6.052800983
6.074629224
6.066988505
6.224037479
6.099688591
5.973147749
6.119285912
5.902840107
5.598955718
5.682392556
5.994241507
5.972516802
6.131367286
6.004168963
6.044644161
5.697118022
5.660798089
6.394196663
6.197969832
6.075117483
5.514069723
5.472921889
5.606626671
5.954162075
6.14030079
5.931696531
5.756071888
5.842638781
5.85327772
5.695105226
5.605335706
5.687883076
5.779734472
6.038685077
6.015232643
6.25702612
5.717455046
5.611316336
5.634248598
5.542614675
5.362720094
5.408042911
5.666970844
5.33783845
5.35361611
5.362811369
5.826294619
5.975346455
5.915577691
5.890338719
5.830779838
5.757132119
5.563678449
5.476346796
5.938452263
5.492325517
5.918129116
5.740629187
5.83736045
5.776960263
5.686906637
5.564550798
5.363691472
5.376033104
5.881451329
5.89819031
6.061244999
6.298464306
6.131783461
5.737972518
5.653855304
5.913386136
6.03190758
5.909345361
5.931139754
5.803175397
5.500313878
5.933720533
6.160720108
5.978641899
5.833645653
5.720693338
5.762872775
5.80973703
5.617627418
5.545118018
5.477569633
5.505851146
5.684063933
5.687670944
5.593890251
5.710534489
5.73751762
6.002090357
6.291440054
6.007404437
6.341196802
5.773038752
5.529095766
5.607527583
6.11009533
5.999006244
5.957298608
5.619490549
6.035219175
6.023172607
6.02404792
5.751345544
5.791387209
5.833365812
5.758452979
5.921893773
5.702797626
5.949835354
5.968086325
6.019933402
5.738032423
5.699455638
5.574940793
5.874195106
5.681814965
5.628560987
5.619031316
6.066983219
5.94007151
5.760040399
5.860643058
5.797303295
5.801029502
5.898505036
5.831933005
5.715761191
5.985780769
5.986639897
5.958887045
5.790436915
6.279992028
6.358360009
6.546910579
5.985628645
6.048807496
6.21160242
6.334460769
6.143341179
5.793288454
5.564536122
5.701414404
5.696231625
5.545819204
5.60576466
5.689328093
5.550484508
5.836022067
5.789769509
5.794153237
6.016665273
5.652495724
5.840475139
5.862242061
5.779215875
6.131097899
6.026136302
5.716269972
5.742855365
5.895370393
5.980494766
5.96011685
6.015697549
5.792414508
5.888911783
5.891740614
5.592492211
5.594582317
5.528179933
5.502002941
5.5991575
5.964420295
5.771970243
5.956827551
5.911243615
5.963264717
6.078539318
6.082463937
6.107876035
6.276044183
6.168502404
6.11850736
6.209713677
6.090547685
5.947718262
5.809215559
5.727528369
5.847787487
5.743170172
5.552406709
5.519523374
5.724490927
5.889825056
5.834759323
5.755327185
5.882818579
5.871217215
6.07112737
6.120609956
6.117302412
6.00015479
5.775813387
5.793091115
5.697736284
5.767956214
5.595746421
5.535154225
5.59132826
5.534853481
5.82070429
5.52917922
6.216946446
6.105133357
6.109172493
6.159610762
6.030585501
5.927933768
6.197601894
6.08708718
5.853106705
6.059000033
6.282882718
6.03591598
5.743455696
5.613369005
5.850076426
5.923981726
5.879040401
5.876751744
5.876972017
6.119123215
6.087728507
6.075772187
5.756874388
5.690259283
5.838113627
6.237392006
6.187461967
6.000342862
6.034468524
6.345877283
6.292507
5.976287092
6.022937689
5.967714369
6.033044163
5.888392902
6.415477712
6.661750947
6.364827221
6.151162324
5.945969333
6.024368347
5.884913768
5.661601837
5.762441434
5.98842866
5.842758523
5.623918758
5.916372547
6.232681564
5.94695504
5.618041378
5.612432532
5.447421575
5.483686409
6.137609048
5.816510237
5.748969356
5.820022644
5.971883553
6.010742219
5.655516064
5.964348405
6.056923372
6.260370062
6.141680597
6.339103181
6.180747384
5.985941299
5.798301734
6.026304953
6.21970152
5.94131463
5.564405711
5.782474274
5.902716686
5.913014428
5.732079318
5.678772722
5.816333446
5.628193614
5.702846336
5.746636758
5.78695511
5.99188056
5.942280208
5.890284523
5.681276109
5.792690916
5.910289041
5.785723529
5.841193655
6.009599119
6.190953552
5.9765243
5.976980135
5.884871229
5.876716072
5.806020729
5.706555094
5.763007225
6.042524512
5.958760419
5.818782634
5.93709006
5.717687818
5.779821663
5.926431734
5.913879586
5.835048655
5.901701836
6.479257673
6.242335216
5.972768218
5.655249239
5.744346454
5.754114574
5.742237373
5.610577248
5.858241769
6.078715055
5.630990221
5.38988635
5.746715587
5.818365975
5.988453774
5.608301621
5.468248942
5.534184105
5.928079312
6.142331418
5.840034359
5.804745688
6.133971151
6.065774196
5.754903884
5.845466254
5.86862529
5.877049675
6.176917687
5.822722705
5.754891749
5.544808532
5.977693343
5.84135615
5.774444631
5.837155807
5.751437161
5.78118921
5.848693253
5.590022766
5.905426983
6.193216798
5.952753217
5.768502345
5.836669732
5.892772659
5.795889288
5.611554331
5.520229495
5.636393706
5.474636386
5.814007521
6.026400753
6.138784173
6.077445647
5.926106267
5.832603073
5.908237578
5.729969368
5.7113591
5.667811914
5.987555726
6.152997187
6.248401726
6.183830828
5.995593532
5.896149564
5.862368359
5.852864465
5.82731643
5.836940201
5.996212883
6.055032169
5.964442063
5.92271581
5.98664073
6.044675675
5.982626046
6.129347216
5.880755687
5.693201914
5.745741004
5.727606087
5.785059353
5.984040252
5.747843302
5.776063822
5.668384735
5.653220723
5.790139672
6.402844637
6.228561209
5.90116097
5.903469763
6.140059361
6.134659735
6.118290088
6.052847669
5.978680802
5.990062874
5.75429129
5.735602748
5.741136536
5.889346974
5.821894209
5.870159559
5.792119462
5.735618671
5.77972377
5.594101707
5.669454774
5.721297282
5.742711425
5.577159192
5.60699662
5.720272068
5.639369975
5.735513871
5.878822393
5.982339829
6.27049796
5.855482301
5.874873811
5.756493766
5.969946274
5.827042425
5.904547112
6.182112084
5.942897478
6.143401606
6.341203675
6.2200993
6.488648801
6.425620204
6.31591891
6.145962778
5.781680749
5.811981838
5.74418508
5.276920509
5.212185332
5.464003613
5.766750998
5.941188759
5.952671282
6.294292879
6.271758332
6.51843689
6.092689911
6.115225773
6.181389257
6.219869025
5.959968646
5.852823366
5.60863615
5.658966639
5.744794882
5.745974397
5.851131882
5.864889046
5.744366638
5.835703125
6.088020316
5.974180589
5.958160091
5.525153574
5.620668688
5.96052876
6.206672173
5.792285677
6.057643991
5.933198964
6.037197813
6.131537567
6.129559016
5.732010833
5.754106074
5.804210958
5.899938137
5.876316264
6.174749881
6.207980034
6.024828391
5.959018687
5.961106213
5.870477433
6.016836847
6.142826322
6.022954036
5.904919143
5.939295045
5.939408781
5.975622104
6.180655936
6.570712526
6.338960512
6.256037294
5.937596192
5.871446688
5.878960173
6.041754781
6.037624101
5.843556289
5.798999855
5.840950698
5.806665298
5.516110384
5.409754208
5.761951092
6.133552881
6.377114287
6.451800214
6.438912195
6.411260705
6.156710028
5.813037956
5.75617757
6.108653583
6.114963014
6.10668995
6.213019417
6.041041225
6.148172714
5.913382551
5.909967695
5.799282522
5.768293769
5.788447233
5.995078703
5.873886497
5.850039205
5.766756256
6.056903736
5.94337883
5.748852063
5.990887718
6.022077979
6.300044677
6.218662409
6.295103788
6.56206523
6.116167815
5.703906704
5.924630796
6.218228715
5.915445885
5.850965564
6.208441558
6.073187269
6.336116475
6.044387737
5.948303369
5.91034335
5.670859757
5.600125637
5.666696419
5.8920524
5.864921412
5.875660561
5.754670791
5.758885858
5.895054563
5.778358107
5.702558205
5.82921075
5.924858338
5.927021625
5.909577145
6.248898216
6.060822237
6.251546354
6.079398157
5.774713834
5.669493206
5.902340507
6.141272623
6.444723151
6.204013433
6.368229874
6.406848558
6.084753115
6.240765724
6.182429954
6.180499381
6.289433179
6.323501197
6.551786926
6.060174875
5.900211912
5.788985133
5.832816882
5.946939165
6.004885001
5.800140451
5.853611996
5.616056429
5.955328841
6.230907969
6.360789166
6.006942277
5.831764024
5.887360539
5.748861741
5.504351459
5.523942843
5.708594845
5.733220467
6.10107892
5.805422092
6.135258555
5.837529438
5.710917721
5.520352338
5.443518271
5.440023471
6.327429222
6.141061853
5.888202424
5.762993688
5.968526312
5.650517172
5.619084036
5.946439291
5.755257108
5.675331432
5.735966637
5.931535795
5.938730149
5.897559067
5.989698416
6.009019284
6.061364051
6.004374004
5.991124341
5.991908502
5.822255619
6.231989429
6.091493043
6.08705595
5.878402765
6.012523571
5.840884418
5.870937312
5.909522569
5.787857878
5.722020362
5.87731954
6.080622978
6.063724545
5.892148628
6.014663845
5.85774697
5.390464403
5.185956732
5.443032536
5.540484233
5.585929501
5.581421434
5.459672373
5.556154342
5.65508331
5.639649329
5.581952221
5.970745232
5.823316286
5.878433061
5.792873174
5.611586267
5.676717364
5.683288838
5.709261701
5.537248427
6.019071251
6.091784622
6.265848415
6.191260012
5.985966333
5.82737423
5.796619766
5.812409617
5.704045881
5.808713576
6.100493493
5.636671968
5.414915454
5.562086368
5.748341435
5.825769073
5.832290559
5.693811765
5.874536841
5.846532115
5.919189688
6.093559113
6.003751589
5.858672873
6.175308643
5.974092069
5.794824502
5.766776493
5.659782916
5.655268667
5.944127115
5.959151947
6.088503546
5.713369017
5.270807746
5.219564905
5.34889679
5.458558495
5.553001989
5.321522049
5.498236929
5.71300152
5.704056293
5.825689074
6.01790469
5.676332747
5.749497154
5.773410776
5.848113377
5.580262659
5.741407728
5.567986461
5.529962262
5.709776732
5.679080927
5.585910726
5.708029818
5.594601647
5.68192983
6.016653901
6.428620077
6.197653244
6.220125004
5.805455317
5.785569657
5.879076998
5.812203312
5.964051216
6.368564673
6.515188917
5.749132125
5.809951331
5.858229497
5.74791472
6.006301758
5.83636919
5.798710713
6.038148934
6.17986829
5.91344069
5.810415052
6.319282383
6.035744314
5.694006798
5.598231286
5.626670517
5.519179282
5.474790755
5.366889071
5.52262178
5.507005053
5.55104098
5.615831719
6.158687109
6.092540381
5.718476426
6.127489961
6.011847124
5.869988676
5.897020195
5.840414888
5.597861657
5.75358188
5.965458845
6.063565399
6.083100865
6.054788502
5.974260621
6.212166594
5.766047127
5.771895193
5.594080392
5.77770265
5.951602352
5.87182505
5.727270946
5.930727834
6.032911803
6.471807507
6.629922693
6.416035707
5.740159216
5.840518437
5.650346985
5.770209863
5.823086948
5.756849185
5.541194832
5.56991696
5.834438175
6.172810888
6.06596913
5.694007082
5.893866822
5.803902175
5.873097904
6.392992176
5.959295726
5.848576463
5.937508558
5.892900742
5.779445593
6.046402428
6.322124373
6.44665139
6.185687732
6.104089661
6.234141328
6.085759206
5.83999818
5.883881406
5.72576207
5.894572151
5.701110808
5.839095032
5.649807003
5.666031969
6.14014196
5.937374592
6.038513539
6.478648799
6.168111426
5.939500918
6.018599517
5.906499109
5.890269034
5.98312854
5.785231035
5.945759976
5.943963078
5.929599613
5.806202398
5.708390387
6.191992293
6.186951404
6.577534605
6.335492758
5.914947492
6.240189308
6.230108108
5.986344047
5.914600145
5.953876612
6.371567069
6.375391204
6.085674586
6.187823123
6.153940544
5.862142873
5.926742754
5.74276369
5.64085649
5.823537857
5.976551148
6.004737196
5.929028155
5.801252451
5.727024474
5.694550025
5.774132703
5.701987524
5.641693875
5.525309809
5.729047469
5.637315517
6.077371655
5.924502942
5.889911203
5.527444524
5.645844904
5.901364778
6.230930727
6.073885006
5.545459596
5.684731567
6.058161421
5.736426165
6.16093815
5.894035144
6.076502941
5.70353057
5.718905017
5.501330946
5.758805643
5.917389426
5.982617785
6.017469911
6.017967589
6.157475868
5.931848074
5.765313681
5.801839148
6.091837878
6.165180929
5.72175229
5.672452584
5.819603633
5.88521805
5.841586597
5.857455673
5.970929415
6.141972096
6.100658822
6.324799772
5.824645825
5.488061645
5.844786675
6.154649039
6.175694283
5.727414788
5.768837664
5.733587404
5.810189992
6.15290124
5.990205806
5.610933497
5.604128377
6.102947901
6.178234304
6.142840097
6.083588268
6.296305514
6.111603477
5.848399606
6.068182091
5.87671148
5.607945478
5.55183998
5.687907775
6.082836703
5.99829077
5.89618019
6.078413615
5.599689414
5.52612804
5.902439174
6.158275356
5.987338981
5.995808237
5.841787507
5.554946392
5.502483616
5.585361497
5.417566983
5.665462882
5.909946502
6.000362515
5.89968806
5.447407524
5.220070765
5.437225474
5.640010088
5.600155915
5.384029453
5.34777772
5.30957896
5.827750207
5.38276493
5.416520295
5.636601293
5.841234681
5.530589825
5.569883437
5.77761196
5.680348936
5.525807665
5.769364415
5.7559107
5.63076095
5.648720358
5.721550226
5.721306729
5.857401664
5.86107673
5.69037834
5.690240298
5.524668862
5.997983051
5.578514406
5.669155256
5.789802641
6.111891125
6.043617641
6.200130527
6.430028874
6.165499857
5.97148684
5.716338199
5.841389156
5.766689972
5.809381025
6.179062856
6.242859509
6.002551987
5.870319546
5.847276223
5.971940972
5.543623826
5.776804685
5.614827356
5.864067547
6.090112997
6.180882092
6.088066763
5.814010891
5.714243888
5.683005349
6.143627597
6.065157667
5.825486656
5.854621214
5.630304818
5.591123561
5.853677628
6.078095058
5.903584926
5.698646266
5.436168592
5.35424235
5.748700288
5.750205679
5.747834649
5.886285339
5.866675404
5.758605274
5.947088259
6.053803514
6.056588499
6.027272549
6.088693829
5.813542092
5.724364917
5.892170041
6.046776896
5.909195429
5.942978281
5.868866027
5.975986167
5.780748597
5.991960414
5.73088538
5.785794208
5.677763197
5.890551778
5.925911638
5.773080901
5.706195267
5.770302167
6.072614833
6.131724235
6.156797849
5.680913011
5.283068277
5.345480674
5.441914872
5.932721151
6.05183084
5.659776579
5.53085823
5.736726983
5.932135904
5.637034287
5.862232457
5.88476729
6.247215071
6.093358674
5.836859549
5.919215151
5.799794406
5.746701863
5.824178072
6.264775474
6.039366472
5.936259597
5.918046024
6.036263563
5.691855223
5.955238515
6.056021831
5.710396782
5.736030938
5.7940024
6.032472301
6.075219183
6.343262645
6.066163722
5.966417341
5.943707729
5.55969133
6.035539303
5.766353004
5.662677221
6.027167276
5.925533873
5.995989527
6.027408591
5.960402956
5.823580432
5.848955087
5.905574068
6.081293236
6.084582157
5.976552121
5.832346806
5.838821229
6.009550532
5.826304021
5.878029898
5.910831101
5.698450097
5.674416798
5.810470726
5.913024725
5.891037093
5.912838781
6.005388613
5.85774325
6.103505618
5.944365683
5.817670019
5.608820444
5.903256879
6.15663525
6.122492088
5.962343512
6.008078986
6.136099999
6.037162011
6.274509756
6.493169083
6.329962934
6.3382348
6.198284795
6.206246208
6.059277215
5.917603256
5.948919951
5.948718425
5.87071252
5.770596803
6.09515719
5.901925352
5.832274477
5.869993169
5.978436491
5.785451868
5.693112389
5.652010411
5.640362296
5.538325729
5.574803985
5.442232427
5.58031335
5.460170023
5.420412243
5.427448054
5.949454965
5.892264414
5.739988116
5.821326795
5.733636632
5.975990005
6.364223573
6.181722109
5.898847118
6.13945712
6.111593175
6.020478746
5.708143298
5.612126721
5.850554864
5.858093338
5.837315938
5.999997603
6.375489253
5.987345573
6.112798488
5.871219521
5.805638746
6.019587753
6.241445167
6.087814191
5.991372107
6.055479873
6.013805471
6.10014027
6.05757785
6.211808608
6.328692807
6.15214158
6.069613403
6.032804624
6.216939678
6.599122866
6.570940492
6.155144979
5.787937005
5.464240417
5.780956757
5.843326554
5.989502047
6.210355793
6.135841062
5.843682212
5.695061705
5.766161745
6.12152458
6.091813253
6.344119432
6.145421748
6.184480422
6.200219026
5.704441013
5.842449091
6.168979557
5.914052824
5.654411918
5.854565391
6.117003966
5.850544879
5.740905519
5.93804686
6.124686371
5.887395643
5.769444987
5.942490798
5.981758548
6.023656888
5.921340886
6.12599804
6.0870759
5.795864831
5.711863024
5.775843386
5.972047254
6.030399746
6.189728303
6.006539997
6.567215011
6.199144161
5.932485409
5.860602147
6.229780487
6.288421753
6.123837958
5.650218329
5.711942199
5.77435757
5.9675505
5.656338755
5.678253921
5.790763666
6.090522874
6.231251832
6.1669527
5.738644254
5.617424292
5.572681438
5.931319373
6.470659657
6.389717392
6.125236258
5.656420298
5.854341962
5.904018182
6.2036937
6.368454415
6.151241719
5.901535395
6.051680885
5.805726369
5.757388372
5.749485412
5.752553853
5.985372196
5.997051883
5.625026735
5.696528247
5.60038789
5.427730281
5.532043856
5.795017524
5.678400563
5.703285008
5.813367499
5.846461601
5.804204685
5.894702007
6.205595527
6.080629817
5.811510239
5.925428558
5.840704313
5.886063343
5.799911399
5.760014627
5.908579264
6.102291096
6.444837585
5.969197319
5.724803753
6.13604846
6.182941533
6.220460899
6.182763127
6.211669173
6.466984352
5.989473018
5.74246575
5.936621064
6.172218545
6.14974553
6.256306231
6.078229101
6.326998163
6.225377055
6.221035495
6.111476823
6.064766421
6.306622089
6.526635523
6.072599107
6.007931185
5.983024594
6.290747815
6.193068067
6.215661261
6.010544251
5.682702041
5.558969668
5.519425274
5.640896647
5.837519028
6.09026389
6.195635711
6.157094535
6.26540704
5.984146503
6.105351207
6.086122416
6.332352431
6.229414573
5.804777651
5.67321677
5.91063665
6.075760154
6.116930762
6.003649811
5.70937623
5.844394813
5.933434574
5.780852867
5.5175383
5.634771468
5.277168829
5.259988649
5.754813835
6.303584748
6.522143379
6.236300114
5.787723059
5.957767205
6.159254591
5.937833967
5.825129505
5.728511762
5.9696795
5.871989333
5.921221718
5.828037836
5.950116236
5.806856984
5.741410662
5.702981261
5.738388757
5.883322091
5.794316959
)
;

boundaryField
{
    xPeriodic_half0
    {
        type            cyclic;
    }
    xPeriodic_half1
    {
        type            cyclic;
    }
    yPeriodic_half0
    {
        type            cyclic;
    }
    yPeriodic_half1
    {
        type            cyclic;
    }
    zPeriodic_half0
    {
        type            cyclic;
    }
    zPeriodic_half1
    {
        type            cyclic;
    }
}


// ************************************************************************* //
