/*--------------------------------*- C++ -*----------------------------------*\
| =========                 |                                                 |
| \\      /  F ield         | OpenFOAM: The Open Source CFD Toolbox           |
|  \\    /   O peration     | Version:  2.4.0-MNF                             |
|   \\  /    A nd           | Web:      www.OpenFOAM.org                      |
|    \\/     M anipulation  |                                                 |
\*---------------------------------------------------------------------------*/
FoamFile
{
    version     2.0;
    format      ascii;
    class       volScalarField;
    location    "0.0009";
    object      overallT_O2;
}
// * * * * * * * * * * * * * * * * * * * * * * * * * * * * * * * * * * * * * //

dimensions      [0 0 0 1 0 0 0];

internalField   nonuniform List<scalar> 
5120
(
310.4226377
314.102458
306.7713298
323.6367741
310.4361086
292.1917319
293.0351821
289.2542004
269.2179248
265.9669153
289.6044603
305.0751627
280.0507163
273.1041481
274.5984505
293.2698254
293.7460554
293.5000533
298.8852986
313.4215899
283.0072644
285.4895443
287.0089312
299.3671003
293.5674967
293.2069316
286.0340513
274.4165919
289.6002127
289.1522689
292.4263553
277.1664826
297.7972206
287.3076666
286.6174193
313.7905067
307.4795574
306.7217344
315.735878
291.5623072
323.4530081
314.4686927
311.4257638
303.0719535
281.6069274
296.2884065
294.4757513
293.081334
294.7646461
314.9659366
314.197019
306.1332371
295.9385571
276.7043288
281.2156247
293.5631029
280.6109713
283.3747525
298.8655446
298.5217996
292.3550027
300.8713018
321.7042974
312.940238
307.7155915
318.4441349
315.8262752
302.0767679
296.9136504
308.7294329
308.2475314
310.0294369
319.7175629
321.0919149
311.4760161
303.8480716
297.3281153
269.6143364
268.7844457
293.2051436
285.5617925
275.3790136
247.9724601
261.8089808
260.1975955
281.930503
294.5612072
300.1234028
321.3622633
307.8321341
298.1875844
292.575012
283.6215472
282.983289
276.5692295
287.3980308
297.3034965
321.7867661
308.156573
303.5948434
250.2033271
235.0135962
269.5480764
269.189781
278.7779643
284.429117
282.4578133
291.3557375
301.8013954
309.8576915
306.6691471
316.6039183
312.6233319
289.4662208
289.2488572
292.9126012
290.8425507
286.8171405
288.9555711
259.237181
331.0746237
329.9450989
337.2840565
315.9286963
317.7304442
298.8928922
298.8459996
279.3392459
286.4096787
289.3536219
305.5665107
299.5248815
297.3616345
293.7545506
271.6830473
272.5528628
299.0210915
301.9175505
304.0117329
338.2172708
281.6405583
293.7742919
293.6367984
311.7826834
330.8000589
326.4316677
307.5534142
297.4638295
302.9634615
304.8620008
291.2811335
278.9770774
293.1840452
294.9432992
290.2788585
293.6535314
286.2180227
291.6185164
298.2724355
264.6316606
295.8093089
297.0200777
292.1079867
275.3956682
286.6127504
306.898188
334.6646763
312.1403434
303.3615069
303.4696989
321.1134405
332.5055139
327.4403143
324.3001474
310.2619909
293.4595586
287.1759396
293.1738645
290.4381532
283.6222582
322.4369072
304.6251146
314.1982771
301.9031462
282.2726846
282.3933607
270.7990387
274.5945468
270.7342454
275.5435687
258.9136435
290.9007483
302.5434442
292.7165615
285.4050184
296.0543716
309.6405006
314.2783225
297.9917264
304.7808839
326.607248
320.4326731
304.2595405
294.1999288
293.3553392
296.143492
314.2114912
321.4763334
298.3131472
310.5012857
312.7296066
306.0687171
272.8952865
268.8105368
277.9885678
292.8514706
294.4841418
291.4373318
296.8622605
300.2004295
286.3683657
277.7992813
278.8107351
284.5388301
291.4894162
297.6526535
292.2515905
299.190183
317.005264
316.785992
294.6674582
302.1302372
309.1786648
314.3948707
332.6826747
349.9049999
342.1455235
365.0134459
333.5193405
284.440738
300.9042635
302.7620931
312.8808759
305.1768783
316.2314868
314.5645303
306.7931901
297.0038499
284.0303521
282.9483909
284.825002
267.5653714
266.9606807
265.6922753
275.6881871
303.3824657
301.2836958
295.9343092
299.7361081
298.3727235
290.7262734
300.1340071
324.5466633
328.7168238
323.3837461
320.8876636
302.3282478
285.99478
265.3450309
265.8059551
292.3579248
273.1552404
260.5081442
275.0332531
285.2607988
291.0283038
309.1752742
317.723157
306.7608356
299.6868723
309.6471553
293.5204554
281.9520658
296.5466683
293.4504816
283.01927
263.920696
278.6784438
288.6066898
308.8198948
308.8937884
312.3371267
319.5916572
299.6048872
291.2094343
320.2724805
317.324538
293.8515129
288.3478832
315.2064445
292.8222332
303.0488116
318.9155801
338.2639569
334.9024205
333.8872418
299.4851853
295.4889508
296.6671939
314.203573
310.8451402
306.486764
311.697189
336.1681658
316.7238355
295.4318143
275.3649165
276.9115209
296.0393671
289.5639659
320.2907103
315.9028833
291.6837429
272.556398
270.4052371
271.5110905
279.2332343
280.2360109
289.6830792
295.8234707
302.4418211
288.3998599
304.4751555
323.5998954
319.7403916
307.1617219
299.0636473
296.6292893
284.5585723
299.9039345
288.9450619
294.0769541
307.2565119
291.7259922
292.4057161
305.8206258
302.2320261
295.0257646
303.3424392
287.8970333
281.7612988
294.9607297
297.9806341
305.7016434
304.2366358
319.8025437
321.1252096
314.0110754
293.0481765
278.9834313
279.5968894
274.9252645
266.1234733
287.5007739
305.774769
299.7274544
288.4156119
308.9755736
299.1220722
315.1644089
317.4150746
311.8362515
317.4644699
311.3484076
316.4582385
323.5539159
321.245524
310.211303
302.2893861
292.554438
281.8470829
288.322564
301.5143739
326.5767014
302.8941536
304.414533
315.8447615
327.175509
310.4699548
308.8996048
315.2719243
312.5442396
304.0040822
294.0161007
289.5339025
301.6488536
288.9642379
296.0880574
304.6637528
301.1118391
280.0526387
283.5387246
290.8151503
283.4788406
276.973342
260.7196479
248.146063
224.1178208
240.6754596
262.5588663
257.6811568
264.8251462
266.4203208
262.635622
292.843703
285.4380744
314.9075567
296.4949505
293.0899829
277.9226505
297.78701
293.8647955
286.4536526
284.2206897
289.3842567
290.5623416
282.7816327
296.4567683
302.4372553
301.5785578
301.6624175
300.7854824
316.1215661
294.1640982
295.5974872
291.7065036
274.8404372
293.0131306
302.6258226
308.0708613
323.3570583
334.790169
322.2645955
323.1423037
280.6386457
296.9516701
316.9888031
321.4229732
306.2587171
289.4515051
303.9328325
282.164184
269.5217769
303.5635446
302.4463103
338.0829926
336.5314978
328.8365269
328.1893765
332.380044
291.9318576
276.2642261
279.0318744
305.1223783
326.7759309
312.0930681
299.5759908
298.7211089
291.9505079
292.5814967
296.3611391
305.7157339
301.0631766
276.0870793
270.0883661
266.8380232
293.2419287
280.5798797
287.2844367
297.994119
279.7263094
294.3292494
296.9135631
279.5658804
274.3279166
278.0840324
264.3355218
307.3398894
311.3533033
308.3065907
313.7468327
289.0692836
289.668779
318.3483191
292.8381601
279.0645067
289.1339528
310.5171719
328.0502793
305.2953803
287.8503687
286.9625536
296.511375
318.5775328
320.0373454
323.4529719
332.8875398
314.4629723
310.9447597
318.5231942
311.938046
309.207147
297.0249363
310.5520514
304.3141163
312.1878594
321.6514252
317.0383055
310.8597357
280.5265503
312.4908146
306.0451744
304.6495224
318.333336
318.6118285
313.8027799
314.413036
301.551677
294.1480181
308.9107617
312.9089845
316.2151986
321.2952413
302.7114432
269.7183062
261.6163149
263.8996418
280.4404095
290.7187209
304.7095282
314.5916641
307.8857291
290.3818871
285.6514787
286.3940484
291.3446729
287.8295551
290.6169568
309.7048497
312.599265
297.8570683
302.6764701
312.3047313
320.9986431
321.1395231
323.781361
311.7468342
289.6833311
290.0385924
310.2693258
306.4595721
274.9346848
280.7267265
288.4366127
284.3048907
282.0833769
293.0332677
283.3947763
281.7212792
292.2811678
315.7917503
299.3082755
274.5704653
282.8220466
263.1676465
258.3153545
259.6643998
257.2711973
268.2083106
293.4154067
313.518106
304.4050022
312.2702226
308.20267
300.2504809
328.5767846
326.7194277
340.2331394
320.1064619
324.9335315
299.8179843
318.6783934
331.5061975
330.6141364
332.6832842
306.9289431
279.4809378
276.7061293
298.9725054
287.4152477
292.8716881
312.9224468
301.8937924
283.5971488
275.3193697
293.0275648
294.567977
313.3990691
313.0333388
325.1172947
313.4903906
301.8266039
283.7468941
280.6776516
247.8564765
267.4387376
288.4843795
292.1899859
287.9756214
279.5030515
274.8920445
283.2176603
296.3662865
288.4219179
317.6585752
305.7145057
310.5367366
318.5342925
308.271362
278.8273733
282.8908759
301.2369928
298.2295318
264.2296875
289.7915951
284.8030892
272.2178278
257.7968488
259.8609719
284.0073261
288.7382361
305.0423068
298.12019
298.6789157
294.5494241
289.3495345
298.2090748
308.7315621
298.4207802
286.1269003
280.0781155
282.7560204
291.9490121
287.470157
286.0433049
275.8205457
309.9382034
293.5522531
297.3161135
279.7269351
305.9032809
291.869906
304.5842195
291.4869355
294.7214722
286.296169
294.2776329
311.2336797
323.1234698
317.2590321
329.0966113
321.5476406
298.293812
295.2928656
283.2109082
292.9851175
299.9239817
304.1698877
300.9453689
310.6488593
287.1083726
284.309029
290.2889373
293.8649843
305.8923804
298.1307962
303.0916362
281.0585686
276.142365
278.597602
276.6966544
299.424532
287.6670679
291.9303649
290.2516894
277.4466168
276.6544417
295.7288437
300.4330641
307.5815273
273.087005
282.3470512
296.5343006
289.427523
299.3821455
308.8760022
284.7748716
258.8672778
270.24051
279.761262
271.7936563
280.9274824
284.1348836
264.550338
280.419554
297.959866
313.1710575
283.778988
291.2077631
274.8669336
295.7321703
315.649069
297.9464098
297.832222
312.1201214
289.8946071
291.2674329
298.3750876
265.45678
253.6256548
280.082108
283.3771189
277.5046526
278.0244852
287.02277
295.7281361
292.8307874
279.1235256
298.1226806
295.9603838
315.4422004
312.2315048
299.0817747
295.1053271
282.4851133
288.8831974
289.1639532
302.2664254
326.8862298
326.9659069
334.0469863
320.8622651
323.6425917
341.0656417
317.271948
296.3126824
288.0150493
277.897675
296.4257772
307.9597305
284.6936544
285.8257645
298.2350304
301.4100596
309.502392
306.8262367
310.1464788
325.4027556
322.8587564
315.0841519
314.4696763
322.6074224
316.1880399
296.1722424
313.0906185
315.5068562
311.3657921
307.2418666
296.8561561
294.1239828
301.268603
304.7065725
321.0344483
296.000599
287.8756286
286.9525152
286.44368
285.7080873
296.904766
299.3979258
311.0185143
303.7684154
296.8533244
293.0558385
283.2231563
300.8350829
309.2397957
304.5321851
311.4122085
305.5951536
308.429458
272.394394
271.0125019
269.9830643
288.6103798
278.94735
261.3789149
262.0342685
280.4375612
278.5685566
276.4366092
291.0790785
296.2702271
296.7711079
292.3632848
306.2934305
310.6459355
299.9983702
279.4542354
306.6330557
274.7688145
268.7210402
263.7454999
249.0798515
257.381324
267.9058783
285.8093068
288.0696147
270.1389801
265.118445
278.1559413
298.2998134
300.530266
307.5022978
315.925882
309.0053657
324.7120458
308.9668187
302.4360643
297.64245
272.8370722
288.2041652
274.051601
282.8836581
271.2256367
274.9220012
277.4607023
289.4864975
288.6213439
301.3952704
285.0484594
283.1030043
267.0433674
270.3166708
281.5916541
274.051694
272.2126189
286.4522139
288.5502115
262.6469824
303.213107
309.4794316
324.9891921
313.6625877
323.2365354
313.7940718
312.4576976
309.8374025
308.9117813
294.3487125
295.6810327
284.8863406
290.1159069
292.1247788
281.8840113
291.1187771
278.9243458
271.4706828
289.0235104
305.0115985
290.2932636
295.2751223
305.3484425
298.5324731
300.0260345
305.9004526
297.836531
278.9203117
283.3436183
315.4359428
301.0159215
307.0253508
301.979755
289.7316756
319.082873
327.9626887
337.3814086
331.8750036
329.3830012
296.4997128
286.9151115
313.4208492
323.224444
328.2990574
321.3966857
322.4542063
327.2060787
320.5321259
293.7709328
289.7030001
291.6980451
312.484122
316.9005831
325.1861367
313.5885571
312.4716882
322.9627082
322.3377859
300.9417517
301.7839021
282.2926029
277.9249822
276.7073736
288.1947123
287.4881066
300.2762505
307.8794111
296.8974307
320.4116161
319.1199985
332.4695789
333.8025298
324.2736094
319.9882565
325.5554856
283.9229552
279.2207139
269.2376351
272.3623262
301.2141541
293.5778368
289.9992998
310.8169565
293.4870597
302.5772142
287.5099833
284.7642454
283.8926718
287.8942336
306.7644074
322.9233223
298.0998508
281.9430364
303.2509301
302.9545095
320.660899
321.1211032
334.2224699
307.64792
302.3189658
292.3057984
282.4450578
285.424474
304.2449766
324.8297328
310.3640132
289.1825311
276.631801
258.07052
285.7659711
307.4138494
296.0968888
272.9328459
281.9817999
279.6814382
298.4746923
293.3805492
296.4310944
301.2697193
293.2901172
309.8582313
300.3301015
288.1487704
318.3152642
309.5148821
291.3191995
298.464074
291.639975
287.0716825
279.4780236
286.1773789
298.8771637
313.1409932
304.6076962
318.8018619
298.1072367
291.8863552
297.193356
291.6489695
296.0812767
332.7502035
316.6060366
315.600742
302.0403399
286.5461624
286.5493449
287.1637746
285.1810568
287.7079369
289.4205421
294.2875316
297.8228723
299.7712476
292.2689564
291.9174676
298.5294886
291.5455676
302.0179836
322.3700116
318.4232833
292.2004636
304.3381547
299.4355066
318.151553
314.2464788
293.2804457
304.9149227
309.7856243
325.6601365
319.3279378
312.4425285
303.3581989
286.5730107
288.2757566
291.7114757
301.2242156
301.5866008
307.7388031
280.5218374
286.9779586
324.6682489
305.9866598
299.911362
300.4691639
298.7085309
311.9235788
315.0800148
330.701403
331.2085961
309.5277578
308.8365172
298.8133024
318.8377979
309.1722687
300.7311333
272.6073296
286.1564001
265.5549053
301.9366178
318.3780452
282.5989063
290.4769516
289.5263739
285.9066135
300.1095802
311.6616987
337.4858388
334.487076
330.1641654
346.5897944
338.3729681
345.7862872
351.9236252
319.9255509
312.6477937
313.712444
308.0320597
312.7046553
289.3006607
297.9443045
326.7467889
326.7236271
322.8313438
316.7651239
302.4367459
298.900964
292.5131878
283.6487765
299.1594357
329.4094488
328.3819299
315.1546854
294.1277678
303.588398
302.8938874
293.7344594
309.6485051
305.620478
304.3332709
307.5560667
321.5423174
308.0585881
279.3978124
287.5919454
297.2417259
312.9427552
301.7030103
300.5960684
299.7874339
298.8930825
294.5894959
315.5758715
316.994993
295.4097985
316.6338555
297.1228317
307.1755923
304.1013713
318.4726501
320.3718664
271.0296352
281.124714
290.5545972
299.7645693
298.3043587
303.4377828
297.6761727
290.2343745
278.9639595
293.0202077
288.2350696
289.5575292
294.7642578
316.7344886
314.7049039
317.8099528
319.9224906
306.9880867
296.2483939
273.932655
304.2374693
284.3738604
271.1663286
284.2464144
315.3444057
307.1077432
292.4797629
281.3311722
274.0316708
272.9308148
279.3406583
282.4216017
301.2443633
304.7888004
306.7633117
312.8168559
297.8720819
308.9869306
313.12701
315.0142903
271.4310941
284.6522544
289.9904219
283.4437048
267.5517404
256.2522252
269.7975602
283.6331527
290.1986913
292.8399991
295.8100217
298.8155481
291.1160009
285.9902338
263.6596709
289.0611467
295.3387982
283.0134512
280.3355461
275.1344748
302.1231533
287.2698335
280.1022425
267.9314459
260.3380722
262.6526921
280.8557909
301.3833942
302.68132
280.6941936
270.1372086
280.0670696
286.546302
296.3578934
282.3060205
273.9154831
264.0029018
289.0752138
273.0960532
295.4504613
298.0340332
298.4527319
285.7128065
277.8634843
288.0337821
290.7241111
303.4905218
311.1753683
307.2422969
284.0954307
290.6807857
295.8639598
290.8679181
309.7846195
314.1130912
313.1129883
306.6537059
292.4585512
307.2071422
317.2958634
326.9133021
351.4055785
351.3436819
334.8409429
313.1477185
298.666791
316.9177661
294.4193543
322.8129435
319.6334666
307.9812677
309.6723901
321.5797115
284.8206313
273.4237565
273.9740557
290.5153968
309.782373
305.0985147
306.8452512
334.1914663
331.6218592
312.0071796
305.891329
326.1414804
305.3673717
295.1391196
299.3795692
291.738941
291.9349326
296.0829202
278.3414739
280.9596945
284.1923066
289.1155895
299.3067115
301.7544495
298.4748608
315.8983082
323.8489489
281.7822314
290.1455758
296.9469562
306.9856542
299.6429131
339.7640278
344.5255278
348.5061002
324.722465
295.5062887
286.8316881
287.2828086
311.0610666
300.5877547
301.0289706
290.0091583
296.5601413
287.349349
306.3888446
293.0727051
292.3296456
289.2688717
304.1168526
287.0030011
287.2598841
290.47267
284.1098196
309.4070468
317.2317164
301.3929539
281.7171543
287.0226451
290.9904544
283.7199235
275.7074584
293.3101212
305.9411182
303.0248294
299.7966861
309.8254761
283.7758932
302.2051326
299.9167776
294.1806235
276.0286222
285.7690198
273.6538886
278.3225157
279.7695471
290.504839
286.3366958
306.1493232
321.7456785
305.7924649
317.4294195
309.7767715
299.1347929
325.1126072
324.8307989
292.6963423
292.5922895
303.3160613
306.8775521
308.013463
306.0100026
300.5333734
313.0270699
314.0366927
295.8876543
287.1205058
294.0400623
300.3833635
304.2152469
308.9278326
289.2735564
293.3692732
288.1953412
296.2590084
310.6812749
302.6272205
299.8752493
290.3555199
291.3269886
301.0588879
296.8837272
297.108225
298.8495008
316.3441783
315.0203091
323.1486379
329.1480486
345.2786279
341.3848859
335.9580416
341.960993
321.2535741
294.386688
290.8150842
305.8051132
307.9644907
313.4524889
315.2601119
325.0110779
315.8916646
307.6814987
302.824458
288.8875104
291.8537259
290.7786749
280.0052004
287.0108281
267.9503277
275.5993738
284.3757087
314.5783092
337.903354
358.4704635
330.6172733
331.9199461
311.6924479
317.8090762
315.4589843
298.1916556
301.1852685
303.0509972
291.0909213
304.815901
308.33871
314.5933398
325.9632555
310.9677474
315.4940105
301.0638808
306.2654614
302.7099921
288.3041447
293.8023511
296.400444
297.6013234
300.2480348
255.1782756
276.3192349
295.3146608
311.3737858
322.0555378
298.4931731
306.2083872
319.6829015
327.175658
301.708798
309.0575701
311.7162341
308.0039375
303.9651557
286.7007505
310.1248511
300.8143796
296.8867999
296.4811688
278.4879468
309.8215747
308.4565424
300.8272912
298.0779421
301.9369061
310.2108583
302.0437384
302.1513057
300.05464
290.1579909
282.8850647
281.3314315
288.4450472
301.6506573
300.8446625
266.5613835
271.823414
286.5742671
286.710193
293.8124947
274.4497298
295.9215309
283.3282732
290.6227751
278.3931691
276.4067459
277.4624081
281.5441805
294.340995
297.2796634
301.5572309
286.336135
275.8469121
303.3338159
302.8522323
284.6809835
276.7258166
276.6464855
269.1806776
261.841568
259.3428282
275.7295066
288.1507124
298.4449637
275.741546
264.6347659
278.7364057
280.3857467
278.1764068
270.8167955
291.1279204
316.5667265
314.7701346
309.6526053
302.7012818
316.1265983
305.0202806
277.0196533
266.9247549
259.5879584
282.5811218
270.5196592
256.0301552
285.2172695
323.1384551
322.607237
315.2125635
313.6421769
307.4470941
307.6590109
342.9735985
321.9910621
307.1840211
293.6296498
293.702099
293.1761931
304.9909907
295.6838377
286.3541142
282.3816396
294.9714281
312.0968504
310.3313499
327.7022595
328.4656732
304.1680302
279.1144189
280.4692225
284.9815791
321.3160007
310.3559237
325.9550197
314.3410293
312.782997
296.4094483
302.3480931
296.2591739
305.2440153
303.9082564
312.4197031
285.9511958
282.4377301
281.7731134
280.993725
288.6422244
286.5494278
292.0701998
297.9379223
310.3030871
311.7328464
315.330658
312.7213262
317.7012939
300.5207148
290.7184094
289.0776353
308.6112427
303.0246512
299.5218118
284.4078974
315.923335
314.9207589
324.0889862
331.3546328
324.3959484
343.5186088
334.546002
313.8363415
314.9570487
300.6335187
296.2060368
303.0427282
300.1396466
280.0071619
280.0100179
301.995677
290.9320259
297.8452002
296.5909882
306.1579132
317.2528062
325.3375869
303.9340952
325.2618427
337.726301
305.5975393
281.5117344
270.3667295
273.9831422
301.3562526
296.6838421
290.1113152
297.3473765
313.2539869
326.2696489
323.0238902
310.6868426
316.1082496
324.1916528
343.2077543
321.7842022
324.9555914
340.8948623
327.510178
318.9876551
317.5933636
329.0548175
315.9771318
313.1111874
325.0946927
329.1116825
325.5847959
321.6163082
309.5125233
291.6102669
295.8748566
296.9955585
292.0919372
288.3918073
309.3233403
291.0485514
290.0684082
281.4171523
284.2747079
306.6030775
297.7230791
284.3991896
282.021054
277.0608159
285.3475277
296.4981587
291.9983256
310.7020578
327.8299265
325.1623739
326.5821482
332.1944787
319.1926337
310.2081031
303.0567843
325.8908668
311.2042575
303.3473578
301.8938715
287.7592331
286.6226909
287.4520969
278.7279643
269.2308913
278.1410216
280.9128416
287.4761333
289.3919876
298.2795991
310.5219783
323.4816049
309.6615844
308.3062662
301.1499916
308.8421703
319.3214219
322.1858124
332.351601
333.245492
326.1575761
326.8130607
303.5662734
299.2158058
302.988852
302.3205453
294.0280055
309.4749976
324.7823985
285.9672728
279.2106055
281.6853344
298.3669643
289.452223
297.3183472
308.1843376
281.892613
289.9803188
281.9741009
288.9453225
315.6844525
291.1585537
305.3921794
277.6181865
261.0395992
253.6963077
282.8904273
286.4890511
287.5450418
318.9550358
311.6881248
296.8687281
279.9620257
274.5081728
265.9435214
289.7860004
296.9515492
311.3886485
322.5516744
317.3502917
309.9320515
299.0176225
286.1785419
292.9338391
286.2518609
295.6693523
274.5027777
293.571025
278.6291329
278.6710885
282.8891506
290.3260511
296.0704504
297.5360212
281.5347573
284.0146334
314.6270971
294.4953733
282.1670475
290.3924388
303.8969382
311.8422687
311.2997709
297.808444
290.7441534
286.7670847
296.6392179
296.2591997
295.6454443
301.6790245
303.5515049
301.8417382
293.7001704
298.8965797
302.1705602
313.1612181
304.9905738
292.8520288
295.1688673
296.8201411
293.0684887
297.654853
286.0538408
274.6151856
302.8228678
316.9998268
320.2381793
314.2344744
297.8482774
291.1818071
294.5074906
320.6865784
323.8070088
320.8842669
283.4392235
300.189926
302.4064414
289.6323966
298.3605432
311.9039307
299.2170932
294.8059253
299.0644672
300.2234298
299.0972999
296.3820804
300.1886756
321.3483057
315.9427488
323.101879
316.1822971
310.190462
302.5528182
303.8553848
315.9062963
310.0514602
313.515137
319.3972313
321.7806829
312.3803939
303.4163932
288.0903823
300.6513833
316.297605
301.2512986
323.6536069
337.3531909
314.8962851
318.7615459
289.7232483
271.0375257
298.1486752
300.703669
293.6526005
315.6410832
306.729237
335.5222835
299.9927115
293.9082479
303.3463149
314.1498596
299.0244735
309.5599233
285.1597568
314.6056611
294.1578546
278.0110074
279.5434267
275.7655663
291.1957091
299.7553557
314.8335478
340.1413782
371.5775045
356.7322243
340.3576309
292.4951664
308.7762307
307.2638802
291.3660507
286.2709083
302.1584914
308.4014555
304.6182076
276.2319634
272.1541029
275.3148144
273.2160125
283.8430867
288.9895269
296.0771522
300.3398596
276.7586322
266.2531295
276.7071576
263.8427384
325.1174434
326.9930324
304.3855323
300.1735738
298.4238556
301.4443385
305.0866506
286.7954804
280.5095247
289.4867329
292.5049835
303.796232
311.032067
311.8211679
314.4072853
285.7306716
292.4566668
297.0329588
310.6003036
309.8889405
308.2773518
301.7837499
306.0063657
320.0176695
313.5164871
311.6754988
299.0749263
317.1676812
336.5791548
316.6814077
301.3569563
297.2719977
293.6702975
308.2138318
309.6693394
300.3639642
322.5437954
310.9906365
312.9769422
329.8107867
271.1357995
284.7816816
289.3854772
296.3293539
300.0851412
295.0870836
314.4465885
310.4699469
296.1388403
298.1230017
309.0053495
300.8818203
285.4210995
308.8994973
301.8781154
302.3740348
294.23896
299.0893425
280.4504294
275.8010246
301.6929464
298.8097053
306.1868569
299.4360475
316.5225277
344.9745046
319.3318126
324.6318637
321.1977619
312.0456303
316.8435329
325.9797793
333.9161762
326.6078483
326.5379163
303.6266977
301.4228048
302.676577
299.1531768
309.4459822
323.6201652
321.8474401
284.573176
282.4086191
285.1247211
290.3484676
292.0563367
293.3288756
293.7488657
302.421861
313.1212391
324.8734506
355.5273463
335.5083126
328.6810388
336.6065809
338.5919317
337.4585657
330.4419872
330.8310386
292.2081687
299.2612627
299.7261811
326.8532103
292.4735041
310.9183205
303.2124376
323.6094189
310.3374254
294.6110785
304.3558624
278.904221
280.3752599
277.7321201
292.5564937
291.5534908
319.4765064
341.0221113
341.6533192
301.2802884
284.2561796
302.3535415
314.1158563
311.9096356
320.9882702
307.8768262
297.7775872
290.9336733
309.6916488
309.4261084
310.5675526
299.5543033
288.3037029
277.313606
278.9749577
294.5894227
303.5147393
299.1566388
288.3394616
302.7589797
316.4189223
307.5008606
321.8914594
304.723479
321.9378417
329.6453252
351.2127985
332.0646026
326.6368677
314.0127338
323.0637504
318.5868522
318.1849138
304.2096387
298.3626691
286.9171691
304.4830811
302.9301851
297.147771
301.3909056
308.0364769
305.3418016
283.7893065
281.7306594
305.8876539
284.6976063
275.0558271
261.5449651
284.0359721
296.3793935
286.4431156
283.1933833
267.5215509
281.144907
280.5001835
293.9869933
299.9859842
321.8773915
313.546454
296.0564972
294.6446005
293.6850725
286.8297478
292.6225735
293.3358448
310.4456465
312.1731781
321.8386011
314.0319985
317.1785423
322.3101219
313.0056097
326.2669073
321.7136147
333.8326879
301.5450295
294.3495785
287.8883134
297.8457957
308.8813167
303.6348283
311.4331087
314.5510747
300.4626691
297.1492059
302.2768555
300.3920018
281.8142568
286.8792967
285.881088
289.2612559
274.9619532
283.591916
267.3191572
282.3769142
280.0437298
266.422404
280.5133786
291.8818566
300.0348166
287.2493532
289.7382868
266.4868332
256.6011912
273.3386606
287.9038438
293.3552567
312.4815484
319.9044592
310.9691129
299.1740884
297.9351946
314.2011762
306.3001469
297.4792695
295.6303587
317.9128852
305.53217
317.7744632
302.8642798
292.714504
291.8949933
302.5842913
309.4520374
310.8793131
298.0157207
315.3385064
300.4361791
289.5302933
278.2315697
269.1270258
291.5537845
303.3352427
323.0023089
315.6869206
324.501099
308.1788792
303.5022144
278.7507211
273.2757247
296.5705617
286.708645
292.7024418
272.2472092
276.3094215
272.2463785
258.2740988
262.3126339
260.9704674
269.6075396
266.0144775
288.1494363
288.809203
295.2526914
284.991009
263.2602447
284.5545308
300.7975873
298.8038545
310.981924
301.3446958
294.8873015
305.2856153
295.2241181
296.6611586
314.9202844
289.0292804
292.397409
310.9339128
328.6802081
326.6159183
325.3066302
322.640879
308.467923
297.8541133
306.3146504
299.5297299
284.2974415
290.4584262
307.5616947
260.4464439
273.5022149
284.3865909
298.9307489
304.5747284
295.9691
300.1433644
296.6823375
307.4661519
298.0562128
299.6863149
284.1126767
274.6134968
284.1591402
289.2118771
271.0876276
284.7204261
276.4490028
275.883848
282.0176242
331.1053398
316.6630945
334.8307582
337.305035
314.3308072
279.6398046
287.3428166
290.924817
295.065337
289.9121691
297.8344664
297.584441
288.602865
299.7323346
315.6194274
309.6744181
304.8102909
311.3079392
322.0182464
329.6704104
312.9381042
310.5793055
319.1632948
299.651246
315.668639
307.9832796
300.9241024
285.4903654
297.4751699
311.5917083
297.3644135
305.6091479
306.0269883
314.7322576
331.5812011
335.0597743
333.7672341
314.4838888
303.7848271
314.0846401
305.5228619
336.6023075
332.8098441
315.4208145
313.0269982
308.1846629
321.49036
336.3144063
331.2699053
325.9934961
305.4250983
296.982357
282.8569647
274.947615
274.778879
280.9304978
298.3142518
306.7031232
317.6668278
304.1797113
312.1089865
299.1841434
298.8255671
315.8884378
312.57405
311.4886822
312.2619139
305.1954573
308.8176147
315.078275
308.0812843
326.7244206
339.6733522
321.7214145
319.7191666
324.5907989
319.4238547
322.9540509
361.2287646
335.8887666
316.0480631
337.8041981
341.1349325
331.2366205
332.5509265
324.0213901
308.8685554
339.8780029
359.9816164
353.0529135
323.2206863
313.1071252
328.0709932
339.0752732
324.6782079
333.325697
338.4707306
315.3580806
293.4137774
311.7560384
306.0949622
312.5564098
303.4906688
320.7683226
305.9935375
309.7522382
304.3545755
323.0074483
319.2500883
316.6282509
301.7979216
308.4407855
291.155688
285.6393567
293.230433
290.309094
282.9000421
312.3170503
291.901181
294.4446808
302.0394351
307.6522492
313.218469
298.889652
317.05765
314.4701792
298.9393583
320.2838013
329.2855488
311.8549326
302.445533
303.1160251
310.7952547
337.7499845
340.907276
318.9667681
299.6550695
304.4987583
322.9324146
319.5787996
308.4862162
319.7705054
310.0984391
305.0810859
298.7276619
297.1756975
305.5055562
301.8516252
290.5611057
285.8568003
304.3916932
307.0981031
319.1748475
303.9299974
301.0655583
304.6527677
287.743573
292.7585984
299.2287164
305.6140675
308.9497954
276.6197368
280.0004091
295.8648532
296.0727276
277.8606485
291.7925889
299.6731415
307.8789381
307.8287978
281.7769687
264.6689275
285.3359469
297.70176
286.4088695
309.2962481
307.9694827
295.7887549
309.0959252
324.2040778
268.7555606
283.873646
298.5832501
285.9190504
257.0986594
260.344707
289.7038172
300.2248305
289.7417181
295.7627631
318.8888304
304.9841392
302.436513
299.717037
307.8008441
284.3432875
290.9198445
304.1522714
297.3000916
269.4450189
317.5810575
306.3294997
295.2273322
284.6260221
278.979847
297.3833634
275.6196769
282.238436
280.5612747
287.4048389
274.2944188
284.5611647
291.3633277
305.1766385
302.2801597
280.2734723
292.4356479
291.7144832
296.7010313
306.2495174
282.102145
294.5755934
293.3240043
290.7326129
276.7645331
272.1871881
251.907617
265.2143333
271.3347379
279.0750398
285.010707
279.9082337
283.4995055
291.7201772
279.5328739
280.8478505
277.1774032
272.153636
278.8002259
272.8154821
308.3971582
309.156565
300.8049841
314.5669964
324.4561079
315.3404901
307.7524139
294.1510844
276.8278449
274.2227674
298.4649396
291.4220004
270.9367625
266.522352
289.8119303
283.1144065
272.5609722
290.2588899
311.3865559
320.1407508
262.9812985
290.810247
287.8002821
293.8746433
272.6154403
292.3828818
295.1467748
297.2812879
285.358779
270.5911174
265.8825251
272.0802458
272.4089577
277.5588945
282.3276273
301.0284317
292.9409935
287.2662373
277.4780414
260.8355834
287.2830716
292.4629472
276.504622
284.3351383
282.1292236
289.6862736
297.6595592
291.2267762
292.9730572
298.134741
302.2413819
292.1943757
300.5903005
308.4477573
320.7145671
312.7433157
292.2896528
295.715541
295.9062114
293.0117867
283.6905908
280.1017925
287.0487742
285.4165941
296.5015565
308.1691975
306.0444422
311.7432614
294.4138253
290.5576112
256.5510545
283.0599788
297.1699167
288.3634655
279.1934884
272.8956843
286.7976041
306.8713605
299.2258127
280.4717086
293.8150891
295.5421951
285.2414416
298.8627899
292.7723326
293.7658461
282.8073911
293.7020602
267.4278613
291.3894991
320.8330755
327.886526
297.4059079
288.1356437
275.7351892
277.122762
284.607029
297.7419657
293.7499404
313.1715866
292.2960524
311.2521552
304.5708173
297.5542627
288.6273493
281.3607279
296.7401771
287.8499736
281.9547782
288.2596738
275.4807028
277.4200015
316.8912977
325.4805814
324.5584966
323.7183476
312.5704502
308.2189117
308.8159781
289.8023735
311.1114577
289.5793183
290.5693488
312.6777114
315.5833327
307.1630029
301.1500833
315.3073153
295.9217254
301.4632379
293.3953007
284.6924499
290.9436391
287.7125032
283.5471796
287.8476001
287.3325319
280.3659879
294.2300624
305.610788
293.2193442
322.6942565
316.8990331
321.1238991
312.4301937
331.0084283
306.6698633
288.3660785
288.0157068
295.6425432
312.8134844
305.7380842
303.2259175
312.611295
345.2134968
332.1791992
337.4411059
340.5848405
318.5674849
306.7632325
347.3467721
336.3682057
336.2725393
333.9266123
329.9890519
328.6563572
352.5758476
326.6878
325.7996125
328.9647955
345.9680898
330.1087756
333.4690203
325.5673418
327.9304941
300.6705599
301.0963234
314.9590918
323.0430469
329.4385412
334.1498663
339.4545028
321.5868463
300.2466433
295.0244102
301.0891547
299.5131335
298.8305196
301.4251448
314.704716
323.8930043
318.7938983
326.5653163
317.7302047
316.3357591
330.1306009
319.5458408
307.2141323
308.8246563
313.7484222
344.3206645
297.1019841
280.6856327
294.400855
292.175556
304.2585582
285.5424565
281.6560936
275.527678
284.8039662
298.1621874
310.4363803
308.2138562
308.4052412
314.6447992
319.7682804
319.0007562
321.2792625
324.3370059
352.2240455
280.8819343
272.1977774
291.1196757
308.5736158
303.410096
299.7822458
301.4724798
297.6027061
310.1227826
312.9746777
319.276246
326.587526
324.967983
339.9738735
316.6591599
347.095174
328.609748
308.7333054
307.8771646
297.8743163
290.5362883
308.5991198
310.704275
297.2650229
293.6824694
298.1243203
298.5476725
305.2545342
298.8878259
302.7662016
308.9930964
331.9429481
333.7345121
314.4340883
313.7157706
298.9401821
294.8320504
304.2654259
281.8843484
278.8703983
280.9513217
284.8834952
286.3060279
298.1265768
321.2977962
330.8348574
322.3063198
319.4049725
333.3184824
308.7235764
301.6392225
317.4259387
297.6996334
297.0875819
290.0875183
284.9439305
300.5104706
301.1450905
281.0946569
293.2160629
300.7691491
303.0315235
299.0907528
276.4033742
288.6616883
303.5442817
301.1502851
306.3638863
306.865769
290.4398498
291.8629058
299.0177886
287.7936449
291.3087774
296.2587813
319.996134
305.0603069
296.9545962
316.1443801
315.8578924
280.0746927
270.4837829
274.9224604
290.6079997
281.1887318
279.5293836
276.5462586
254.6198238
257.3291231
255.3855423
271.0300243
290.2009686
282.6766912
277.0882577
291.9828773
288.0569444
295.1584947
289.1353009
282.136117
277.5517568
289.3836316
284.370387
300.9488546
302.512889
291.5912812
282.9327936
293.6737186
281.9732934
305.9265312
322.1245287
332.2818762
320.2245287
291.0759803
301.1379601
296.8701507
285.9115496
292.6672157
276.113174
280.3234812
281.9694128
287.4607746
272.8559347
264.0458621
244.963413
270.9137632
280.8658591
282.9566392
295.8540137
299.2569973
277.3073214
280.9177703
286.2926343
296.3311525
306.1408472
316.1874655
323.4531045
307.7784621
296.7811383
279.7877304
292.8634098
271.2299417
286.5430001
269.3133048
249.498599
265.0974025
279.3965723
291.4612073
300.4724144
305.6576683
304.6524553
306.4525219
302.5376045
308.5026411
294.5128965
285.794826
275.1898976
282.8396
274.2516147
285.3096177
270.6292518
295.2219605
290.396233
289.0508658
286.670049
291.0523214
287.2418645
285.0247741
303.779983
315.2873403
322.1101808
311.5058377
295.3772616
284.5913379
300.8918325
302.799918
308.7621782
289.3563797
282.0360732
292.0964517
309.5501029
270.5549266
275.5590916
276.4038569
288.8712223
299.3659666
303.0998989
315.6439844
306.5773998
294.6747423
283.0663181
299.6064908
284.7269122
261.9749426
269.2015593
288.3178075
301.7089463
287.8187134
286.3633419
261.6814311
254.2505998
313.3003042
295.8566617
303.6025441
321.4754082
297.0912789
298.8594696
264.6734671
271.7602244
287.3081491
278.5814047
270.3599722
275.3376565
305.435609
301.0347314
282.6157051
298.8705816
306.7687184
295.1308485
289.6888389
295.9034355
268.3157567
292.5776681
297.8940276
310.6472688
335.8555613
326.1655148
341.2508271
312.6539987
308.2120714
302.1085027
302.8288722
316.1212088
305.5222787
309.474758
303.048465
302.5322846
267.6579763
279.6068199
275.2142457
274.9544214
283.2594429
283.7164171
304.2541356
296.669766
297.9438115
289.0619092
320.2372468
321.833574
300.5621599
308.70001
302.2168231
302.8859878
291.7000111
294.1808433
285.2288993
298.7436332
286.7606148
298.287821
301.8518923
293.1666012
306.9794843
287.8591637
303.393589
304.7829761
301.1422501
295.0012183
284.9750873
291.4380462
305.4103018
296.6034405
304.1653079
298.9031898
296.1558214
299.8351448
292.478289
257.7613293
281.8888628
279.3509289
279.1094537
296.3386448
287.5336633
276.676125
283.4708429
306.836389
302.4176938
316.2006969
317.4365562
330.3433283
336.7237762
342.9594327
345.4682302
313.8244751
307.051018
327.9363815
321.9923092
293.7114406
296.5129009
304.1838792
298.1054838
284.3392615
288.93603
294.5365633
298.3962812
269.6824956
282.2600443
278.5519863
289.3448712
293.8482739
309.3394058
323.2886246
295.3575943
306.6984596
297.251886
318.108266
312.7108553
336.7670023
344.3758955
325.7289944
314.3814417
307.9396287
307.1977826
296.2057592
270.364327
263.3052682
265.9681616
299.1363844
310.0588057
326.7426488
323.8324447
310.2484814
280.284909
274.7657023
279.2765572
266.739425
252.5251243
240.6330119
269.8654643
331.4794986
317.4382457
282.9646067
270.4325331
279.1656312
293.8110981
277.2804372
261.2799527
277.9191015
298.2230633
289.1697842
291.9978043
277.1650303
293.1000965
300.7540632
286.5458635
281.4156022
281.0845564
284.7982952
281.4272402
266.4975499
285.7246509
301.9488382
288.4327035
305.328067
301.0685188
318.484134
317.9392905
327.3295203
328.9791376
326.0794572
340.4500545
348.6865423
312.9515645
293.22806
279.3965758
263.962915
272.648206
281.6803711
263.5058742
271.004084
271.3479377
276.4880775
301.7898143
314.6629641
313.774173
310.0829878
326.6766258
319.0582202
326.10989
338.6425108
326.8511925
318.2514336
319.4178693
309.9610591
311.6560641
312.6390815
295.9102248
286.111173
282.1076744
289.0343614
301.9450716
296.5003684
296.2434554
314.768208
313.4521978
299.842593
287.7461122
285.8017368
286.7873982
294.0366557
299.4263272
306.2712442
297.4566726
278.734265
281.7192223
281.0516035
246.4569455
249.6243894
261.4968707
261.1027211
274.4202545
293.3701761
297.5840244
300.0571994
303.4787773
296.5610119
308.116824
320.9134323
309.8960195
291.0935683
299.0146712
297.5681776
295.4352648
306.3517158
310.0760473
304.8767283
299.9704478
286.5748338
279.1832838
290.6613966
304.0381517
314.2044795
295.1633519
313.405314
298.181901
302.3876601
313.812389
294.2584307
286.1412241
262.5259337
259.014099
265.4652514
289.2519076
290.9043961
281.6540054
291.6260422
268.8594475
283.9120977
273.1123461
278.1595947
275.5833263
273.0367771
258.9175077
255.3444424
285.4353957
294.9784867
269.5315278
246.8338617
259.8003799
260.5540268
286.3696642
291.8757834
292.7634431
287.9651912
287.7451371
292.5295691
294.7081862
278.9462711
284.1690746
283.0725926
285.5285528
274.4816429
292.498532
282.8565132
283.4370217
270.9642158
286.221344
283.6618635
292.1059473
276.3143874
272.5464565
308.8458993
314.7388638
292.4592115
297.452328
301.1892364
277.8034514
276.1590841
301.7286579
310.5431532
301.4411598
310.8260655
277.4994354
278.3681064
294.7617942
289.989884
299.275553
288.5534627
287.5176481
277.6455479
302.7169386
294.5440223
305.1882686
322.6229807
318.1760796
310.511359
313.3509223
296.8268266
265.7832755
296.9534063
301.3552143
291.4789069
301.7101591
314.0720763
301.9470306
272.5479903
290.5718315
300.8276074
307.5243897
311.8209821
314.6555249
306.501081
322.1962151
320.8505887
309.721366
297.6455788
308.9379182
306.2679755
310.3273977
311.3099412
327.7377079
316.7206875
330.2015018
310.441188
297.2042603
288.0036168
298.3335852
302.5709971
296.9555751
298.8319888
313.039863
319.6923266
296.4997854
284.9122275
293.0423908
289.3210811
293.9013568
299.4072179
281.6666969
283.886114
290.8257059
322.2386388
298.2277325
293.9366729
312.4873462
319.1585646
308.7465787
295.844419
301.5582812
317.7478972
313.0108634
312.6017332
298.595513
302.1700607
297.2339333
286.9444452
292.8913104
286.1958798
299.6841989
314.4164523
305.9534343
294.7979373
283.4281292
281.0081817
275.4312033
297.6536985
326.5204963
324.224852
324.8011775
327.3815477
313.506861
314.9023364
325.9772517
303.8413015
307.4013031
303.8228982
307.185325
315.4041044
294.9238026
279.9235434
274.1344835
277.6706091
304.0141291
325.2196864
293.8937169
293.6426891
289.3451534
314.4185309
304.0180085
314.5469018
295.1806149
276.0087816
263.9259543
294.7343414
303.9555713
294.4305174
299.3550845
319.4839943
333.1529314
326.3677908
334.0165825
325.356935
311.1981744
311.1413594
331.8923435
314.8276106
329.7636549
300.3209864
305.9787022
308.6252082
286.7767889
310.8372834
324.6135047
326.3550175
328.9008117
320.0156764
317.2037056
308.5521517
288.182767
296.5944674
315.2281804
321.563474
294.0864508
288.9479569
291.0307274
316.3233245
300.2797588
300.5948218
310.1968003
289.3306688
272.1648206
279.2933399
303.9421817
303.9575385
307.6309568
286.9495729
279.5381698
275.8601675
265.6598141
255.3899207
253.6919734
271.45263
329.102176
335.1030876
311.7873654
292.1907893
306.4180807
285.4459127
276.2636283
295.0615839
281.968383
286.2798678
287.9442131
284.9054161
283.6851505
294.984462
293.5849535
293.0781672
282.2112903
286.8227372
297.0308688
298.8720247
285.9717301
300.0814829
295.1551756
313.1141812
320.1411079
323.4974068
315.9892539
317.9907295
319.7124473
294.3988626
309.3201531
311.1029586
292.2713894
302.5188787
297.1703806
316.1819466
321.4647212
325.1611672
299.3136392
291.6908512
281.0083547
264.3730228
284.2726892
317.7390923
318.7796086
327.2085079
308.5980641
317.660915
303.1540972
316.6103297
320.2232562
317.902666
311.30886
320.6661159
318.7094553
310.4491617
291.7927596
289.1560024
292.1438864
279.5296208
266.5262575
268.7207594
289.3643186
289.9986184
299.6329351
301.4703931
291.4139123
290.7461026
305.6149559
290.4617578
281.8073605
292.9319404
308.6602771
318.0516497
318.5739112
325.6477212
322.6344905
331.6570682
295.1439511
282.9262851
298.6958555
282.9131595
275.2756151
286.4526306
278.3387173
274.3752796
285.4525991
290.7388724
281.3178708
290.4355923
290.1970084
287.4772981
294.7925087
292.5649213
270.5248113
273.0363025
290.4065439
274.261408
281.4543726
294.0212191
316.558793
318.003459
312.0896989
327.5902153
327.6841216
322.6523325
312.1775175
310.9788332
312.6243229
298.5953873
304.8319197
300.0059214
291.1917097
303.4766929
313.6428452
310.9125553
313.8665324
337.5539294
334.4366636
328.2237063
308.2348789
299.6897243
293.1509182
283.1700575
292.9023851
306.3541823
306.8452635
321.365
313.5273099
319.7412566
306.2834434
280.9241899
294.1166651
298.3260665
302.5884451
302.2331681
314.7483668
302.7868898
290.1756551
294.4742752
266.2823876
272.9306467
255.7348538
262.0542131
271.1796163
288.9537424
279.4287526
294.0692594
308.2013164
300.7536793
319.3010531
315.4144327
300.4246513
293.4154452
295.2724427
280.4051864
280.1625099
276.2204778
297.9403318
294.5206452
302.9504602
294.9402253
298.5456801
294.2273969
290.3049548
280.1275486
297.1279812
292.3823144
296.7944793
307.0529875
282.1430343
307.2625787
297.4507871
295.3120262
311.5048712
316.0195781
305.302432
292.5573134
305.8553064
286.5363742
307.965442
316.84024
315.0433485
328.2077138
331.6228632
309.4622862
301.6209696
310.4029076
310.1381378
311.4916649
309.5712901
308.1161419
318.1825374
316.3248415
302.4659072
302.0226116
319.2523789
318.7129776
311.7997037
293.854353
327.0646333
311.3195586
331.3189566
331.9009173
338.1561852
352.5316252
367.4710552
351.1591099
330.2658897
325.6401871
315.9014754
335.0707973
308.4879228
299.9248887
298.7161497
290.8418672
313.8211847
307.6518078
316.7816032
343.3930668
291.4610071
301.7268951
293.9599556
318.2069814
320.0804219
314.5342222
300.1017729
313.1446076
316.0501094
331.4767834
332.4028329
330.3355817
342.9736018
375.7172943
357.3610885
339.6006876
317.7213605
335.9301134
340.665336
307.4059593
328.470515
316.8880775
332.8023004
313.9698567
327.1539605
318.514182
329.2987136
317.7597976
314.9503796
314.1289041
320.3907772
315.0726549
309.8514696
302.3491275
311.5831536
282.8613334
286.1382239
291.9386894
292.0497192
320.2680881
295.2034302
312.9738251
313.9581639
306.976568
289.6373493
282.2023189
283.048202
293.6496661
287.2885267
294.7503688
310.5111474
308.4737485
326.300725
331.5743102
323.8570595
322.9318772
313.3127583
316.7039678
281.7724523
286.327907
295.3633973
319.2205377
309.6396805
315.8662216
308.9803043
313.248767
320.0003163
298.138574
279.6225845
281.0742937
293.315342
308.8035672
287.836195
301.9927891
329.6523978
324.4912025
307.9573819
298.3120179
309.6832435
294.6264344
318.9093117
300.0557409
305.2678471
297.7688222
296.7354902
284.4158378
271.6797982
259.3155394
290.4945229
300.1313822
284.1155488
267.6150098
273.7717409
281.6726339
299.6349013
289.7925393
311.4691867
314.1347193
311.4116606
315.8716261
292.8614143
294.579313
317.8744063
299.9139624
296.2869812
284.5209486
288.7309731
298.2627268
284.1821743
300.3018412
287.8709973
275.0115801
290.3838316
305.0090325
295.89054
285.6921864
282.8762844
287.5549924
301.791631
291.5663165
294.4541318
286.8055604
297.832419
305.2819559
296.1508162
302.9983225
288.6580276
295.040863
299.401612
311.8490321
308.9119341
321.0534067
298.2063494
279.3170911
293.9585948
287.9954674
295.481829
283.4258808
292.3972917
304.0842423
304.0773505
313.1877083
306.9411725
274.6518294
278.0059158
289.9630577
287.4960307
287.9432005
292.6422829
323.3694875
319.5106388
314.2891693
320.1570525
293.5997359
308.2872322
312.2931762
314.7529477
306.273325
291.7339068
301.1730276
279.5821311
293.5549632
304.2838739
309.5701354
316.2708383
324.6045424
333.2324422
305.0059865
294.616161
307.2565027
292.2687259
274.1665295
280.2163275
280.3554432
261.6772653
269.8079947
262.9628372
284.2735424
290.389248
296.2966177
307.4841446
311.8872414
304.5275854
284.2152391
278.5845488
290.7343439
247.6509298
247.8268059
258.9765155
262.7578853
264.2136591
274.1075787
261.8847305
268.4447355
282.8043999
289.9598078
302.3896741
291.047325
299.283116
304.4077751
309.9297913
317.9568976
338.3079179
316.3425946
319.8507552
318.714138
316.2309696
306.208592
298.144165
293.7949981
292.8963362
290.1746728
303.4504994
282.7454121
297.8909642
300.5089908
301.5544657
308.9407217
297.5287381
297.7526145
304.2930437
298.6979696
309.7052479
307.3441943
284.8582266
290.260206
289.8714683
281.6506226
292.1758914
292.7331198
282.9720985
294.9210957
314.9457003
316.8554353
305.3794918
303.7135223
279.4165118
290.5086858
295.3144983
302.7917289
295.4043509
272.3533249
271.2976066
280.432102
316.8805273
318.3946567
311.4300008
292.1718204
285.85053
285.997006
305.3786923
310.6017003
325.5260667
325.5432142
333.7494858
331.6309657
322.7252307
288.8598069
267.3104504
254.2230867
300.4492768
305.7569169
301.5464011
308.2641126
308.1091754
307.1487165
294.3304126
311.5739336
331.7169743
329.1327593
302.0548846
300.4309218
304.0637054
300.5722726
307.1123623
327.2960925
342.4452766
353.5823737
308.7290128
324.2065805
308.6192085
308.6305701
295.6072813
297.5303651
313.4701992
329.729279
335.6640304
353.0321907
312.3479836
322.0478062
316.2905318
295.1437964
302.337134
326.7821855
324.0462617
291.5552986
289.6462025
297.9334193
303.0325476
311.0274824
340.545028
307.2352407
289.7524336
287.2397695
293.1469983
296.4871099
304.9462822
301.9500978
308.0870233
322.6320787
337.9531911
351.1837539
338.2722546
332.3451924
339.2267377
332.2358043
335.0639561
327.4487727
316.7943762
323.0574931
299.3840847
323.5563887
320.9132537
312.7236247
290.3177867
301.6578179
293.0300065
307.9559191
301.4389379
290.86978
296.2078008
314.0225052
322.6201633
312.6044173
315.9935961
318.7596965
335.3158395
323.3006811
324.9110107
328.170708
340.2576261
323.953044
334.8552817
313.4636982
325.6831812
333.7607291
335.1098154
295.2956345
314.5044645
320.9891181
312.8852717
322.1406115
317.6380246
293.6724813
296.4867524
310.6905027
295.3395648
311.8394608
313.470557
336.5147433
285.6658432
283.646037
249.9054278
278.3748398
287.5388182
282.7610721
265.4565459
267.3591107
298.8398063
322.3967833
317.2336443
308.4353289
315.4024465
302.3770743
294.0182673
311.3841291
287.6191598
296.8339636
303.3797969
301.8543887
315.5862057
310.2594124
313.7707839
316.5650179
299.9595884
317.3878754
345.0386182
336.5023785
310.7143641
295.8765952
309.8353845
310.4510065
318.1297091
305.6354889
302.4027112
324.4834321
336.7602391
348.4124656
343.6414254
328.3813843
296.8597294
311.6273351
299.0252732
315.9725472
306.5585121
286.5612982
278.998999
293.7260202
295.0668661
291.2232397
279.130768
271.2627286
277.6821607
281.7633405
292.0722131
293.4909613
280.1181314
306.1165877
311.4512015
312.1762327
312.0224341
295.284412
294.7616398
292.1330761
290.7808712
289.4066795
280.4660807
286.4718932
289.3377028
303.8619008
302.4534201
307.4472916
315.5129256
308.9604774
321.2341579
331.2722623
335.7683583
334.4639748
308.4145652
330.0206849
264.1611466
271.1590825
275.9698176
278.5135682
284.3872499
297.4202376
289.0215254
304.6543397
315.9358621
294.6170011
286.4100918
303.1447652
324.20592
342.2181205
318.3211089
331.1316847
320.3913741
311.8080177
308.694715
276.7476063
309.1288044
305.2510739
318.9444284
330.9377837
320.8144263
289.1880706
301.6051931
304.5258346
294.0658152
283.6671344
288.0867571
307.476002
306.6346399
297.6494432
306.9313464
314.337744
295.2622365
278.2580844
291.963356
305.2348041
287.0704627
276.5124294
288.4724679
301.9133901
298.8645767
285.6378548
283.3723675
303.924016
306.2916207
285.2132805
288.6070857
321.3156267
322.7021168
337.6844115
338.0001828
304.2906561
318.6166265
310.9134167
298.2084471
292.4257852
300.6005731
318.287183
307.0313519
290.7648611
283.0121568
294.0352754
304.6483701
300.7123321
307.5383395
326.4311519
304.2581448
293.7954763
306.8944878
312.4626388
305.4063914
301.5992442
301.2938408
309.171159
321.7096357
309.365948
302.3059095
299.3819087
297.338752
299.9936063
279.6900773
292.8827563
289.4862565
309.0323108
303.0685511
303.3742719
313.3434092
311.8588582
303.894187
295.3222571
297.4335288
289.7820197
290.1756296
293.4781695
294.8985848
304.3818333
312.6917247
304.6887009
304.1651192
309.8898406
294.8923509
309.1042369
309.3848406
299.9305789
301.0310338
306.518993
311.6422709
283.6985816
277.7191688
287.1577387
309.8728992
314.9610862
309.6899344
314.8730374
310.977
305.0761458
293.3568903
306.0866426
324.901702
309.5563643
313.5506011
297.0106456
309.8195574
302.7538271
293.8415487
276.3721093
269.3264595
288.546351
298.0453434
291.266013
294.9319759
303.8710514
296.560805
300.6047053
294.0657451
285.3222782
316.954561
318.1694768
328.3955551
311.9103323
318.6719119
320.1077231
318.9718559
324.9517797
313.7973361
302.3965374
323.8149053
314.4693997
289.5646082
303.0373367
311.5674537
312.0555551
306.0090334
328.4587659
346.9899891
340.8973654
319.0157554
348.4282598
342.3909872
329.7946608
307.6143233
301.0506059
312.637521
303.6846069
311.8233936
313.8453188
305.2447338
310.0429762
294.245145
297.4548944
289.7855424
287.3817486
292.849297
284.3340119
291.2466268
300.6425875
301.5866964
312.2802443
305.7961416
294.7076746
296.5630688
310.0386801
297.7912735
291.5733346
293.8716607
289.9585151
300.7159249
312.0816197
308.8360524
304.1054199
300.1038309
293.9195022
302.2885393
297.8695317
312.7165358
320.7312698
305.9899503
279.1544718
280.279301
307.0357502
309.1282246
289.1355958
298.2960973
302.2132831
313.8244443
314.8438688
312.7343794
324.0578637
312.0815097
306.4207565
308.0259427
326.8489734
332.9344566
336.315554
312.952911
310.6788353
320.3722693
329.7880187
335.171154
334.7052978
335.6523495
323.2689558
315.8461991
317.1401487
304.3135671
297.1747771
278.6184574
272.9029983
297.8977723
300.6970119
307.7379552
292.4731541
302.4128101
288.1471201
273.2631802
286.7414009
292.3187697
283.0779381
288.1861392
266.6151306
257.1968462
253.4371368
268.909898
289.2285171
289.7455992
291.5298207
332.2857353
332.4254138
322.9495104
307.796189
300.6075319
300.4209144
292.0356985
295.8533447
287.3555119
301.2444606
294.7124267
290.8699854
282.841536
316.3913648
327.640554
341.4123423
328.612838
311.4601558
306.7938467
308.6579924
297.8321709
314.3859583
309.5755515
305.9676771
289.8971876
286.5132758
308.8399635
306.8729705
293.3560762
298.1907881
314.8282261
298.3451803
296.2538919
289.4715186
281.6487656
296.2084651
316.4815164
311.2577278
311.0426286
285.5250924
291.2126772
264.3941862
267.3961703
284.6018083
298.3114577
285.4455445
288.8647035
283.5096677
286.4813575
296.4762831
305.0221486
304.3157008
305.0349777
302.2971303
280.8886825
261.3800684
274.2778944
270.7273495
292.2717289
295.1631174
301.2142157
282.3141417
289.0016127
297.9288292
294.7892269
295.4953226
308.9763339
320.0533614
320.1823394
303.757925
282.6127845
278.6234188
288.5859631
282.9860504
293.4650069
291.1660166
297.2393928
295.7198835
289.7632827
294.964081
296.0968089
306.9804546
309.9368861
295.7538095
308.8004198
301.0043894
306.1223558
306.6812445
301.2225904
282.9717375
318.9541161
307.9855434
305.9590884
277.9907395
276.582257
316.8231025
301.4048315
303.6645407
288.6348637
283.5897105
277.1035355
255.0361467
279.4286472
306.127617
281.4116901
262.1928421
273.1856815
288.1938676
280.7155924
311.994738
268.8746316
285.1872288
290.9623379
292.7655906
305.5353447
313.3556758
316.8048512
297.8278898
296.9473825
306.9779445
318.8664533
322.2188704
308.3842013
312.4801168
308.1812594
307.0062471
307.3105707
310.6470915
304.9746725
271.5027261
292.4089238
283.895786
289.230986
295.4351152
308.1520246
289.2340594
269.6561861
258.9277044
259.8972052
248.8926744
246.1148133
270.7201795
267.9979261
276.4776659
285.5819166
279.7604112
279.4710988
274.6289951
282.0286271
301.6585424
303.7350127
300.4161848
298.4600681
285.7495676
298.4392863
306.1143146
327.3940946
326.3724063
306.8430349
287.569849
299.5267744
305.3197572
307.2822861
318.7350188
331.9422057
314.4373361
304.8667978
302.509152
286.055905
303.9462959
279.2950143
297.9381822
308.5103772
337.10683
343.2562757
336.800427
281.5654336
276.6697569
288.40754
293.4227571
286.2927883
303.2373394
314.7005639
288.3300099
296.6321581
305.8665166
296.6710002
282.4304248
286.4468957
285.9988285
291.4968901
294.8063445
289.6089588
298.31053
310.3753146
321.48954
316.0370305
308.8957353
309.7766945
320.7978905
317.4236333
314.4547255
314.0824577
303.7901603
302.5382798
297.9327725
300.4860803
289.6236485
287.5364931
278.1698118
292.9804091
289.2874298
307.3993668
338.0706086
343.9376099
328.6045204
345.3139222
335.1307619
342.6161089
342.3378278
350.7145855
323.8346313
318.9953238
313.8194602
286.4922518
295.3538507
288.4086919
287.4165822
304.1806797
298.4312912
331.2385545
323.0330493
335.1309804
308.6236919
303.0869468
286.3228913
279.7806321
287.9381624
305.4156224
312.9982778
305.7020591
304.0095251
288.9233283
268.707953
300.0898113
325.5981417
337.8279499
336.1710614
321.9987199
325.126097
313.9102373
304.3401856
304.2653357
307.6359253
296.500016
301.0342291
306.0521809
283.8813293
288.8462089
302.4633677
307.491439
306.8933687
314.1165521
318.230576
311.0083297
293.0420531
305.7696081
331.3012947
340.9958904
327.3979828
333.4315167
325.7488205
333.016573
313.5611575
315.1912567
310.4348817
295.3669532
291.7436876
312.0596806
305.3505523
295.7086011
299.4039581
310.5123996
299.9165797
296.2232654
309.3672208
301.1757045
302.3277093
319.4513322
327.7442829
309.5527499
311.702618
289.4532767
283.0961104
281.5674658
277.4397313
296.6639114
307.9955064
300.5087476
302.5795283
302.3519896
296.3221182
294.940928
327.133186
328.9864031
330.7855013
321.1065
291.506872
303.0582007
305.3804508
284.6755947
281.3538142
311.5664147
324.7553897
293.2588903
321.4924967
333.2131004
327.020737
325.9310614
325.9944141
317.074393
318.3321211
308.0503453
309.9127553
311.2640316
305.6930641
276.8299152
273.9046229
296.0120576
279.8875503
310.9631198
310.3678509
301.6067734
298.7297733
301.2095825
297.7614279
292.3325218
290.0692781
298.4048926
299.4284263
305.935449
290.9364723
310.0201825
293.1589229
305.4822578
313.6816843
311.0885251
304.2019269
315.6138673
308.7955636
280.4964444
261.1102966
257.0085722
257.4593523
297.6892304
291.2878055
300.3969905
298.1992885
301.1440378
306.7840782
317.2989244
317.8070575
312.4624277
293.3908362
289.1396079
307.1580007
290.341838
297.4328682
288.1173098
260.9815099
288.2970738
297.5780435
298.5596113
296.84281
319.3377706
301.9271628
289.3699355
284.0829117
282.4768954
281.4358168
279.1605987
286.2853425
303.7940254
295.1719678
310.2805075
294.6275764
298.3270251
286.8235308
304.0650776
308.3101776
284.9560916
295.7234109
294.5069581
282.3119029
288.0855791
303.0743672
290.3442319
298.5181498
309.2110522
296.5477879
303.9491902
294.2266552
306.7069285
305.6948002
315.817302
325.2711322
289.5324597
290.6416917
265.6556692
278.3024714
324.4160267
300.539036
291.7900026
318.5007537
319.2990614
308.9190296
275.6544395
263.3097892
286.6003084
281.9597823
289.832216
313.5115745
308.0620359
318.614948
340.1712796
324.4478166
321.4717494
317.2285418
314.6265414
339.0895142
321.7842971
331.6849004
325.7587221
320.614627
313.9776481
301.900251
299.0947549
301.6283866
278.1843917
288.3345929
285.0974788
312.0961562
300.8418269
288.288468
277.666205
284.877217
310.7981907
301.7956094
302.3860309
310.659369
303.2814491
318.3046847
305.7089318
314.6827103
307.517054
322.4016482
312.7240707
308.9276491
292.1344701
292.8461936
304.5765159
283.3604487
299.9570106
297.1474301
286.7379023
281.6302446
285.1149909
303.1048531
313.0389992
314.6265867
296.5325281
307.716422
312.3073909
322.6384844
296.0177252
298.7123289
271.046591
286.0916381
312.7646772
288.5864845
284.0799902
289.9897997
313.8714958
316.6629275
313.1580348
305.4093534
301.5852355
301.1448444
316.1591957
315.7152967
300.1915019
279.9111728
286.7186834
294.4340955
280.4406985
278.5136311
301.8392766
289.2641591
298.8134327
318.0715602
316.4730115
301.1361057
282.9890081
304.3635728
316.1278249
300.8599036
319.1574139
322.1091371
308.0637313
306.8212961
316.3757649
310.3576058
321.102382
316.7193161
317.9204354
322.1545959
335.5547181
322.7244794
313.7423225
318.0014065
328.4496072
354.8066467
353.3673035
342.4253713
332.1431135
330.1132278
342.1754282
370.2436277
383.154626
340.1300799
338.1776545
342.3949677
330.9395833
315.981486
327.907798
327.4923009
323.8011968
342.796865
350.4652116
325.2331221
309.1194196
337.372074
346.1360225
337.9234503
334.508862
308.0734167
293.5019264
287.1797908
291.2424389
310.6588064
280.3219256
308.1937053
313.7266424
308.6077262
286.7858725
297.1146708
288.545926
274.6571747
291.7558752
298.5325047
317.019086
308.8876822
313.8245142
302.7245723
282.3488942
300.5161846
318.2946803
314.2816102
308.4305237
295.1901939
315.8695525
305.6832291
323.0956123
313.1361934
305.362497
299.6915119
297.6635522
297.7487017
301.2683
295.0056776
268.9616944
281.8016758
302.390812
314.4242987
322.3824669
319.3803159
299.6924792
289.8048425
306.4577837
315.668747
335.1263885
335.4706724
314.0382874
323.2615273
304.5758015
302.677967
311.4659331
309.6908981
293.3647347
291.753266
288.2075247
292.0216631
290.338943
307.212798
317.4745846
303.4102441
297.0125876
299.1780691
301.4762711
301.11734
294.5259696
293.183687
277.7497254
283.5340694
294.726746
294.2746729
295.8710166
287.5604174
296.285826
316.5718642
325.7964284
304.6796296
296.7168705
288.4747024
309.9562221
323.032264
336.1934325
329.3585289
302.7290411
288.1833451
293.7306385
312.5700198
293.5542463
283.5895415
315.4902495
296.3118287
294.4031395
270.3845565
278.7005492
290.1061326
291.236186
292.7350435
296.3597145
286.4407017
272.9056902
286.0198407
287.9837705
287.3532478
278.1561522
298.4308698
305.0512462
290.6857812
323.5549486
333.1780145
325.4594971
304.8398028
305.7620169
294.6055999
301.4555765
305.1060625
317.7346486
348.1290162
316.3410332
344.7826073
341.1944758
311.0532117
302.7941094
311.197137
316.5557935
312.567009
294.8834774
305.4372202
300.9585368
291.479171
298.3222219
294.6343537
289.4855685
279.0534218
272.8896279
275.3250087
283.2731543
287.0595671
290.9749388
312.2340044
310.8961215
319.7130769
321.684655
307.3134949
291.5595906
292.6578876
314.9745839
309.8345081
308.624972
328.2319498
307.2023562
290.1183417
295.5903649
306.0263839
299.4729915
294.9090939
300.5330874
294.6719805
281.8770326
308.3916929
292.2461606
291.098595
293.5724932
299.9948231
314.0035366
316.6497104
322.892668
316.2679045
315.4996237
290.7664818
311.014587
301.645312
322.4212154
319.7082997
337.9994475
326.929788
341.6079122
338.3305676
324.4816329
321.5366211
328.0853621
326.1391611
327.3701341
328.963907
335.4425748
318.0039468
297.8954547
291.6895723
289.2527316
297.6425456
282.9784355
278.6948707
278.2133028
285.0275276
282.9900827
290.0567448
301.4629481
321.2858889
324.1791262
310.2458798
299.7928261
307.3011046
288.7371193
286.9844196
295.5885015
291.9307695
291.2329178
292.7411267
292.1921395
290.4393927
297.3469777
308.3933002
293.3682568
301.3643564
287.1389205
281.6684448
278.5228495
272.0455172
283.6307379
305.4767683
312.1848101
315.5732923
298.4727617
300.5758465
296.880022
310.9219986
324.5458766
312.6739611
306.4400653
300.970967
288.8040571
287.24828
302.804532
321.877165
325.9910178
317.298059
331.3755228
313.3811829
315.8489479
307.1162042
315.3356458
328.0066224
319.090343
297.6896596
314.5088623
314.1068272
279.6348068
276.099445
297.5475906
304.4822804
301.9547527
293.824796
312.4242884
320.96743
315.3387667
303.5313007
301.346165
303.8241154
289.3870568
305.4505247
316.0812751
320.836189
305.7434078
295.7472605
274.9763965
269.3037389
300.7456767
275.8504419
281.9673752
284.5201461
288.201491
276.777611
270.2157025
277.4402876
309.6492818
290.5782367
306.5157369
296.7344466
316.3180245
310.6809679
299.3655014
291.096147
282.3171656
286.0332144
310.7942717
323.1550713
315.5345631
294.144185
264.2636377
279.0138248
289.2492201
311.0609014
302.1074265
293.4206911
278.1172735
278.6156407
289.2739651
301.2998739
293.8774272
302.7347688
314.0207321
317.349269
322.9204595
301.5317499
290.9897794
305.4700005
315.7472956
327.3597444
352.2465786
346.6151449
324.2057458
323.1568339
325.9991685
319.86525
312.3765547
318.684439
317.4607398
294.9099495
300.5150523
323.7439522
303.5001924
303.2797503
295.0529333
302.8013136
318.333435
306.7478091
285.6504445
265.0177519
288.8264184
308.1829455
287.1612732
298.3465223
288.2802348
292.9793618
291.8248047
286.856233
309.6624216
318.720368
315.7774912
302.6635824
302.4423618
285.5549484
288.3195846
273.999462
267.0427649
276.5985785
279.9627272
282.801798
257.9308681
247.8751657
274.4989494
288.9337481
298.2090443
294.9373552
292.4969205
293.3759528
305.0981907
322.7166052
320.0063796
324.3360202
317.1796265
310.8704771
294.5277754
285.1185752
290.820835
278.4389488
286.3317543
292.3105342
294.5281809
273.3537703
283.007399
300.6941418
314.9699249
314.0396269
302.0307054
296.871028
296.3897539
307.4179294
277.3348968
268.6518182
284.628999
298.7390694
288.2412079
315.5057216
322.8880023
287.1729336
284.7553351
272.3895186
272.9715963
288.7019562
280.6580024
281.9395959
305.3438539
315.4542357
323.584004
299.1871236
302.9790968
299.2389703
304.0042369
287.0318791
289.7266152
298.6635609
293.4474265
306.2190521
293.2172605
300.5962547
)
;

boundaryField
{
    xPeriodic_half0
    {
        type            cyclic;
    }
    xPeriodic_half1
    {
        type            cyclic;
    }
    yPeriodic_half0
    {
        type            cyclic;
    }
    yPeriodic_half1
    {
        type            cyclic;
    }
    zPeriodic_half0
    {
        type            cyclic;
    }
    zPeriodic_half1
    {
        type            cyclic;
    }
}


// ************************************************************************* //
