/*--------------------------------*- C++ -*----------------------------------*\
| =========                 |                                                 |
| \\      /  F ield         | OpenFOAM: The Open Source CFD Toolbox           |
|  \\    /   O peration     | Version:  2.4.0-MNF                             |
|   \\  /    A nd           | Web:      www.OpenFOAM.org                      |
|    \\/     M anipulation  |                                                 |
\*---------------------------------------------------------------------------*/
FoamFile
{
    version     2.0;
    format      ascii;
    class       volScalarField;
    location    "0.0009";
    object      overallT_N2;
}
// * * * * * * * * * * * * * * * * * * * * * * * * * * * * * * * * * * * * * //

dimensions      [0 0 0 1 0 0 0];

internalField   nonuniform List<scalar> 
5120
(
320.0195163
303.3577205
286.8896727
283.7509473
299.7198955
300.1589064
304.1983639
308.0980229
302.0462111
301.1640289
300.6676565
302.7972879
308.7699444
315.2500162
302.7597908
300.1036804
298.7600713
302.1186929
308.9635926
314.7958613
295.8955606
297.4492912
303.211368
298.4548724
289.0118233
287.925635
286.4964421
303.4210524
311.0647403
311.5500386
309.0143451
304.3260335
305.7476936
300.4937995
305.3032299
299.271899
300.8787546
305.7699098
301.2950412
300.9845122
305.7048422
306.2087544
297.8822478
294.0132862
291.5267004
291.2953366
295.9381027
301.6111838
299.5838784
294.637404
293.2916947
295.1565362
290.9260955
294.4019023
301.9641856
308.3762416
303.5029763
296.7780411
290.7337049
301.170166
299.5463868
303.257815
312.2097618
300.4159204
305.8752875
299.906698
311.057175
303.3610851
304.344654
304.6619566
298.8783642
295.7960561
294.869964
301.0558598
295.4157961
295.1705072
300.0394461
301.6323891
303.1166065
295.2702687
318.0822133
309.6677078
296.3548364
298.1421412
299.3186622
310.2307051
308.8825381
314.2028543
310.7366046
299.8823517
302.1373978
306.8986118
302.0383953
297.4667901
301.9993215
309.3819624
313.8542395
317.2269818
311.9451368
313.22287
293.8007656
293.2359064
299.6193158
302.474405
299.6334261
302.2168729
300.8658329
312.6972841
309.7395886
308.0279902
297.614373
296.7697715
300.0267808
301.6394158
298.391311
294.7815709
293.4886401
287.9283802
289.0135601
285.1424998
296.7132282
290.6911405
299.8130357
308.0879227
303.7982296
303.7239841
291.7961525
289.0508698
287.1898806
286.5630409
288.1700606
293.8028118
295.1655693
297.7942338
289.5499835
287.2921337
294.5968975
293.0552242
296.2177576
292.0259038
306.8458547
308.0112921
311.3220689
297.1613517
299.8730288
291.5114403
300.4065237
282.3878675
277.396863
279.7842509
286.8486958
296.9757159
297.732114
301.5662068
303.5251703
312.2502175
301.7744634
294.2283621
296.379544
307.959141
301.9494779
299.8315126
296.3531072
304.4742356
300.9919775
292.9008586
288.9108561
289.7125317
290.2662518
297.8617345
296.9460655
300.8169001
301.1167028
301.1186964
302.7438369
308.3072588
308.3800045
308.3862795
305.5688284
304.9475018
301.5024356
296.7190892
300.0751607
302.2078686
290.7715363
296.2770424
299.4496548
295.2648778
304.3142052
310.1329115
312.3573985
294.6132207
296.0842429
303.5024862
302.4955984
305.2881796
301.7686848
304.9387308
313.0225944
309.3299747
282.9447413
290.5500846
290.2373404
287.9078809
293.5254991
293.7200689
292.4790842
293.6071352
297.6472487
295.780677
303.7122288
303.7421435
293.9032042
287.5822448
299.291402
285.5837631
284.7886732
291.7459705
293.8100909
298.4530557
319.0215736
302.337228
305.392048
306.1926086
309.3112909
301.4607213
299.0619825
299.3491665
290.7931305
299.4594743
300.0247996
305.5058467
309.8297673
296.3080028
300.7562118
293.1851899
291.6283616
301.6414315
300.6786978
319.7461122
294.4992926
298.3633483
291.6044731
296.5451959
306.7451055
314.091053
299.8196558
299.1304977
299.6575166
301.6911422
302.592886
299.9757676
294.0791272
303.5930032
306.136411
300.6223171
298.5299598
298.66238
306.5244989
304.2872919
293.8885537
286.1675564
292.2542521
294.8660488
303.8142096
308.0493134
309.5653555
303.7363219
302.5759074
302.9847128
311.4580383
296.4917226
306.3539762
309.8389319
303.2067772
299.5282235
293.3357602
290.3733543
293.5182601
296.5983196
290.0257837
283.6803176
294.7246555
299.0391733
308.9242561
308.7806784
294.4504842
304.7502908
311.2520199
301.3554181
314.377316
316.6195742
313.5762851
311.4596918
304.1176974
309.9609786
312.8448322
296.7577361
287.9705419
288.2862185
309.5950329
304.9508171
304.0305995
297.4241698
295.6831709
304.8020496
307.9405129
315.9449991
324.7738155
317.9506631
325.8974766
321.329324
319.1067711
313.0231454
323.9632822
309.2377594
300.1884686
286.9947693
301.6511146
306.0869014
303.50697
300.8735498
309.4618123
307.7493182
310.4304906
301.0807416
291.6078499
293.0682125
299.4689071
301.86325
299.0077716
302.1585202
293.8168998
294.6411705
295.7763102
306.914557
314.1184851
311.9676019
307.372681
313.8561875
306.6262508
319.4849657
325.6753576
324.3736537
325.0190471
318.26305
310.2576536
311.0229803
304.7477784
311.9080829
307.2443992
304.6235
299.6484155
300.5953693
304.6971872
303.7536215
312.0950718
313.9823704
303.4699821
302.4395467
295.9681317
289.0978723
277.2171949
296.032114
290.5714545
297.3254721
295.2209292
293.8744187
291.887843
290.6721408
297.1381204
302.2370412
316.1271197
311.2041358
310.9693614
307.2215473
303.7949838
314.8955756
308.8001452
300.7579159
296.0935066
301.3628883
301.6675634
297.8124411
287.5644383
291.5987266
285.2779498
293.685401
303.5776085
307.317401
314.4133523
308.8460759
303.351077
315.1782796
306.4914201
299.0112063
297.6296566
290.4711331
302.5393409
299.8845458
288.7482561
287.8251662
294.1486881
298.549791
305.698971
300.791551
292.8766825
288.9286565
287.436138
297.2880214
295.5224611
320.2326165
313.5372413
314.949014
310.1573601
309.9449345
294.3158826
296.2163392
293.5996642
291.8822051
320.7911986
311.4506833
319.0189086
304.675615
305.1845196
309.5539707
318.020774
307.9422738
294.0551313
290.4622924
298.7215401
298.9200749
310.661349
312.1964772
314.2450951
310.2881125
313.167421
312.8036445
323.9083526
321.7816857
300.8922959
302.5908502
286.4439722
300.7790569
296.4235982
293.1300666
300.7094409
293.2636784
298.6099335
294.9947545
290.2996394
296.8288012
289.3453695
283.7201525
284.1277519
284.1780992
289.9731835
300.8692669
309.4459421
308.8963442
290.6197765
288.4676581
286.8706858
296.043569
290.9273095
296.1031133
284.6628927
300.365265
299.439582
303.55014
293.6596151
288.0078551
285.2183644
290.0839005
293.9353919
296.9718665
304.6412078
309.9664737
299.2185461
297.3692605
296.746503
302.2314654
299.9517814
299.3307508
290.8491287
290.3705391
297.815328
300.5707819
311.95197
310.2452417
305.1597193
297.7712226
295.4943573
291.0706457
294.5931645
298.0183984
309.0742529
305.7564697
304.2767901
296.2063093
319.5614556
310.5876249
310.3011997
308.255236
312.4909842
301.1465688
288.6566478
290.3125279
283.5350342
287.6673292
286.6853127
296.9080254
303.4230867
303.7132723
308.1899884
305.6744285
302.1225258
306.9621522
325.6443958
317.1366945
305.2914079
316.5198803
297.721107
291.9668184
274.4784865
279.5713781
273.9096215
288.1801924
298.6117381
304.301825
295.2044578
289.2712085
293.0943917
295.435874
284.0009293
300.0509181
296.8880514
293.6673896
294.5680465
304.8236332
292.1916231
291.5614492
298.5111579
294.5620412
303.2835651
298.9178346
303.7728637
308.3849269
302.7015542
312.9687056
309.8437097
310.388619
300.999596
298.0501426
290.0231681
293.1799939
287.9131126
293.8205654
289.3039205
288.5764813
294.1253009
300.8602184
300.003475
304.7823119
308.816704
299.5380303
304.2626289
306.1321121
305.9979191
301.3823414
310.5541097
297.6515891
302.9781268
298.4229666
296.7609729
293.453434
289.5424918
294.421276
294.2780364
304.809933
295.0918547
305.4594017
305.8289376
309.6894714
290.8470007
286.5853751
279.3043808
290.5327332
302.4426311
300.48938
285.028957
289.3337262
286.0219941
282.5046763
282.1570515
287.395746
286.4526848
283.2017535
277.02024
280.032805
282.665534
301.6076516
298.1172043
294.7095601
292.8200244
301.8050999
320.7911753
316.6734028
294.3121001
301.1104363
294.9560292
287.5639669
291.6877775
305.1079497
310.3536455
293.7828733
300.6763889
303.2875645
300.9979237
289.1512614
303.6166699
300.0863233
302.7345222
314.9098126
310.0704455
300.3548665
285.8840193
295.6323284
301.2698978
301.7781832
299.1804726
301.2504884
311.3633182
309.8853258
317.6472659
313.4937055
308.1819394
307.6011881
314.5348929
310.8655548
311.6316352
302.7012047
299.5461128
291.4906167
289.5296501
286.1556873
302.9460233
314.0757752
293.3578874
285.128139
290.2353138
292.13984
299.7149525
302.8720572
300.1566364
314.5855796
318.965843
315.0321046
308.4914667
310.7139291
319.4739317
315.8905088
316.7755778
317.7303131
319.3304804
324.720883
315.2561317
309.3180191
315.3764984
311.6067078
301.9013009
296.117032
302.0745687
313.4337917
317.1602096
327.1972142
323.3443887
328.7683113
321.4410206
319.0721366
297.8568725
296.4718111
291.1704803
289.2935991
291.1945126
293.000613
294.0113012
298.1507501
289.7940931
295.5518332
297.6215966
307.080339
305.4939899
303.9524375
313.6606029
320.4300117
314.1406231
311.2364586
301.2752773
292.9107327
298.161176
300.76524
312.7730727
303.7446925
306.6542788
305.0847452
293.1481411
295.4718532
295.2695358
305.5233382
295.8731094
295.7611813
295.8295184
293.9645255
292.0059123
282.4395094
283.7029784
277.819998
268.6955933
287.5327745
295.9903416
296.5500093
292.3594681
305.39474
307.1447101
321.512615
309.0844014
297.7735463
315.7263064
317.591044
307.2218322
307.794844
307.3542268
304.6116416
304.7776049
306.8316492
305.8136497
300.3596667
301.4375191
293.7416073
312.3882927
310.8512498
305.5783854
304.7632517
307.0328705
306.072211
301.6047958
302.5518043
300.9031784
300.3074627
299.6905218
315.5931475
300.4234304
297.0837354
296.1794288
297.2917141
303.6882304
310.4900805
306.6021024
317.2592587
272.0501632
290.5831014
292.9170445
299.6066328
307.4093064
302.3393876
296.1315446
295.8568582
298.5238529
297.5553755
295.3470425
289.68208
287.8119364
292.3279508
290.6461963
287.5345409
288.0216088
279.705803
276.6079316
270.0384279
305.3527374
295.8569869
295.4255425
290.9426505
306.6788582
295.5538075
291.0279323
303.3373864
296.4106848
284.1486094
277.7866133
282.9087858
286.0931301
295.55711
302.2728057
294.4470688
291.856219
285.6291759
296.5054389
297.1469543
296.2556671
304.358849
295.0820266
291.2230498
293.5627604
302.3390912
292.167332
297.0107713
305.6588217
315.6811577
313.4632328
304.9548328
300.3436478
304.3392556
298.1314607
293.6448024
296.8167948
294.1406886
291.1767121
294.4349223
297.4619802
286.5530241
299.1567455
300.7050609
298.5423658
293.1099376
293.6556368
302.4897443
286.1175081
277.6837639
283.8859483
284.0601578
296.5376317
305.0814766
300.4972979
300.694323
300.1869424
308.2694693
302.5173951
297.3107891
295.7418225
295.4748723
293.7533229
288.6051388
291.894729
303.2649394
300.0285321
306.5298362
310.1049316
304.9826636
311.02517
312.1719269
307.6009872
312.7732041
307.9701195
293.8811372
300.9348871
298.3344597
293.7780346
297.0066148
300.5024985
294.5016171
293.2544272
293.3296985
293.2167148
294.900848
291.739214
298.0950366
304.4568574
301.4503791
303.0360471
315.8855139
317.2966213
316.6859932
307.9210081
299.6631491
308.2480842
296.8258882
310.1421519
298.8416313
300.2985034
298.0338549
301.5061488
302.0301385
309.146304
308.1955794
306.7888706
303.6449458
291.7915181
296.7377993
293.2609269
286.777692
298.5063434
291.6731256
292.688528
295.004792
293.7395253
288.084666
282.96432
289.9484679
301.2612903
302.718564
298.8009024
299.8040727
298.2859524
299.5152802
298.8443458
286.9788455
295.3182894
295.5184353
292.0629822
278.3371875
276.4157288
287.6003771
288.8380027
296.3951505
300.8066589
296.7532918
311.0560925
313.7287903
287.3051134
281.792235
272.7456897
280.6163817
282.422827
292.015009
295.5712459
294.0497013
300.0916435
286.8464413
295.6600325
304.6729666
315.5067542
300.9734049
296.5281014
298.1749437
289.4480494
289.9485606
288.8443244
285.0112929
302.0858509
304.268371
300.6237711
290.2981978
293.4426385
305.486333
302.2453275
301.1039716
307.661471
309.5548676
310.8559662
307.1682699
303.7559889
312.0179986
293.5964309
297.5421722
295.044806
298.5163426
299.1143862
306.5473863
291.1254153
289.4886196
279.6371502
286.108392
289.6266983
295.9436626
308.574222
289.0872251
289.1042448
301.2635991
301.4662154
295.004144
298.3291963
299.1699808
298.6273591
292.8535766
294.2413232
297.0230797
301.3728818
302.7759099
294.8074475
298.9816008
297.3138017
300.1445348
296.6305317
301.7270444
309.8825055
310.2870292
313.4490887
313.5176537
299.8368773
301.1476831
300.8721074
304.9187423
293.9569539
290.7851402
284.3304457
286.0747967
287.8247644
288.4786776
300.3270639
313.6391075
310.8558186
306.5538242
310.4037455
306.3668329
303.0216414
301.5706779
307.4681615
309.3793422
313.7348113
308.8398593
306.1974396
318.7363056
316.6902916
301.9636344
309.1516673
311.5577063
304.0238961
293.3180802
311.7381762
306.5959529
299.8508149
295.0159232
296.7925194
296.2369985
301.7339472
307.4593497
319.6210042
308.0703745
311.8286315
313.1410748
306.7299219
303.2580266
293.6098198
283.1917
282.0543971
295.3104066
314.5817707
310.2169487
289.6250925
291.0967201
284.6494375
278.2975362
281.4737765
292.4218362
306.5912675
316.9031104
307.3259588
307.4644416
294.5157136
283.7226807
291.957255
290.2042141
286.2943648
279.196919
297.5657114
298.5142263
292.9160213
296.5409849
283.0953138
283.777391
291.0646835
290.7329039
292.5084612
297.2126706
300.1160584
307.0837556
303.9719765
292.3624956
286.856946
286.2231846
287.0764185
288.2601216
292.5072989
287.1011789
286.5677478
284.5553176
275.6819682
279.8362018
306.139509
306.8283674
296.3315245
316.1211025
296.459671
289.9315304
300.1426846
309.4203974
298.837102
307.640088
303.0959096
290.8675761
291.4444589
296.1765478
300.4280538
301.0190164
311.9540539
303.3422144
305.9893054
304.8496108
304.6363351
296.5254811
302.7922793
302.0002681
299.1914203
316.0179038
317.8719737
311.803116
306.643917
304.0134303
300.672708
306.3075369
309.3809268
313.7931277
302.9517613
302.198577
298.291928
298.5795835
300.6463135
302.3594705
303.5105673
307.9939782
308.6072619
312.763106
315.5245236
316.8640682
318.7457452
314.4440276
323.6152527
316.2662049
305.3227079
312.2840308
304.6904653
302.2465835
291.7195946
285.2024429
291.4582804
307.0885437
301.0832608
298.5476256
294.9841671
291.6668272
303.0138224
305.0892545
308.7528214
294.7839722
296.5929824
293.4643625
286.8063737
300.7882093
302.5893213
302.3817456
294.5550171
286.3350461
302.762847
307.2251508
315.3600432
301.0923946
291.1447651
297.3792412
295.7626482
296.990551
295.9416736
298.7262328
298.6468785
307.6386662
309.3335609
300.3808533
294.0283165
295.2064243
299.6443238
307.2995448
302.9970658
296.1889293
303.4382491
303.6875531
303.5026481
305.5367223
299.1872595
293.4030765
282.6770505
292.616888
292.9582285
282.1265541
286.0636488
282.7806712
292.9246079
293.0969478
300.7484514
302.1657061
306.8458767
298.28432
299.9942384
306.2775177
301.6833657
315.5647693
308.0197635
296.3250703
290.7401405
283.6296825
287.391965
285.1155799
287.0120263
285.9868721
292.249598
281.7580968
286.7377642
294.792316
292.1089372
285.5220155
292.0803046
297.0263644
279.3213041
287.2465474
292.8467309
286.7501361
282.8726031
294.6419986
296.7890693
302.8902366
288.8474348
291.7062468
286.3611745
284.3850018
290.3881957
288.179241
291.6209886
295.1216955
282.6943266
290.0265939
300.9633429
310.0078446
309.312008
293.4459913
292.1829501
283.8662057
290.1801781
295.1871668
286.07276
284.9010248
281.779736
295.3343696
295.3328363
286.9132557
300.0843718
286.982455
278.4692294
284.9802092
296.2012605
307.5235231
299.0590338
284.8094872
283.8321889
290.8518927
287.8841177
291.0281145
297.5550395
295.6935307
292.4006941
295.485384
301.5606002
314.0244752
304.869026
299.2884727
307.3179654
296.0726276
298.6842672
296.2453973
293.5193364
286.1589248
289.4248453
288.0533636
288.2250309
291.6550335
287.7900723
291.7246078
289.7388753
300.1981371
301.6323956
306.0878623
285.2579861
290.1064759
293.5832185
294.1573625
291.6709614
288.9846835
298.2879666
292.4212369
304.2511622
300.2254991
298.7669529
300.502617
291.1456927
283.1123223
291.0729496
286.1889175
283.0836116
278.3257288
293.8086931
294.9834346
297.7846054
297.1513161
305.1299863
300.6994652
304.9647873
296.0435039
307.1488426
302.0886613
285.4092067
276.9774345
292.5603371
296.588077
295.5764988
290.2677764
296.5229509
296.3527682
308.4707196
314.8417699
301.0243614
295.9520177
309.1596533
301.0949806
297.2886405
300.0967607
291.0846893
295.8960222
304.1073361
303.5618438
312.9071262
304.2684515
305.1851082
297.5211922
299.6734792
296.6915516
296.1432479
304.0143111
288.9726755
290.0043551
296.1074614
309.0419987
299.72506
309.5780364
317.8758063
317.0895989
302.5144214
305.0741991
298.9516077
297.0026367
301.3364317
319.2467896
308.5893776
315.7129102
312.4304869
298.8488965
295.2822144
298.0687928
304.7391533
307.2324284
303.8373111
311.7655487
311.49692
313.8812574
315.3288051
315.1894734
320.0276163
311.3474618
299.4841811
292.2568994
297.1247945
302.7614052
311.0058695
302.0122304
292.1891973
296.2711236
301.242222
293.8610863
296.9219015
307.8513392
309.7716659
306.6752208
290.3167727
293.9052316
287.7341964
296.4439317
294.266548
297.7034658
305.4807682
297.9351199
295.8313309
299.8965427
291.8265386
289.0770933
290.233924
283.3686161
292.6329969
291.0658549
291.2111718
282.2875182
287.6043873
287.7059913
299.8522143
302.7660437
296.5238334
285.6318145
301.919939
297.4650971
309.5582636
321.3639363
310.8523644
304.3350835
305.6393707
299.412261
299.2251218
295.808932
292.3883321
298.2603612
295.0392462
311.5283811
322.8215887
301.4323714
320.5097577
322.7026513
318.6404252
320.3605847
312.66087
313.8893972
299.5035617
300.5493034
307.8375701
315.0440198
307.8765102
321.7104696
319.4973726
311.8152626
307.7445765
297.3190813
292.2849809
293.7086432
290.366916
309.433495
311.2716313
304.9149086
298.0188647
291.5745205
296.2384551
295.5502341
295.3427764
306.8792155
299.3644337
301.2762033
304.1816944
297.2171823
300.3973123
296.8765353
291.6351397
296.8854615
297.606858
296.4666509
306.8322497
309.1188202
285.0900329
293.685123
290.7463614
292.875528
293.7439118
302.5199357
304.5355829
303.8865716
308.8072484
291.8835306
291.5444103
301.9877996
296.1022293
300.6467413
314.7001439
302.32682
300.2262316
298.9603999
299.4496399
289.3639008
309.3061047
302.0840263
310.2222747
312.6878316
300.7332035
308.812793
293.7595433
288.4865721
294.9450525
299.5003301
303.3249751
295.102807
293.6051554
280.9808569
287.3497781
298.3068049
286.9147499
287.5083839
293.3358193
297.4192717
286.0886567
298.7213094
291.8078058
298.7477459
306.2928432
302.5242639
306.2883571
312.6961405
305.3881266
298.3587587
297.0127001
302.4210577
306.8206358
306.2843214
305.5166433
298.5817928
308.6858753
305.1007257
296.6635381
290.7794481
290.0583018
274.9679626
272.8117033
275.7850435
270.8657953
287.9661503
290.6776508
305.5333235
287.5607207
298.8192775
293.7559546
289.5968493
280.3815901
285.2730158
283.748648
298.9630358
291.2753671
290.2874175
293.205148
285.9126934
283.6206947
281.2820244
285.7474534
289.077876
296.3304444
297.8769852
289.8279998
289.2074007
294.0911509
290.0521145
288.089445
286.5483741
285.9652885
287.9240014
291.6043561
292.0017125
291.1104668
291.380743
282.0662467
283.6588377
306.3562246
300.2494023
311.2097989
311.24341
306.8977651
299.5354926
303.2090989
293.0433845
288.1906725
298.4158044
298.7571718
306.9768057
314.9719797
318.6544026
315.6424857
310.2561168
303.2240095
309.292725
304.5743113
303.8203004
295.2125294
283.813544
291.9720391
286.5554948
294.2671047
298.4928839
296.0308209
301.4744293
303.5998318
303.1445814
299.8744026
301.4336967
300.8462919
308.7472368
311.6232911
313.7728426
305.5802888
288.2591794
286.0078825
301.2255064
298.3716071
290.7602703
301.4066684
297.6735358
296.1303226
299.7115434
296.1386523
296.6193591
289.9614142
280.1984106
289.4082472
303.7745303
296.6160623
293.4313553
300.1649866
302.6245104
303.489644
301.4817383
299.117284
303.1144399
305.5507314
310.7358568
306.9549019
306.6700806
311.3119296
305.3496768
292.4721553
276.841003
282.6173292
293.4425974
291.6222389
296.2746029
299.030439
296.6735824
296.7687966
297.5673357
294.8125364
297.1524105
289.2691412
294.6349858
299.1363477
295.5309866
295.3405734
295.9458802
299.8535022
297.871569
296.5039396
309.8659382
304.3936645
299.2016414
296.5395587
296.4892018
293.0298856
308.7348629
302.5401683
296.2534657
291.128511
289.150232
287.1603792
283.7720264
296.8370609
299.0130339
301.1810525
298.8675027
301.3602477
291.888067
300.9611647
306.4045256
309.6332757
308.2442545
313.5994057
307.5863424
291.8662217
290.7824037
301.4354526
306.6541383
301.5133466
303.7671783
305.6987004
307.4975545
302.2256928
305.8412694
302.7816109
312.1032762
312.0551567
314.791864
318.3462745
310.1703142
298.9503415
295.0864022
281.4547917
293.022988
297.5310287
300.7519535
294.6309471
285.1228809
288.6169395
287.9238682
293.7576063
302.062878
293.4723707
309.3194407
303.4229801
299.5749106
296.8710924
303.5202238
313.3498093
308.806171
308.2226369
297.2648124
301.5437726
292.4237317
296.0083659
298.9881911
297.5144354
304.449833
301.4583868
300.7483656
291.6020214
283.765215
296.8649134
302.7950484
313.178174
325.199165
317.1246697
312.1117385
298.6863398
295.6885111
301.138191
302.5844006
297.7428748
302.2349422
296.853429
304.7241513
307.4507824
313.2890922
311.7675832
309.6972573
290.6865355
290.3029569
301.5223883
294.5799036
297.5108251
301.1250312
310.7164615
308.3792532
313.8947629
304.6415249
301.749496
310.6709735
320.493892
307.3614199
309.5850561
298.7395446
298.6691093
299.6374975
307.9924686
311.9181975
313.0788582
310.7078424
291.374961
289.1286149
286.7100386
282.6457023
288.2375653
297.964125
305.8357355
296.8271027
291.6142983
294.1456455
295.5769878
315.0982984
307.7183278
306.1394802
296.8274309
287.6651695
299.9410559
310.2761597
315.3652334
310.6853058
299.5068254
304.0000642
311.8241198
306.2167284
302.8513839
302.6133601
302.3425222
304.5887173
311.0613038
314.6452863
306.030755
284.598451
287.9109967
294.1748087
293.41486
286.4670313
283.9600273
288.6526214
300.827477
293.0222685
297.851032
307.9792838
301.5165798
303.6734794
299.3704697
286.0553147
290.2854662
282.8321144
286.3015659
285.7282282
285.2160983
292.4991265
280.161303
285.1257545
284.5245855
294.9237408
305.635104
295.9703295
290.5929652
301.039441
277.6099096
280.1023209
288.5162536
283.5160689
291.2533853
291.88954
286.224858
288.5187134
289.2981443
295.8718513
293.4225787
292.0897252
292.3609427
311.0972531
305.6572496
307.9706087
303.7124628
295.435901
295.7821734
288.0317527
290.9691492
292.7937152
290.9128034
302.0625885
302.2823728
298.0987412
302.499288
294.9867398
298.0658919
293.3926205
299.1391279
296.2092238
298.5519143
306.5272627
303.8243467
304.3941003
312.4538873
303.3468484
306.9292048
296.6521387
308.9655433
318.9920984
320.5704922
317.8568133
305.9441772
302.0202801
296.5688904
306.6739304
313.2959393
306.7894704
302.6714631
304.3869188
301.6279219
297.1781023
298.5629496
298.6776748
309.0002854
308.3428232
310.4263056
312.8162505
306.1024972
304.4207867
291.7751555
293.7292115
298.9410997
306.5582618
310.6571587
295.9722846
288.9316365
297.4915225
295.309143
293.025174
295.7539805
284.8862386
284.4081572
294.1954805
295.3605773
303.4633847
294.754115
294.5054949
290.3258863
296.5316062
297.6546601
292.0718833
293.8246484
286.5494611
293.3680403
298.742963
302.7961945
292.6793358
288.9608534
285.6948629
283.0851392
287.3441818
285.5576088
278.7821495
275.9557445
274.7301377
285.8664017
285.4213314
296.0312669
294.7396176
294.6084342
302.372946
300.0036467
318.2437657
318.4110468
317.8440495
303.4025804
301.7751511
293.4271164
293.2748983
293.5637171
305.825327
300.0960593
304.4100488
304.1095969
313.5733802
300.8559882
304.5364869
277.4213639
292.6567734
292.9660146
297.6521935
296.7113002
287.43706
286.3888401
300.9261451
300.719965
295.5164533
304.2108269
297.6675728
300.1621233
293.8033795
293.7566474
292.1938397
286.2896225
289.7566196
282.306414
276.0646287
288.8231644
279.1101951
279.9938057
284.7309376
282.9942442
295.2808101
290.6821419
293.1836933
287.0887996
292.9787996
295.9068323
297.7488102
295.978087
294.7588676
294.2783604
293.7844684
290.3246816
288.6805427
295.7803855
296.7903093
287.1689086
289.5522387
289.532078
292.2016493
292.4030378
295.3182518
284.5251256
287.1101914
291.3783279
298.0143241
289.6196965
286.3370785
277.9436165
276.7829611
280.185042
289.3797773
299.6863926
302.0076132
297.3577838
295.7111627
311.0265714
302.6295545
287.578787
283.0232617
279.2130952
275.1762036
269.0934486
283.729806
287.9168349
293.1171459
306.0398775
314.0659216
315.5622715
309.101387
296.8341347
300.927149
297.779014
295.1708077
294.1304947
297.8297341
291.830837
287.6525134
290.2142904
287.9474753
298.7175137
302.6846202
307.768506
310.4454597
303.7010899
308.4435505
303.6036195
294.4864566
285.6631659
281.6382524
296.3814675
287.3962873
295.2499719
296.8745545
296.2159204
293.1778479
302.9010804
295.3179583
302.0873441
301.447023
309.9257833
311.9022321
306.5845973
300.7788518
304.7600734
304.9212096
304.3910958
298.5236869
302.4869864
323.8919419
322.9202793
326.0522713
310.486673
290.9748977
307.6428286
306.5792454
304.6240909
298.2682366
294.3034576
285.1303902
291.7559905
300.1251461
303.2912044
306.019191
292.4838348
291.3211701
299.2369785
307.2295964
305.7532364
293.2219062
298.6980159
306.1330003
314.9973642
320.1773588
319.661548
306.890431
295.8862582
290.0943501
298.2876526
296.5164697
297.8210674
282.8824576
284.9630315
284.3102109
285.8499085
284.6185169
283.3184108
289.284315
296.8036111
302.7460281
303.8000694
309.4320476
302.4812886
301.5291107
298.1699947
300.1250691
295.6588025
298.969211
290.8081059
303.6039046
295.1712417
297.1239222
298.1744622
296.8068737
290.8493926
296.1026639
294.8500769
302.1051388
295.2670948
282.2627866
279.7474096
282.8288658
277.0441511
279.2490293
289.7292357
297.973825
289.0975073
290.8517358
297.5615082
301.7901498
316.4903119
319.8350485
319.2527971
317.0807688
306.185522
305.9711296
299.7082619
296.5672342
298.8285513
299.085643
301.8282906
297.6966622
296.8085824
303.4799383
302.1105872
297.6727206
302.5315273
289.4497046
294.7210032
299.6331691
292.583448
291.739586
295.0629653
305.1030747
312.9268856
311.0110186
320.8932766
310.6126413
309.1302496
298.2968794
304.358937
305.3242099
290.8389073
280.5702677
282.7082463
284.0770016
309.0968562
304.4869002
300.0110193
293.1594909
309.1993805
308.0633583
306.5255034
308.1693535
305.0023638
301.827081
305.3096938
304.0642155
309.0946634
312.7686318
302.4796919
291.8461638
289.3799859
293.0064839
300.8148942
302.9512084
314.0913057
308.738936
301.1330323
296.7502628
302.3540477
306.3799524
316.8700646
317.6184175
314.6176631
312.4173348
312.6496147
307.0585465
297.1605199
302.6277415
300.8803147
300.3574727
290.9784477
292.6609653
296.6591859
308.6698213
314.7453668
308.6529747
308.3480326
308.1903673
294.8671356
289.5624822
294.8385286
302.3253311
313.3251881
302.3082177
317.0203508
313.7702136
317.6489621
328.0478286
327.7015024
307.4132885
316.0310815
321.1393118
320.1841752
317.7368443
308.3112912
302.7375489
299.4347843
300.3376236
294.0714652
300.7969645
297.2367103
293.9750563
311.5661802
319.8438033
323.7491568
321.427325
310.3898761
316.6287529
310.1670827
308.9008967
310.3522733
305.704283
314.6365931
307.2242184
304.9024879
309.3659944
319.2023928
317.2782349
313.9638057
298.6183859
290.9864398
301.4047356
293.5945929
297.4225534
293.6296321
294.1019245
289.3361253
288.8170212
297.3388972
314.9096523
311.9171059
304.0640178
308.1880102
306.4919997
310.6712159
301.6294963
297.9144705
296.270544
298.4141695
303.1911364
294.2785892
291.0855019
292.6316489
290.1519184
297.6221704
289.4944583
294.6353627
307.3226403
306.3411135
289.041207
286.0813786
304.8725044
318.8815002
315.4387591
299.2263902
306.695443
313.4591589
313.5380409
316.9923735
309.5979571
304.7991089
297.163782
295.5488687
294.905124
299.5011266
294.7889412
301.5549627
306.4270595
302.5351409
305.3909326
307.9485808
310.7381793
304.9422986
294.3609588
290.1192731
295.2387333
300.778875
307.5884878
294.887059
286.2676184
286.4842717
285.3831615
282.1248455
285.4692615
296.8974659
301.5300087
297.4930275
306.8226148
301.4867607
304.8051284
318.3722001
297.7917651
303.1347729
296.7426425
291.502892
286.3164315
291.4478626
277.0051857
286.3402257
290.812876
294.8731489
289.5372757
296.7277715
290.7847301
286.7182305
294.70614
292.8237995
296.6143867
301.3541832
300.8608391
297.2509345
299.3257649
298.4042715
293.6665019
297.5141224
294.361732
291.383796
295.9464312
286.5538164
290.4321551
282.5197069
280.5697608
280.0154608
275.1931699
275.0832132
278.5555883
278.7917568
291.9906401
300.3222727
302.7537694
305.3850316
310.4299202
306.0630784
298.1648672
316.288172
323.8074731
319.8085204
315.112046
300.7396894
299.9891362
301.187105
293.0353862
300.2953533
292.5632201
290.1640706
294.0976314
297.2440318
297.0165579
295.6163843
292.3407806
304.3336656
301.2481725
297.3187747
297.2181991
309.3618805
300.906401
291.4344629
291.5511088
297.3075953
294.6564913
290.2851435
287.5654767
291.5313231
297.1890516
295.4390316
298.4417378
296.691028
285.6994767
295.7718291
296.3020641
295.8363601
297.7076565
297.4093034
307.072607
283.6613779
284.2460558
288.3766209
279.1574753
280.9124429
288.9620657
292.9400509
292.6015906
292.4215237
282.8308527
281.2453989
279.2956817
286.8239286
296.1664587
297.4680309
292.9662483
293.8994519
293.20717
286.9523117
292.046302
298.1249617
308.6920669
312.8532502
315.1030931
306.2730264
298.7602127
302.3226554
283.6659817
285.7612571
291.2787204
298.6378771
292.2588376
295.6805623
289.8974047
288.3865617
295.4631669
289.1565913
288.4127089
282.1666822
292.0428687
308.2275619
308.4577751
304.6790131
298.5122509
301.5318933
311.7322369
304.4483127
300.7099881
319.3644394
318.0337556
301.5015894
299.1346377
302.3995844
295.6434992
292.7317987
293.0002827
286.4728862
292.3780892
291.2341279
300.60084
284.5204719
292.494519
295.7242016
299.3029476
300.0873692
297.6112681
316.6553112
320.6537931
320.7402079
318.6171986
292.4368051
290.1549112
284.2571719
275.3030063
283.9103795
291.3670913
290.7601505
304.9942867
301.3459653
295.0428596
300.376392
292.4965139
294.381791
287.9501856
288.7387045
297.7991682
297.2738498
304.6157116
304.8822795
299.8948913
302.2570569
298.6384781
298.2546297
302.8353858
296.2113206
302.2263493
304.6549676
308.2920414
310.161314
301.0261349
300.8958675
297.0189848
291.6959233
305.5688416
305.9849709
309.0634548
302.7309949
310.1864365
319.1567999
312.8948203
316.2270798
317.5134482
310.0985402
294.2304515
302.5324681
307.7170842
304.4409166
304.526226
306.0488281
304.6158499
305.5145211
298.8724389
295.2433513
294.3292818
300.212512
304.5320975
304.8326996
308.4038893
296.7336615
301.1490674
293.1636056
295.9490553
303.7309253
311.3999175
312.4207159
313.4794214
302.7456742
306.9708625
305.0303283
312.7124643
307.7061007
299.7044532
310.0810717
305.2534327
300.3020255
307.1773518
311.0512782
303.7089626
309.2196945
293.7040025
296.1269869
309.6583086
312.6925003
305.1485104
315.5329707
308.6795344
312.191792
308.3237744
308.4468812
311.1039604
311.6033935
308.9004025
312.8707669
300.5127892
301.8453882
310.2210521
317.8782998
316.9207191
308.3663267
304.8773056
299.460944
299.9121601
309.9934669
312.8390156
309.6105027
309.2311473
313.4564967
301.6833538
293.369835
298.1442862
305.7872837
296.781143
286.6463155
288.6600177
294.8724613
288.8152578
286.965399
293.3551305
292.0897455
283.1887032
290.1205899
299.4999006
306.2981182
301.563753
304.3040666
306.8081735
316.1568674
302.7120046
304.1694012
304.7257517
303.9758856
311.273028
304.3369666
291.6155698
295.7404002
300.7359543
305.8189006
316.4872763
311.9267353
307.1345573
297.0498894
292.4965745
288.6266768
288.5113271
294.903123
300.9032025
307.1701696
293.8878494
299.3996494
307.6696585
298.3924596
301.825704
307.6337839
311.680038
311.9476874
310.068893
312.0927323
295.6583242
299.8446996
287.3113092
285.3970839
291.1095783
299.894507
291.333917
304.6729618
288.6192881
288.8374583
295.8764925
292.0986667
296.7197832
295.853948
303.3020946
299.6028481
295.6204167
297.5746087
288.4110144
293.320002
294.0807222
297.2410686
310.139612
304.3302172
302.1977433
299.0520816
287.1389855
274.7513291
285.0842918
284.8406177
284.8148175
284.1082061
285.7530172
302.6143153
300.2077484
290.0894709
295.5783403
282.6568903
277.5096056
283.2064005
297.3307243
300.7637012
298.3223267
291.6355877
290.4583793
302.14797
302.5386171
301.0687738
297.0676979
293.2778292
291.9126618
298.7214941
307.6366791
282.2783362
282.2949924
286.3384263
282.067357
279.4926306
288.3525736
275.1650884
277.1261984
280.7305706
282.0556875
287.3674101
277.2665578
289.2182829
284.748007
285.545391
286.7593947
277.7437352
266.6944398
272.5471889
278.3692124
279.4282208
284.3497572
293.7340157
285.5118684
292.1101731
286.60603
298.9889394
300.0259128
294.8319335
301.3117451
295.9181377
284.3981788
280.5251361
284.5948181
282.6776795
285.307278
285.2196875
279.9531825
281.0416772
279.7012224
285.7263597
283.3981107
292.4771048
298.5615543
288.4091665
290.6823651
284.858554
290.2584393
296.5932854
303.3965339
301.8872335
306.7049036
303.8036507
292.9681446
295.3017816
301.2976196
291.9306855
286.2483632
290.7233389
289.6088975
297.7982246
297.6122671
297.5328634
304.1173435
311.3763615
307.6760893
301.74265
288.6494036
290.5159762
291.2400454
297.1855325
304.6273218
290.2094284
297.8971288
300.2355832
293.3780324
291.9197589
298.0692993
297.2922496
294.2725953
300.8968741
296.0952202
296.5375252
299.5812625
289.3123683
277.7207517
293.0932882
302.4192302
299.8430847
301.5591158
297.3108883
295.6220126
303.3366079
299.3221352
300.9075273
298.5340446
297.2753867
296.0128353
308.0653784
306.4920537
299.2748425
297.8596495
293.7317947
284.7473211
297.1505427
308.6803746
295.7442006
285.2490744
293.0604776
293.7494408
310.5798912
308.123816
302.9091277
301.4646617
306.2304196
307.7502826
308.1290068
307.7302831
296.6275539
301.323601
317.1612055
324.1563544
325.7337307
322.0085933
306.0800408
289.8144635
301.4483756
307.2933723
299.7113763
292.908234
300.9900281
302.3306029
295.9104738
299.5087634
295.3905135
301.219594
316.901258
306.9393574
307.2615429
316.3954267
295.3161476
304.6017243
310.5046193
307.1529917
310.9092507
308.2069481
312.6191668
302.8285513
292.5359843
293.1718141
295.8103208
289.8246663
284.0815816
292.3326414
298.0933714
302.885644
291.0073405
298.1467692
292.6232895
292.5925515
292.8907762
303.0162455
296.2263624
298.8316609
301.0709247
295.1675511
289.8218921
290.6685514
285.7501678
291.6648716
292.4032428
296.8736491
293.384515
291.0475606
295.002991
289.0872513
300.6158805
295.0211233
294.9261892
290.4711012
307.2846592
293.2628244
301.9254467
292.1284987
295.5817193
297.8465426
304.7160891
291.1369359
292.0362227
305.7726881
307.7469722
307.2677149
314.0563057
304.7696602
305.2878041
302.6785497
296.978219
298.860702
305.2641469
300.8083717
314.531417
307.2602066
307.8260947
302.1627185
306.41239
300.7000389
295.0526729
293.1956129
303.8322422
303.0315759
283.6221636
288.1566425
287.3028148
291.1428738
295.3769502
297.0983723
298.5469313
295.0588271
301.088768
308.9494083
310.2645141
319.5661316
309.8776739
307.6616414
305.2650681
302.9297996
316.3733397
300.3913624
298.555486
303.881197
309.0865389
301.7118133
291.8065235
292.0282786
293.5794025
298.8917518
295.9955766
308.2255863
304.6689576
311.3474449
305.48035
306.481315
309.0554228
318.9342797
311.6313418
303.5617656
298.6628106
292.8129098
295.1215518
310.3875815
303.0506549
309.0270819
311.1885224
309.7394396
313.7525292
309.3580973
321.1195982
320.2481259
315.5254502
319.2172144
297.7131711
289.5467249
288.8337458
293.0370059
292.5532998
299.8027798
298.1848175
305.5428388
313.2064334
316.3323639
311.267977
308.6271407
313.1648922
312.5898655
315.968047
313.1567456
306.0833884
305.6599255
315.1746232
308.4520899
302.6651963
298.7795209
300.0279396
300.8381042
303.6647743
300.2491467
302.3778911
304.9899417
309.3120627
306.1749657
303.6712781
301.154324
295.5769737
302.2737333
306.275422
302.1525
313.2543774
303.9058729
301.3705609
291.5675277
307.3673704
295.3162296
294.7035194
289.9643149
297.2729019
308.3343081
297.3696914
283.7112388
284.5223693
284.5291268
295.6831973
305.7215108
306.6598268
301.241384
306.2515467
291.3973312
288.3502409
288.870154
294.8788883
300.4101775
296.3279213
297.6920705
305.6423671
298.4738696
310.2113346
306.963257
307.4100242
312.5237729
300.6131768
295.8650974
297.4274435
294.7989998
288.533242
292.1340205
285.9854846
293.6349776
304.6657299
310.3493086
307.9543989
306.0150857
298.3213442
300.3207524
302.5124612
303.8257807
302.4816873
312.0991931
311.7538389
313.2481973
323.053163
312.1456364
306.5172405
312.7620756
302.9538132
302.7806743
303.4133769
295.5469001
301.6568589
311.5857876
306.9038723
299.6684578
297.8914786
293.3812603
292.3995674
294.5122129
290.5063036
288.5881054
303.7511018
301.5125062
297.8259839
285.61026
289.9619239
287.4799297
293.3795978
296.4105698
287.9601609
290.5435628
294.0437356
283.8622202
289.2011492
299.3506284
294.4358807
307.0289138
294.5890781
293.964318
297.7681375
295.8859409
294.9652257
291.3759603
300.1289381
307.2791973
304.9258037
293.926325
304.833632
311.0545373
309.2778855
315.9109587
320.7933453
315.2841687
297.750327
284.5491737
302.8440955
295.2604742
300.3853744
309.0456712
306.094847
302.3256869
303.6349224
305.2182529
300.7924546
309.8881114
306.7164303
304.1820885
293.4127886
289.8346237
297.8762326
306.5543329
301.4188538
298.0727229
300.0020748
310.1128565
302.9969096
292.7476637
287.8735809
288.7708054
308.0741801
306.2160392
303.7080131
301.1146253
306.6063805
308.6315712
308.9577013
313.792576
319.5949246
316.5479439
308.8870617
299.3729774
297.072144
302.6755121
308.5106589
292.2618813
291.8890792
288.2757401
309.0871457
311.7509679
286.6425291
283.0235808
280.5623858
285.0359035
288.1441181
295.4037831
290.8188914
289.4832313
293.1917649
299.5063688
295.9849748
296.9114134
297.5604934
294.7561384
302.6205228
302.5818369
302.0067905
298.8953033
299.1833593
289.9478599
301.8081144
296.4555443
296.0363142
294.7461444
296.6415265
306.8057717
301.0455607
294.5552531
300.0175615
297.1469106
294.6982297
292.6571072
292.8119803
295.3283596
300.1121705
292.4784738
290.6586357
296.479673
297.0799129
292.8264526
294.581629
291.7151407
311.4343551
317.9284679
321.3301591
313.1866969
296.08366
291.1243721
287.0813003
295.2956612
293.4363783
300.7781549
301.761886
320.5039233
317.4835665
304.3341657
300.1080912
298.2689185
304.993857
316.5559743
309.9372856
312.866638
303.7046978
298.0488965
285.3481449
288.8554042
300.2772851
307.2772533
308.4431851
298.992018
294.8842357
294.1103448
300.7945273
294.872357
293.9718277
290.7081827
302.7431909
312.6708021
310.5302216
310.9383351
327.5004118
331.3480811
321.0264962
314.0117465
317.8236307
310.4764357
313.2040795
309.2028844
303.7656138
294.0009473
281.789443
279.6666609
292.5378552
308.1907932
308.1989751
316.8584509
302.9799291
304.1982365
314.1227999
308.6525797
302.7722759
299.1823324
296.927254
308.1138703
312.5713346
311.773007
307.6391633
308.2781472
295.1502355
299.4052508
291.2071862
299.8900931
302.8032304
294.821935
291.2335179
294.6480505
307.9404729
304.8743628
293.7105345
296.0715631
289.848492
282.5486341
270.6977919
278.5425759
288.6544196
293.0949682
296.3711193
290.9485352
292.4269767
296.9397432
296.9910462
293.3541025
296.0482478
304.0262479
305.8218822
299.4239744
293.1808797
296.9432146
300.1215451
293.3428006
290.9037653
305.6207236
317.5674919
299.2142143
303.4402764
296.8316137
290.4569221
292.6624828
298.1305335
310.1123319
302.7306838
309.8599458
308.9377224
304.6929075
291.3551579
285.6280068
291.7352816
300.5522046
294.241431
293.4671952
304.6607273
303.165842
306.7977522
320.4310678
317.0857135
321.3693048
315.6624385
312.2255361
317.6702627
304.2384862
295.2571585
280.6000175
285.9555646
285.2856735
288.3725752
294.4543149
284.5185421
284.336077
295.2070689
298.7026267
288.2523426
288.3567825
287.1220362
291.8598192
290.5448619
295.9892176
295.3742641
293.901208
295.9496094
303.2611042
306.6237483
314.0035725
313.0703598
308.8289407
305.1595593
293.3591599
299.4601746
293.0998006
283.7485836
289.0359526
300.8480689
292.9438294
301.0951063
300.2386081
308.0886442
292.8071846
286.9303
293.8201253
294.8384156
289.8225546
289.6306081
296.0825096
302.8236138
302.2591357
289.8411631
286.5349042
280.6425887
282.7258728
276.733582
282.980215
293.4993348
303.5762647
307.9398832
307.7741842
300.3535082
299.8548371
299.8605884
288.4167468
297.4515481
305.3927838
312.714596
314.7955536
302.6195857
290.7664279
285.9116197
291.6778295
299.4500909
295.8653881
300.3037027
297.6825435
291.8879478
291.519487
288.2070348
302.2953668
293.1651971
295.0174662
286.2047376
288.0306068
301.586401
292.4115716
295.3542723
294.1519032
278.4925686
282.0833977
286.0002288
294.5730443
298.0334742
287.4278044
291.462866
284.2784671
278.1928099
279.5045143
271.9922213
278.7895123
271.853159
279.0077842
287.4417125
285.0652535
287.1058055
294.4394914
294.3090951
294.9537316
290.7516889
295.2195072
294.0621453
294.708143
303.2440298
299.5457585
289.7915174
291.1770471
287.0984844
303.6650389
302.1362292
295.0317379
291.6510006
288.4618143
296.0537705
310.7609624
299.1464344
298.3025449
298.433415
294.94729
296.0631327
290.2839278
307.2729459
306.1262742
284.9404538
294.1485571
298.1538398
292.0529916
294.896851
292.7120469
296.0276428
300.6521841
295.7360397
293.1140944
297.7877166
303.2269308
313.594523
324.1042017
306.2108714
297.1800065
305.0583952
303.9692491
300.8801495
297.7514739
302.0013025
304.055149
304.8275493
299.0052021
306.2524547
310.3694916
303.3388563
290.6093223
288.8362392
285.4253344
291.2660312
297.2774664
300.9454115
292.4666069
306.6092148
308.7967927
312.1038474
303.2791471
285.8324188
284.4770149
295.3999379
295.3211864
308.4661022
312.325766
304.6931353
304.5662295
302.1221612
290.5745768
290.1744181
297.9253764
295.2981795
284.0479368
289.1209721
289.3835485
294.5079577
295.2684183
305.0797857
292.8879148
289.8441496
289.1776098
317.4960911
306.8394109
296.3120251
307.5493171
316.0167335
328.9551213
300.0707053
292.9913204
300.5295518
298.0033776
300.5325727
302.9897263
308.1945112
302.156585
308.9139025
316.8500361
307.9671431
302.1478712
296.3156749
312.076604
310.660078
320.9752219
321.1373809
314.84085
303.9746873
302.3160551
313.8610816
322.5718023
311.2085268
299.5059243
299.8519247
296.4025348
299.1434227
308.3732739
316.4476009
318.0781723
313.5830855
308.389141
310.6625183
306.8879671
289.854238
294.2325553
297.8840587
295.573583
297.3584032
305.4119461
313.0915812
303.6381095
310.7679693
306.9607021
317.3883738
318.1266901
316.3810633
313.3044374
309.8404315
299.9948762
298.9033388
303.133315
293.4582781
291.3975242
311.1007998
304.0743594
303.5740092
301.8042959
305.85597
303.0830344
314.3717584
315.5567573
320.9850756
312.9134422
298.4908536
292.2780066
302.8900932
301.9024134
291.7034702
292.4094272
299.2962753
299.3110726
305.3081716
312.8651432
297.6929489
304.6691458
310.770849
320.7129283
325.6330725
330.484437
321.8339067
308.3743662
285.6824661
288.2453574
295.0074815
301.1364014
290.947979
287.9525725
294.221525
298.0037846
305.3085408
291.4162773
280.032558
292.1099582
290.0873876
286.1441921
290.4474344
301.2955703
308.9424981
314.4037891
306.1336578
317.5741021
332.3180084
311.0600636
302.6081496
307.3799601
299.3483846
305.4639706
296.4916931
298.5937726
304.2598995
306.8475082
309.5943917
311.6351049
303.691559
306.5276304
302.9203669
295.2167081
293.0115431
296.1974752
306.4847307
303.0555421
291.0052238
303.2128731
302.3555244
304.3276759
301.1998284
290.8338191
289.0843038
290.218949
295.8746909
302.3029894
301.5140038
302.8218754
301.3247368
298.2033885
299.1604566
293.3461867
290.0555491
284.0936387
295.1943808
287.6923014
306.3683155
305.6521992
319.230037
309.583993
305.6963629
294.2911611
306.6668937
295.1184424
288.0547797
278.8100221
296.8690396
304.7651835
288.3447147
288.4469968
295.0564665
290.747832
288.3733849
298.1260833
300.3751478
307.3570302
300.254372
302.1316233
303.832397
309.8543907
319.5085448
314.6436374
315.0048032
308.4466982
293.4080388
302.1554637
304.3846451
297.1946965
316.9015184
308.8635003
308.1835564
312.8581055
316.2293734
308.1814565
290.3240447
290.2720247
294.9980837
300.6203464
302.1266714
300.886833
299.0961322
302.5201804
301.0311619
308.5725817
311.2861196
305.8279139
309.8853094
313.0336907
299.951431
304.1846304
308.1373717
325.1613803
318.8419449
309.151979
299.219336
286.6891574
289.0799019
284.8489904
289.8890309
297.3529306
303.5363514
303.9688444
295.5805514
301.6486607
305.4947461
312.9136285
305.3930023
306.5251401
289.4057329
294.387502
290.5190109
295.1069427
304.1118151
294.3642333
290.5051642
287.5755279
291.7953884
286.0131298
288.9716011
292.8108287
286.0558464
277.8900782
283.52912
284.1969524
288.8964373
283.6808377
290.7781339
298.1922868
291.9770803
289.916705
293.4640757
294.2090338
296.8619977
292.9448728
294.5278362
304.3074335
313.736572
313.9936668
303.1926523
296.9499858
293.2157173
298.6565921
280.0950388
282.5201965
281.6445995
294.1549922
296.7872063
295.5661816
294.7998866
298.1485467
295.2007907
293.2728673
297.2761905
292.8558218
292.1173027
304.6731211
308.476451
299.4281892
295.6883186
299.2047088
290.5781676
281.442575
283.2575436
295.7943756
293.2653142
290.3372001
291.0098103
291.1325107
306.59703
301.5961325
296.5371485
298.3410717
307.6621027
302.4042484
301.8494562
296.5475619
305.2935803
314.9280778
312.0026043
300.5716924
298.3806321
298.8283029
306.7916825
298.9227565
291.9646241
297.1627983
301.7237565
307.5366294
305.7059687
296.1446421
306.9330812
304.054928
294.202026
304.5167871
317.3509814
318.3749458
307.8841747
299.615653
302.6673973
300.8941339
302.9519925
299.6269091
300.0060442
303.4941294
303.3357827
297.2395433
309.1836162
312.717036
305.8579626
309.6108053
296.8595662
297.4609577
315.0768416
310.828471
318.6711454
316.6917113
316.0484748
309.9006193
298.2590364
298.5628165
297.9730992
312.8933725
314.469086
311.0624268
312.7069386
309.9510878
315.8815512
307.8014018
296.4869942
297.593157
306.6475868
316.4504084
308.3635304
302.9825398
303.8135852
301.7812662
314.9568501
315.1748053
309.553553
308.0717247
316.0403219
299.5227561
303.5077087
303.4335072
294.1189559
298.4382913
304.260736
303.3323215
299.0330274
294.1197906
292.7783787
306.3823494
303.8763776
293.1157318
300.280093
304.1084599
292.2447766
289.878865
280.7988095
286.1468707
298.6199362
301.0622593
315.8292455
320.5550049
304.917927
298.8678764
305.3279221
301.2264305
299.2574999
301.9192018
300.2002679
298.8312865
304.9804217
309.0407707
315.3833709
302.4623901
308.6972971
301.0747132
297.8047949
300.9006883
296.7167129
292.191425
291.8821968
297.037432
304.8486643
312.8828086
312.8007882
319.9212216
314.1963759
317.9082747
303.2231155
302.9446246
301.688976
297.5641026
304.8643277
317.6104417
318.3654903
316.1656897
321.6637804
319.1506696
327.5609
323.3611385
311.4233462
310.0656412
307.9987267
317.9405641
317.8227134
310.6663689
314.4375412
325.5462049
329.844018
320.0467241
309.3583433
300.644204
299.3838354
300.0465526
301.7268089
306.8516834
302.2662219
298.0725579
294.5376249
295.1857871
298.4142791
302.5764926
310.5145319
295.7077174
296.2115589
311.9754174
302.1286822
312.4009488
312.3706772
308.5519131
300.9899803
297.595014
300.0662871
291.5938808
291.6422314
293.3488743
285.6492752
291.8326014
291.9752737
298.6253934
302.6453753
304.1680655
313.2909674
314.4803905
302.2549071
299.93313
305.5949783
302.9834275
295.9132107
299.4465609
306.6808909
297.6824031
289.4962486
291.6890491
299.1544867
295.2380506
299.2114095
296.1358744
298.9495946
299.2345127
291.6246007
295.167973
285.9303635
286.1604689
289.2533777
304.9758665
297.3668012
289.9617722
291.9083313
303.8062632
297.6124339
288.6197817
281.2948032
283.942397
286.629899
296.989598
294.610259
297.9864941
298.4457132
298.9259493
315.6010273
306.3394972
306.3665162
304.1967727
300.750524
295.5805914
302.3689741
303.8158109
291.0253551
285.1706763
288.0051122
294.4766944
305.8505587
300.0439005
297.8250815
292.9236875
288.9618393
285.9822664
292.1294987
301.8478719
309.6208772
297.5783685
300.2791538
304.3648351
305.4680229
297.5683937
300.1006508
288.3835653
289.0551235
290.2311701
286.7064367
286.7728852
285.9502246
290.0499252
286.6543585
288.7624176
292.3522318
296.5218057
294.9205312
294.764615
300.0106395
307.7794933
305.8754636
299.6592003
311.3282173
301.5666671
288.7389385
295.201434
294.5959751
279.6082031
280.5920592
287.8313091
299.1321911
310.2754708
311.2710279
296.7444647
294.6216902
300.2474951
303.9516147
302.3607791
291.6869473
294.5775354
290.383655
287.769467
277.5521216
285.5271913
285.3457047
283.6839803
276.1956747
280.4826956
293.3010109
299.559656
295.9580853
301.4547217
302.883528
298.405101
307.3984952
297.7956722
288.2545798
296.6495936
307.6098858
306.3757126
312.211436
309.4649068
304.0610516
292.9895702
292.7470413
301.7763514
298.7861074
288.9013477
284.7477096
288.3515711
292.5681738
292.9166714
294.096598
290.5991638
296.3762774
301.7351258
308.3101352
309.3277249
307.4583629
304.4817584
304.1684581
298.7854281
289.7146842
285.0194074
310.8101999
315.326029
306.1534515
315.2069409
305.9226207
306.3077196
299.9104586
301.3217408
303.0509798
303.9048901
309.605159
318.6447056
311.0154342
297.7135311
294.7111393
301.669606
300.9384905
294.2569922
302.0072323
302.553407
295.7485096
290.7067441
296.479927
301.2680545
302.2573829
304.446463
298.4058998
303.350586
296.8634394
298.7020951
294.6547156
306.5552275
305.016674
307.8164332
301.3560665
304.1273778
303.0788921
301.4884023
300.8264902
296.1650756
311.4578739
320.3050559
316.2801526
309.3001774
308.429014
305.1624278
309.6202328
312.7701956
313.4074877
309.5097562
309.0574189
306.0724036
296.0416111
291.3958027
295.1289271
302.2245442
297.2457286
294.2546045
294.5162507
295.6578045
298.8042021
311.5495977
310.1528852
299.320125
305.4224306
298.419541
297.3467604
301.4106176
294.5862632
295.5513911
300.5695046
298.9499656
298.9825047
297.4496733
289.5152404
292.6607189
288.8503058
288.5103164
286.0570116
291.4883829
296.9590872
291.3174287
281.0416131
283.4941697
286.5954101
296.2101797
296.770629
304.6914325
304.7122551
306.015819
306.8117024
302.0678177
298.5361914
298.010129
294.9169472
300.3503101
301.2423799
300.2724213
303.9623803
292.441146
303.3978292
304.0176853
309.052365
311.9050495
307.2279478
310.1476002
313.2380828
307.6979664
304.5578473
299.8162196
310.4201318
311.3740499
305.418604
312.1595486
315.6869276
312.8699779
306.8270246
300.3776719
295.9082463
294.7188519
294.1890066
308.146295
312.8654962
306.6869196
301.1501128
308.1055802
310.0176026
303.3594548
302.7303161
311.5730075
309.503764
308.1502988
307.875663
308.7016294
317.4894479
315.1171331
312.4415786
305.002873
319.4526305
308.2258327
305.5991663
304.5563943
317.4538575
329.6316695
316.8250149
310.6672996
303.1504108
291.8866178
292.0061719
299.6143513
309.3349664
310.087688
318.4474674
310.1466313
312.1174922
303.6602856
302.1297651
299.8114501
304.2643646
298.6079623
292.8524923
288.8729101
294.1351928
298.8468345
305.8228718
309.0971089
313.0648175
313.5922537
301.2384098
296.0252804
293.0534533
291.5008662
291.4830261
287.683134
287.7338115
282.8428374
280.1509854
285.26584
283.7074371
286.1166862
293.0721663
290.394928
295.6534505
286.252849
283.7609389
300.228488
306.0342243
305.6261268
298.2658371
296.0882194
287.0361399
279.9364311
279.9957459
290.1687535
290.8491076
291.7338762
289.4420537
295.6160083
297.3009061
293.5050948
304.9034903
310.4494227
305.0935198
292.8902941
283.4487896
297.0058892
304.2832162
303.266154
303.9263273
291.2362351
300.8568404
311.5321495
310.8991325
317.7237432
298.6250491
304.1417052
299.8954243
297.4394907
294.3559535
295.2632841
303.5272443
296.078652
289.173813
296.3653606
296.1209341
288.5063246
283.9316654
279.4356366
288.0994424
279.1793556
279.053829
263.402272
264.8674133
267.1162109
284.9249738
291.4794716
300.2784666
293.753805
285.2091568
289.0743489
294.3684523
297.8399637
302.0563008
308.1964707
305.2494638
304.2512929
298.6802285
291.1180876
294.5836073
304.3495472
299.53386
296.6325375
292.7333047
292.8007522
297.5624844
288.524244
286.9766942
289.362217
289.3239117
294.4402894
296.9668416
308.0250337
315.5146038
312.166496
314.8397426
308.8463519
299.8927657
300.5997422
290.3796845
291.6610723
292.5606472
291.6546759
284.5259675
278.1446485
274.477427
273.8855505
281.6541651
293.6407625
300.327957
289.6379065
295.5923135
290.9448589
285.7107193
287.5294218
289.0516493
300.2228236
303.4358677
299.6313087
291.7923663
287.7030625
284.8294806
286.731076
291.6634969
301.0430344
291.1870126
293.8267546
298.7883207
298.5510314
300.6070803
306.9443527
290.9934007
287.7724909
284.9419233
299.9385385
304.8586708
293.3602231
297.3838096
298.1055352
291.9126675
297.4837022
300.2667248
293.8170292
287.7447056
293.5268304
299.7102886
286.9068245
302.4306314
292.9402823
300.7350246
296.7767142
306.9068946
312.7324121
315.0732983
296.9474526
287.6095819
296.9113504
293.2699181
292.6161171
307.3504366
304.2308576
298.5935825
300.5476827
315.8629
316.8794002
310.1880172
310.2634006
308.1644498
303.7897472
296.0147191
301.4951496
312.5675037
314.09501
300.6373315
292.3542616
290.0673097
287.5813017
291.4544864
292.9428713
299.2261628
306.5029144
311.0953597
314.4094865
312.8147145
308.6823382
302.8002586
294.2892278
289.463397
309.2091857
318.4678838
313.7970771
312.6934568
310.3643275
300.9032476
303.136097
297.3995153
299.5024707
299.4077824
295.5538329
311.5375545
327.7361711
320.8543331
301.0485375
303.1072322
309.9938993
305.329406
302.3876064
293.9237501
304.6690993
293.0485001
314.9076255
288.1576414
284.743348
286.5591621
298.3698008
302.4914163
307.9047967
298.9450511
288.2443358
296.4984427
287.3643307
291.7812541
296.9811876
299.9736158
301.6362356
304.9132752
295.6511034
295.2211701
293.4149005
295.31068
294.0524627
292.3779707
294.9325216
303.0648505
312.3378744
311.2020824
300.5093698
290.6525601
297.4619538
298.4789213
293.7019125
287.6274521
293.2235656
296.8700209
299.1805216
295.577915
298.6305115
285.4264216
283.5250411
277.1320492
289.056687
296.4634453
294.3789744
283.5896981
280.8440952
295.5686935
302.9750112
305.4503341
312.7496678
314.6542003
305.7097593
297.3863659
299.1291627
313.0721831
300.283548
290.6985595
288.1043778
292.3694085
293.537095
299.9123846
295.8925299
309.0938376
292.6515016
290.9176983
284.3317108
288.5415374
289.3725001
300.5041939
312.8403702
306.5954129
308.3732503
305.0893621
304.0142378
299.9246966
304.4544959
304.0079785
308.0235256
309.2676679
310.2378112
300.5748868
301.8123312
302.2955175
305.4164839
297.0750787
290.5730973
289.7700389
295.7185828
298.3176381
296.8533994
306.2238978
296.4129424
294.0826891
301.2796382
302.4849328
310.9481643
311.1448723
304.3079406
305.0567225
303.4382139
304.8348468
302.0679454
308.4293997
302.5340916
302.3422874
307.2918236
304.4393754
310.5851676
310.8563996
299.6202764
293.842936
300.6990249
292.729105
294.8587887
292.3174935
296.3648451
292.6681231
290.4607095
284.5717825
287.2083957
286.6042285
296.546959
297.0717341
300.6057919
300.9688435
308.1058103
320.2820128
302.4094633
291.2908605
292.0369582
300.5010272
307.9699606
316.5440745
319.0126248
308.0724261
303.4221365
299.7167839
299.380544
303.5386361
295.2791096
295.144299
295.5829259
304.4604649
303.7663538
310.5700418
304.9700525
315.1999065
312.0540824
304.8320149
308.7495137
301.3751651
298.4179039
298.6638961
296.8485173
291.7696822
291.931428
289.2818153
297.0996567
306.6791958
317.6793706
320.8585355
308.8398141
286.627197
294.5323136
300.9862326
300.0148335
290.642
303.4585707
314.7551864
305.7403606
307.302318
304.2452355
301.7697922
308.8795806
316.1945964
310.2055807
308.8139048
320.5394907
307.3398121
296.5327776
306.4174122
286.4922039
300.5861548
297.9414699
307.0834152
312.8597902
316.0002182
297.997845
283.774324
291.400729
300.1812378
307.8486969
301.8527712
302.0090353
301.6180243
304.32012
303.8620284
305.3225053
306.8433084
299.4229858
298.6266672
297.729103
304.1519819
298.941046
297.359882
293.7385014
282.1428686
281.2234764
281.2217889
283.5775611
284.7362819
293.7370983
292.9266839
296.4092191
301.630414
299.1711932
298.4071434
304.0882726
298.549331
300.4888979
307.871924
325.111791
284.6229068
285.6842495
288.6638627
293.841981
286.2135788
281.6585482
285.9778391
300.6090526
300.0865624
290.9073354
302.7974309
307.3944869
305.4768465
297.4813658
292.1037377
286.0393889
282.6839321
289.5424235
282.2933536
287.2917298
311.6034867
300.1194486
299.0884879
288.2277006
292.5527715
300.2571049
308.4572674
310.2576006
297.8079529
295.9159
298.1370717
292.0803671
279.6445376
280.6161973
287.6613115
295.1777633
294.3872332
291.438833
289.1321103
300.4021043
297.7029149
305.9322609
319.2436564
322.7288103
309.0429656
300.6978552
297.8869085
294.6027725
292.5339207
288.5933675
285.819239
292.9972442
289.4321821
288.7651652
304.8107366
298.5019062
302.9235414
298.5325643
309.9436678
303.9286604
281.2825975
280.6806718
291.0618909
291.5235819
302.2776402
308.4040035
303.058637
303.3538118
301.147914
292.0947871
299.5461192
295.3205041
295.753749
297.6543784
295.3658874
314.188025
308.7141691
304.8073733
305.2962442
299.5453982
305.0161152
310.1736795
302.8049158
298.6355819
294.63948
295.0014111
297.2867834
299.8399404
309.9294941
305.3403514
292.9375603
307.4131978
297.4071264
300.3395198
302.0898829
306.1385539
309.6734879
314.5166693
303.6276605
309.1845617
306.4090888
305.6329888
306.4572842
313.3786123
307.4586299
312.9279673
308.2198002
309.0079542
303.3668432
297.3736606
303.4022588
314.0061953
309.8772551
309.4063856
311.3666583
309.4207776
321.2236993
322.2120433
307.5024103
306.4545266
303.9825104
306.6428376
317.6979503
309.141264
303.5567915
294.4857928
309.0004707
305.6847481
294.6908974
292.43043
291.214401
293.6486908
287.3415149
287.5421281
296.8300165
304.9893843
316.7004506
311.1729429
308.5920223
303.6752321
313.7948112
308.745541
308.0191899
310.6628225
303.0898686
299.8958335
285.3102812
285.5119809
283.9913209
301.9618255
314.6371732
306.774387
308.6173375
303.7985041
301.4680551
302.9963101
309.8767757
313.990757
308.2073366
309.1302527
315.7791413
307.5714618
308.8031978
304.8639499
306.3771223
304.0292179
304.7215272
305.1717423
309.5933924
309.3106029
302.3577662
309.5791159
311.5146388
308.5249751
314.0772379
298.959962
303.8703054
314.9056564
322.6048847
324.1256159
304.2347841
301.9565631
305.8724191
304.2711617
314.0874909
308.3767183
303.744931
295.3378084
289.9239606
300.4505085
302.2051401
302.7641814
290.6061972
300.1290029
308.6015465
316.5284715
311.9910701
317.8489331
312.6079354
309.2884607
302.806211
296.4611584
299.2695567
303.1117036
305.4921778
309.3541642
307.8589796
302.8748062
313.0766207
309.7346868
306.5273459
301.3023281
304.0584673
293.4694371
299.7221252
298.9102074
306.5957965
317.4137206
309.241319
309.2897654
287.9686603
296.05924
301.602664
295.6223793
302.029582
312.7774459
310.4960365
296.8674109
305.012796
302.9576951
291.6809053
291.0656161
296.820069
301.7067127
299.1788176
288.9055834
290.3801037
281.9848737
287.5525812
284.7300907
309.7033246
299.2744385
301.5403586
296.860732
288.3323523
290.3016004
295.2174586
298.9061935
304.6695897
301.5216595
300.2567501
284.7240604
277.5536137
276.0359828
276.921622
286.1624446
297.4387712
302.3307845
299.7441329
302.8772675
302.2559839
308.6660542
294.8957008
289.8259637
293.9137988
292.2089607
291.2654658
290.4293374
295.9566994
294.4814211
296.4007412
302.2021371
301.3445777
313.2941003
316.0926077
305.771511
297.4995169
304.1220113
307.8819113
308.0712172
305.4502651
308.5687411
297.5201079
299.6737249
285.6803708
300.3107986
306.6492669
298.786952
292.4279677
286.8779419
299.1048407
306.0319556
309.5470576
303.4665214
298.9649709
296.6010571
293.1760186
297.2726617
294.8046802
297.915979
293.6093208
294.2166782
288.7181696
287.8928188
306.4339998
294.956777
287.5436815
287.0072512
279.0541139
282.4193463
282.6070925
291.4368222
285.2713596
290.1521683
291.2681918
308.8894624
313.3027872
303.1559652
294.6238169
289.0927787
288.4615982
289.3228706
292.794029
288.7481582
290.0305345
286.4591454
295.9096913
294.7556316
300.2873416
301.2921255
287.919401
279.0212747
273.266562
272.6972241
277.1456163
272.1777521
281.464926
283.8509458
284.4133622
283.8217163
283.5242027
292.0161685
290.3401453
298.9975686
301.0518358
300.3588364
297.408906
302.0246539
299.0947663
295.9105779
300.4965315
308.9164589
308.2625495
310.4647105
301.2451472
302.0102367
299.8040763
293.1856895
295.0778909
286.2453452
302.2017256
300.2438112
302.0693993
298.2742187
290.3942548
290.4494387
283.7942538
293.4760575
297.9881037
309.8276532
296.3220965
292.3167086
304.4221717
306.7036463
312.1116018
309.1144195
304.0574488
305.428201
293.9182244
286.3050606
284.7326285
296.6329045
296.9874861
300.4773416
314.9527167
317.3156743
330.6005843
324.5049776
306.5488449
303.5414796
304.1727625
308.3237108
289.3473281
282.6401482
291.4337292
284.5617341
289.7090743
283.2231507
289.8960909
287.5395604
309.2800712
300.2587493
307.1246948
311.0993215
304.6705439
295.0085231
296.8178066
281.5977771
281.0855077
282.9781005
276.8661587
271.5195023
277.4079324
283.0250311
289.8779329
288.1325164
300.0873354
298.6204035
299.0547777
304.6414063
297.103644
310.1780303
314.3308857
312.4717639
306.2249533
309.9780083
296.9136246
296.6759172
304.8697199
303.9021082
303.9659706
310.2683135
314.2088737
319.0944241
312.4137096
310.1365419
308.5605616
316.9077099
327.7356989
303.3070403
)
;

boundaryField
{
    xPeriodic_half0
    {
        type            cyclic;
    }
    xPeriodic_half1
    {
        type            cyclic;
    }
    yPeriodic_half0
    {
        type            cyclic;
    }
    yPeriodic_half1
    {
        type            cyclic;
    }
    zPeriodic_half0
    {
        type            cyclic;
    }
    zPeriodic_half1
    {
        type            cyclic;
    }
}


// ************************************************************************* //
