/*--------------------------------*- C++ -*----------------------------------*\
| =========                 |                                                 |
| \\      /  F ield         | OpenFOAM: The Open Source CFD Toolbox           |
|  \\    /   O peration     | Version:  2.4.0-MNF                             |
|   \\  /    A nd           | Web:      www.OpenFOAM.org                      |
|    \\/     M anipulation  |                                                 |
\*---------------------------------------------------------------------------*/
FoamFile
{
    version     2.0;
    format      ascii;
    class       volScalarField;
    location    "0.0009";
    object      overallT_mixture;
}
// * * * * * * * * * * * * * * * * * * * * * * * * * * * * * * * * * * * * * //

dimensions      [0 0 0 1 0 0 0];

internalField   nonuniform List<scalar> 
5120
(
317.9798306
307.1897973
292.0279229
293.3861465
303.1704882
298.7613775
301.7302142
303.6007186
294.3857148
292.8907751
298.468227
303.736406
303.2627166
307.1616672
297.0892678
298.9531801
298.3975182
300.4315886
306.9800418
314.7974449
293.9312631
295.9622482
300.5499388
299.0793296
290.1955757
289.251625
286.7542324
297.9535229
307.295518
307.2816088
305.5973411
298.5897612
304.5161211
297.6258656
301.1437389
302.5895815
302.468331
306.1496539
304.5172857
299.0654191
310.9202533
309.1066691
301.854895
296.750375
289.0061707
292.6987273
295.6734943
299.8033796
298.5640076
299.6057707
297.921466
297.7626797
291.9935834
291.3538219
297.62984
305.2864489
298.5651415
293.6362959
292.8825961
301.0280527
298.3691813
302.8861236
314.3210455
302.7854358
306.3106726
303.7584853
312.3663395
303.4359337
303.536804
306.0075967
301.1493453
299.1361643
301.0936554
305.9363407
298.9547429
297.287922
299.5947769
295.7445922
296.6669859
295.1388378
311.4117789
302.9355635
287.5632786
291.2007442
291.1942287
303.783185
306.7605264
311.8424123
313.401337
301.9472852
301.3074184
303.7322332
298.1676812
294.4248163
295.9406211
304.0250584
309.8282025
319.1712477
311.9780109
311.1369857
285.8398816
282.1730098
293.5469952
295.8811643
295.7060006
299.0188602
297.3185038
308.4212617
308.375838
308.8831295
300.3749786
301.3692526
303.2426712
299.5752505
296.7602216
295.129575
293.3553713
287.9341492
289.1101456
280.4993037
303.9454986
299.531927
308.3273916
310.0132501
306.5590204
303.0763121
294.3129255
288.7661738
287.8773626
287.5241959
292.4816053
295.8461406
296.0232242
297.4032364
286.6744301
284.3332383
296.1450854
294.91999
297.9766563
301.6123088
301.2069422
304.5073653
307.2225106
300.6248055
307.683654
299.9676634
302.6357441
286.0920678
284.1168604
286.8079886
288.5210659
292.7173003
296.9780249
300.2133125
300.7315706
308.2656061
298.1649655
293.9086412
297.0530373
297.43538
301.3222342
299.7251201
296.1246899
298.4082917
298.2694214
296.531161
299.8192197
294.8545837
293.2793921
299.0700827
302.5282002
307.7333336
306.9676457
306.5592406
304.5870514
305.4482153
304.5336135
305.821193
302.919211
301.3003553
306.8802787
299.0781143
303.6108816
302.3162198
288.9080945
293.3006319
291.903372
290.2265361
295.8427421
301.8415422
300.462686
293.9734984
297.660949
301.3113363
298.7052633
303.3954185
303.7164163
307.3179193
309.8714334
308.3492803
292.037506
297.2599007
293.7025686
289.3629859
293.9124986
294.9451098
297.5091435
299.3901977
298.0066857
299.2909482
305.7737956
304.3049983
289.617118
283.9103069
294.3112403
287.4495139
287.6022388
291.8042057
294.5998701
299.4003289
311.9469606
297.1980116
299.2524646
301.4017003
305.2451897
301.1378529
298.2070902
299.6698797
297.7216343
303.9115769
298.8032795
304.775964
309.7528312
300.5788273
308.0499277
306.4297885
302.7145499
314.9954254
308.0593886
312.3723815
295.8960886
299.3716133
296.2672097
298.898643
308.8959513
314.6085736
301.4594652
298.9381066
296.6336682
297.8617904
299.0707061
293.4496094
288.4173053
295.5530683
299.3095635
301.3399712
299.7226058
298.6838442
305.2783381
303.2588158
293.4180209
289.440358
300.084484
303.5644566
308.9911447
311.3771966
307.8901438
299.1749887
293.4162453
294.7211245
307.5725136
291.8373875
296.3927289
302.6566668
299.3919208
298.1360826
296.7396886
295.4797261
296.3613776
297.6587079
294.556212
285.8268192
292.0518358
298.6738768
305.7607321
303.7697832
288.4140673
300.1133673
306.7863314
303.308057
313.0593848
315.6504682
315.6721582
309.2811484
301.4798934
312.8013996
314.6830409
296.9326384
288.6392539
294.7625593
305.7521263
304.8083785
307.587381
306.9556067
305.2037618
311.3243128
306.5885228
311.6267951
318.5168755
317.5597727
323.1064179
318.3312674
317.590579
318.4542382
322.4136025
306.4251213
295.0559217
284.7808279
300.6766487
302.256389
308.1215566
305.0007398
305.4789825
299.5246587
300.1892925
293.9200118
288.7227758
289.9311911
297.3813616
300.9298475
300.3042753
299.4029235
296.767051
302.0088722
301.6025608
307.2697478
311.1684375
308.7347473
302.7157995
310.511955
302.540903
313.1617204
321.2225397
317.8253095
317.759803
315.9590905
309.0641822
307.5351205
304.504416
306.7360706
302.1199198
302.6715333
299.4027498
301.8114439
304.6288593
306.8923144
314.209045
314.0497706
301.4251087
297.5452791
292.4228996
285.8487375
274.9957167
294.2280885
294.4221696
297.9838919
293.7433187
297.4776161
294.357898
296.2496027
302.1647815
304.5004277
316.4422458
311.2694947
313.0312734
311.3409147
308.2876952
314.3153098
307.4375674
299.1037249
293.306746
298.8054176
301.74522
305.468045
291.1976502
294.9764756
292.5679325
301.9752135
305.3578848
307.9545319
314.7113794
309.7455159
303.8032635
311.2896768
303.1283925
300.3881226
295.8148911
292.1326006
303.3517879
300.5123824
287.1141403
286.9983501
293.4305235
295.2274063
299.1208679
292.4258028
283.4513001
275.5563984
277.6005684
290.1832806
287.732275
308.216942
303.6013612
303.8707955
306.4605816
305.425514
298.8660262
296.4930144
293.6187359
289.4159058
316.7362121
308.7506304
313.4505085
300.7332528
301.9908942
305.1853498
310.8204141
305.9815835
296.0665734
293.2115254
299.5323459
299.9876699
312.4827062
309.2754527
310.8844222
307.2658752
306.502573
309.2600902
319.7836597
319.3476082
306.6973396
309.8422422
295.2580437
305.6822146
293.278229
294.1497865
304.483397
299.6312743
300.4096565
293.897127
293.2507515
294.1699899
285.6460757
287.9330141
288.180334
297.302838
300.8384859
307.0438449
313.8320679
313.9815199
290.9741419
286.2057519
285.7014211
298.5138821
298.7217536
299.7920317
288.2516
300.0676452
298.1425751
301.8008392
294.6688573
292.7504498
289.3102053
287.1617072
289.2856455
290.9711193
302.446078
303.7909137
297.0818703
297.8927914
293.9226876
301.1803002
299.524351
295.761522
287.8787901
288.0968343
290.9470989
302.1515587
311.8808641
310.0221872
307.4781964
295.8220715
294.8425446
297.8770109
294.3792886
294.5297347
305.1264657
306.9489846
309.588948
299.6300073
312.2356332
305.4552522
307.3591182
310.8158869
314.2508466
305.8765828
296.8427737
294.8068889
288.5453995
293.4926288
291.3429509
299.3082157
302.7573285
305.3157006
308.0572588
307.6803948
306.6304249
309.861666
322.0582131
308.0673651
307.0638016
314.6571602
299.2303221
297.7834537
282.9650967
285.5670428
281.6857697
291.2184374
298.5017049
305.6742204
299.3077319
295.6381739
299.9163832
297.3987635
281.1699454
291.9204776
289.5598199
291.3358355
294.2043402
305.0031009
297.4708734
296.0039292
296.6467803
292.8701913
299.7410214
298.1996525
300.9294208
304.119852
304.6851647
313.3319324
307.2356443
308.6874539
304.1628118
304.4666693
297.11179
300.6866117
293.4341161
293.0444268
289.6293052
293.7402901
297.1811649
295.3029368
295.84842
301.338766
303.487853
295.824172
301.8565119
302.0435824
301.5655588
300.1591827
312.853341
298.5295297
297.2045715
295.0450075
289.3779467
285.43174
282.8733924
287.2462137
289.0717178
303.5713529
299.68913
305.7128062
308.0521772
309.6537268
293.1372778
295.7661598
289.5060615
301.1658056
306.6456762
305.7792293
287.9904499
295.2673879
295.6708256
292.5764919
293.8620266
292.0501146
284.976172
282.0401039
281.9564759
282.122586
285.3749168
304.6878903
299.0877385
292.3322445
288.6524023
299.7078341
314.8061699
315.9683538
298.4964927
306.5465045
299.4513984
291.1825372
289.9385538
299.6010055
297.2438816
287.6269462
297.7335065
300.8177294
298.2383355
287.2377516
297.1635611
296.9167051
301.6019962
309.1658977
312.1875619
301.8691049
291.4232782
300.6390703
302.9845289
297.1213085
295.7613407
301.4283234
308.0964049
298.722994
310.9984297
306.5992739
300.522952
296.5870282
302.1627242
304.8176066
306.6149007
303.6320022
299.5356397
293.5220428
290.6691907
287.0892031
302.4671138
313.3921043
295.1198588
285.559171
287.6876775
289.993238
297.8574936
299.0905752
297.1742285
305.388546
316.8999744
310.0015003
306.0134309
303.6416721
316.8583845
311.1247633
315.0611583
312.1033569
314.1109613
317.3261926
310.8397434
310.2701993
317.2338511
312.8352975
307.7573459
301.5148578
301.4315492
310.1784501
309.7181689
320.0828989
318.8001521
323.7542975
317.5014802
317.4808508
295.3548312
293.8824332
291.0671346
290.3610231
294.7443009
294.4477618
296.390582
294.2958805
286.7394341
291.5134883
293.0964672
305.3746474
301.0720954
301.4459395
308.6857302
311.6037245
306.343791
307.9072819
301.6154721
296.5814805
292.9565714
297.0178022
309.6030743
300.5662258
305.1703142
306.680841
292.5678184
287.9442786
289.6167424
299.9894796
289.8871781
292.1838278
293.7665597
287.5027807
289.8378852
286.6722023
291.0572723
279.2536173
274.4177434
285.2127596
296.2269574
301.3033286
293.8062579
303.9127315
308.6619765
314.6972128
305.518535
298.2211167
304.7918969
303.0941849
301.2920324
301.8130246
300.4926753
298.4524051
300.7923258
305.0395265
303.1506479
295.8753289
301.0420241
294.5551905
313.2802155
311.160248
304.1685747
302.8369246
301.9913383
302.6036919
298.9534486
302.656717
306.7002334
306.7351367
307.083214
317.1207048
305.3496034
306.0927147
301.1641024
297.0975634
300.3414963
303.596787
304.5622897
315.3980705
275.0825772
289.4776873
294.1495206
300.067284
308.1359296
304.3188757
300.9837649
304.1970838
304.9182317
301.9400198
299.8811941
297.3367942
294.5148526
293.2580345
295.9230394
293.5076869
292.6058601
285.4546544
280.9818038
275.8404778
304.5091666
298.2331059
302.0389299
292.1107503
302.8702109
293.8547103
290.0891266
299.5173337
296.529597
287.5286058
285.2811558
287.7276006
288.7233573
295.206865
298.6502378
296.266589
296.1672548
290.4643579
300.4374039
299.3398924
299.0460345
297.6249101
289.5496637
286.24457
292.5186326
296.9481851
285.8301978
289.6452095
300.3760066
308.461361
306.8839033
302.322152
299.8322883
302.8932031
297.0545295
296.8027001
300.318683
295.4974292
288.5099184
297.2002135
292.7071812
282.8497875
292.4405417
290.4728491
290.2738442
287.5821564
291.8591549
299.3564139
282.9318893
275.2180144
282.9100851
287.1566925
297.592655
305.8463743
304.7528477
302.7027949
305.8189527
308.5130685
302.5886995
297.5337901
291.3818724
294.2656012
289.6730712
287.5569339
287.1119331
297.1559319
294.9418412
302.639127
305.2606435
304.1602844
304.7573928
305.9191272
298.3710041
303.0587335
302.4535338
289.9637679
295.6003975
296.6337159
292.9576979
291.2416595
301.1465099
298.1911212
299.8411419
297.4821171
299.8536756
298.954736
296.133918
300.6506126
305.5431315
300.0587711
301.4102811
308.9790009
311.6819029
311.170607
302.911207
297.8706115
301.3200526
290.8996794
305.808545
300.3366601
299.0361499
298.254098
303.0215981
301.5162773
307.4683559
307.9590007
304.9665578
298.3369457
290.2366992
301.1861155
295.3301862
291.3728743
299.6929314
291.4975618
298.4434771
302.0796781
302.3987754
297.4684595
293.1678383
291.983317
298.0122922
305.7426699
305.1845503
307.4382697
304.2740062
304.9015174
305.8375111
295.0781173
295.1518758
294.2546176
292.0486567
286.5132194
287.469597
298.3111327
296.03633
300.3431358
306.1832684
303.2347674
308.9249811
310.9458511
286.1614652
281.150437
273.9651004
283.067298
284.6320988
294.3626453
298.3808322
295.0107237
305.3470222
295.5214038
304.5255989
311.16374
317.8598078
305.2390345
302.9898398
295.5702857
287.3276777
285.8059562
285.212117
288.9799442
300.5310818
301.4919516
302.9584468
291.0840356
295.5285835
301.4267414
297.8531177
296.931221
303.1889954
309.1063271
313.4304011
305.2437466
299.6033751
310.2994256
296.0171136
303.116777
300.9332481
306.7256816
300.8999536
305.8032856
291.6910011
288.0136585
281.2684093
290.565469
298.0667964
299.8558492
303.9224319
286.2876218
282.5325541
297.6853026
303.242893
295.4841286
292.528994
295.3707699
295.6689813
295.2379973
294.6167745
297.3878336
301.9317891
300.95779
298.6116638
299.6739098
295.4919999
304.8899767
299.8243029
299.7750871
307.4166195
306.414003
307.6562066
306.3148203
296.8011352
300.7348915
303.6865912
305.1038179
299.3750314
292.3531464
285.8905918
288.9251716
289.2737874
290.416587
307.3742293
314.3998639
312.7835435
306.0228144
306.2309401
302.2411619
299.7384315
298.3059121
303.7588531
305.1293337
309.6051486
306.7057208
305.1818985
312.9205466
311.5821056
301.6119844
305.2856649
309.6092002
308.2186071
298.99513
307.4142529
306.2080473
299.9552499
299.6470118
301.4204895
296.2541129
302.7650283
308.4016669
321.4938891
311.3140975
312.8460983
311.4067284
302.0897586
299.9302064
293.2328652
287.4951128
287.3243853
298.7822576
306.6739499
304.9832179
297.2448233
294.972697
288.5182876
283.5905034
285.8246412
297.6260458
308.9720287
320.2316969
312.5011442
308.0102982
297.7146019
287.2604973
298.0919784
295.0435357
289.7913716
277.9602935
295.3830894
292.2775674
294.8554435
301.5572877
283.1516009
285.3898011
290.9368849
290.3500703
294.327819
300.7186905
308.7157839
313.3702309
309.8484162
305.0113476
298.8658554
300.4959285
301.8227881
295.311885
296.906778
293.2594183
292.6467198
292.1616398
279.2950802
284.0457106
310.7735619
311.1786447
302.5302739
316.7151659
298.1994737
292.678092
299.6887559
304.5927579
299.3498706
312.8042272
309.3621388
296.98122
292.8472561
298.4049278
301.2587658
299.7963446
312.6220859
304.1918088
306.0055258
305.4948257
309.7118498
300.0940621
297.7548705
298.9030788
299.0682104
315.3137163
314.2490416
309.403876
305.3743638
303.3364611
299.7086359
308.6709868
311.1660223
310.6928203
305.6476342
301.2887853
300.2453404
300.1757315
305.0903238
306.8711443
296.5131646
302.1295834
304.9905007
310.1495543
312.4870385
314.4851245
314.1924456
308.8801525
313.314388
310.7316203
301.3626355
307.0804488
302.6523046
306.2065592
297.5609056
293.1014889
297.7370846
307.2982011
300.1984622
293.3547977
297.2263162
290.3632831
296.2541501
300.9450113
310.2105917
297.3076513
295.9810604
291.4990715
284.6367218
296.2710519
299.1854976
298.5497432
296.3503583
291.1981467
303.958564
308.9020912
311.5879843
303.1877296
296.099777
301.3676482
290.3169078
294.1984583
294.8526889
295.4869472
292.1164791
297.5776225
301.7477462
296.8608118
293.703978
295.4685062
299.739779
306.1958435
301.3214546
296.4500567
298.9508599
302.6924591
302.4974303
301.6895809
295.7096611
290.1326257
288.4705423
291.4627061
289.8997368
278.6014367
279.901364
278.2421407
290.2461662
294.908038
301.5921391
297.8880064
299.4654018
294.4825868
297.113603
304.4359945
297.4912469
306.4668703
298.798364
294.9347659
286.8167917
286.8972685
289.9245231
288.776569
286.8932571
284.3909067
291.3648994
284.07052
290.7654285
299.1639735
295.5115865
285.8296383
292.1129942
297.2631067
282.3038601
292.3930976
298.3137642
293.6051783
288.0182673
294.2782692
299.1834253
306.3876722
298.2359455
305.8900433
301.8657761
296.1556731
296.1290232
291.6679096
297.9515924
295.6958
292.8763406
297.3940043
303.0068494
310.1976405
311.9251802
292.0112201
288.5226115
281.8143095
290.4330576
299.3201159
291.577422
290.7930335
295.6106544
305.3490615
300.7408446
292.4035925
307.0248518
291.9477156
282.6539591
288.7774952
295.5194322
304.3257062
298.6115981
283.5171298
283.5261162
290.4071941
288.955563
293.592506
299.7116277
298.3881169
298.8625932
303.2059854
297.9040959
309.310745
303.6703714
301.1273699
305.8700483
306.4358623
308.176251
306.2758888
299.8497369
288.5246615
289.1507894
288.3426079
293.7182865
294.0451471
291.4498475
291.8538215
291.7396974
297.4678171
302.8960329
303.314251
286.8731129
289.9905738
295.8697351
292.8353728
290.7583708
289.3252638
295.467189
296.6464363
307.7768212
300.7293075
295.2263579
297.7774229
291.4304857
284.0659379
288.6549168
288.1102384
288.9141619
284.7884715
295.367081
298.466374
295.3209393
298.5180619
304.722748
299.4178934
298.7104774
293.7306308
299.8639822
296.5694353
284.2080911
280.3426241
291.2743762
298.9098026
301.9294182
294.4439513
301.4799187
299.6955981
306.4762193
317.5210831
306.7610136
295.353646
305.4070787
301.8124465
299.612186
302.0025081
294.8391087
297.6350214
306.7189896
305.8549438
309.5174092
300.7766672
303.0604331
298.7525594
301.7785727
299.7614851
294.6020776
301.9996782
289.2344039
291.6634892
299.4395994
307.7975869
300.3636722
305.9701591
312.4704148
313.8767286
301.4418977
303.1945574
299.0855689
301.5726169
304.8230501
320.3664234
313.7948561
322.2716509
318.4281939
306.4967533
305.1158997
303.4250671
303.279441
303.9439467
304.4976905
311.2260842
312.5490587
315.5363651
318.3997915
315.4813241
317.5713943
310.2520399
297.2393407
292.4050332
295.9900232
298.1387356
306.4704144
295.8285323
289.0534631
294.1021131
303.9128241
303.2343733
309.2843235
312.6591402
314.2785068
307.828566
295.9232914
298.1265887
290.2000971
298.0548107
296.1245869
296.3547072
305.4290365
300.6178555
300.1080698
305.3151335
295.966333
294.7429253
292.8514457
288.7423268
295.3359629
290.9780616
292.3137452
285.3953294
290.2783233
290.8137204
290.2373144
297.4213039
296.5077434
291.5771502
306.6971443
297.7855875
309.2217632
321.0914818
315.4814578
305.0680119
307.1276974
302.7457139
301.708295
297.8747013
291.1580092
301.1551124
296.6015033
308.5688331
317.7515484
296.8918572
318.7930799
320.4912641
315.409565
315.8485289
310.2678469
313.1273802
300.1859345
301.5330147
306.9809956
309.8840286
302.5229857
312.8308738
312.7508964
309.81249
306.5453166
291.3330823
288.4972174
292.8851343
289.7601683
306.5898149
302.5344967
303.0102191
295.1664143
291.9836929
292.2950856
291.0256614
292.0333583
302.0955468
299.370569
301.8562492
304.0014749
295.0274912
295.4929508
299.3760637
294.5952015
294.1593473
292.8167758
291.8316792
298.3952159
298.8963912
280.2228728
289.9496247
290.4740625
294.1816643
289.851655
294.5172823
298.9666877
298.5637304
301.9072996
286.9606613
291.7814317
305.7686479
300.2117365
302.8629558
312.8426729
306.1793733
301.6615902
294.4266683
292.3893919
283.1405676
303.8625018
296.1815542
299.9597325
307.488134
305.0963688
311.6487695
298.4484611
293.9811908
298.0907568
301.2521534
310.5794463
300.0388137
296.485345
283.5791944
289.4019849
297.6009027
290.6753947
289.3383665
292.2890508
294.7378838
288.2176606
301.8168802
295.767902
305.1980043
311.5342401
303.6301409
300.9161262
306.1025359
301.2325278
303.5565356
300.4397572
308.165869
309.1656233
308.2525728
303.5095001
299.6727689
305.6011707
305.4474935
299.2269543
295.7974576
289.429628
276.6629958
274.869344
276.9402032
275.0462212
287.8442014
291.0498614
303.832505
293.357919
302.277899
299.4607032
295.4859089
289.6323318
288.7438388
285.4209527
297.3581401
295.5781788
293.4358888
294.5731163
285.7769148
290.834628
289.2308372
294.2195365
298.3029589
303.2084813
308.8703927
300.4808879
296.3526423
299.8620726
293.3997744
290.6511052
290.6345622
289.4565411
286.1653242
289.5305472
295.8384826
292.3974712
293.5109225
285.9596327
288.726457
309.4494599
305.816378
309.6314131
314.7915888
314.7425636
301.3815383
298.5064093
288.2351481
285.263256
299.7491359
299.4316226
304.5946493
312.640266
318.441523
318.9852576
313.7766042
305.5765983
311.1734085
309.443944
313.7380758
301.1744603
293.4810985
303.4983091
295.750912
299.5780465
302.4776188
302.9970474
304.5693211
305.8621175
307.8413681
305.7276031
306.9955155
305.5610705
309.30871
307.4960575
310.6094578
304.2182884
289.2139205
286.8020262
303.2920961
296.7017039
290.7349991
296.6021119
295.016082
298.5365909
299.3342103
293.9344007
293.7269749
287.3102606
281.5391485
291.2715096
301.8854655
301.4449143
302.4716346
306.9525348
308.5887396
310.456023
305.9859085
302.3932212
303.3501678
310.625789
310.9765919
306.3402414
305.7746707
306.5126814
301.1189481
291.5793991
277.5156748
280.0235402
290.1043296
289.4566426
294.6736445
297.0347783
297.0919311
300.1677958
303.6104978
298.1119789
300.6153693
292.7679548
298.4703273
305.1581289
302.6126414
304.7132788
305.9178274
306.7576472
305.5457523
298.3942109
308.0919358
304.7883643
300.7452017
296.1425862
299.5097071
300.2380008
303.6039708
297.4562208
293.1076665
293.6633731
290.0562627
290.8498428
291.6506086
293.6522811
297.0036655
296.7376094
296.4727501
305.2670182
292.0150924
302.0799519
300.4545171
300.0869978
297.8493537
308.4661417
303.3214901
291.0810658
297.30683
304.1988802
304.6170056
297.1451653
297.2731501
296.9861087
303.5722949
301.2471709
307.4939242
308.5433492
314.0078184
311.8034836
311.3178815
311.1785228
307.0719116
296.8537453
295.507083
280.3050777
293.3969203
293.430553
296.1897176
292.3167862
286.4164525
290.531335
291.8421908
291.9647537
298.4277017
298.7218626
306.9042175
299.4705256
298.0527746
299.0622968
305.7411781
312.9752376
306.935515
304.807921
295.1602731
300.8181586
294.2844326
297.046421
300.0672224
299.3202445
304.2131728
299.8148234
300.9769382
294.3801107
290.9493911
298.9239514
300.6816106
309.7480672
319.8395918
312.7106017
310.0483341
296.1134181
291.2863229
302.3750721
306.3937712
303.1359753
305.3758792
297.6287513
302.0530569
304.6482501
315.4735572
315.1552978
312.5298306
289.2858218
292.6547626
301.8654946
293.9089322
298.307366
303.7436602
308.5198962
306.1289947
310.9634517
303.8763166
301.3046468
307.5827243
316.0712637
310.4926017
311.3506931
305.4950503
304.7701588
304.0592717
307.6271882
310.7666178
314.0292417
311.1277263
297.2456681
296.7762926
295.5934298
289.4867124
291.9698099
295.8449757
305.2502985
302.1175532
294.7419363
301.9113535
307.0229991
315.7632399
310.3209379
302.7727561
291.5619773
290.3294233
300.9821541
306.675203
315.5790563
309.7037304
307.9834917
303.1956996
308.0026753
305.6664135
305.8884721
302.1873308
304.3306228
301.0479808
312.3821149
311.0275003
300.5040013
283.4783679
285.1387901
293.7943407
294.8901609
293.1530005
296.4971288
307.029141
313.2686395
304.0727091
297.0222727
308.4784789
303.11569
301.6572092
297.2421202
289.3661751
293.951782
287.7895206
284.9356867
283.5554603
283.4240064
288.5088599
281.0185053
286.0295295
287.3005249
296.4702736
298.5435658
288.7896947
287.4384657
293.2579835
288.7330533
290.4203211
292.2160578
287.9894192
293.3041099
294.2832746
290.5671484
288.409061
287.8078485
294.9089721
293.5955909
294.9297431
297.1706004
311.8505868
307.9140987
302.9509603
301.6550185
296.2168349
299.5724999
293.4195171
294.9228747
295.0806208
294.6444567
306.2737697
304.7334259
301.4545553
302.367479
301.0379606
307.8131005
299.4623232
299.7870244
296.662381
297.9184213
307.4741566
305.267467
304.2207046
315.1477903
305.295194
308.2572214
304.1711243
301.6887029
312.1848745
313.926425
313.2385026
304.7537074
300.5678301
300.8051681
307.6675808
309.517383
305.1335946
304.4737166
303.5246462
297.8433168
300.3916489
299.7298194
299.9424274
305.6393705
306.772843
304.367501
304.4245351
306.7164191
303.9534886
295.3600825
295.1510569
302.9483815
314.8666129
312.7197915
302.7194563
296.5043292
301.0718488
300.5612629
300.5705517
304.3829386
294.4354973
294.001935
297.4127465
297.5117037
303.3898921
296.9060816
299.2219099
297.2006373
302.2536161
295.8392818
290.2903946
291.9587067
287.8468772
293.2988102
297.6909855
301.0517731
294.9518556
294.1797299
294.5174908
297.7968811
298.3193751
295.2263822
292.0442124
289.5493295
289.0381527
296.1107869
295.4212391
295.3533772
295.8510802
295.9586619
307.7514913
298.2950353
316.6687787
315.1636686
319.3689885
305.6353612
300.9713544
296.1162499
290.398516
291.1354475
300.5372857
299.0286073
302.217966
307.0978653
318.6561176
309.2682864
303.9940558
279.40606
295.480578
298.6043877
301.5514427
303.8512663
292.7877061
289.2050159
298.9061493
302.7190405
298.9649206
306.3334945
298.7477056
297.8212904
290.8964191
291.8299803
293.2236031
290.9514547
291.9967
283.8587036
282.4896747
295.3662741
285.9138872
290.0518992
289.3166923
292.1825759
304.9467394
305.8764078
302.2374885
296.4534668
297.9499478
302.0049788
302.4555192
301.0319336
297.2133121
295.3873173
292.9559745
294.2217083
292.0813972
296.3805312
297.9246642
292.2008483
293.652715
288.9288449
290.4843853
295.9483759
293.5155495
283.0737948
282.4777097
290.0413893
298.2406427
289.3177674
286.0053816
276.6913065
278.8459265
280.8681704
290.7583072
299.9005687
306.7077813
301.4296149
296.3258053
307.436978
300.9143824
287.8734056
285.4675799
282.3776234
283.5457024
279.527369
293.9667152
294.1725842
299.1458865
310.2102402
314.1219118
318.2430517
312.4664369
305.3744495
301.9501235
298.4235196
294.7138425
295.8291013
300.756186
294.7765605
293.4467355
296.2856589
291.024146
298.6985885
302.9200819
306.1423476
304.4250721
300.4148688
304.0631657
300.6295124
290.5657842
285.3419212
278.886422
294.607595
287.8610739
289.7095607
293.341897
295.3111733
294.9878635
299.4641567
294.1913523
294.2192438
290.677562
301.3704922
307.0407853
305.6176308
304.5390813
309.1370644
306.700115
303.3732375
298.4711163
304.7926154
320.4320567
317.7436646
319.6913843
312.223311
294.1919256
310.2349619
305.72106
302.1563265
296.9447631
296.1833566
290.513231
296.6933584
300.9576552
306.8987021
305.0684482
292.2233961
289.2964809
293.898851
303.9548853
305.5489703
300.9179587
302.9619028
310.5465337
313.5949089
316.4169006
311.4492055
299.9163665
296.633669
290.2630321
297.7200074
292.0961035
294.1822049
281.171825
279.6300912
279.9535613
280.3827599
281.2789672
279.1742253
289.2528487
294.9073992
301.1012553
299.321306
298.2669891
298.4289816
301.4315874
298.6935036
302.7431605
297.3292355
298.6289371
294.4867134
302.0374718
295.8326207
301.6822187
295.9768592
295.8891154
295.7249245
303.6820527
301.9667554
307.8886919
302.5710306
289.0089642
284.3196829
288.6358497
282.4322752
280.7368845
290.5885535
300.5494505
281.9543145
286.8343327
294.6962817
301.2511586
314.4094064
314.9300245
315.5548734
313.514033
306.8124697
304.470556
299.7213789
293.8926895
293.7563852
296.0732626
299.1705085
291.7446415
294.1945635
297.3470305
296.0789089
293.9325877
308.4235321
294.7073672
302.9802145
307.9635224
296.8421971
289.5578911
293.6299306
302.1590643
309.1793022
306.3318128
315.7737925
308.0237254
305.2540875
298.6949987
307.1014166
307.0428374
294.402684
286.9456107
291.035416
293.4430545
310.1235309
305.844132
303.9079389
294.6578225
310.8265484
308.0759201
305.22485
303.3383056
303.6634142
304.1820369
304.5061828
304.9267127
308.4848511
313.3480463
309.5865215
302.4011377
300.3564454
297.8637293
301.6075035
305.5393683
312.6536458
314.8982041
308.4344129
300.7382528
305.0710722
306.9710631
317.8294529
321.6031104
318.6342884
315.9037054
311.9938393
305.7090681
294.6753166
296.4635333
294.821752
295.8783588
292.8407372
296.7106016
302.4125127
308.5851367
314.8608511
307.267934
307.6248887
311.0109917
298.7998791
294.2042595
298.6056544
303.2513168
313.3910065
305.1406697
315.407345
317.1576129
322.7267206
327.4602595
326.5546965
311.4701719
316.961616
322.283372
328.9905495
322.2083282
310.1746073
310.7634192
310.2915818
308.1123959
303.1021911
306.2666475
300.3475197
303.7552372
321.2479473
326.6592347
324.4408427
321.3055759
313.8711337
320.7980275
313.687709
314.3063114
316.948964
308.0874493
309.6652089
308.4320516
305.3646935
310.1849691
316.4206929
318.4831154
312.3842479
301.2085073
293.8135459
306.1420642
300.1406107
302.0811311
295.5470877
297.3827028
289.8634664
288.4003957
296.7647586
309.0244354
305.1419248
306.2132641
304.8667932
304.310236
308.8296077
303.0392711
301.4748651
296.8898053
303.2035651
306.76312
295.856955
297.8908123
301.7682659
295.7183865
298.9296756
293.0024893
299.1900867
314.7173759
314.6461205
296.3237186
290.2787156
305.4225738
320.0707418
316.5337469
301.6002686
309.9796854
313.3064538
311.6927496
312.7721201
306.621017
305.3709574
298.7924769
294.408403
293.0622168
300.7980682
298.1809784
306.058497
306.4171465
302.4812012
305.4722075
303.1928915
306.4118797
303.8096884
297.4824554
295.2776697
292.2689385
296.8126984
305.6585091
295.1909589
284.9586897
288.1554975
289.2783264
288.6938663
290.9033949
293.4679657
292.3327245
294.9322062
305.1850905
298.42078
306.0385954
316.7658968
297.7928565
304.6679478
303.6995532
287.4262253
286.0227831
293.9246844
279.7518846
280.5493466
284.8898381
294.0849811
292.4130037
295.2716253
292.1831591
295.3217789
297.9941414
296.3499502
297.8630248
302.9773019
297.4208355
296.1537138
300.4666855
298.6762406
289.3327516
301.4908078
296.773787
292.5648005
294.2350166
285.2851816
292.3520671
281.2497261
281.263163
280.4630089
278.6924566
275.385279
280.3209159
281.8765441
295.1490755
301.1558354
298.6191139
302.9533679
306.8651316
304.3833271
299.6984388
308.6268733
317.5334168
314.9607911
310.8777887
297.8559213
295.0140948
291.5117412
287.5838863
294.4398329
289.7195734
289.1203597
291.4379118
294.4358715
296.0665396
291.8450016
289.472302
297.7035919
294.5416005
292.9964651
291.2064165
309.7963421
304.0149268
294.7996349
297.8818233
304.0672698
299.6166439
294.7576293
289.4585741
287.9347168
291.9108392
296.758028
297.1413538
291.0308308
281.6948218
294.6727499
293.6018197
290.932376
296.5849252
301.0531314
310.3817117
279.4132353
285.9062088
288.5660226
282.7649016
278.9600401
290.2930031
293.743194
293.8473403
290.8433848
280.5334138
278.5526204
278.2051539
284.3453525
292.0791623
294.4203569
295.4982713
293.9812872
292.0934933
285.0111452
285.2187623
296.0106994
305.2816181
304.4085274
308.0236341
301.3066648
297.5455089
302.0941771
285.6443589
287.6705893
293.2304283
299.6064256
292.2755647
296.8467946
294.1749575
295.5806287
299.2445922
289.8914491
290.2414775
285.3230513
293.1301308
303.4467781
303.2390958
301.4151695
295.7212603
300.4662542
310.9683037
304.9698474
303.7969503
313.6606075
311.6640191
291.8318806
296.2638584
301.6394251
294.3176691
289.8026769
288.9786537
286.9449287
296.1393998
293.2734803
296.1530525
286.9823008
293.3496079
293.7753627
299.4514603
298.5613116
297.2479328
309.0915956
314.8056816
309.2164425
312.7735731
299.112378
299.0311076
287.57913
278.357351
282.183946
288.320084
289.4851292
303.4420665
299.5729602
300.0150851
298.7346527
297.7764006
297.8014406
290.8967064
289.0289237
294.4506519
297.3421051
300.9009924
299.6535883
297.2984331
296.0893089
293.4604069
303.4022718
309.1678185
304.0643116
307.58792
306.6445256
308.3865355
310.0265129
298.7557916
303.3926984
295.7514917
291.8228945
307.8881661
309.3925519
308.9409088
302.9197185
311.7063651
314.624229
310.6890639
311.7142773
311.214848
306.7070962
293.5349663
299.3780739
303.7844296
300.8837089
299.4882355
303.7502502
305.0582623
302.8988614
305.0897409
301.3791566
302.422163
303.4248209
312.0922449
305.6106993
303.8677286
295.0402389
300.0671
298.6221249
298.7511371
303.9404434
312.0309061
320.2840153
317.8665796
311.4130426
315.5604137
309.0921029
311.6434744
316.6963433
308.2134492
315.9438053
311.6297151
306.9010501
312.0467121
320.1124831
308.7289219
313.046219
301.7865776
307.0097018
314.4482873
317.4268265
310.1568971
318.6829205
307.2260683
309.8537216
309.7918047
311.9256926
315.3823472
316.7030157
316.3162053
315.4689539
300.4867909
300.3732081
308.21436
313.8162995
313.4070045
307.8745783
307.5363658
304.8198914
304.5800876
313.8275717
313.9853683
311.3246768
313.8432423
314.9778788
303.0360226
297.090251
301.5591542
314.6386017
296.9666713
285.579754
290.0138409
294.4619457
292.2601575
286.7317429
290.8047979
288.1188222
283.9701959
292.9123556
303.4216468
307.3420449
303.5478308
308.0208309
310.2491679
317.1503345
307.0089566
308.757772
313.9056822
298.8577169
302.5924493
301.4426462
296.3051623
297.6747039
300.8055901
305.0542206
312.1338529
311.520757
308.8396449
302.2618018
300.4462579
297.2807341
300.2876952
299.9270462
311.1637132
312.3910719
297.4025224
301.5166346
305.3909223
296.616802
303.4763985
309.2408182
308.8290945
307.5056205
307.4845614
309.2757906
298.1659047
299.9073978
290.837918
290.9506425
300.7730491
308.1188942
297.2144787
306.9030246
291.1452067
290.2759878
297.8673597
290.3709715
293.1587298
292.5375068
299.0580501
296.6343506
296.2194717
303.4282979
299.2094576
301.5552562
301.9071158
307.5650922
311.5562642
304.0634287
306.3198339
299.6445941
289.7166471
278.6017018
285.418213
289.0606953
289.1373777
283.8935922
287.7578397
302.7630273
301.56622
292.1177574
291.427172
284.1477127
283.2465372
287.7026675
299.7296123
302.3707019
296.6468375
291.8374491
292.5652067
299.1852058
299.9754654
300.2264955
302.8382253
295.7821754
293.7676449
302.4283196
309.5919994
282.3190806
279.3668731
283.7370952
284.3002499
280.6092678
286.6725824
275.7709329
271.9407788
275.4318846
276.4757929
283.8465927
280.668568
288.2461694
283.4786602
287.1715934
287.2274543
281.879859
272.2728299
274.8594491
278.5244243
282.0638034
285.1000738
296.1236956
289.9700911
292.2805809
286.0958196
298.1255136
296.535726
297.5553446
306.0502173
303.4229843
292.140757
283.2070249
288.9838092
286.3269332
285.7410111
287.328814
279.5921919
281.3082385
280.5257433
286.5811874
281.084412
286.4467845
287.7723822
285.1770438
289.1202368
285.3532329
292.3628265
297.6388268
297.1717381
296.9027416
302.1580167
302.8726867
296.5562602
300.8048466
307.7281247
296.1354661
288.8295918
288.4344976
290.7675808
292.1572729
295.374079
291.6913156
293.2933908
302.2208265
302.1953599
299.6077551
291.478383
293.9847016
294.3665314
299.5225692
304.2984498
294.7625144
297.3883659
297.4296357
289.8594944
290.2858811
292.6765647
294.8363234
289.2610081
299.8312591
295.0038969
294.9770738
296.6987859
290.3623084
280.2323046
291.2831987
302.7972528
303.6995938
306.4059688
300.7416339
296.1121912
299.9677564
300.4458153
302.6517172
301.8123849
295.7879931
293.396194
304.83753
307.2280781
292.6919967
292.9571826
290.9014346
285.9141704
297.7543267
307.9091133
299.8214577
289.8650699
293.9740868
291.9109657
308.3523664
303.3738915
294.2183197
294.6912041
303.7022839
307.1569789
304.1630525
303.4340229
289.5990477
290.8880608
316.3809208
317.8175849
320.318338
321.9969477
303.8821537
292.3545678
292.0264508
298.3541923
296.8071067
289.5076105
293.9962633
296.3980619
299.0863798
300.62974
292.8817741
300.778275
314.8914772
305.0369081
303.9938103
312.1668124
290.2465064
302.6156398
308.4425442
308.5045027
317.0930106
312.6154805
319.053974
305.115638
296.3967777
295.4839826
297.7547632
296.561599
289.285089
296.5051276
299.6456205
302.9149303
286.2321671
294.2726102
288.8582764
289.1993505
290.9549804
299.2457276
298.391442
298.4901264
300.5201949
293.7201913
297.5089042
298.6177102
289.9073547
296.0775146
294.9152187
298.7717438
293.2147083
292.2083627
292.9910556
291.8122555
297.4975352
296.0139624
296.6062835
291.2268369
307.224678
292.2711179
302.3729621
295.5979252
297.6524515
297.8526217
300.1189487
291.3001737
295.280556
303.6629774
307.0218398
305.5327311
310.2602567
303.8521037
302.5422647
292.1445911
293.3898637
294.0939066
298.7287521
299.6748552
307.8163909
299.5553122
302.5668432
303.4881322
305.6799694
304.8760625
301.3011407
303.3431019
311.9096499
311.8449599
296.7883498
293.3636932
291.5381766
299.8544743
302.1189478
297.4870699
298.321498
297.3636342
300.3912305
303.0064521
306.5963029
314.677608
307.6617901
298.558434
299.9635102
297.7042874
310.7991228
299.2142248
301.9001134
308.6706778
306.3509531
303.2461925
294.2350351
299.2977049
298.5469461
308.2547638
307.3417781
313.0110972
308.3504652
311.3481959
306.4271492
304.3687136
300.3270717
307.0455464
301.5497631
302.8141482
301.8628683
301.8813352
302.3860206
310.5633917
298.3801973
301.371747
304.282637
300.1434773
298.9447783
294.2360432
308.5177927
323.964979
317.0276013
312.4323943
291.6262426
287.2185936
290.0575144
289.5231825
285.9307778
295.1989223
298.3081204
301.8206019
308.639008
307.7405208
307.5199116
307.8285838
307.9004352
305.3880609
307.6196361
306.1641016
300.7925497
297.9692987
309.278837
307.7150675
299.3738021
300.4305796
300.9513734
305.5225154
308.2296525
307.3851263
308.8305142
309.3000945
315.7563507
314.6634309
305.5003166
299.9277884
293.3618689
295.741492
300.0173735
298.135312
301.9594395
295.9195397
293.7654033
288.5786128
306.2209433
299.9891156
299.0875949
294.5320088
303.7819989
310.7959922
303.7327747
295.9152583
294.2804027
292.279164
301.3323637
306.7643197
308.1130893
303.7343042
304.2708894
290.5003991
287.1719223
288.9284419
296.4130085
299.6051802
296.4559433
302.1649053
307.5990336
298.8340476
305.6463753
302.6474346
303.238579
308.5767624
300.5653231
298.8558569
297.6450538
290.9363974
286.9492106
289.7041547
276.4314477
283.7752857
294.9849974
299.2117154
300.1273119
303.1390528
298.4190827
301.4780347
303.6870831
302.5894055
303.992794
314.4489951
311.5503449
309.8622709
319.1162421
309.0887325
304.1000482
311.6436038
304.9924361
304.0369334
302.6625017
293.2922899
296.5046344
307.2287495
306.8329735
303.6152604
297.4207317
298.117459
293.9380577
296.6323735
296.7644999
290.4408886
300.3947585
293.464748
289.9296479
281.5526202
290.0508908
289.0478726
291.5158132
295.6250227
284.1856385
289.2260674
289.5155569
282.5341013
286.0348248
293.4680142
287.5129383
296.0653256
292.8921272
294.6178533
292.4139833
287.7527277
288.7522347
285.8176864
297.4936311
304.069726
302.7256783
292.9087457
301.0413802
307.138211
306.3730108
308.5136036
313.2956306
308.6864522
295.4191308
282.410599
301.0171781
293.2199538
297.1028796
301.457269
301.6881345
297.6702939
301.0469164
298.8783611
295.8807177
310.1907158
308.5792052
302.0859566
294.3421146
292.2630948
294.3026823
301.2715654
301.5987932
300.3169787
300.332159
310.5139291
297.8667711
289.9896046
289.5474315
289.3976916
306.2997959
302.6151815
300.4578985
296.7446735
306.0506272
306.2289388
308.80955
316.3931661
319.5983656
315.2093951
310.1042025
298.9616368
290.0120009
301.5051956
307.9276941
292.2831774
294.6515749
295.5361901
307.6409995
302.8259519
288.3934056
288.1617243
287.425125
291.9714576
294.5751113
298.5752312
298.9343259
296.3854384
297.9837262
299.4464484
299.4217049
299.3149955
300.530433
298.7280499
308.7776144
306.8337834
309.0888926
302.3289846
298.8832169
289.6968992
300.9415316
298.1023301
296.3768011
295.6744377
300.1628896
309.5831881
300.6326031
292.8550715
298.9482929
296.0086303
295.4084816
294.3391173
290.925009
293.180749
298.3928963
298.9325625
292.5266235
296.3074493
301.092079
299.773011
298.175915
293.0903809
309.3634037
318.1332741
319.6408458
313.4052851
297.3977781
294.737528
289.9301793
294.1409835
293.7317295
297.95083
301.6527648
319.2667748
314.9747042
302.5545723
296.9178452
294.4879042
298.7024312
312.6334225
314.617523
315.9889482
309.4967168
305.3895532
293.2464989
296.3189165
307.6688711
306.770532
308.4536387
300.2577151
298.3480487
299.3026844
299.5839553
291.8020609
289.8523894
288.0247848
303.619937
316.3446459
307.824626
307.5906023
320.4998824
327.9769869
317.1574053
314.4497174
313.0529217
303.2825354
302.9043949
306.0175116
304.0112744
294.2114049
286.0195958
289.1976787
302.6051538
312.681385
314.5651795
319.0580758
305.2104967
306.0191291
318.3339815
310.2885044
310.1638405
299.750864
299.7303982
308.4095584
307.6787863
312.0388041
311.479207
312.6962439
303.3495352
304.7415291
298.0111266
302.2813878
299.6184713
296.0062983
297.8605332
301.1728545
304.9522319
301.3275393
293.2506249
301.0720802
292.3639356
286.6354987
279.4285575
281.0137488
285.0732696
289.8783198
298.593011
294.249245
296.1408714
295.2998518
293.5116785
290.1111507
290.2928073
294.5794577
295.6317354
293.1968302
302.7113293
306.5961096
302.9307535
293.3225863
294.6775359
302.0437814
309.0045123
298.5868158
298.9910693
294.6798676
290.1050381
291.1188733
295.3082195
307.1623888
300.9690966
306.4742968
303.3281715
300.4288258
292.8454324
289.0581083
290.3591584
300.6261325
294.7573253
298.3714652
308.2840315
308.2242474
309.1043866
319.9064203
317.8265202
315.1306194
314.5500787
312.1566325
311.8274185
304.1742982
296.3045439
290.0311063
294.9485135
295.0646969
291.180975
293.8557835
284.6037197
280.8339207
292.9219739
302.8168294
295.3602627
297.3441416
291.8787249
297.6855016
293.5375563
300.3575571
301.5583763
300.1246979
299.9285561
307.4145761
309.5628537
313.3251424
309.1167203
304.956427
302.543399
290.7947368
293.4624823
288.4040647
285.272169
289.5226551
300.6675646
295.3903267
299.3442242
299.0477674
308.1649476
292.6093022
286.0058886
294.1104178
298.8645136
297.6584696
297.1296287
303.6402638
307.4010642
309.3135578
291.0244256
285.7821838
284.8642867
282.8782958
276.4808457
283.8444569
290.7061189
297.7866251
304.017778
304.3254438
296.2780436
297.8594272
297.5504298
288.4369801
297.0473177
303.1112724
304.04777
306.1791384
300.3915757
287.7018583
285.3010269
292.2017499
303.8905752
300.9968256
303.9468378
305.0951381
300.6321127
299.9523557
293.8659536
304.3498577
297.4127613
295.8465932
290.6420734
290.5231101
299.7306865
294.9489188
299.9305262
298.4828358
287.0559299
294.980935
297.1760739
303.0833364
300.5987401
290.6432696
292.3302556
284.3888271
281.9333608
286.2341066
280.7158378
289.6346108
281.5683677
288.215397
291.5987286
284.1508753
288.6819008
295.4714173
297.3212757
296.8480713
296.6404075
297.0539666
293.2069575
294.7497154
295.656846
293.8991042
282.665589
285.7926539
284.1496602
301.2241061
297.9296407
295.0561126
295.0907289
291.0621998
301.1050036
311.8140567
299.5425244
297.2112209
297.9636657
291.6935828
292.4460736
286.9537542
305.2398237
303.6824557
289.2653725
294.5452345
298.4540151
292.8911966
293.8712189
290.0853114
296.3736816
299.0106421
296.1394165
296.8104613
294.0133746
304.2870641
310.2895463
318.4677073
307.6087496
301.4323576
305.2373227
301.4955669
302.2469302
295.3540637
303.343651
307.2837835
307.5601585
306.2516302
312.8330836
310.5952194
303.2846086
294.9678209
293.8073407
291.3496007
295.3030626
299.8926735
305.2980202
298.6972239
306.4264768
307.5734453
313.8345451
307.0186896
293.0474678
286.7431798
303.8612293
299.3018771
313.6019897
316.9532079
312.1079412
314.9353299
318.6163998
307.3264117
299.6596817
304.5050954
300.1115742
296.6590492
293.6660357
291.8129178
295.7194682
294.3542715
307.5507398
297.0796333
297.6824083
304.278901
311.5943286
305.6403672
295.7553582
310.0271275
317.027625
325.846724
300.1242359
297.5374209
305.4657648
306.2110539
308.9108812
309.4706903
316.7402952
321.1074807
321.7531704
322.8367948
310.7246192
310.4248153
307.2127157
311.3673899
315.5846529
320.1768194
323.9410507
314.8040014
309.2988727
305.9513568
317.4012225
321.4733748
312.1594697
303.0033781
304.9267692
301.3088629
302.2909117
306.9926417
315.3562025
310.0501918
307.0578338
304.6406808
306.4164452
310.3090039
291.0695165
298.4619275
301.0910566
298.171412
296.1096397
300.8857229
306.6377364
301.6501902
306.0675695
304.6171192
316.5063915
316.4080231
318.4826046
317.0453422
313.1154204
304.6053259
302.1719176
306.4528925
291.6522598
290.5565774
308.2714305
308.3348286
305.5859122
305.2640209
306.6990972
305.7336957
316.7713346
313.2109912
312.5180622
306.0276065
297.5281771
296.5941909
299.7377698
302.2232067
300.4191455
299.7470849
301.598406
299.154379
306.3531849
309.3444919
303.4618494
303.9149027
309.8693479
315.8400743
319.3702659
320.8682422
310.0913629
297.0267475
287.2063464
291.748162
292.7797498
294.263158
288.2103999
287.1960912
295.6170362
296.0341236
307.1045153
297.4160065
288.246302
299.0982874
290.8149296
288.9446666
297.6076166
301.2168902
306.1350614
307.4146363
302.1713038
313.6967361
320.9825744
308.6682694
299.4066174
300.347983
297.3548282
305.5648164
296.7312666
296.0206263
299.3738463
302.1437598
307.7879581
307.2045364
302.5176448
302.8762165
302.0896623
297.9280503
294.2049675
298.0355602
302.2249139
301.1466865
293.5833059
305.6914963
304.3128417
308.888106
300.9252351
289.2196739
290.3641517
289.8513418
296.144987
299.0150495
300.8377743
303.3282089
302.1579779
301.7839337
301.2000632
289.5507354
287.6061362
285.4968002
293.5781114
287.8427294
304.3278256
310.9974555
319.8546725
311.6938606
310.5929084
294.4385514
307.3221149
299.3765257
294.6971769
285.491542
295.877352
304.2131114
287.2700869
290.0658787
297.7113884
295.4101523
294.4245929
303.7308166
307.692532
307.1803043
299.244938
303.4536786
301.4212092
301.8750541
310.7393756
306.7689812
302.7922238
299.6081766
286.1793744
297.8499419
300.9854257
297.6613633
314.8018922
309.8950792
307.3630906
305.837486
306.494073
303.7723004
279.8973333
280.2499654
287.3454606
292.5184091
294.2633292
295.1256921
290.8509625
294.6067919
296.4242546
304.1378233
309.357892
302.2816599
308.0226768
311.2828103
302.7688887
308.0336829
316.0922045
323.9688098
319.3210091
311.535063
303.3764522
291.1803348
291.6596475
287.3506595
290.8315398
296.0474248
303.6673206
299.202737
296.6308706
301.9154475
305.1716777
312.0844406
303.5493958
304.6989413
293.4471124
295.8575829
295.7934546
298.7590526
299.9335852
293.9866349
291.1773717
286.8401565
293.1828801
288.189105
288.01885
293.5256812
293.5737989
288.1503004
288.8891419
288.7828625
287.278725
285.9786247
292.5132016
300.5550084
293.5054592
286.5422273
289.949302
291.9925501
301.4085791
298.7732388
298.247591
301.762725
307.5959206
308.1484543
304.0812394
300.5583229
300.4763634
304.4838351
291.0611998
292.965658
290.7035583
293.1160169
291.1390239
288.3815312
296.1518152
299.987008
296.6869487
296.885165
300.0821988
296.4759954
293.7415737
306.2491705
313.6321703
306.3255742
297.2313153
299.489181
293.625205
285.8485825
289.0876649
303.205408
304.4074853
304.5516113
295.3742602
298.3458932
307.3294765
303.597609
296.3818025
298.3007699
309.2190258
309.0237895
310.0945863
309.1275389
306.9708048
316.6312221
313.4141717
299.8836657
299.5608767
306.0878946
310.8720835
297.5240015
291.7878048
297.432204
302.2180255
308.5443498
314.3009887
299.3197597
303.4696275
300.9552017
294.496549
303.3975219
314.5915028
314.9848835
308.8538667
305.8434866
311.1723354
312.3144383
310.5332158
306.5935774
308.5589595
309.9910465
310.3290343
303.6142209
310.9095348
315.2563263
305.0147653
312.8245758
302.7172414
301.4606399
309.9747418
308.9548317
312.6394603
314.9970506
312.8238245
305.7826111
298.298496
303.0673914
304.6805744
313.2651884
315.2546294
312.6957404
317.2580813
312.7127223
318.0369564
311.7319207
306.962254
303.9881371
314.1480229
315.8821584
313.0250292
310.5339061
311.1508529
301.2813035
316.0904748
316.8604153
311.0153654
312.0168741
316.7073019
298.8225528
302.1749587
305.3701814
294.4687812
301.6290365
306.3914069
311.1878688
297.1405622
292.6570117
283.7320487
299.7864697
300.3749299
291.1451584
294.0325909
297.6848873
293.5945893
296.1906598
287.3718074
290.5126313
302.2238327
301.5044348
311.5050747
318.986314
301.7262538
299.2815715
305.4822581
302.5135336
302.7263028
303.715487
303.1215886
302.5888496
304.015424
311.0017967
321.7792757
310.4783859
309.5889264
300.7054946
301.8105867
303.1872284
301.9244906
295.3610465
294.590178
303.8378603
311.629973
319.9385224
318.9690568
322.0548216
310.218847
316.4978384
302.5150158
306.1090981
303.1059886
295.5242106
299.5228478
313.1079004
313.5006649
310.5535191
311.5543111
307.4075898
314.9874658
312.8633358
307.3895724
307.8592801
301.2551105
315.1101699
316.3270207
311.5572232
313.9511804
319.3962642
322.0334376
313.0437812
304.4008383
297.9843238
294.8875538
297.2566755
299.2030257
306.5193453
302.6128691
300.6546367
299.5398878
298.4268206
304.1493511
310.1058122
316.7986499
304.9058292
299.2045129
316.1287066
292.5919272
301.9609563
303.5901977
301.5387556
297.3849645
297.8992459
297.4881875
294.7496797
297.7944217
293.8158892
285.9484099
294.8929303
300.7995368
310.682749
306.8184067
310.1062845
315.1409666
314.1210218
303.9098443
294.0426497
306.9323806
304.0951463
301.6876366
307.2493797
309.8566309
296.2695403
292.4387842
294.6204507
298.145608
292.7706457
297.1554086
299.4754618
301.3328
299.5789116
295.6456779
299.6982076
288.0532677
284.5207782
290.0280607
305.1827407
295.994404
288.2753137
291.5195976
303.511482
298.18631
288.5038388
282.524089
290.8598245
291.9781353
294.7549814
294.3777626
304.7859605
304.5836656
307.7623572
320.02062
306.2076397
309.0171889
306.2476561
300.3864353
295.2868578
301.9396756
307.397945
295.0346632
286.9277929
286.9614145
294.6273428
305.8812858
300.6605922
300.5403781
301.5515969
292.9720036
287.9999363
295.8540209
304.6832837
308.896357
298.8806807
300.6088172
305.8440189
309.4641976
300.3703988
300.8357235
291.585763
291.112379
292.5985413
285.2800949
288.2567128
287.0775898
294.4263362
290.4714704
292.4213894
297.4284369
300.1882738
296.7559302
294.9062739
299.5214428
304.5958951
302.3457999
298.2204743
307.4023912
302.399063
294.5711612
297.8040905
296.7435831
287.1448908
284.4361616
293.271768
301.6360858
308.1626589
309.1167491
299.4853356
299.4994617
297.987021
298.4788505
299.0188681
296.2468737
299.5151711
294.8096771
294.9592622
285.2258896
290.9084353
287.3226866
289.7481325
291.1233094
288.5096459
298.4539931
299.447429
299.3974591
301.920817
300.5028463
293.1525528
297.710682
295.6505141
290.9749701
295.5403955
305.0859705
305.8849218
308.8104377
308.0751151
302.2154291
291.5248532
298.0313033
305.1632383
305.4780058
294.2889281
292.3528369
295.9036152
299.4404392
301.2898049
299.0102175
293.6473541
302.6547286
304.8777751
305.4145828
308.6750599
308.6208798
306.5479852
305.0375704
304.8113386
302.7266047
297.5725957
313.1953199
323.8892557
315.2641752
319.0390023
306.6409202
305.5935331
303.3084192
302.1134003
305.4509851
307.0928324
308.7287793
316.728508
307.1780278
298.1483675
293.5458176
298.4116979
299.1543816
292.2343306
299.5740455
302.388398
297.3085587
296.1675362
298.6485552
299.9267657
301.3057492
306.0100495
298.617945
300.4926726
296.1937172
297.0417276
296.4717339
308.0788467
306.1115179
307.1305017
301.2549042
301.945961
302.9443107
300.7169526
303.4781649
301.5855533
310.4665062
312.3682125
308.9053318
308.8903626
308.7140525
302.1014337
307.3658384
310.9258823
314.0304909
311.5924032
310.4745681
310.6414135
300.2213828
295.4853647
298.3049534
307.9148724
305.7598337
303.8791692
299.2189841
299.6382407
303.6352777
316.1344666
316.2612309
307.0718494
312.1021991
304.2000612
301.4919533
305.0489533
297.0223271
296.1229743
296.4778478
294.5292401
299.0302884
298.2322943
294.3837487
292.8650515
292.1281128
288.9814771
283.4170132
290.527771
295.8510823
289.4836616
282.9587508
279.8270624
280.7207561
287.5451974
291.0871812
301.4065706
301.5741188
303.33328
312.8188475
310.0705314
304.9292501
300.839703
297.2421616
300.7565894
299.5713672
299.5200635
300.38159
294.6296712
301.8983804
301.5424579
304.0459743
313.6903946
312.6062006
317.5242127
316.7632599
309.093833
305.714923
302.370531
307.9091626
312.2200995
306.4973149
311.2099735
309.8654016
307.399065
307.5421821
302.2271575
295.6123871
295.6225607
299.3838565
305.9941493
309.649222
303.1583311
297.2337923
306.0087402
311.3480471
305.4113013
304.9711525
306.7922083
305.7108076
299.8340584
299.2039022
303.3618121
313.5673753
309.4183684
307.2715116
300.4547695
312.1477762
305.5836102
305.7021563
304.5561973
314.8514881
323.9920685
309.5821316
300.8296279
297.4783483
287.3368171
292.2636072
298.9218405
307.6364028
304.0138217
312.0453029
307.5152131
308.0506454
301.9077856
304.2089255
306.1247325
309.3737747
300.4714871
291.0521149
287.2014196
293.4484624
295.2976625
303.181546
306.2956545
310.5317486
310.2994498
298.9559645
295.8500406
293.734647
294.6008868
295.6752625
289.5094297
292.3488529
287.2219391
286.4392808
290.5246682
287.8351501
285.6264121
298.6782874
294.548621
298.6031452
284.7472858
282.3372188
304.1116965
305.3902428
305.3394039
296.4374527
293.685583
285.9083782
275.4624039
280.0914712
293.6003909
289.1480933
285.370567
286.2464113
294.6154372
294.7093354
298.2046597
296.8113113
304.7356278
301.9369648
292.9069682
289.161773
301.1464854
307.1191437
302.1199273
302.4661885
295.4312739
306.1074857
314.2178082
310.556632
317.0183297
301.206247
304.8490887
301.7131272
300.5781577
296.9337082
289.9114057
300.9500405
293.343457
289.6417128
296.3460729
299.098055
288.7189135
280.6912619
275.1802095
281.9747636
272.8153871
271.7025998
266.0014611
266.2616449
270.0126273
285.2436079
288.6065089
295.2422669
289.1811572
284.4787528
292.5114339
296.4990777
298.5026958
302.4631088
303.674747
304.3558912
304.8054544
305.1681407
299.1797142
297.2850356
301.1356449
299.7610658
298.7010082
296.284017
299.1131638
305.6024532
294.9623789
291.3801141
292.8173806
289.0599808
296.6136417
293.1622999
305.904472
314.164472
317.6201657
322.00005
315.9415872
296.0096751
296.0806554
290.1459134
292.3079597
291.7394314
294.7085463
291.5312207
280.6815413
279.452941
281.5333842
285.4474077
291.3012197
297.3949462
289.010814
295.4385098
292.3365749
286.9060049
290.1416368
294.1761038
305.3728764
306.4186059
302.3112616
296.5077247
296.1407083
293.4663199
293.7619651
297.0486429
301.8016511
294.340916
294.802391
299.1953483
297.0678918
298.0214309
301.146154
292.0637214
288.1560074
290.0004663
308.4096481
314.1227223
301.3895275
307.8721481
306.4294448
303.2613698
307.4773243
311.1876317
300.328972
295.4467946
298.4030126
296.5693512
289.1720881
299.2372136
291.9182235
301.551199
297.3271606
312.9135347
315.216094
319.8633685
300.2161156
291.6021985
294.7641804
290.7469606
291.8244809
306.953235
306.8157682
301.4378878
302.2200799
310.1224102
306.1581646
307.9707937
314.4668403
315.6243295
311.2707401
302.0889476
307.4087707
313.7001776
312.5770855
302.6925909
296.6488322
292.613298
290.6664082
294.7568732
291.6620761
297.2085984
305.7783274
310.6667923
313.1897978
314.1021302
310.8900389
304.5256856
294.2895065
293.2061317
314.766692
323.0584358
316.9304727
316.9870598
313.7073663
308.4925653
305.4777999
301.4683501
302.1139584
298.5583117
294.9543598
311.8073584
323.308758
315.2405094
300.8107865
305.0973314
308.1975807
304.094481
304.576915
295.7346408
304.2380708
299.0021452
317.5936296
294.0154782
291.0940871
287.3415081
295.5722652
298.202207
300.8642236
298.5209216
292.5061638
297.5318359
290.2442769
293.7783539
297.7560497
300.9619906
307.1905268
309.7079229
303.2156305
300.8366791
293.6133917
297.6517912
297.1984987
290.7878729
292.1721557
305.5630526
315.7785849
307.3365439
305.2042161
300.2842973
305.4417296
305.7112081
302.7434598
295.2131079
300.0015391
299.7310308
301.6980214
299.2982594
300.1922505
284.4545142
282.2481032
281.9522157
287.2572946
299.3356135
298.0374462
287.8894836
285.478506
297.6058939
302.4813291
302.6627123
307.8888071
311.050194
304.5376768
299.3154754
297.7299967
312.6861095
298.8635567
293.9947761
293.8921716
296.2882341
295.6043889
302.9767848
298.4292358
303.0508283
286.4788024
284.3183112
279.624368
291.4803816
289.8828353
300.7297032
310.1327298
305.7163593
308.110126
308.4438386
308.0007848
303.205656
302.3579783
301.2075121
307.9208991
305.3701573
307.4550011
298.1784409
293.7914545
299.2263409
303.7146791
297.5808358
292.0351019
296.0888272
297.0550311
296.6275031
294.7709645
302.3096098
293.6866879
291.3839254
298.3891096
302.8660719
307.5343517
311.0454178
302.0866922
303.9995873
300.0140927
304.7246583
303.531334
303.6502264
301.6854416
300.9218416
302.9440704
301.5725144
309.807915
306.873392
299.711375
297.485794
299.9844356
295.4225286
294.8568663
295.2001533
298.4759458
297.5809451
298.2555934
286.2574434
288.5585335
283.3429696
293.6789691
303.4682862
300.7259684
299.027311
310.598688
320.2067318
304.3181766
288.3014752
286.7412341
298.1589553
302.99981
311.1145524
318.5485948
308.2991132
306.6231276
308.0863164
304.7267644
307.3398479
300.3730448
299.9370995
305.4459735
309.1479813
310.6117364
314.7100426
309.1202128
314.9840319
310.1627733
303.6941421
307.9407709
297.2448445
296.6415785
295.7818076
300.5279677
293.9212205
291.5855446
287.320603
295.2929628
307.897798
314.0037695
316.8727496
310.0468941
290.8699293
300.0310785
302.222958
303.597782
294.7863938
308.1081771
315.0640257
307.091324
303.8870718
301.8357909
302.4673142
303.1461302
312.4193673
307.1823745
303.8719699
311.743425
302.4335172
298.1834833
308.267307
293.0320595
300.0314394
300.3995029
308.6147916
315.1304685
311.2597254
298.2704275
281.2688729
290.6635357
303.4071914
304.2282385
298.2101462
299.6465765
304.1020379
306.8618367
305.9414631
305.3882985
305.8537937
299.8262627
302.9084655
302.2643463
303.8061931
295.1026626
295.0953954
294.1567595
282.140896
281.020884
286.2246937
285.3964439
288.3953004
299.6053857
298.6145613
297.5477496
297.7599039
300.5477525
303.2377167
303.6683005
303.7054452
305.8528042
308.0567016
321.2458308
291.6996457
290.9386935
295.4459161
298.6387111
292.6904017
290.0973614
297.0325015
305.6782177
303.5970599
297.2575838
308.7838171
318.2733917
316.5261561
307.9732852
301.5122949
296.1238424
295.3161595
307.3320159
303.974963
298.952946
317.9019041
311.0533736
307.9261279
294.7370045
300.3476024
306.7887231
312.9375844
317.7608172
309.7279084
303.0790888
300.5986344
302.6132704
294.0452691
293.2766362
297.095221
297.8515075
294.7962596
291.1381527
290.6236216
303.0456087
293.8107964
306.8924708
318.0242452
319.4776102
304.0239578
299.9412102
295.7914815
290.4689071
292.7033513
291.2578847
293.5997797
297.4051241
295.7565311
292.7465744
300.1778959
299.1590192
306.9112259
302.3571969
309.7043046
301.6854425
289.6551271
286.8319439
298.548142
297.4838543
303.9593035
307.493464
302.5501915
302.475375
301.449165
293.0799753
294.0202495
292.6584242
297.2890841
301.4555786
301.6879078
315.4567879
306.8376425
302.0567102
305.9514368
303.8698969
312.2352805
316.0234193
305.7420472
304.0154349
296.6418094
296.5770764
300.1279443
302.8202137
307.5430323
302.5500655
292.0770169
304.1751471
296.2540061
301.988047
305.5060362
305.8650511
307.6465545
311.6907303
303.3162304
307.4461367
304.3073592
303.1447496
301.193212
307.214137
304.9950489
309.2548748
305.651246
304.5872955
302.2881358
301.7882509
309.0364821
312.5953091
307.4129165
305.4214421
312.2911489
313.0683963
324.6753218
324.150634
306.7303001
303.4320835
302.3590955
308.2816294
312.8829213
303.971937
306.391581
295.1149727
305.7391015
297.7504808
291.0603512
291.8853094
291.3855011
293.5950703
289.7628283
287.2875893
291.1760736
300.5880941
309.7817749
305.7585798
302.4524632
302.9501385
312.1929065
305.3794543
311.4861716
315.7233684
308.4128894
301.9161097
290.0908687
287.5910635
287.7712436
302.7264233
315.5736375
315.7445991
310.4521906
312.9803705
309.73127
304.6676297
308.736208
313.4954761
309.9390749
309.8758616
311.6305582
307.3893318
307.0561796
301.8929518
304.6927111
302.0174746
301.5335011
300.5801992
302.3099085
302.2992046
298.4436972
305.124379
307.4674198
309.6275352
313.5652865
304.2329982
308.4094858
313.4158363
315.0925184
316.7045292
306.9229816
304.2290521
306.8614384
309.7477644
312.8333826
304.6561197
302.3037875
297.9198668
292.3963012
299.3932896
301.8539754
301.1572887
288.946317
303.2242201
305.3757234
310.7489251
308.0646185
313.5920337
313.3599786
311.066202
307.0765986
300.6558599
302.7431856
300.6330979
306.9926869
307.7168708
311.217179
306.7954072
318.597383
313.6639497
312.9183914
308.9122835
308.5157206
300.6230568
307.3094731
305.2519404
311.124813
320.1803668
315.4982592
311.4851062
290.8287863
295.5116193
298.7546187
296.7106067
297.6370821
305.4650386
303.5650528
294.9309325
300.3825421
300.513138
294.2319244
297.7264245
302.6049846
303.542347
299.4263609
292.9995531
290.7939428
283.152111
289.5095691
286.4252523
305.5806768
298.0970055
299.6346954
295.6652221
290.5409052
294.7625348
295.2806571
300.2432946
301.2640677
297.5393779
296.4871985
282.6035612
280.0037074
282.8980249
285.1001016
292.7002759
297.9299882
302.6252025
299.3231289
305.0015767
307.6021932
309.677045
297.8285633
292.773348
293.2609749
291.5129214
294.3425749
298.5003506
303.5997993
299.7543843
304.0206433
305.0383701
304.8995919
312.266971
316.3801576
311.2600679
302.8108183
303.280258
309.8608925
309.9339528
299.8611291
302.1528851
298.0329144
300.9600095
289.2702163
299.0533883
307.9668602
303.5016032
297.6400498
290.9895457
299.6765697
305.698327
305.6575366
304.3167051
303.0736425
302.4049181
296.0359984
296.9504877
290.4923454
291.7358168
295.2891075
290.5781336
287.2864821
287.8310896
302.9768502
291.1158562
284.1204886
285.1646927
286.1529761
285.1861333
288.8577113
292.8162449
292.8089264
295.4123666
294.1219037
305.5768343
306.7137359
299.8674409
298.4101201
296.9729174
294.8815531
290.5989857
286.5622655
286.679479
289.8887688
292.8732437
297.5437071
295.275168
295.4427567
296.9370092
288.4022036
284.5704315
278.2920074
279.8037454
285.6099264
282.6189333
290.9726803
288.0665577
286.0609556
288.9734702
290.3989263
299.6769658
303.2182116
309.5743926
306.4037141
306.3079371
304.4724733
306.2719502
302.0348721
301.0479398
304.6974789
306.4991778
307.0522036
314.2736233
302.0736008
302.400336
298.6908117
296.0343548
300.5548233
290.954348
298.1370348
292.0975609
299.8410231
301.0791706
290.8740055
292.9791914
285.4025691
294.2221493
297.0400937
304.970171
299.4297524
298.5139557
307.4080065
306.4201628
310.1680319
303.5019529
300.4674288
298.1248098
287.4423857
284.0617464
284.174232
294.0608564
288.5556151
289.5754173
306.3019921
310.5224459
322.9265333
317.7609699
303.5180739
301.6496145
304.6902569
311.928157
296.7210611
292.3913726
297.0325251
290.2041153
291.2248245
283.8544035
290.3167655
285.5812386
304.9383278
298.7515685
304.5426974
303.4946165
299.9897762
296.9700833
302.0890842
289.5050204
286.2474965
286.2065669
280.9813312
279.0841843
277.4195945
280.4798128
288.7616508
290.371964
297.874333
302.3302879
304.00765
301.3632457
294.510855
302.8558327
305.5001163
307.2875821
300.5572096
303.9601773
299.1479081
301.3210555
309.6486662
302.8740897
303.8643802
307.9255919
311.907555
312.1249378
306.8729361
307.6958817
305.3257554
314.9708085
320.4603766
303.4640001
)
;

boundaryField
{
    xPeriodic_half0
    {
        type            cyclic;
    }
    xPeriodic_half1
    {
        type            cyclic;
    }
    yPeriodic_half0
    {
        type            cyclic;
    }
    yPeriodic_half1
    {
        type            cyclic;
    }
    zPeriodic_half0
    {
        type            cyclic;
    }
    zPeriodic_half1
    {
        type            cyclic;
    }
}


// ************************************************************************* //
