/*--------------------------------*- C++ -*----------------------------------*\
| =========                 |                                                 |
| \\      /  F ield         | OpenFOAM: The Open Source CFD Toolbox           |
|  \\    /   O peration     | Version:  2.4.0-MNF                             |
|   \\  /    A nd           | Web:      www.OpenFOAM.org                      |
|    \\/     M anipulation  |                                                 |
\*---------------------------------------------------------------------------*/
FoamFile
{
    version     2.0;
    format      ascii;
    class       volScalarField;
    location    "0.0009";
    object      p_mixture;
}
// * * * * * * * * * * * * * * * * * * * * * * * * * * * * * * * * * * * * * //

dimensions      [1 -1 -2 0 0 0 0];

internalField   nonuniform List<scalar> 
5120
(
0.4631361237
0.4305070596
0.4008213285
0.3872304068
0.4159917441
0.4193566456
0.412747457
0.4136745194
0.3797280072
0.3782501034
0.39955704
0.3891682206
0.3864869766
0.3949965313
0.4008188696
0.3950154284
0.3985733621
0.3958285874
0.4166186647
0.4633295971
0.4203128044
0.4435090122
0.4479989191
0.4367182149
0.4245164898
0.4111237856
0.404774672
0.427967506
0.4471390462
0.4212969902
0.4187435868
0.4205199836
0.4298148663
0.4212804239
0.4065679132
0.4197421278
0.3947047756
0.4157664468
0.4378427559
0.4181123965
0.4330185928
0.4137146553
0.4038470734
0.4105065026
0.4070685874
0.4201952804
0.423750374
0.4212107837
0.4278095069
0.4398704528
0.4356520797
0.4460771399
0.4096988434
0.3960953728
0.4177531704
0.4455592629
0.4256428145
0.4214945133
0.3948591984
0.402291471
0.4029200823
0.4173142842
0.4394383191
0.3894375216
0.3825520869
0.3860018943
0.4105457747
0.4141600442
0.4036305248
0.4109734679
0.4140970998
0.3983213505
0.4278455201
0.4559505388
0.4304521372
0.4284957234
0.4189833441
0.405379173
0.4062822775
0.379702047
0.4121449305
0.4087730842
0.3652027411
0.3932837321
0.3710096559
0.40372274
0.4117529843
0.4122837764
0.4324247586
0.4125455428
0.4274425073
0.4153120255
0.4120701081
0.3862033202
0.365550921
0.3733034143
0.4108229327
0.4353507061
0.4044076055
0.4233024782
0.4177022542
0.3972025014
0.4306660765
0.4461451217
0.4370742039
0.4341268934
0.4067774825
0.4218188936
0.4388107452
0.4374591964
0.4160155538
0.3953993638
0.3790514143
0.3944211615
0.3845910902
0.4099212047
0.4209783836
0.4271295182
0.4406713484
0.4334792717
0.4257763414
0.4197113503
0.4425370605
0.4512859036
0.4381427026
0.4213393364
0.4069183741
0.4000079862
0.3933576932
0.3868258214
0.4037593802
0.4041695217
0.4193993606
0.3976624462
0.3661742352
0.3561734665
0.3930606336
0.3896338669
0.3896707784
0.4060596001
0.4128441668
0.4480421674
0.4441657539
0.451805879
0.4377589204
0.4395559794
0.4352339646
0.3866473859
0.3726250959
0.4082111326
0.3984330175
0.3909289323
0.3913266784
0.3880405896
0.4101473281
0.4442558504
0.4551531548
0.4548410354
0.4303722468
0.3962193223
0.4100095181
0.3911040901
0.3871651878
0.3940255079
0.3991649068
0.4040399854
0.4011128369
0.3849399477
0.4090131616
0.3939628289
0.4022931321
0.4148456813
0.4114271279
0.4312151233
0.4219433305
0.41231757
0.4079553003
0.4060089265
0.4160619778
0.438668255
0.4146440441
0.4164946559
0.4321291959
0.4131949067
0.392708807
0.3769636241
0.3825860396
0.3934388921
0.4171240794
0.4190626565
0.4397679392
0.4360325582
0.4416272587
0.4319989777
0.4331657189
0.4380727848
0.4218056576
0.4055238541
0.4250889728
0.4154142522
0.3930119844
0.4001584066
0.3933719827
0.4014102112
0.4076208977
0.4259300861
0.4197656782
0.4189416999
0.4018368712
0.4160501388
0.4278461019
0.4077077915
0.3961252941
0.380585008
0.4001694602
0.3938223969
0.3982042742
0.417557332
0.421171917
0.4223522968
0.403054136
0.377064617
0.3974325905
0.4248687881
0.4118083259
0.3878118736
0.3978545025
0.4019210304
0.3783583182
0.4002091671
0.3909337735
0.4075030157
0.405518904
0.401917737
0.4041940993
0.4077147836
0.380993397
0.4086874661
0.3931304049
0.390570621
0.3808204568
0.3966837814
0.4054389547
0.4147286528
0.4376367486
0.4536954854
0.4278377727
0.3978519023
0.4003081772
0.4123891274
0.4078869658
0.3880252118
0.3791502887
0.3953051022
0.4019311021
0.4035320104
0.406082348
0.3860798606
0.3964972126
0.3822484868
0.39380331
0.4036849639
0.4097792534
0.4019406423
0.4158747559
0.4246729674
0.4295303624
0.4126669259
0.3931360603
0.4039635067
0.4044499158
0.389829264
0.4177983993
0.4169503209
0.4126418537
0.4073394381
0.3826681512
0.3863465471
0.386038545
0.4027487415
0.3870570773
0.3828714631
0.4117787853
0.4119848397
0.4393044182
0.4331969212
0.3912271195
0.4156572235
0.4424300909
0.425096443
0.4298296328
0.4390136477
0.4257586741
0.4241251734
0.4063916091
0.4373413969
0.4582419451
0.413104999
0.3968029224
0.4066818486
0.3989483194
0.396846328
0.4158305522
0.424193319
0.41283283
0.4208837252
0.4392072274
0.4435972045
0.4454292844
0.4159591012
0.4280995278
0.4208030536
0.4166514381
0.4289180407
0.4573731319
0.4261343836
0.3894433121
0.3606733891
0.3823407752
0.3704667713
0.4691382685
0.4694128777
0.4471569013
0.4369082125
0.4327854274
0.4020236091
0.3761206357
0.3742213003
0.3967756156
0.4004447341
0.392297339
0.3992722658
0.4175801458
0.4299032336
0.4234591868
0.434526473
0.4434081496
0.4367309712
0.4152902271
0.4468666725
0.3894362825
0.4290486587
0.4488771382
0.4364993693
0.4234994093
0.4174657835
0.4111077107
0.4210481021
0.4376662486
0.4625385879
0.4364734466
0.4250533561
0.4251398785
0.4358983587
0.449862644
0.4358572479
0.4769083891
0.480961697
0.4663502089
0.3999255764
0.4319386246
0.4009908691
0.3642349624
0.391917051
0.4000629521
0.3899532074
0.3822106937
0.4093521863
0.413311527
0.3972902126
0.4074353951
0.4314741128
0.4417836874
0.4532486142
0.4422766958
0.423621243
0.4114778861
0.409111022
0.4325124129
0.4552213431
0.377556476
0.3788587207
0.3883123659
0.4022467215
0.3815565144
0.3914701278
0.383248926
0.3834521122
0.3959218531
0.3991860531
0.4150641469
0.4203736148
0.4176320801
0.4326620602
0.4399294953
0.4502201681
0.4145650469
0.3909009943
0.4030127198
0.4031762172
0.4043783878
0.4120900223
0.4317408315
0.4432422153
0.4718239584
0.463304869
0.4270316048
0.4236225069
0.4188001681
0.4102710827
0.3876749631
0.4351090597
0.4157524332
0.3897392268
0.4080033902
0.4004728877
0.4035695739
0.4032228353
0.4244166953
0.4380351362
0.4231216051
0.4514878716
0.461618233
0.4221992094
0.4313304864
0.4164526742
0.4454260701
0.4148194718
0.3675645658
0.3529859879
0.3704258674
0.3630480118
0.4213535062
0.4419608088
0.4417841406
0.4053298128
0.3894726811
0.4090505004
0.4134993454
0.4249065951
0.4266942361
0.4445337737
0.430848399
0.4331431315
0.411090838
0.3880185162
0.4015714556
0.418160001
0.4272298664
0.4262508324
0.4291807121
0.4451592473
0.4175967147
0.4120953194
0.3938920933
0.4130585343
0.4026400415
0.4035071004
0.4267831963
0.4304193474
0.4297842169
0.4255753315
0.4064918181
0.4342255993
0.4364711231
0.4382974415
0.4033616928
0.4075281843
0.4109975468
0.4051174563
0.3904033138
0.4001858572
0.420035303
0.4267231224
0.4384788992
0.4268699019
0.4695590074
0.4756507997
0.454784431
0.4253038367
0.397947471
0.4089852185
0.3986508867
0.3768713202
0.3490477667
0.3634073379
0.3771710986
0.4148619767
0.4324996665
0.4167314374
0.4120549052
0.4059447857
0.3827550888
0.4048192893
0.3725312761
0.3923572196
0.4264011411
0.4346819341
0.434515768
0.411177229
0.4030524491
0.3860124478
0.3875883518
0.4063415793
0.4254355004
0.4016090305
0.3674947794
0.3670273325
0.3757466959
0.4068058647
0.4083588144
0.4157023713
0.4174066273
0.422399774
0.451330514
0.4401079767
0.4361858005
0.4360981552
0.4334141493
0.3874632992
0.4559778566
0.4589049885
0.42273068
0.4142090318
0.3886713145
0.3814941203
0.3770571684
0.394617325
0.4063912446
0.4217442978
0.4098092213
0.3955349152
0.406424338
0.3973199978
0.3679875178
0.3885163025
0.3939748842
0.403349215
0.4219234221
0.4297911603
0.3913532361
0.3855116221
0.3688763307
0.3694035328
0.3989421742
0.4157020979
0.4271788479
0.4281085161
0.4267315862
0.4349239158
0.4526419183
0.4722293011
0.4353989868
0.4258257962
0.4179285769
0.4113911486
0.3776193578
0.3902185559
0.3892920295
0.3999017035
0.4209624028
0.4184014088
0.4046160054
0.4203637616
0.4328154678
0.415716146
0.4196294997
0.4044239325
0.3937746072
0.3873849696
0.4287571442
0.3952941831
0.4223892034
0.4161514089
0.3958868889
0.367329828
0.381555364
0.4027606915
0.430756607
0.4451701762
0.399515351
0.3982910298
0.3958194911
0.4026973447
0.3876926438
0.3987336809
0.3958613915
0.418039458
0.4197522306
0.38893864
0.3586720185
0.3850659492
0.3770039871
0.3870755519
0.3919857703
0.3967468683
0.374931474
0.3891830396
0.3824303597
0.3758369806
0.3678492377
0.3847596106
0.3779240983
0.3800411897
0.371947092
0.3823138841
0.4233544405
0.4204548921
0.3924467467
0.4311398572
0.4482837594
0.4231119256
0.4155369437
0.4016869494
0.3911729638
0.3796645714
0.3846428033
0.3895431262
0.3580096025
0.3445383055
0.3940348238
0.3908726087
0.3951605092
0.4115387246
0.4178132552
0.399443047
0.380339127
0.3830522261
0.4297824165
0.4078744357
0.4033958848
0.409879689
0.4356696604
0.4036316596
0.427608716
0.4372000619
0.4240238056
0.4109089988
0.4247036569
0.4082344151
0.4670466991
0.4467545775
0.431129815
0.4058666922
0.3777448684
0.3805391353
0.4048323262
0.4223944264
0.4150762035
0.4029147283
0.4285593051
0.4198807801
0.4302278168
0.4252441911
0.4049263644
0.4176293342
0.4835631324
0.4681184444
0.477773486
0.475615796
0.4196058675
0.4052378558
0.3993262687
0.3974216701
0.4376837484
0.4735389808
0.4615633933
0.4678496047
0.4419796875
0.4316443805
0.4174643421
0.4135406712
0.4087762315
0.4207742544
0.4405889857
0.4577678788
0.4500073836
0.4546416138
0.4317730397
0.4336296366
0.4243600015
0.4345552737
0.4346384483
0.4305698937
0.4304290182
0.4134644771
0.414901609
0.4117745378
0.4055498677
0.4117090487
0.4250453144
0.432730026
0.4207765453
0.41673029
0.4377379993
0.4294858335
0.4298679306
0.4517377569
0.4398490306
0.4189480923
0.3977792231
0.3995461397
0.4400012659
0.4110162445
0.3870655295
0.4132269446
0.3844295588
0.3953955755
0.4032447375
0.414930596
0.3801577933
0.4012450209
0.4155448792
0.419053774
0.4098970693
0.416570746
0.4312229457
0.4183604732
0.3630277134
0.376079862
0.4265224568
0.4089632926
0.4029593904
0.4236544616
0.4355075063
0.4332700732
0.426825848
0.4089565201
0.4088027708
0.4174706752
0.4186583026
0.4074986054
0.406157354
0.4064741269
0.4018043038
0.4102291313
0.4186649499
0.4236318785
0.4482476081
0.4337131755
0.4357725163
0.4068494534
0.3987699796
0.3971503779
0.3938881458
0.4185108423
0.4174526263
0.4176777052
0.4338711547
0.4410336798
0.4454341312
0.4585927463
0.4106677852
0.3965874642
0.3811902993
0.3841907486
0.3868106085
0.3953183567
0.3894318676
0.4057044567
0.3867365488
0.4040879447
0.4128119817
0.4255988788
0.4480648838
0.4341435116
0.40940678
0.4142608669
0.4344344873
0.4629534996
0.4581010378
0.426818983
0.4112803989
0.3963212569
0.4029376711
0.3893212717
0.3855062026
0.3859299208
0.3849855997
0.4047175356
0.4343017812
0.4034313799
0.4015760041
0.4070353883
0.4343390675
0.4239964131
0.4219654406
0.4234775673
0.4107221333
0.3950632365
0.410176199
0.4095528307
0.3931086217
0.4160697144
0.4243198253
0.4156639351
0.404896772
0.4125108356
0.4165841406
0.4217007067
0.420851435
0.4189998359
0.3846926677
0.3708618777
0.3854851137
0.4080671501
0.3881760392
0.3940620224
0.4152691866
0.4383017091
0.4383463975
0.4051567809
0.4201414118
0.4126126327
0.4091787708
0.4039586563
0.403842918
0.397121382
0.4042236519
0.4094095314
0.4194785145
0.4032602542
0.4309108433
0.4217940717
0.4045791178
0.3964747865
0.4102830173
0.4410835963
0.4107380666
0.3754832929
0.3709808172
0.3974720969
0.4123581451
0.4374400724
0.4280493562
0.4289130244
0.43542136
0.4374590157
0.424126237
0.4056880746
0.4287775739
0.4278592254
0.4090545033
0.3936926729
0.3931208983
0.4085551001
0.4360735881
0.4163141834
0.4143079816
0.3775841556
0.3689183178
0.3919241693
0.3924969595
0.3972140105
0.4057234977
0.3903178429
0.4332333844
0.425730304
0.4142124496
0.4248674933
0.4221498966
0.4011868532
0.4004691841
0.3909375143
0.4036239471
0.4060860123
0.3983293762
0.4261085433
0.4375860745
0.4256438425
0.4224554244
0.4339764267
0.4487645605
0.4448733761
0.4127493466
0.399412469
0.4084478351
0.3837697362
0.4021312034
0.3991967351
0.4127704308
0.4249252842
0.4603128681
0.4260826183
0.4309440771
0.4256763558
0.4044846736
0.3810799872
0.3588051278
0.3768831041
0.3564872673
0.3522952274
0.3767369917
0.3901551039
0.4020356421
0.4182996971
0.4080861391
0.3926543855
0.3855392946
0.3875824392
0.371417258
0.3932094575
0.4094306017
0.4317631962
0.4080446393
0.404668039
0.4246438157
0.4199892282
0.428307824
0.4259206956
0.409472681
0.3781129427
0.3660393443
0.3786763054
0.3748755022
0.3816357727
0.4146584086
0.3898202469
0.3986821131
0.391715388
0.4093152515
0.3982678697
0.3865591119
0.3968775545
0.3948259103
0.4008776882
0.4167866373
0.4155465592
0.4413809403
0.4147558158
0.4130224017
0.4190995315
0.434717228
0.4064688136
0.4188098391
0.4093469763
0.3862303844
0.3976203416
0.4145853556
0.4163006732
0.4391475031
0.4364482885
0.4329285408
0.4154255663
0.4299689789
0.4445833167
0.4293606432
0.4247761602
0.4276564204
0.4326138305
0.412679648
0.3928251436
0.3865983576
0.4121998227
0.4085832486
0.3844251968
0.3733189446
0.4029670103
0.4003826117
0.440503516
0.4080914327
0.390638116
0.3892470213
0.404420529
0.4125590606
0.4177441493
0.4412382903
0.4046074574
0.393823508
0.4291883482
0.4443596783
0.4292106329
0.4143563457
0.4024847424
0.3973250974
0.4171524011
0.3983961747
0.3976626874
0.4094408591
0.4257153841
0.4337202415
0.4368540964
0.4281078858
0.4452402185
0.4392504286
0.444772309
0.4762259479
0.4577450809
0.4359804916
0.4446157727
0.4112551691
0.4150413269
0.4062622491
0.4291901603
0.414678877
0.3976967282
0.3921991798
0.4027027279
0.399508131
0.3942050857
0.4214333966
0.4262052414
0.4607508871
0.4247268938
0.4042600303
0.392693927
0.3750944737
0.3747344035
0.3942393636
0.4128688497
0.4320404988
0.4472259994
0.4416195989
0.4490811445
0.442041081
0.441931941
0.4530274588
0.4454594412
0.4442919976
0.4165223562
0.4266056519
0.4346184104
0.3985213677
0.4090979088
0.4358359427
0.419089828
0.4264484713
0.4516122901
0.4525207209
0.4448532518
0.4355334529
0.4392623114
0.4205956616
0.4164309336
0.4220750057
0.4076552619
0.375043875
0.3976774614
0.4087597043
0.4199594961
0.3911092414
0.4100714507
0.392145228
0.3918369819
0.3767031205
0.4006856868
0.4423453797
0.4769551705
0.4436777195
0.4278777235
0.4102976561
0.3956224626
0.4196477402
0.4020236841
0.397898991
0.375971086
0.3892202186
0.3986073105
0.3962171944
0.3958105038
0.4272990015
0.4247128825
0.4272143416
0.4176223029
0.4247092768
0.4234092867
0.4381101518
0.453864093
0.4714534815
0.4225796884
0.3774662996
0.3940275156
0.3963573836
0.3858350036
0.4045054204
0.3933992071
0.401934328
0.4113896152
0.4159485254
0.4249624377
0.4378849157
0.4336705234
0.4079461826
0.4338376417
0.3993357415
0.3881182519
0.3978791323
0.4228036127
0.406822228
0.4348695335
0.4345445059
0.4047330101
0.3862388834
0.4048506419
0.4186386258
0.4400241038
0.4428950011
0.435863888
0.4029101774
0.4171169847
0.4592382272
0.4484025181
0.4312962307
0.405226337
0.4104865937
0.4395172112
0.4272280895
0.4208477224
0.4328786349
0.4170323878
0.4077321871
0.4231322588
0.4298723507
0.4445069784
0.4636789253
0.4488714563
0.4503045758
0.4207233743
0.4291680813
0.4571424044
0.3969537205
0.4209839678
0.4350044061
0.4621446466
0.4254632172
0.4215348939
0.4366617081
0.446913379
0.4369166642
0.4491560586
0.4208975111
0.4351214051
0.4166424917
0.4035987261
0.3769811164
0.3510419331
0.3680022906
0.4075803088
0.4100321988
0.3903690113
0.4467685767
0.4208544164
0.4156028476
0.4126512425
0.4462394467
0.4125033479
0.420402809
0.4012931511
0.3684343766
0.4029883207
0.408323814
0.3971518635
0.3786292614
0.3772568106
0.3956031252
0.4175191601
0.4215845385
0.4271089596
0.4152848944
0.4481720865
0.3834928841
0.3798545104
0.3928228769
0.3924527006
0.3959151689
0.4206209999
0.4145967886
0.421365125
0.425941917
0.4417269689
0.4422102311
0.4570418886
0.4602337888
0.4310376787
0.430466161
0.4336489751
0.4095342987
0.4250914514
0.4188062314
0.3751376622
0.4000121135
0.4074616021
0.4077177224
0.3888080708
0.3762014096
0.3674342969
0.3931692115
0.4043385379
0.3961763051
0.4113633875
0.4285580123
0.4172665166
0.4022957065
0.4061162426
0.3973891948
0.4105766619
0.4152365863
0.3985454339
0.3820870078
0.3856224346
0.4195429406
0.4047214834
0.3752884388
0.3831372529
0.3951043123
0.3911039917
0.399440207
0.3993998245
0.387000332
0.3709261241
0.3848630921
0.4145849797
0.4122972263
0.4184460192
0.4349764598
0.4225403799
0.4151411784
0.4430282148
0.4371779915
0.4605847078
0.4063905853
0.4513247212
0.4393866358
0.425512626
0.4257133044
0.4218811282
0.4127201212
0.4187843899
0.4148804472
0.4346054134
0.4179563963
0.4336735505
0.4295919574
0.3827067232
0.356744109
0.3671539335
0.3982788755
0.4064168677
0.3924039797
0.3947844148
0.4316772429
0.4206684979
0.4349734394
0.4324911078
0.4588438885
0.4035549539
0.3681894473
0.3997144432
0.4127546767
0.4265920754
0.4126246632
0.4036538412
0.414472652
0.4223523521
0.4090365039
0.4195128748
0.4473124565
0.4241444861
0.4387336684
0.4470043914
0.3780329231
0.4187233507
0.4071798834
0.4118101313
0.4104593378
0.4022704785
0.3955793716
0.3876453075
0.3946714541
0.3880106146
0.4055856518
0.4033718006
0.4118219548
0.4120409849
0.4350680992
0.4224048608
0.4154420395
0.4019697075
0.3917169344
0.3693727969
0.4232499708
0.4331713207
0.4476436794
0.4222890498
0.426919566
0.397243112
0.4209957061
0.4210162272
0.4425449934
0.4454240722
0.4549772671
0.4411734455
0.4189499985
0.3979642966
0.4053144466
0.398212683
0.4310029323
0.4145865022
0.4381007954
0.4345316536
0.4396292985
0.4485665564
0.4582660434
0.4466890341
0.4303609769
0.4438388411
0.4737998058
0.4495917233
0.4347378464
0.4253495821
0.419693876
0.4251999581
0.4391835708
0.4138363932
0.4214989914
0.3970995607
0.41208545
0.4284678699
0.4356865792
0.4131147283
0.4033134742
0.4146881889
0.4337129555
0.4363754229
0.4197046539
0.4123455293
0.4354253933
0.4437394816
0.4349159015
0.4309041028
0.4536701747
0.4269724498
0.4276005247
0.4262399571
0.4393173927
0.4336049994
0.3971346707
0.4066544186
0.4177215812
0.427643484
0.4058029183
0.4345469095
0.4280337063
0.4347503947
0.4227473596
0.4353451637
0.4151100271
0.4069446515
0.4207506459
0.4620140992
0.4370051744
0.4330092158
0.4415547852
0.4045790952
0.3935812675
0.3885436521
0.4119078741
0.3928938359
0.4239803525
0.4320120588
0.3919461942
0.400892692
0.4393051254
0.4304001603
0.4319532304
0.396122501
0.3654384908
0.3585485865
0.3894249518
0.3910276314
0.4061558109
0.3932553968
0.3868846751
0.396573265
0.4263123193
0.4187246874
0.4361564247
0.430679875
0.4200716863
0.4119733507
0.4060906174
0.4163349256
0.4067136169
0.4350281483
0.4266264507
0.4593074003
0.4678738892
0.4423584525
0.4069908856
0.4466086796
0.4366446562
0.4250445787
0.4067581701
0.3968845187
0.4024249717
0.3901524849
0.4052701132
0.3844083775
0.3951655274
0.3809610673
0.370770208
0.3803935978
0.4016018271
0.3928496232
0.407700489
0.403871072
0.4197007966
0.4209611614
0.420567845
0.3823474089
0.4083708487
0.4163230572
0.412239331
0.4047020641
0.3970693801
0.4031884673
0.390717604
0.4022841874
0.4176765895
0.3902668466
0.4506502811
0.4387517136
0.4068318187
0.4340103822
0.4182304906
0.4188982015
0.4007672911
0.3923040446
0.4016476252
0.4075029214
0.4047196076
0.4264902855
0.4253594668
0.4113705328
0.4181495471
0.4047397721
0.4027362386
0.401702674
0.4016202851
0.4354543455
0.3895015242
0.4102137063
0.4027203944
0.3949432533
0.4064965319
0.4028366294
0.4059049769
0.4437163481
0.415634042
0.4041719772
0.4173920612
0.4044758012
0.3999392702
0.4119319829
0.4073345878
0.3968395462
0.3915344658
0.3897486933
0.3805178712
0.3652301294
0.3709186108
0.3896008781
0.4100138178
0.4223742459
0.4154901802
0.4300085212
0.4183603341
0.4108886902
0.422314119
0.3897863997
0.4046296632
0.4432790086
0.4073413795
0.4016803151
0.4169096558
0.4127555534
0.4219237305
0.3996614348
0.3948059376
0.3810911769
0.3908353831
0.3877436322
0.4013570763
0.4055253043
0.4245020936
0.4319082182
0.4178931064
0.378727817
0.3803252519
0.4048508528
0.4316391091
0.3998586163
0.3906872905
0.3875218231
0.403155925
0.413232223
0.4086323468
0.3789591025
0.3794665528
0.3974292086
0.3815210295
0.3987666142
0.3797949387
0.4006930373
0.4207376001
0.4128633615
0.4073999821
0.4296163264
0.437316636
0.4275452683
0.3966631627
0.4151342911
0.4236078257
0.4214449199
0.4105017916
0.4222486011
0.4300480369
0.4203218217
0.4139321608
0.4000590849
0.4278310449
0.4074240826
0.3821460285
0.4013082013
0.3884498558
0.43120793
0.434027459
0.4346366365
0.423581135
0.45735738
0.4786011646
0.465101799
0.4265123554
0.4267742778
0.4188891994
0.4491055792
0.4437652906
0.4264743064
0.4380937237
0.4251153064
0.3966541724
0.3929587252
0.3825791193
0.3890464359
0.384869571
0.3927739797
0.3949264445
0.4041997051
0.4290839821
0.4328416221
0.4447720054
0.4400512627
0.4482342583
0.4442926816
0.4221882868
0.4216436141
0.4114917967
0.4048367584
0.4000204985
0.4217888753
0.3940352824
0.3759397756
0.4020914617
0.4535146744
0.447425366
0.4485206237
0.4234627444
0.390922968
0.3649544182
0.3940468287
0.4017584913
0.4071537889
0.4120503917
0.4076877836
0.4305198969
0.4209908512
0.4013213668
0.411538663
0.4038041069
0.3856357449
0.4374773524
0.3962385912
0.3954316396
0.3883162363
0.4229249994
0.4284772932
0.4142938937
0.4476968669
0.4436870413
0.4474775165
0.4182514296
0.4098127691
0.4159116774
0.4381481349
0.4408543514
0.459264874
0.4163705596
0.4030021208
0.4084218607
0.4595407643
0.4210256544
0.4194631392
0.4498211621
0.4286470397
0.4381231336
0.463656912
0.439100368
0.4022856443
0.368772714
0.3595215701
0.3920435707
0.4238476855
0.4152721993
0.441136552
0.4295124689
0.4395923877
0.4629503868
0.4569093355
0.4165085013
0.4350530888
0.4707587057
0.4672748452
0.4541422744
0.4403636251
0.4353378185
0.4225702391
0.427278668
0.3961349658
0.4166458839
0.4206718708
0.4140709291
0.4325620479
0.4471404952
0.4311147126
0.4485517427
0.4748003646
0.4473311211
0.4583814847
0.4269343907
0.4417432214
0.4744277554
0.464054531
0.4704338737
0.44852264
0.4556417375
0.4502281639
0.4433165849
0.4705219642
0.4469246942
0.4091774992
0.3975288696
0.4202029995
0.4207792925
0.4285214008
0.408577402
0.4088450772
0.4158362781
0.4000151849
0.4126475947
0.4250756807
0.3959602859
0.4325298046
0.4378624214
0.4274365863
0.4527647261
0.4167657788
0.4253004611
0.4264017737
0.406029759
0.3837762918
0.4283629669
0.4160221512
0.3804077742
0.3762092351
0.3815132776
0.3934585677
0.3889356216
0.3992493946
0.4175444289
0.4388391117
0.3954248066
0.4191734118
0.4158834619
0.4232663521
0.4339116936
0.4507189235
0.4590787701
0.4346653871
0.4103701702
0.3842305458
0.3643458873
0.3897063246
0.4170233298
0.426024872
0.3991569622
0.3741536575
0.3795163507
0.3686310308
0.3625320634
0.3751244984
0.4266442519
0.4224973845
0.3962185346
0.3971425424
0.3975581677
0.4129019133
0.419439516
0.4516097961
0.4346328421
0.3921092324
0.4010625955
0.4005492596
0.4071813557
0.4294526157
0.4144185989
0.4374973728
0.4152112787
0.4185308626
0.4054185003
0.4052907425
0.3916702592
0.4180518442
0.4374556275
0.4518223822
0.4114698506
0.4094459061
0.3865134537
0.3841522286
0.4020723775
0.4303381528
0.4112288414
0.4165501938
0.41547021
0.3940475333
0.386456525
0.4226428496
0.4382518398
0.4213369066
0.3875615174
0.4026941591
0.4210685679
0.3952256729
0.3934794353
0.4020720785
0.4354606555
0.4080303836
0.4129817895
0.394563916
0.3928163721
0.428539183
0.4193435599
0.3965159197
0.4156974354
0.4240689128
0.4309835224
0.4192292792
0.4310272568
0.4420218085
0.4410777288
0.4319960818
0.3960944585
0.4025540816
0.4140307012
0.3918755259
0.3861304501
0.3891020846
0.4062888157
0.412492054
0.3900402276
0.3942679043
0.4132290461
0.4350189872
0.4443062642
0.4278505913
0.4001731478
0.4131593211
0.4206140617
0.4309504407
0.4346046168
0.414314182
0.4502153911
0.4270334984
0.4014433418
0.3884305685
0.3967155524
0.4014264728
0.4287314858
0.4127429695
0.4266696283
0.4278970553
0.4243975546
0.385720861
0.4120603251
0.3980727848
0.4168276677
0.3992323382
0.390246134
0.436084063
0.4648599425
0.4588572835
0.404103228
0.4274483689
0.4140316539
0.3987668473
0.40134831
0.3966772132
0.4085801461
0.4257815492
0.4395530317
0.4379062708
0.4189222395
0.4159636089
0.401234534
0.4120282571
0.4096691477
0.4003626723
0.4005949248
0.3739898743
0.3916200898
0.3875248316
0.4118757102
0.4307750227
0.4673690956
0.4175527407
0.4342843613
0.4324590826
0.400007697
0.4136101416
0.4021857705
0.4144995737
0.4086904304
0.4082910573
0.4115678872
0.4355936156
0.4554197571
0.3942029422
0.3911582741
0.3989059415
0.4032137286
0.4093679757
0.4268448177
0.4224861425
0.4220720797
0.4444159555
0.472481337
0.4404871681
0.4602337917
0.4579476696
0.475628062
0.4346552267
0.4422362279
0.4207296919
0.4340683845
0.4414687412
0.4087632827
0.4151284535
0.4521599972
0.4499067189
0.4534102057
0.448906517
0.4318096244
0.4400198945
0.4562936346
0.452572811
0.4423870802
0.4240521502
0.4071092969
0.4234392771
0.4141941075
0.4115437441
0.4051885096
0.412325424
0.3983261697
0.422971326
0.4528280921
0.445079437
0.4696901459
0.4823088857
0.4482347976
0.4318728301
0.4727799269
0.4538220966
0.4211277989
0.422936566
0.4171770478
0.4312982915
0.4139820258
0.4041211338
0.4165563634
0.4163451383
0.405853656
0.3945244276
0.4052341352
0.3954613524
0.3895373619
0.4118406817
0.4323396547
0.450792245
0.4051880096
0.431200741
0.403529785
0.4268748457
0.4093005606
0.3985740232
0.4022526306
0.3904782499
0.4124656092
0.4200217747
0.4091466178
0.3848722437
0.3864581736
0.3875336839
0.403762308
0.3987933774
0.4195369622
0.3915039805
0.3909938776
0.4190782519
0.4245036967
0.4191550241
0.3900431568
0.3691779791
0.3882356973
0.4340568465
0.4122447651
0.4498105451
0.419543816
0.4084446055
0.4337899084
0.4195296279
0.4152124638
0.4118599055
0.4067862275
0.4115822729
0.4067056216
0.3980006718
0.4109591735
0.4245158957
0.4130651529
0.4153273622
0.398990134
0.4445397507
0.4431270558
0.4596998974
0.4769885734
0.4422054516
0.4057423478
0.4358823806
0.4196785696
0.4144236069
0.4388833359
0.4515559034
0.4574126188
0.4462208937
0.4297022865
0.4352715357
0.4331971806
0.4307642479
0.4188619551
0.4118325162
0.4687859726
0.4353349905
0.4232032804
0.4279059041
0.4093277041
0.4395106313
0.4532799651
0.4190632795
0.4027415177
0.4190663361
0.4428251325
0.4165962679
0.4134093359
0.4153904904
0.418065244
0.4138897784
0.4120649628
0.4145124611
0.4455014521
0.4817445032
0.4272896963
0.4175471244
0.4023118336
0.3919895289
0.3863230879
0.3931353693
0.3928371759
0.3916760947
0.4283446697
0.4353581734
0.4133259123
0.39013556
0.3769836941
0.3835040132
0.3869778859
0.4164858532
0.4658044915
0.4836198629
0.4741398175
0.4339248779
0.3993518189
0.3820545591
0.362687281
0.3714236466
0.3815544045
0.3767670334
0.3556884317
0.3744263046
0.3688181807
0.3948842806
0.4227652043
0.4390123357
0.4201891049
0.4234353993
0.4160059626
0.4081283297
0.3833126786
0.3894618773
0.3683410669
0.399811629
0.4150844248
0.3907430542
0.3608299085
0.3596934668
0.3566285242
0.3764892708
0.3806618185
0.401872142
0.387783646
0.418059719
0.4135696297
0.3865063404
0.3915618876
0.3719925202
0.4161053893
0.4016905962
0.4368550439
0.4341907818
0.415796871
0.4096918857
0.391505004
0.3714706249
0.3857233577
0.3707292763
0.3962479159
0.4119350872
0.4034043237
0.3953610761
0.4083483028
0.4074446384
0.3938556502
0.3983967445
0.406329075
0.475762657
0.45858295
0.4380146355
0.4170628358
0.3876091642
0.4323401341
0.4072153575
0.4249800667
0.413992512
0.4252291163
0.4304105039
0.4097349621
0.4280091532
0.4383473327
0.4196478736
0.3766342796
0.3667626375
0.3925484944
0.4140654556
0.438423915
0.4133830056
0.4250097883
0.4254833724
0.4168844955
0.4242681294
0.4198578044
0.4131442645
0.3800551026
0.3486432783
0.3689408974
0.3828443778
0.4144310605
0.4141344268
0.4006483363
0.3920264857
0.3927257801
0.3894089111
0.383618283
0.3959893857
0.3842999098
0.3773152372
0.3849437085
0.3971028683
0.4103911492
0.4279686501
0.4162883029
0.4292722505
0.3903688188
0.4020107893
0.3964318707
0.4221791987
0.4203734437
0.4200392966
0.4048090235
0.4139992527
0.4212200141
0.4239427795
0.4041900781
0.4185622307
0.4079287802
0.386154113
0.3768847308
0.3887167585
0.3829904926
0.3660394452
0.3910196787
0.3882673651
0.3878475841
0.384386031
0.3955715142
0.4086155413
0.4404407219
0.4309375108
0.466917713
0.4467568506
0.4283308763
0.4065791978
0.4133854521
0.381245884
0.3998420517
0.4261345005
0.4198380026
0.402707565
0.4094868267
0.4395877009
0.4348419813
0.4114854298
0.4288915373
0.4061197761
0.4252639088
0.4392596499
0.4349783104
0.4398020541
0.4468327829
0.4368962906
0.4453305954
0.4407094139
0.4669779967
0.4483588686
0.4121562767
0.3959874105
0.4246460104
0.4252719215
0.4194750177
0.3907490388
0.3858219988
0.3715733739
0.3994624005
0.3895086614
0.408521195
0.3885435748
0.4337947406
0.4436410205
0.4440033864
0.4397181578
0.4522683369
0.4425527846
0.4498471228
0.4426258906
0.4466107432
0.4585664098
0.408225814
0.4008711298
0.3938733631
0.4021928371
0.3845281591
0.3929992964
0.4631284297
0.4806046168
0.455444678
0.4349900224
0.4251924708
0.3978935539
0.4513399889
0.4543693116
0.4597242969
0.4485303358
0.4455276868
0.4334886817
0.3972854056
0.3985520408
0.4201616956
0.4098479231
0.4007969531
0.3973029603
0.4279568898
0.4412587704
0.4383301672
0.4361190722
0.4471914367
0.4453389426
0.4238444718
0.4075881717
0.4226398313
0.4423412958
0.4339259588
0.4152902498
0.4088753522
0.4177281522
0.4203472429
0.4145859175
0.4063260701
0.3672471359
0.4195772288
0.4374027531
0.4840289266
0.4477410508
0.4262555588
0.410664323
0.414677266
0.3859745835
0.395568913
0.423546046
0.4066373779
0.4186365003
0.4732522496
0.4750989745
0.4527080615
0.4601770717
0.4211289632
0.4360846175
0.4067842261
0.4135905046
0.429049337
0.4125082597
0.4427637132
0.4523492146
0.3965324518
0.4114027597
0.4475499647
0.4349140926
0.4134879768
0.4022574043
0.4014801547
0.4399666324
0.4245460505
0.4243973701
0.4142068394
0.4061777326
0.4017082076
0.4091155226
0.4366551526
0.4560594416
0.4334480899
0.407791895
0.3892936107
0.3725615036
0.4486254736
0.4123899282
0.3862464069
0.3671992459
0.3827286144
0.3854017745
0.3955163289
0.4050311333
0.4431412489
0.4426597957
0.4345593298
0.4364430815
0.4406838055
0.4620526041
0.4578904145
0.4410564783
0.45062589
0.4665082685
0.5104023678
0.4748482669
0.4141308648
0.4205987007
0.4426635708
0.4636854518
0.4735998515
0.4247001995
0.3962025714
0.4005428169
0.386318176
0.374491403
0.4000616634
0.4032743457
0.4130278831
0.437533175
0.4477112787
0.4768554348
0.4716023351
0.4641220588
0.4396917252
0.4043934294
0.4557061345
0.4586713986
0.4752704585
0.4962508214
0.4476343666
0.4395612214
0.426358643
0.4207903787
0.4138997305
0.418689365
0.4087617154
0.3973389875
0.3930773288
0.4349107894
0.4218156122
0.42601951
0.3966619791
0.3698938158
0.4176398887
0.443724648
0.4107065426
0.4091435921
0.4305846666
0.4085090285
0.4023977339
0.4092083545
0.4155432048
0.4100088346
0.4049445335
0.3899147336
0.4260341075
0.434476363
0.4250293754
0.4245084756
0.4195687642
0.4087201302
0.4216851027
0.4393789846
0.4350500862
0.4069909323
0.4263564291
0.4265894033
0.4097701499
0.3946819938
0.4008467718
0.4054308225
0.3715674612
0.3712051177
0.379932421
0.3810660315
0.3627938397
0.3775827738
0.3705816641
0.4060166237
0.4079173563
0.4033049076
0.3851774864
0.3939487512
0.4136555653
0.4280412151
0.4215166576
0.4320542789
0.4360175249
0.4456019428
0.4037817566
0.3943636519
0.403589418
0.3860975544
0.4080458963
0.4152026469
0.4271938468
0.4161670671
0.4212949766
0.4112361235
0.4039760646
0.3985020978
0.4170146132
0.4251488864
0.4006616967
0.3803128662
0.4530162784
0.4208848558
0.3988395339
0.389104367
0.421024272
0.451455025
0.4445819529
0.4217903388
0.4127475002
0.3967121103
0.405348357
0.4367193939
0.4252197487
0.3880170902
0.4332828248
0.4374806379
0.4033520152
0.4365141504
0.4171808766
0.4499137642
0.3926857894
0.4143964689
0.4172387097
0.3960818576
0.3710533435
0.3875937618
0.4058537124
0.422884082
0.4127155541
0.3735221355
0.375582007
0.3629290323
0.4017376674
0.4427113383
0.4401437932
0.4213714702
0.4257825675
0.4218384953
0.4143823247
0.3871149482
0.415959447
0.4337114021
0.4240142527
0.3951369882
0.3925319245
0.3916771954
0.3979900755
0.3780763747
0.3991900343
0.4273110134
0.447870073
0.4182740099
0.4047797625
0.3907021062
0.3791523151
0.396497878
0.3936287232
0.3809448454
0.376817973
0.3926270718
0.4371348668
0.4357859836
0.42549013
0.4169250844
0.4253472281
0.4403113854
0.418019152
0.4441856297
0.4633447061
0.4606556884
0.4161658535
0.432397879
0.4489785018
0.4248590458
0.4326084102
0.427234445
0.4179235531
0.41699053
0.3966003901
0.4282892472
0.4215064324
0.4407005879
0.4407661155
0.4427031696
0.4250195961
0.3998567255
0.4241101765
0.4541909822
0.422233126
0.4413914803
0.4351262697
0.4558960613
0.4379805857
0.4139719877
0.4307017283
0.4434739388
0.4422426478
0.4697159987
0.4283851639
0.4566432574
0.4381510098
0.4390669982
0.4367079438
0.4466604938
0.4410725091
0.4351886894
0.438267952
0.4301863417
0.4245894234
0.4335846509
0.4353783637
0.4254948501
0.4315283352
0.4537938021
0.4300865157
0.4183099097
0.4226026569
0.4086222104
0.4290425127
0.4275936682
0.4316617057
0.3886635379
0.3817944349
0.4199529329
0.3979672016
0.4227003295
0.4078227816
0.4351624926
0.4264106826
0.4125377805
0.4309806675
0.426306259
0.4388444575
0.4265483681
0.4271760256
0.4501626614
0.4289874831
0.4326388332
0.431263219
0.4321771513
0.4310727137
0.4615245914
0.4624966094
0.4462562861
0.4496185971
0.454951584
0.4297582086
0.4364607602
0.4367999948
0.4403641436
0.4321477181
0.4126568323
0.4024657211
0.4059949633
0.4351002855
0.4525872647
0.4120006452
0.4256018133
0.4348755014
0.4370216025
0.4222451203
0.4042842834
0.4334092843
0.4646899959
0.4481252199
0.4506638576
0.4641098967
0.4448506203
0.4368676378
0.4262571137
0.4399588146
0.4483975139
0.4707770279
0.4655705225
0.4394075397
0.4316563623
0.4388299799
0.4355074804
0.4263967113
0.4274184002
0.4392599432
0.4602380043
0.4450298459
0.4380244009
0.4262296302
0.4363052252
0.4194395834
0.4188412192
0.4099831036
0.4084348234
0.4052706346
0.4156361676
0.45478302
0.4185573051
0.4269595242
0.4388365582
0.448130092
0.4083696349
0.3852705754
0.3986886549
0.4582296327
0.4171580141
0.4180810848
0.4265510983
0.4360479223
0.4242096105
0.4251468625
0.4186049612
0.405421771
0.3808759429
0.398179087
0.4080533634
0.3999813827
0.3968575785
0.4209625835
0.4306553169
0.4316747207
0.4413273034
0.4435793692
0.4543004278
0.4061510396
0.4053997057
0.3969729824
0.363486544
0.371818625
0.3727419414
0.3967705581
0.4395858704
0.4286174778
0.4109426275
0.3989731224
0.405909387
0.4197863314
0.4428296619
0.4451032698
0.4507879574
0.4543158653
0.425698501
0.4551831845
0.4521106748
0.4117060814
0.4061939887
0.4031635908
0.4012292192
0.421841248
0.4388822097
0.4509287563
0.4273581489
0.4492956115
0.4130715892
0.3998740143
0.4200620694
0.4548706559
0.4285006654
0.4514555613
0.4447724513
0.4221876731
0.4421478497
0.4036342958
0.4284206633
0.4018515027
0.4124804872
0.4302110717
0.4185240127
0.4461782689
0.4337740268
0.4301332781
0.4318027089
0.4594382736
0.4851621555
0.4483034961
0.4332137751
0.4209172215
0.390382326
0.3898891613
0.423347292
0.4419022537
0.404730269
0.3981665048
0.3929747446
0.417334116
0.4105770598
0.4024391942
0.3909683431
0.35885462
0.367739987
0.3713824353
0.4101025488
0.4223066072
0.4114770035
0.4155634503
0.402188555
0.4199861363
0.4122179879
0.4116899759
0.41553428
0.3857649415
0.3828140177
0.4034727213
0.4344072556
0.3838623338
0.3811671106
0.3957243533
0.3891727668
0.3902933705
0.4064484631
0.3900940733
0.3816430771
0.3839780124
0.391457314
0.3873826849
0.3825359979
0.4128973316
0.4177444965
0.4278763466
0.4192320209
0.3989120037
0.37610469
0.3742971258
0.3768435718
0.408162003
0.4024917759
0.4048519156
0.4057615031
0.4187449913
0.3939973228
0.4137473344
0.4178333991
0.4193904135
0.4513307624
0.4512865003
0.4049385752
0.4095419843
0.4074956397
0.4214163397
0.4200760002
0.4378108865
0.4174019231
0.4373208435
0.4150492143
0.3997657424
0.3822184732
0.4006055241
0.4141512285
0.384044179
0.3742736351
0.3737741345
0.4160156804
0.4311003916
0.4255370413
0.3982696866
0.4065274396
0.4218208263
0.4140200974
0.4257440538
0.4698943882
0.4431047608
0.4127816621
0.4192638838
0.4141163049
0.4140347694
0.410440123
0.4013597598
0.3925763978
0.3754661617
0.3851446607
0.3984399573
0.3784713466
0.3676847048
0.3784125802
0.4112045413
0.4319794742
0.4361343984
0.4469757999
0.4034530953
0.3667764102
0.3741222493
0.3907242038
0.411864884
0.3918231418
0.419457144
0.3898296702
0.4331321891
0.4428224451
0.4328619237
0.3897287847
0.404043177
0.4274107577
0.4353872901
0.4318660704
0.4178097955
0.4054495544
0.4149301997
0.407642113
0.4142630412
0.4124903576
0.4023625159
0.4119475896
0.4312678432
0.438996698
0.4423676857
0.434031389
0.4381693212
0.4333413448
0.4469619274
0.4660874729
0.4280759276
0.3963805211
0.3957611746
0.4188009601
0.4423636913
0.4259605013
0.410316119
0.4441197686
0.4623403156
0.472738004
0.4625858076
0.4520442388
0.4381402083
0.4362298853
0.4089613631
0.4184348076
0.4302556961
0.4229802252
0.4211925497
0.4093038597
0.4166011292
0.4530848849
0.4440518895
0.4296235862
0.4380438415
0.4309073012
0.4484060387
0.4472696392
0.4288960434
0.4671023419
0.4884425194
0.4632021781
0.4299810212
0.4181326341
0.4352440735
0.4554117047
0.4455970492
0.4173779312
0.414837525
0.415352616
0.4224963975
0.3914430925
0.3674051275
0.3874767459
0.3939731711
0.394429451
0.3858726772
0.3902618527
0.3997439568
0.4413952721
0.4112484053
0.432755623
0.4239395286
0.4222880717
0.4253939309
0.4436682973
0.4260347876
0.4327436079
0.4235132188
0.409547545
0.4093602084
0.4112171737
0.376943861
0.3822972879
0.4016130076
0.4096965772
0.4014616739
0.4229253992
0.4307278163
0.4057513266
0.4205159524
0.4368149901
0.4383872099
0.4477718786
0.4429972974
0.4153120852
0.4163847091
0.3848783612
0.3943908675
0.4142863299
0.4341890247
0.387943711
0.3956038724
0.4368099857
0.4534365293
0.4413125889
0.4415637847
0.4318427139
0.4608252278
0.418808804
0.4259796773
0.430005475
0.4379128068
0.4175394548
0.4078489611
0.4006855942
0.4229462737
0.4160891808
0.4378225073
0.4314031213
0.4114552533
0.3983426019
0.4120082512
0.4068930226
0.3927455097
0.3831023323
0.39097538
0.4080595015
0.4206678284
0.4114254853
0.4111088254
0.4223770043
0.4374616283
0.433423271
0.4589560604
0.4908277704
0.4579026601
0.4435924404
0.42493154
0.4227899176
0.4264904337
0.4049689782
0.388570703
0.4190683466
0.4291270184
0.4123459321
0.3904609879
0.3989822877
0.3849773209
0.4238271187
0.412029416
0.4293619071
0.4219126401
0.4305283482
0.411774239
0.4060945292
0.4008193014
0.427670431
0.4380616366
0.4158893989
0.4050830751
0.3942773369
0.4077645562
0.421431857
0.3976153038
0.4077930016
0.4120956944
0.3813818036
0.3782398366
0.3595104487
0.3812097011
0.419971746
0.4152818535
0.4129350084
0.3957450672
0.4181757261
0.4210924673
0.4076446299
0.387430851
0.3851803958
0.3873827231
0.3951863306
0.4130456652
0.426846509
0.439265258
0.4374987195
0.4387704921
0.4416870036
0.4172192441
0.3993834981
0.4042698658
0.409261229
0.4325524393
0.4182838063
0.4070531653
0.4161413565
0.4324968566
0.4601426296
0.4923933663
0.5005164438
0.5070871543
0.4826519672
0.4749229031
0.447616207
0.4046732917
0.39886665
0.3954724474
0.4023853246
0.4004794263
0.3828588267
0.3737569528
0.3569225106
0.3491279169
0.375450589
0.4506288865
0.4046691674
0.3933290065
0.4165782651
0.4506494261
0.4484104796
0.4414920394
0.4238949714
0.4382200372
0.4203475026
0.4359660416
0.4530975815
0.4355281243
0.3934377116
0.4091824901
0.3987933256
0.4030662723
0.3984569458
0.4238349349
0.4181663078
0.3948969514
0.410908633
0.4277875812
0.4074853611
0.4161558705
0.4191913251
0.4295928543
0.43174535
0.4124179843
0.4244648247
0.4143564826
0.4083223304
0.4045577578
0.4109791079
0.3729223949
0.3816433718
0.4028394417
0.4186910473
0.4225885555
0.4238205488
0.3965836777
0.4071029411
0.4288584794
0.4287805484
0.4010810258
0.4231929322
0.3970741332
0.3957854024
0.3986290757
0.3859367218
0.3883368741
0.420702977
0.4364761714
0.4582890119
0.4573026646
0.4187473252
0.4201766962
0.4502292487
0.4176168077
0.4122457294
0.4283922886
0.4236741033
0.4254529972
0.4231648772
0.4409373391
0.4108652582
0.4340693045
0.4121909368
0.4111937812
0.3954186667
0.4287534932
0.4089198656
0.4248823314
0.4277726576
0.3941456156
0.3918501757
0.3799350349
0.3712680548
0.3963519944
0.4089784735
0.3872015166
0.4193082067
0.4291713766
0.4367192074
0.411997322
0.3852982063
0.3615721348
0.3688063648
0.3931320492
0.42111075
0.4173202407
0.3955338982
0.4175976342
0.4034188985
0.4096151839
0.4341293205
0.4640712559
0.4479843674
0.4173851322
0.3716993509
0.4173880094
0.3995369052
0.3952113637
0.4056363137
0.4007574953
0.3998487936
0.3938641202
0.3878501824
0.3931961887
0.3968025924
0.3921493279
0.3962459703
0.3646935147
0.3857247282
0.3768233489
0.4112909282
0.4110682663
0.4043536825
0.4133870307
0.4546230768
0.4358570436
0.4046897554
0.3886174841
0.3628851616
0.4048595835
0.403330918
0.4104002239
0.4104020372
0.4148610975
0.410314399
0.4002537976
0.4204926034
0.4404753647
0.4185890265
0.4210212091
0.3762371742
0.3789977843
0.4088625494
0.408060001
0.4090379056
0.3731623547
0.3858721516
0.4493873106
0.4384470419
0.4092772266
0.4057726699
0.4134629029
0.4285989459
0.4145361412
0.4190250763
0.4212320941
0.435297319
0.4266237386
0.40653211
0.4257767771
0.39758458
0.4162537543
0.4006771905
0.4086674562
0.4112464244
0.4511712783
0.4418481594
0.4340257993
0.4271009581
0.4675703604
0.4463900111
0.4442619422
0.4221311446
0.4631364976
0.4615815067
0.4433858709
0.4305196953
0.4255548684
0.4149315425
0.3931344163
0.4061723412
0.3896672521
0.3916925301
0.3918174923
0.4134723823
0.3924087341
0.4079767053
0.4356920049
0.436769383
0.4140401645
0.4146519002
0.4660429069
0.4671680697
0.4647845089
0.4354941282
0.4156832419
0.4132563025
0.3930721816
0.4101540769
0.4181052677
0.429007383
0.4110637499
0.4593425231
0.4520652082
0.4208430356
0.4302615291
0.429053226
0.4138328025
0.4342779652
0.4399385716
0.4304061881
0.4092147263
0.3978945677
0.3858605229
0.385951624
0.3903516047
0.410600535
0.4402599204
0.4225431808
0.4121202248
0.4134635595
0.4004607958
0.4000869271
0.4002711534
0.4059556787
0.3376710896
0.3733522979
0.3631793779
0.3690259491
0.3960043854
0.4098198061
0.4324537101
0.452406142
0.4549591498
0.4473395328
0.4537518591
0.4420755278
0.4291703715
0.3913940601
0.3730362702
0.3739351433
0.4059083552
0.3928176956
0.3794890017
0.3832756917
0.3955555401
0.3936039304
0.4082289115
0.4019702484
0.4167248849
0.4016675352
0.4020211244
0.4243151737
0.4415801998
0.4426382491
0.442057316
0.4466490735
0.4143136276
0.4083403618
0.4032061324
0.4052571374
0.397374511
0.3893655616
0.3988932447
0.3896102345
0.4220569942
0.4039655603
0.3960008468
0.4115185153
0.3972545436
0.3799953536
0.3800658945
0.3990339291
0.3846402288
0.3929278953
0.4381196313
0.4282213143
0.4212406151
0.4140896144
0.4259065298
0.4287796486
0.4298370082
0.4332703693
0.4261301953
0.4048155037
0.4118109188
0.4205502609
0.429136457
0.4218035381
0.3967527127
0.4202899673
0.4555819626
0.4237313174
0.4459097272
0.430576595
0.4140540421
0.3960825677
0.3990216711
0.4231614621
0.4358415377
0.4710691519
0.4432611852
0.4183856573
0.3988104952
0.3994270924
0.4221793632
0.4418308774
0.4357961238
0.4427488424
0.4688905743
0.4484111464
0.4371388337
0.4660337143
0.4609911701
0.4605360348
0.4500791642
0.4490289537
0.4421125469
0.4145160503
0.3828301494
0.3840658136
0.3988174666
0.4115305069
0.4088901403
0.4247986376
0.4171339967
0.4055929525
0.4235715868
0.4298318434
0.3921359704
0.4194790016
0.4210204644
0.4305158358
0.4156101519
0.429438707
0.442434093
0.427533171
0.4224816921
0.4449168173
0.4604273285
0.4508497573
0.4496588021
0.440722141
0.4292093329
0.424248799
0.3912778485
0.4072289757
0.4066906748
0.4094071603
0.4033212666
0.4026692176
0.419326668
0.4146606312
0.4385046766
0.4142807519
0.4022106436
0.4122193796
0.4193343253
0.4008997511
0.3924306375
0.4334517628
0.4353696938
0.4251284301
0.3902466448
0.3688985464
0.423496766
0.4122512712
0.4036918151
0.4034590376
0.4053635115
0.4340721212
0.4455259566
0.429659847
0.3727609496
0.3801822476
0.4114600938
0.4024727354
0.4006549531
0.413471085
0.408398461
0.3836045939
0.3962228546
0.3621619801
0.388918515
0.4309312326
0.4084060238
0.394885524
0.4231545284
0.441606116
0.452714837
0.4516156709
0.4179315049
0.4111392572
0.4189641542
0.3945500346
0.3939156597
0.4139904383
0.424353703
0.4270335318
0.4303901297
0.4190217577
0.387883811
0.3947941987
0.3959323967
0.4165092828
0.4024879949
0.4029377075
0.4012714002
0.387770648
0.3722492885
0.3840191793
0.4146069578
0.4427918222
0.4159286967
0.4219973761
0.4190517647
0.3899567918
0.3917576515
0.3899236092
0.3680172096
0.3796335295
0.3751165147
0.3703807874
0.3744029083
0.3797541093
0.4128124438
0.403744719
0.3674054451
0.3608600936
0.3805015474
0.4349356189
0.4117623325
0.4051840768
0.3984717232
0.37081833
0.3810674902
0.4055318426
0.3791807825
0.3903843446
0.4160360716
0.4046895574
0.4030797115
0.3834459507
0.4356042695
0.434303576
0.3717997913
0.3791812285
0.3862358109
0.4090314777
0.4067376417
0.3769353714
0.3859958616
0.3866376109
0.377777323
0.4038166341
0.4166984397
0.4177828984
0.4281195026
0.4471354728
0.4120503128
0.4016550598
0.3869630926
0.4091553479
0.4060531671
0.3791992442
0.451184722
0.4652741698
0.4382509096
0.4152531163
0.455280657
0.4646294392
0.4491552738
0.4116280742
0.4089949755
0.3990588948
0.4078498303
0.4077587449
0.4147119853
0.4016796477
0.4133637976
0.4335391041
0.4440413806
0.4355959712
0.411297213
0.4053400943
0.411554665
0.4058288804
0.438496982
0.4484207632
0.4298584591
0.4456628123
0.4643564998
0.4553749744
0.4347576563
0.4351274804
0.3908840785
0.3818725448
0.4005586658
0.4033080024
0.4092904215
0.3998189909
0.4392144903
0.4079158456
0.4197549475
0.4379215927
0.4119181026
0.4057056663
0.3611211794
0.402049733
0.4122775434
0.4233763801
0.372745344
0.3699308377
0.3866474576
0.3825229077
0.4031756546
0.4034778634
0.4289634305
0.4375870262
0.4324731278
0.4502972023
0.4468057064
0.4333875007
0.4406993682
0.436494555
0.4398621722
0.429896756
0.4299892697
0.4068182297
0.3998096596
0.4034633911
0.4340184762
0.435993202
0.4090217143
0.3922826236
0.4074145119
0.4008185597
0.3809396335
0.3925388334
0.394161713
0.4214853704
0.4228647724
0.4409262247
0.4625763122
0.4519982592
0.3947538379
0.4181887261
0.4451795252
0.4327287947
0.403441171
0.4055274561
0.4215493177
0.3840135916
0.4104982268
0.4090249343
0.412516019
0.4371591327
0.4314958462
0.4272834863
0.4080993899
0.3913485687
0.3872711419
0.383487543
0.3597498033
0.3850033691
0.4212997813
0.4265714005
0.4067001514
0.4262303846
0.4255105556
0.4535868287
0.4566972964
0.45886824
0.4526793283
0.4257697469
0.4222562237
0.4040304462
0.4070725062
0.4004011621
0.3896132022
0.3869171217
0.4014105695
0.4016873214
0.4091778214
0.4194914649
0.4369019162
0.4625702742
0.4451259629
0.4471904074
0.446326231
0.447011876
0.4555674648
0.4148670247
0.4067680373
0.4109580841
0.4174725872
0.4184173234
0.4000371809
0.3971849863
0.4213882838
0.4218751022
0.437023176
0.4297726817
0.4104426766
0.4483764533
0.4234348164
0.4122750143
0.42527222
0.4281616688
0.4432357902
0.4377605936
0.4184857046
0.4434417387
0.4328251685
0.3951319953
0.3874360796
0.4110013581
0.426713556
0.4514486658
0.4508782508
0.4267341005
0.4353530845
0.4606221404
0.4792966874
0.4672056094
0.427208079
0.4189999839
0.4184557129
0.4153819709
0.4068351581
0.4301864811
0.4554468183
0.440008632
0.4213686372
0.4289296726
0.4338032111
0.4286105945
0.4060672576
0.4004000026
0.4041158607
0.3854052822
0.4070777995
0.4211815932
0.4320851023
0.4278521733
0.4515034925
0.4618541452
0.4380993508
0.4270532113
0.4333857731
0.4167563627
0.4215214808
0.3841178668
0.4183292895
0.4359070449
0.4703221152
0.4693850463
0.492815194
0.4330307189
0.4558115963
0.4388568164
0.4231139484
0.4031886725
0.4352801787
0.4526808471
0.3820732533
0.364175682
0.3688111264
0.3829079455
0.4120671608
0.3913908089
0.4056077156
0.4238238022
0.4344998119
0.43024461
0.4327370282
0.4159656835
0.4330684571
0.4346243831
0.4361171858
0.432448654
0.4190007764
0.4376160547
0.4423242651
0.41230505
0.4410324065
0.4298066141
0.4198846377
0.4032308772
0.3887586822
0.3911374194
0.3436361472
0.3649622527
0.3978707692
0.4228531415
0.4104437465
0.4143086627
0.407674361
0.4285675507
0.4119306076
0.4188576686
0.4334090154
0.4280513312
0.415020945
0.4437597185
0.3675879919
0.366451932
0.3820202008
0.3999271541
0.4066806595
0.4277803722
0.4105283325
0.3925382733
0.3918862298
0.3930238319
0.3836124173
0.3778767576
0.3837391802
0.3833337989
0.3770313222
0.3959407483
0.3993520788
0.4023387674
0.3841190233
0.3722488851
0.3702247398
0.3989361994
0.3921992189
0.4200237401
0.4229246063
0.3928264833
0.4070631678
0.4098454183
0.4280702292
0.4091122138
0.4024748708
0.411047952
0.4141886502
0.3864680909
0.3740003844
0.3687337566
0.3627903275
0.3757357631
0.3812247655
0.3835794617
0.4130279821
0.3756603306
0.3898672902
0.4012098825
0.4284634113
0.4054748736
0.3773448694
0.3825630042
0.3877189462
0.4109490483
0.4119925042
0.4207446591
0.4080433831
0.418792644
0.3767965499
0.3712199372
0.3708621232
0.3862683924
0.4040458216
0.391813976
0.3894924074
0.4217813897
0.4061443988
0.4047492418
0.4069273394
0.4046649484
0.3833217371
0.4321035906
0.4352308924
0.4204353964
0.4026696841
0.4067949549
0.3933140303
0.386165109
0.388959947
0.4181476843
0.4264938382
0.3953169246
0.3993158579
0.4068398615
0.4159458296
0.4069005454
0.4126926199
0.40273126
0.4341669704
0.4407818947
0.4318920003
0.438391408
0.4224738877
0.4222698942
0.4079728253
0.3831032439
0.4028927888
0.4141805571
0.4321248415
0.4048828124
0.4024033271
0.413782585
0.4134610248
0.415213781
0.4431405941
0.4327165111
0.4571068853
0.4581521175
0.4250492767
0.4116078687
0.4300108401
0.4499409096
0.434725327
0.4237516413
0.4293073221
0.4350830679
0.4266685822
0.4129182514
0.426620684
0.413934253
0.4067278581
0.4054109284
0.4243163644
0.4392719855
0.3913843277
0.4003682727
0.4094388223
0.415582932
0.4381084382
0.4288611762
0.4404022845
0.446040606
0.4303699387
0.4160304504
0.3890849256
0.4042109494
0.3954178629
0.4219916776
0.4341882566
0.4214065695
0.4161212691
0.4056024603
0.4254533447
0.4005199308
0.4169616131
0.411467872
0.4156848485
0.4018215523
0.4064483288
0.389894968
0.3759853086
0.3593931052
0.3898248143
0.421204587
0.4131008776
0.396752945
0.4228631379
0.4052340318
0.411271666
0.4229574281
0.4031489236
0.3939815092
0.402664099
0.4093479582
0.4057650825
0.3835384527
0.3608211492
0.4163939799
0.3952378352
0.3862668975
0.3962480786
0.4238313918
0.3978524597
0.3921292927
0.3746096951
0.3787924212
0.3911006746
0.402603162
0.4371871429
0.4411561803
0.4031970604
0.3994354218
0.4076631771
0.4235892415
0.4202756968
0.4088751246
0.4180278952
0.4094425067
0.4148763536
0.4013230081
0.4078441209
0.4102294991
0.4322457152
0.4217337128
0.4190208379
0.4138444419
0.4244828112
0.4216188066
0.4110039874
0.3997546102
0.4106030525
0.4225011499
0.4445248788
0.4415451451
0.4038822123
0.4467663884
0.4379048744
0.4333142961
0.4124317505
0.395837295
0.4025842283
0.4062202824
0.4084790611
0.4054483872
0.4099703949
0.3913560094
0.3946631449
0.3897907789
0.3863869307
0.3975582652
0.3770190597
0.4034229718
0.4076867168
0.4230192833
0.4590504707
0.474716927
0.4605402739
0.4443704662
0.4192974911
0.4197175666
0.4120620209
0.4224454234
0.4582632991
0.4920440614
0.4674779184
0.4327006617
0.4262711571
0.3939954734
0.4055028447
0.4494123269
0.4500578362
0.4131537317
0.3898712166
0.4276210303
0.4451957945
0.4850879117
0.4625415055
0.4629673074
0.4639040599
0.4645879561
0.4414850186
0.4385412797
0.4623811576
0.4260382692
0.4053730646
0.4104960218
0.4059327564
0.4154670705
0.4072090641
0.4000274785
0.4156196465
0.4140773888
0.4239077293
0.4382859526
0.4184562298
0.4181476016
0.4253781875
0.4259755539
0.4249548942
0.4057057406
0.387098466
0.3982411851
0.4109685937
0.3937684021
0.4000960452
0.4365424302
0.4409501851
0.4365502464
0.4216792659
0.4492310958
0.3863530942
0.3855963664
0.3876322294
0.4120522206
0.3988534755
0.3981079552
0.4179825833
0.4290046108
0.4136135191
0.385820114
0.3798757031
0.3679946287
0.3546893249
0.3498356444
0.372536829
0.3921716568
0.4068586605
0.40439701
0.4068538244
0.3813533708
0.4015464395
0.4246278289
0.4053163647
0.3796097078
0.4231619354
0.4315526129
0.3788822992
0.366942811
0.3578617035
0.373385537
0.3991015078
0.3963634802
0.4094406918
0.3994077293
0.4055116829
0.3908705851
0.403150003
0.4305337918
0.4440910528
0.413936019
0.4188017034
0.4290640713
0.4444605484
0.4342240886
0.4249867518
0.4187633953
0.4124771518
0.4119942971
0.4181582725
0.4187364119
0.4312556608
0.436943391
0.4071753107
0.4062941572
0.397577336
0.3978321001
0.3841531905
0.3802602189
0.3821561394
0.4043178459
0.4098250102
0.4006149861
0.4163709493
0.4115545716
0.4252562577
0.4161576042
0.4201739262
0.3965332217
0.3516279204
0.3762152237
0.4116957942
0.4237762437
0.4180425161
0.3844566809
0.3843465859
0.3856347998
0.3951953866
0.4112648349
0.4091262193
0.4204634921
0.4259358624
0.4132852285
0.3789542483
0.4063726085
0.3902302484
0.3777360376
0.3867635038
0.374561843
0.4010154802
0.4162708296
0.4493044685
0.45948833
0.4408970097
0.4027592486
0.3911687264
0.4027989244
0.4042011616
0.4006688597
0.4458061562
0.4434990302
0.4505427172
0.4135041937
0.4269550715
0.3944976841
0.4058970071
0.4222534025
0.4185736276
0.3919201608
0.3906347772
0.4001605384
0.3975931207
0.3802224759
0.3804409732
0.3874489287
0.4132535953
0.410169839
0.3996065128
0.3826276448
0.4028561398
0.4079857215
0.4231751259
0.4376933399
0.4363144519
0.401294201
0.4239986225
0.4367916542
0.4216923508
0.4239848415
0.3863106892
0.3658970765
0.3886561351
0.3911011587
0.4155164413
0.4336400455
0.427509338
0.4391897075
0.4276458189
0.4129527717
0.3916783714
0.4010949956
0.4063811922
0.3838319684
0.4211875468
0.4141530783
0.4400855723
0.4304393393
0.4018637826
0.3806828463
0.4010649714
0.4149252679
0.4024398026
0.3947931791
0.395033656
0.3946912679
0.418926318
0.4411975761
0.4625183291
0.4477247181
0.4350084429
0.4447221768
0.4524450517
0.4569782116
0.4215234898
0.4247682932
0.4337543428
0.4342143595
0.4232509332
0.4266588813
0.3999471426
0.3999553836
0.4095021036
0.4217517667
0.4224146321
0.4262222857
0.427816863
0.429767371
0.4135689898
0.4084938684
0.4165061103
0.4266667059
0.3945080584
0.4060302616
0.4052056932
0.4101616502
0.4159320378
0.4530493588
0.4555487292
0.4376926248
0.4540270844
0.4411783456
0.4495074286
0.4491731744
0.4321832493
0.4144322707
0.4190392945
0.4143303875
0.4350780394
0.4347527401
0.3935872175
0.3674104433
0.380494657
0.3642881696
0.3561371944
0.3810766543
0.4459438332
0.4246007944
0.4131242488
0.3987235812
0.3732435337
0.3767769777
0.404486836
0.4397024973
0.4298307196
0.4123672815
0.4213496084
0.4262977087
0.3949075173
0.3951960566
0.4094767608
0.4276203861
0.4402673127
0.4084475656
0.4185907302
0.4235477039
0.4009817014
0.3978901495
0.3817843721
0.4012197554
0.3959530589
0.4124243359
0.4237913367
0.385981059
0.3737002963
0.3829712791
0.4151834941
0.4337326649
0.4378473234
0.4284105216
0.4459164949
0.4512964225
0.4607354511
0.4484758098
0.4209704828
0.406341503
0.3290342268
0.3444506682
0.3517274443
0.3392144087
0.36607501
0.3725399897
0.3900345888
0.3883569379
0.3620286823
0.4021299265
0.4250702134
0.4143154144
0.4225025488
0.4235066153
0.4376499101
0.4254905498
0.4251061018
0.3961696766
0.3956324583
0.3547375725
0.4432126188
0.4194110898
0.437978321
0.4322971324
0.4151556499
0.3957997831
0.4249695901
0.4007725079
0.4117387783
0.4107628784
0.420572442
0.4363323869
0.4277081302
0.4214604013
0.3913639829
0.3780782306
0.372127287
0.409414987
0.4470603557
0.4253321658
0.4164763285
0.3874360198
0.3977559866
0.3891516283
0.409726468
0.4119542917
0.4418544487
0.434349168
0.4060534332
0.4076085611
0.3903960636
0.3948334991
0.3970572466
0.3994143787
0.4000498882
0.4193926381
0.4340751442
0.4575388182
0.4490165907
0.4362697767
0.4237152234
0.3969548425
0.4029104286
0.3893429992
0.3981338858
0.4336887478
0.4277861921
0.3998025876
0.3790072698
0.3823702593
0.3895005816
0.3679466142
0.365718597
0.3874855876
0.38910313
0.3735416709
0.387475643
0.4214656985
0.4118971816
0.4110169544
0.3875180504
0.3910045181
0.3880240611
0.3818945782
0.3855456465
0.4079636962
0.4048593509
0.4234121189
0.4041166619
0.3803896683
0.3777374826
0.4092764559
0.402494289
0.4038330434
0.3773604231
0.3829258461
0.3962261979
0.401224745
0.4020512599
0.4032257093
0.398948804
0.385948467
0.3874201279
0.3862515641
0.3884350733
0.3793375011
0.372924848
0.3486351659
0.3657998166
0.3621936308
0.349061959
0.3654842143
0.353682398
0.3593476678
0.3950827719
0.4023325259
0.4184703322
0.3991591456
0.3873242486
0.4001403112
0.4087750464
0.4007396663
0.420950172
0.4179232038
0.4386628851
0.4368812289
0.4225827594
0.39151517
0.3964066433
0.3992041832
0.3881502696
0.3755206982
0.3779502407
0.3788634452
0.4052527106
0.4086624967
0.406753669
0.3867039775
0.3923105021
0.40739809
0.3741415907
0.3973687528
0.3963482578
0.3865280668
0.3940959316
0.3766661006
0.3541276565
0.3811280764
0.3650959609
0.3998283764
0.3928270011
0.4214928522
0.405035011
0.3915634706
0.3881929351
0.3849453435
0.3781040972
0.3909148935
0.4059752394
0.3880404418
0.434919774
0.4238876049
0.4124824837
0.4114694571
0.4189937267
0.438132677
0.4183813649
0.4010062058
0.4085906665
0.4045906809
0.412140887
0.3891080191
0.4033742621
0.4107599822
0.3913874697
0.4036568911
0.4009138247
0.3965461135
0.3964865125
0.4415331129
0.3672661288
0.3604353308
0.3549504478
0.3976766714
0.4187461345
0.3927556336
0.4132916563
0.4286527058
0.4079671283
0.4036327497
0.4235489009
0.4105812702
0.3971235875
0.4132375622
0.4209311456
0.3903012889
0.4260500294
0.407785938
0.4176588446
0.3965733088
0.4086081589
0.4207099894
0.431275097
0.3782871688
0.392270584
0.4102279422
0.3978239605
0.3961823846
0.4209346919
0.4095456394
0.3942846285
0.4128675108
0.4082250134
0.4158320408
0.4411281075
0.4478839066
0.4116935466
0.3994669588
0.3720870566
0.3807074807
0.4613583705
0.4132043861
0.3962359804
0.3979765969
0.38370279
0.3718212851
0.3954850824
0.3753505051
0.3494131874
0.3931140164
0.4365066825
0.4562320376
0.4573014802
0.4270725754
0.4122146937
0.387704377
0.3839670564
0.4495815468
0.4521991372
0.4415380263
0.4200943866
0.3887119926
0.3869264814
0.3892335092
0.382707528
0.3933333927
0.3910021016
0.3908591274
0.4535809737
0.4884677616
0.4674560199
0.418172905
0.4089498146
0.4258771884
0.4132245493
0.4090374322
0.4046644683
0.4203739881
0.3965245689
0.4359490828
0.405634317
0.4056770603
0.413481485
0.4405082681
0.4832442855
0.4785178347
0.4805996003
0.428009859
0.434230452
0.4034206438
0.4091693205
0.4163429693
0.4076989175
0.4154137163
0.4279766976
0.4251351405
0.411089986
0.4284721813
0.4274655722
0.409821085
0.4318994647
0.419015696
0.4448434367
0.4616015508
0.4524119069
0.4441418886
0.428170256
0.430543959
0.4283706636
0.4304494817
0.4104798336
0.41828164
0.440958971
0.4936662149
0.4771517849
0.4778247067
0.4298123513
0.4289174938
0.4251364077
0.4288833461
0.396283546
0.3956820974
0.3950947246
0.3873712149
0.4279844322
0.4421652698
0.4469840402
0.4413610468
0.4751076639
0.4437554363
0.429127431
0.4294289857
0.4545518321
0.4367353287
0.4440922899
0.4112182381
0.4085893998
0.4040801908
0.4165631182
0.4051603581
0.4006707879
0.3799695192
0.3660798332
0.3689503335
0.3886557103
0.3836943686
0.4056530557
0.4515040024
0.4570709596
0.4313742965
0.42797876
0.4310531757
0.4167499154
0.3987538014
0.4435913853
0.4506815996
0.4564213846
0.4325219161
0.3972448075
0.3698855702
0.4134006502
0.4131187728
0.4047935594
0.4005178951
0.4078019684
0.3978191111
0.3839281207
0.4202931087
0.4331530723
0.3951586799
0.3720739798
0.383217769
0.4092758343
0.4258367051
0.403361767
0.377115468
0.3901085178
0.393026286
0.4148323961
0.4249822256
0.4180234395
0.4105862885
0.4195064169
0.4037526703
0.4078775179
0.4191037135
0.4163207189
0.4023710421
0.389859902
0.4180685133
0.4286624012
0.4288649389
0.4347363636
0.4325199694
0.4381719367
0.4648774482
0.425420865
0.4295332482
0.4067823853
0.3895184879
0.3925766148
0.3959252322
0.3949714405
0.4374071203
0.4489043788
0.4162669298
0.3911579161
0.3788445796
0.3894205678
0.4099179934
0.4212474429
0.4273771724
0.4234650991
0.4396410378
0.423680569
0.4199819489
0.4004739742
0.3868478691
0.4015057322
0.393448653
0.388308013
0.3896843595
0.4209608239
0.4212575255
0.4260577546
0.416763437
0.3922134711
0.4023945479
0.3883071105
0.4025172891
0.418157281
0.4230699275
0.4276657926
0.4129036917
0.4029862636
0.4326303439
0.4345484327
0.4155725953
0.4084785734
0.3884213121
0.3835874393
0.3887383223
0.4024218715
0.410786743
0.400181952
0.4414360186
0.4325533426
0.4101141173
0.4086873059
0.3823402586
0.3685604782
0.3815039808
0.4119850756
0.4139284338
0.4070658812
0.4060263446
0.3894525807
0.3937965103
0.4205604721
0.3966407938
0.4243495998
0.4135945484
0.4140983356
0.4057877175
0.3901675798
0.3766036098
0.3632887544
0.4104059024
0.4571858212
0.4271942765
0.4044630599
0.4245125309
0.4224544032
0.4335085042
0.4287024282
0.3964557503
0.398816463
0.4068016958
0.4222027062
0.4345601791
0.4143802513
0.422696576
0.4324172364
0.4230379584
0.3987266678
0.3795351572
0.3657051174
0.3679104897
0.3742237146
0.4216209385
0.4194566961
0.4035412072
0.4015050636
0.3994284799
0.3942049631
0.4007048343
0.4173788718
0.4359630892
0.4045277891
0.4296444612
0.4139067124
0.4046514043
0.4048853997
0.4222276248
0.42010547
0.4163708043
0.4378934217
0.43343976
0.4161775559
0.3965408052
0.3997225443
0.438529722
0.4327066286
0.4195607418
0.3901034244
0.3930916929
0.4002537428
0.4321205482
0.4430508425
0.4061842492
0.4485458533
0.4184758133
0.4031762436
0.3785951354
0.4057788013
0.4167326051
0.4088022501
0.4248812351
0.4401762837
0.4356399317
0.4257506066
0.4306222341
0.4188970939
0.4364326401
0.4333093608
0.42971795
0.4091490877
0.394297352
0.4006744311
0.425321244
0.400889981
0.4443780898
0.4706833438
0.4727521499
0.4171330169
0.4059349057
0.3858154553
0.3768620468
0.3884595158
0.3886928604
0.4048004821
0.4285505032
0.4223228635
0.4119435088
0.4059439182
0.4005414773
0.4318604307
0.4225708903
0.4450616565
0.4058506323
0.4100747714
0.3946650054
0.4129819438
0.4042798565
0.4321265272
0.4567037388
0.4439107757
0.4412134094
0.4573669235
0.4493093598
0.4392751238
0.4222742724
0.397661908
0.4035278642
0.4181881604
0.4383192811
0.4167434656
0.4335481977
0.43667043
0.4401872443
0.4280118143
0.4208184268
0.4054242167
0.4143336927
0.3995930684
0.4135085368
0.4046727927
0.4267761744
0.4374439011
0.4087353658
0.3691294899
0.3915087302
0.4161995179
0.4312724951
0.4364243423
0.4438969159
0.4408647146
0.4351425115
0.4098595538
0.4221444613
0.4572485187
0.4733905613
0.4640582055
0.4411274266
0.4198289636
0.4103362762
0.4006891103
0.4026501309
0.4010488588
0.3945052787
0.4264753366
0.4412094999
0.4262339745
0.421543288
0.450563507
0.4442371679
0.4656599253
0.451913194
0.4409468451
0.443202529
0.4467257237
0.4722717312
0.470404449
0.4558672624
0.4299059427
0.4262606872
0.4466507907
0.4322610161
0.3963934986
0.4084024433
0.4186936733
0.4428209971
0.4335960987
0.4294671455
0.3997159968
0.4342420924
0.4518336562
0.452004687
0.4420804831
0.4339579355
0.4417790101
0.4287080595
0.4320173783
0.4157546819
0.3938683965
0.401050235
0.3906262812
0.3914216862
0.3879491125
0.4298286373
0.4553391399
0.4519252623
0.4398057655
0.416218133
0.3939214306
0.3997389378
0.4128529241
0.4206211922
0.4363283827
0.4400771428
0.4763913838
0.4348220621
0.4363867553
0.4044845058
0.4137528796
0.4129168851
0.4099083041
0.3850146736
0.3739553864
0.3746503273
0.3852387651
0.4231720482
0.424340969
0.4168733438
0.4113545858
0.3837274195
0.4108620905
0.4265646166
0.4463194898
0.4603443912
0.3823081001
0.3793583502
0.3891671603
0.4311030437
0.4411472526
0.4194749415
0.4059239394
0.3800254178
0.3947901275
0.4197180629
0.4357859367
0.4375724011
0.3812653417
0.3885669811
0.4091639849
0.4163102169
0.3899964701
0.3860812002
0.3887281599
0.3960830609
0.4103195149
0.4017701273
0.4224505515
0.4205171249
0.4212562688
0.442670523
0.4497666284
0.4429851205
0.4705605593
0.4236393278
0.423536135
0.4138663448
0.4151496803
0.3944295826
0.399651039
0.3907031954
0.4114417707
0.4064560429
0.4236841295
0.4170985552
0.3777056275
0.4181715369
0.402978229
0.3823999171
0.393093142
0.4037593129
0.4153650457
0.4142570864
0.4182423325
0.4292948377
0.3881477594
0.4017908717
0.4103823622
0.4251849526
0.4281925049
0.4087080844
0.4090838416
0.3664125968
0.3689895486
0.3645247467
0.4291333691
0.3946645616
0.3984062475
0.3724240576
0.3719596471
0.3878474518
0.402573614
0.3949408272
0.4179687915
0.4150482249
0.4249742933
0.3930647377
0.3915930675
0.3820966993
0.3938738657
0.4003490496
0.398403995
0.4058060016
0.4088570773
0.4158628317
0.4499324996
0.4593905789
0.4061022276
0.3964600829
0.4249432289
0.4143995494
0.4248369171
0.4404211635
0.4436939449
0.4350333424
0.4375910508
0.4250785413
0.4062190397
0.415363024
0.4374030317
0.4326633991
0.3885558717
0.3788200251
0.3869322478
0.4124086577
0.4185430168
0.4349225442
0.4208361222
0.4372851439
0.3966732532
0.3937684165
0.4300686978
0.4135991246
0.3806808635
0.3926465407
0.4190520205
0.4376949813
0.4534975634
0.426408585
0.4182167674
0.4291426309
0.4380149151
0.445008309
0.4292542288
0.4227895851
0.4077390208
0.3702779311
0.372051319
0.3798795138
0.4120906267
0.4050399063
0.3858602277
0.3906064683
0.3892638212
0.3892629238
0.3972033374
0.4151653801
0.4137726977
0.4308762442
0.4238717848
0.4283232541
0.3987777371
0.3959400168
0.3963848162
0.4019376152
0.3964298443
0.3881791641
0.391093895
0.4025694816
0.4448305469
0.4547218703
0.4664771715
0.4792474802
0.4658446246
0.4583093674
0.4259420554
0.4242504813
0.3966324258
0.4107030745
0.4152130637
0.4088287508
0.4416191005
0.4166228867
0.3906327971
0.4069151552
0.390266758
0.4251730645
0.4314581681
0.4254896769
0.3927549312
0.4161157448
0.4029034131
0.4151586977
0.4365328762
0.416540407
0.409277512
0.3945721964
0.3695103917
0.3782374462
0.3952130232
0.4011861356
0.4023097498
0.3821481494
0.3968465897
0.3795127169
0.4164790288
0.4209437401
0.4438295653
0.4463365513
0.4211784258
0.4097322814
0.3900052421
0.4122710148
0.4119056959
0.4073157383
0.4184569263
0.4317633918
0.4528879358
0.4453285378
0.4426835773
0.4269578393
0.4214866852
0.4172669881
0.3954229102
0.3964648611
0.3983465585
0.4133492565
0.4110128499
0.3980354254
0.4318725384
0.4362497118
0.4639012815
0.4437708819
0.4116011026
0.4072461502
0.419241312
0.4232507905
0.3925245097
0.3942320976
0.4037410579
0.4210971902
0.4050694548
0.3936601323
0.402860334
0.4029082178
0.4507666959
0.4314140065
0.431400911
0.4563984596
0.4715663259
0.4801144056
0.4723205673
0.4333024973
0.4233144501
0.4178217544
0.4045642892
0.4104368791
0.4216825653
0.4124881315
0.4103767315
0.4182779842
0.4280421023
0.4322021198
0.4391705667
0.4295275319
0.368778677
0.3806055033
0.4132718166
0.4321672302
0.4206334167
0.4118728343
0.3900954996
0.4000783209
0.4224227903
0.4194556802
0.4240618392
0.4154116044
0.4147088489
0.4151587929
0.4285592755
0.4135240438
0.4247144656
0.4659632287
0.4448344706
0.401950425
)
;

boundaryField
{
    xPeriodic_half0
    {
        type            cyclic;
    }
    xPeriodic_half1
    {
        type            cyclic;
    }
    yPeriodic_half0
    {
        type            cyclic;
    }
    yPeriodic_half1
    {
        type            cyclic;
    }
    zPeriodic_half0
    {
        type            cyclic;
    }
    zPeriodic_half1
    {
        type            cyclic;
    }
}


// ************************************************************************* //
