/*--------------------------------*- C++ -*----------------------------------*\
| =========                 |                                                 |
| \\      /  F ield         | OpenFOAM: The Open Source CFD Toolbox           |
|  \\    /   O peration     | Version:  2.4.0-MNF                             |
|   \\  /    A nd           | Web:      www.OpenFOAM.org                      |
|    \\/     M anipulation  |                                                 |
\*---------------------------------------------------------------------------*/
FoamFile
{
    version     2.0;
    format      ascii;
    class       volScalarField;
    location    "0.0009";
    object      p_N2;
}
// * * * * * * * * * * * * * * * * * * * * * * * * * * * * * * * * * * * * * //

dimensions      [1 -1 -2 0 0 0 0];

internalField   nonuniform List<scalar> 
5120
(
0.3526633772
0.3192373124
0.3018439262
0.2893313187
0.3252291137
0.3248612728
0.3194029829
0.3171613685
0.2982161379
0.3024796722
0.3180387295
0.3025225526
0.312590853
0.3221108721
0.3266139203
0.3166251834
0.3092293989
0.3121261013
0.3210599985
0.3540421183
0.3428889165
0.3694347503
0.3682670209
0.3477065147
0.3382826063
0.3276280667
0.3288871796
0.3554380946
0.3699211278
0.3461468326
0.3319141677
0.3270264294
0.3262190075
0.3252035784
0.3167709293
0.3203393937
0.3065894307
0.3215449084
0.3359332331
0.3340655496
0.3134995148
0.302751723
0.2937850793
0.3015409761
0.3046356652
0.3129013683
0.3200923956
0.32266479
0.3276365732
0.331315337
0.341428576
0.3427977314
0.3173911669
0.3165201476
0.3276651144
0.3473616008
0.3345557506
0.3284184307
0.3000620839
0.306671042
0.3207442945
0.3372066508
0.3476562538
0.3145490077
0.3013189346
0.302866883
0.3221507787
0.3229514432
0.2997048324
0.301009367
0.3082310364
0.3019738441
0.3166672507
0.3418761855
0.3317052191
0.3350844164
0.3307517707
0.3287124391
0.3263613147
0.2968979729
0.3313946201
0.3361429075
0.3093384847
0.3242686256
0.3052020916
0.3153130683
0.329581397
0.3198071093
0.331343289
0.3056413144
0.3209088168
0.3065139141
0.3225076059
0.3022416872
0.2920982332
0.2850211377
0.3095971191
0.3176315447
0.2997790481
0.3228846415
0.3411947045
0.3257490772
0.3415168412
0.3543443926
0.3425061818
0.345067162
0.3263441601
0.3422514581
0.3524601434
0.3442040424
0.315237635
0.3087834117
0.2908495525
0.3103372655
0.3041062656
0.3163811299
0.3221744218
0.3289276657
0.3552711089
0.3499095701
0.3295620914
0.3199654599
0.3394101696
0.3588867939
0.3637942968
0.3400814642
0.3234224477
0.3114123615
0.3020482432
0.299685664
0.3082085298
0.3054213251
0.3251075775
0.3107561938
0.2890918961
0.2757931168
0.3010375117
0.3106205919
0.3082676583
0.3114296514
0.314690081
0.3355925284
0.3412622285
0.3434469564
0.3180092522
0.3228499826
0.3314520975
0.3009589347
0.2751098132
0.2942632364
0.2913195545
0.2974723767
0.2918329772
0.2934364699
0.3077354177
0.3444536051
0.3416222743
0.3342983875
0.3098480852
0.3066805272
0.3185363037
0.3035408817
0.2929800536
0.3075918235
0.3116645368
0.3057823055
0.3011164278
0.2969764014
0.3185746764
0.3089682649
0.3051130764
0.3156740845
0.3110753563
0.321953837
0.3219050536
0.3230242685
0.316815696
0.317561434
0.3352374807
0.3502125177
0.3102892859
0.3202567027
0.3361394122
0.3262334711
0.3023062864
0.2896791215
0.2856798593
0.292965376
0.3153945488
0.3249354169
0.3517440625
0.3293304085
0.3318454473
0.340334563
0.336172025
0.3403321845
0.3285083926
0.3170903164
0.3387284832
0.3197708752
0.3068951073
0.3084303884
0.3016752199
0.3129306469
0.3255299029
0.3386758003
0.3362385665
0.3338791124
0.3189541284
0.3220436041
0.3367928869
0.3301970717
0.3217912821
0.3002161182
0.3065409786
0.2946977868
0.3041222191
0.3242743994
0.3277663245
0.3357546867
0.3062334952
0.2881627176
0.2993109352
0.324982654
0.3016242286
0.2888014421
0.3024369513
0.3103177598
0.277678251
0.3009744377
0.3045098206
0.3131826782
0.3184009243
0.3151796194
0.3109467879
0.3051027407
0.2916569205
0.3118465246
0.3027784517
0.3105430439
0.3146555649
0.3200436183
0.3179896305
0.3276626603
0.3501568003
0.3650984606
0.3316907179
0.309457061
0.309871305
0.3222952424
0.3208531734
0.3189652471
0.307805788
0.321745645
0.3173082538
0.3086582867
0.317715127
0.3019003851
0.3141267946
0.3163919204
0.3117022309
0.3102641907
0.3015065812
0.2922623696
0.3033929262
0.3179854209
0.3366045425
0.3132714266
0.3067614838
0.3210102618
0.3207915162
0.3152031097
0.3378394432
0.3287647551
0.3246545724
0.327307392
0.2993940154
0.3030550901
0.3131190083
0.3253630771
0.2931224056
0.2985395947
0.3231365323
0.3235753824
0.35379229
0.3587743322
0.3148513786
0.3339817771
0.3521798955
0.3240021605
0.3210478115
0.3286127698
0.320205851
0.3300145288
0.3181382526
0.3431818387
0.3510677344
0.3248517715
0.3058289287
0.3025852687
0.3118194994
0.3064416416
0.3200961552
0.3166688647
0.3023970932
0.318482115
0.3513031374
0.3551598436
0.3513578958
0.3201050898
0.3410153324
0.3373541219
0.3232084433
0.3270298711
0.3558347751
0.3311560536
0.3070973577
0.2729946024
0.291809003
0.2876868377
0.3417674953
0.3403478973
0.3418831762
0.3435699345
0.3344053575
0.311459174
0.2885476063
0.2885203831
0.3062686567
0.3137926919
0.3070856025
0.3194978406
0.3211447535
0.3251579093
0.3235651021
0.3318009117
0.3441131498
0.3345139575
0.3216630161
0.3304755891
0.3011440237
0.3274504464
0.3408553901
0.3509521933
0.3421538526
0.3322570707
0.3199211452
0.3239609094
0.3406285597
0.3740841644
0.3582207186
0.3442126748
0.339889446
0.3435231375
0.3585088517
0.348442404
0.367485019
0.3779222788
0.3673990496
0.3097049077
0.3278630836
0.3032818756
0.2736935814
0.2927933842
0.2909775657
0.2870299438
0.2953737667
0.3255540061
0.3326220188
0.308743384
0.3092048949
0.3415583595
0.3570359959
0.3565741859
0.3457864641
0.3271117987
0.3040599523
0.3118877012
0.3200839396
0.3365100965
0.2947229178
0.299326933
0.3040228944
0.3027406085
0.3035756419
0.3112683076
0.290649941
0.2830324201
0.3231249004
0.3206945737
0.3368305806
0.3387825423
0.3339646702
0.3508292956
0.3481090087
0.3343707778
0.3166695281
0.2967849768
0.3095413099
0.3160083198
0.32518338
0.3140019458
0.3331335706
0.3444890971
0.3665657012
0.3741775945
0.3424280189
0.3456509673
0.3392033934
0.3303275692
0.3090447475
0.3496795188
0.3365954403
0.3179328552
0.320062873
0.3227865268
0.3091319122
0.319522667
0.3445993515
0.3577842248
0.3481129152
0.37322463
0.3784351054
0.3295238248
0.3344519642
0.3195706596
0.3588239422
0.3267451263
0.2873509861
0.2709372426
0.2949208051
0.2764856816
0.3177489649
0.3338199736
0.3492590676
0.3326135678
0.3262115492
0.3288815565
0.3278401724
0.3438405692
0.3262016151
0.3395626781
0.3195509935
0.3349672993
0.3338025485
0.3086716347
0.3060952715
0.3176413641
0.3275335721
0.3302879584
0.334322089
0.3572665061
0.3375461652
0.3218069164
0.3008431335
0.2977661095
0.2968762679
0.3082445229
0.3249188745
0.3357716095
0.3392285018
0.344182906
0.3329136135
0.3420971037
0.3281983293
0.331463538
0.3030107506
0.3071181512
0.3052302061
0.2985931894
0.2844959382
0.2871515968
0.3118308502
0.3267193687
0.3491731962
0.3403433601
0.3713329802
0.3777030172
0.3642775764
0.336448647
0.3151184385
0.3166468937
0.305710638
0.2958577571
0.2786024295
0.2896890427
0.3040815418
0.3178514762
0.3341753735
0.315570761
0.3014739867
0.3107937109
0.2906720672
0.3001926881
0.2917095206
0.3157805936
0.3437158057
0.3518516381
0.3341861929
0.3113680298
0.3127664288
0.3011193711
0.3086322147
0.31403987
0.3398399177
0.3158780944
0.293125839
0.2993174241
0.3033765606
0.319330714
0.3277211966
0.3287501035
0.3369459061
0.3320893835
0.357887791
0.3362175297
0.3209300826
0.3109719245
0.3144915828
0.2937928586
0.3645585773
0.3810447283
0.3500025656
0.3320510008
0.3110574785
0.3103212656
0.2938706727
0.3183337072
0.3333615462
0.3465084286
0.3248918266
0.3095491928
0.3101279484
0.3108705557
0.295144191
0.3105994767
0.3130059368
0.319571308
0.3410790088
0.3413903601
0.3048904409
0.2878008435
0.2864761414
0.2876007701
0.3156964726
0.3239192238
0.3329180702
0.3237313621
0.3144469567
0.3218244308
0.3586300706
0.3646665976
0.3293518938
0.322134921
0.3249669228
0.3131865778
0.2893020997
0.3158431931
0.3180972375
0.3111676213
0.3132528488
0.3380000428
0.3183767092
0.3324102616
0.3425445894
0.3234157251
0.3278419062
0.3260850966
0.3209830291
0.3017860505
0.3142762483
0.296656489
0.3441601618
0.3323429389
0.3186891013
0.2942429778
0.3006299852
0.3146606983
0.3347238857
0.3375459806
0.301024489
0.3020725755
0.299600425
0.3177502477
0.3076181786
0.3010795211
0.298495864
0.3195257354
0.3279253533
0.3087035368
0.2918557469
0.3056372029
0.289716897
0.3009834239
0.2900659073
0.3001922681
0.2964537484
0.3091858894
0.2905831576
0.2853251768
0.2869513447
0.2908886829
0.2935082625
0.2903812459
0.2842303864
0.2899663292
0.3316634869
0.3259987674
0.3030461567
0.3284410664
0.3349400219
0.3122942561
0.314257601
0.3066144673
0.3194290283
0.2938943803
0.2956980046
0.2966264573
0.2817719923
0.2745411506
0.3061359529
0.3074615618
0.3016523265
0.3262696724
0.3216772631
0.3070505821
0.2878794415
0.2928710988
0.3382763953
0.3250733666
0.3081582503
0.3023430282
0.3276576061
0.3172752939
0.3300831079
0.3435750886
0.3459852784
0.3361147754
0.3468490317
0.3220813747
0.3681240904
0.3460055549
0.3376935847
0.3216670244
0.3009686096
0.3086692251
0.3282828902
0.327675901
0.3025326137
0.3024286327
0.3228803205
0.32266314
0.3210022968
0.3247737146
0.3095155366
0.3229127577
0.3677627187
0.3638735486
0.3659699903
0.3785077172
0.3238971418
0.3213838233
0.2999914014
0.3096669545
0.3517371434
0.3938931003
0.3703485005
0.3602782081
0.3358362251
0.3319387795
0.3207162532
0.3208893392
0.3196999415
0.3279478475
0.3481760036
0.3640315116
0.3576030005
0.3594776386
0.3455417833
0.3428547865
0.3253424036
0.3440212603
0.3391025075
0.3349596642
0.330258159
0.313892335
0.3186849472
0.3254571126
0.3176412492
0.3180197346
0.3333363876
0.3353856048
0.3218289814
0.3233962145
0.3502873323
0.3481556539
0.3460921882
0.3496622667
0.3447145917
0.3160976198
0.3195372766
0.3143785029
0.3410792853
0.3159208068
0.2992438178
0.3222267708
0.3176015203
0.3230967983
0.3207792982
0.3314845026
0.2961976961
0.3131548692
0.325805578
0.3219966057
0.3137069289
0.3133521407
0.3170851954
0.322205972
0.2769938209
0.3027694215
0.3190461124
0.3116572912
0.3081206127
0.3263769015
0.3318329707
0.3417715931
0.3337165416
0.3113165806
0.335768639
0.3388314404
0.3274101402
0.3066146874
0.3164757
0.3206914925
0.3154641451
0.3239150465
0.331805645
0.3341645725
0.3412340874
0.3218935456
0.3399664948
0.3227973303
0.3076696525
0.3133327584
0.3169287591
0.3289310377
0.3243629054
0.3257294734
0.3304161319
0.3367535727
0.3526221111
0.3708543488
0.3248466946
0.3092582923
0.2951181564
0.3011693972
0.308015577
0.322519959
0.3067281339
0.3169642338
0.2881837475
0.3039216696
0.3277940112
0.3385608289
0.3514971784
0.3399696141
0.3070631262
0.2944643163
0.3189097585
0.3485376804
0.3521216493
0.322899993
0.3103359018
0.3111133089
0.3049589489
0.3085209655
0.3122707018
0.3087315516
0.3008858844
0.2951858422
0.3392198128
0.307404932
0.2989687097
0.322428092
0.3495312218
0.3348988965
0.3281469979
0.3337944606
0.3205013255
0.3007620286
0.3020813268
0.306724932
0.2974802901
0.3221669673
0.3418903939
0.3219579947
0.3018715795
0.3014499364
0.3071750981
0.319625051
0.3276679676
0.333215259
0.3005958561
0.2821664196
0.288531687
0.3146150421
0.3117970439
0.3154490484
0.3309875386
0.362518139
0.3649020415
0.3288058156
0.3366836799
0.3317983037
0.3251977946
0.3034413183
0.3062037854
0.3051495995
0.3152923557
0.3120097858
0.3347916828
0.3212729711
0.3480840747
0.3382948548
0.3291379445
0.311178236
0.3157972032
0.3404791384
0.3208383446
0.2975122488
0.2938540607
0.3141091763
0.330159939
0.3361442498
0.3076762916
0.3275072768
0.3290116357
0.3461362083
0.3326888106
0.3223546536
0.3483248247
0.3441252554
0.3252636074
0.3090465041
0.3098756626
0.326506854
0.3387684172
0.3213298328
0.3215929285
0.289150609
0.2827689644
0.3084247152
0.3105870651
0.3162603121
0.3218613114
0.3101578435
0.355331208
0.3534074779
0.343667259
0.3561724101
0.3361363366
0.3104176103
0.3084452211
0.310000718
0.3074477854
0.3191691401
0.3131354595
0.3381041378
0.3439476046
0.330700499
0.3255216038
0.3406114104
0.3582052929
0.3461662057
0.3200456541
0.3102750947
0.3175479305
0.2999997458
0.3110701269
0.3131572073
0.3208218586
0.3351152982
0.3583481821
0.3294108872
0.3415996354
0.332324578
0.3156282517
0.2950864548
0.2734031854
0.2884583611
0.2792968182
0.2684228219
0.2936585638
0.3127265052
0.3106093591
0.3278157843
0.3239843308
0.3046651141
0.2950957658
0.3010110864
0.2885564151
0.2885685121
0.3039543026
0.3175004166
0.3068341613
0.3144305078
0.3159551374
0.3194289655
0.3370424528
0.342090026
0.3231406475
0.2877847015
0.2581780082
0.2665304416
0.2773992669
0.2978630321
0.3147236716
0.288428501
0.3081171697
0.2970846052
0.3022089669
0.3024314743
0.2850318541
0.2926675902
0.2965613125
0.3095369881
0.3243707416
0.3244374308
0.3383016328
0.3040555796
0.3064804504
0.3191375203
0.3437838559
0.3243268701
0.3229621337
0.3228675201
0.3033473452
0.3142578448
0.3164534439
0.3087438938
0.3577592303
0.3492588193
0.34005738
0.3268898213
0.3302627116
0.3445174194
0.3228075322
0.3254337423
0.3272794803
0.3290422505
0.3135273257
0.3070290838
0.3140280732
0.3321828815
0.3080329488
0.2923877402
0.2879453589
0.2972804934
0.3133000162
0.3529165106
0.3146012478
0.2938154552
0.2901729235
0.3040243768
0.3084787452
0.3098573491
0.3430086878
0.3164805675
0.3118903386
0.3264218216
0.3192701078
0.3084885836
0.31523284
0.3077508628
0.3081808102
0.3217496535
0.3068685046
0.2983454864
0.31179042
0.3322569896
0.3311248677
0.3351832471
0.3334027321
0.3398131917
0.3361631349
0.3471632545
0.3632006168
0.3560287455
0.3341764155
0.345887244
0.313843488
0.3180851228
0.3125003636
0.3403025688
0.3278606131
0.3215670084
0.3182446216
0.3231951526
0.3141268408
0.3022361479
0.3262937112
0.3358859144
0.3614446839
0.3325009507
0.3238736897
0.3112173871
0.2965253754
0.2924914764
0.3108228928
0.3309828895
0.3444894283
0.3570867069
0.3477586404
0.3554510258
0.3470331771
0.3354617505
0.3537282452
0.3455016696
0.3424130747
0.3199253016
0.3386556986
0.3457488359
0.3260846418
0.3281812567
0.3405888935
0.3339224259
0.3328102133
0.3528127227
0.3501186212
0.3468125481
0.339128158
0.3502236248
0.3249303521
0.3217111514
0.3170453889
0.3038624876
0.2710025516
0.292989102
0.3184692292
0.3314090166
0.3035514164
0.3176119529
0.3042152766
0.3089418194
0.298842374
0.3079214113
0.3416943051
0.3748058306
0.3400549019
0.3363157484
0.3191078142
0.3078883719
0.3158785195
0.3072946966
0.3057588255
0.3020071137
0.314014279
0.3252184077
0.3108229306
0.3012696359
0.3285776629
0.3289598323
0.3428493468
0.3351977037
0.3316703296
0.3247957483
0.3256169642
0.341203977
0.3571641107
0.3069047533
0.2724894953
0.2859122498
0.2973051113
0.300169079
0.3171481555
0.2999288511
0.3005300071
0.3028394835
0.3228272368
0.3309563323
0.3368322156
0.3365572255
0.3090448402
0.3314573048
0.3068617262
0.2975658576
0.3133710804
0.3450264589
0.3193437233
0.3262119323
0.31962993
0.2935093498
0.2894358025
0.3041428641
0.3193341176
0.3466179381
0.3409118173
0.3365043169
0.3064592873
0.3306651457
0.3464790306
0.3380262038
0.3328020152
0.3074338385
0.3119144083
0.3349305717
0.3258132384
0.3287957453
0.3452194603
0.329718883
0.3340996411
0.3360331398
0.3403673142
0.3642407638
0.3626218435
0.3539589935
0.3480082855
0.3210520322
0.323716928
0.3380738538
0.3095219378
0.3320640731
0.3457473254
0.370003711
0.3424461522
0.3231927256
0.3283289388
0.3410262477
0.3428929047
0.3455933048
0.3211106695
0.3342512234
0.3195070801
0.2961656606
0.2798023544
0.2594450568
0.2781423157
0.3113580048
0.319193952
0.3060765806
0.3473317319
0.3292554765
0.3281844351
0.3204512965
0.3429476216
0.321620815
0.3413712567
0.3300134756
0.2980211187
0.3378960408
0.336600788
0.3158463124
0.2833600795
0.2800153524
0.3103483127
0.3279369036
0.3279786619
0.3211873476
0.3215122008
0.3487410697
0.3022324329
0.2950699574
0.3134245611
0.3155529531
0.3217868702
0.343769918
0.341919734
0.335063025
0.3320033287
0.3508316705
0.3536610466
0.3795151151
0.3852811753
0.3619703301
0.368907154
0.3665943089
0.3423022954
0.3475706853
0.3350900944
0.2933138579
0.2923956883
0.308083313
0.3136140233
0.2997563375
0.2976381917
0.2910480307
0.3090561155
0.3182411839
0.3150015021
0.3294236335
0.3506640086
0.3329798275
0.3149750225
0.3179534282
0.3114926584
0.3294723346
0.3339892765
0.3151841854
0.3055080357
0.2899834378
0.3161455644
0.2955841217
0.2830991272
0.298356241
0.299236689
0.3008749385
0.3062130898
0.3012386022
0.3098678003
0.3086790065
0.3134500966
0.3368167145
0.3206246341
0.3210224529
0.3412327187
0.3204105784
0.3206221906
0.3485688973
0.3329889673
0.3489864212
0.3035245438
0.3356127362
0.3238518614
0.3174514426
0.3211590573
0.3110775452
0.3107938056
0.3284477489
0.3049903443
0.3247348659
0.321915414
0.340763516
0.3503169093
0.3116688945
0.2835793297
0.288968184
0.2993485206
0.2938185886
0.2895918539
0.2953980562
0.3069948064
0.2998752361
0.3226245687
0.320243769
0.3394838367
0.295042171
0.2716279413
0.2991091927
0.3141425481
0.3291550975
0.3211465187
0.3099974867
0.3186996047
0.3217657962
0.307199698
0.3141811142
0.3421978308
0.3244313558
0.3346445388
0.338334758
0.2995915421
0.3354963742
0.3296858964
0.3254813344
0.320331572
0.2986392485
0.3030574178
0.3010341467
0.3125389298
0.3081597907
0.3180697574
0.3182917739
0.3105325829
0.320163262
0.3303623967
0.3173070647
0.3063211008
0.3124493007
0.2993479501
0.2814773446
0.3275630225
0.3422703203
0.3474214593
0.3283848554
0.3300212296
0.313259933
0.3334603105
0.3157249533
0.3317556723
0.345577587
0.3572991037
0.3438901935
0.3182160947
0.3019074492
0.3207490461
0.3052890794
0.313299636
0.3093354311
0.3333854997
0.3277709167
0.3582942092
0.3452461221
0.3508318337
0.3399469328
0.3408810572
0.3428392159
0.3757215076
0.349038938
0.32786863
0.3258239921
0.3295837583
0.325386673
0.3287285771
0.3112091112
0.3222771251
0.3089000568
0.324312927
0.3299984709
0.3270153765
0.3289602495
0.3120460844
0.3178960588
0.332314439
0.3341280812
0.3160176297
0.3173027755
0.3293951127
0.3504304227
0.3486079058
0.3417118803
0.3594982935
0.3263833211
0.3262886669
0.3200539262
0.3341770169
0.3393049027
0.3152974525
0.3226874026
0.3212293868
0.324390737
0.3167388572
0.3572296259
0.3426476232
0.3508139482
0.3228444614
0.3232803334
0.3052819634
0.3055659797
0.3170336914
0.3598728355
0.3365302759
0.3384923543
0.3484255072
0.3192797572
0.3013019506
0.2959527348
0.3199064863
0.3038830682
0.3266256899
0.3313676981
0.3044766827
0.3014215237
0.32718388
0.3229103723
0.3399831008
0.3195800235
0.285581257
0.2723864797
0.3037064679
0.3173566485
0.3378229132
0.3330287399
0.3180572523
0.3215699358
0.3388622362
0.3197264814
0.3333197393
0.3406842117
0.3394494862
0.3303054422
0.3291644343
0.3325883646
0.3193704058
0.3353650174
0.3366146608
0.3646078669
0.3738510075
0.3497521353
0.3285623618
0.356890855
0.3502803895
0.3380809485
0.3233823935
0.3033569792
0.3136960937
0.3127002942
0.3222911218
0.3061701005
0.3044766416
0.298030955
0.3021282517
0.307717354
0.3181047683
0.304853396
0.3139125609
0.3125348902
0.3191454735
0.3175185625
0.3081124915
0.278484761
0.3035352201
0.3054516701
0.3062344299
0.3104274894
0.3052019155
0.3039405889
0.2985805563
0.3201024861
0.3445237214
0.3121883553
0.3533487264
0.3500639794
0.317949072
0.3407700558
0.3183210737
0.3230085751
0.2995032186
0.2916298302
0.3006226184
0.3102142461
0.3170586355
0.3362069927
0.3323863098
0.310103865
0.3189250176
0.3284467647
0.3283909168
0.3215548698
0.3175582787
0.3524330849
0.3077728013
0.3220007142
0.3178945556
0.2993684768
0.317817267
0.3063881107
0.3155879782
0.3491786955
0.3232851486
0.317036878
0.3235538276
0.3173536854
0.3139103955
0.314073001
0.3058864595
0.3058525515
0.3022636614
0.3027713591
0.3055617002
0.2962105349
0.3003975591
0.3098904984
0.3187889791
0.3268360757
0.3245513803
0.3482461164
0.3341213742
0.3229848026
0.3330116247
0.3029962305
0.3133984581
0.3504290365
0.3268631585
0.3199847243
0.3313136772
0.3216576199
0.3306640409
0.3184226355
0.3174479321
0.3098808235
0.3124732474
0.3170836403
0.3356731204
0.33829536
0.3430893339
0.36188272
0.339920518
0.3112966197
0.3080535721
0.3360001602
0.3522973247
0.3271863352
0.3218334257
0.3187992116
0.3243580593
0.3195186487
0.3245697229
0.3077670253
0.3139933641
0.3264358023
0.3012054233
0.3167979218
0.2965486227
0.3059343763
0.3197741859
0.3238953559
0.3303707991
0.3546619605
0.3576360429
0.3291420994
0.3070305065
0.3142453879
0.3255348066
0.3142642784
0.3197611333
0.322064648
0.3213468198
0.3081034045
0.2981824738
0.305529234
0.3315299367
0.3137804316
0.2940084574
0.308860182
0.2936689111
0.3294407319
0.3224506898
0.3268271996
0.308555562
0.3336989274
0.3441136653
0.3415002311
0.3084839789
0.3289321779
0.3236527737
0.3619487301
0.3439068488
0.3321193146
0.3399016424
0.3271194717
0.2940914548
0.294420106
0.2870292977
0.2959208193
0.2949923324
0.2927273888
0.2947680962
0.2998263791
0.3239004181
0.3267730892
0.3437335554
0.3382251215
0.3401525992
0.3468614394
0.3306948203
0.3181144968
0.3110489623
0.3068647452
0.3038808184
0.3184483853
0.3062514284
0.2910817262
0.3124917464
0.3422030751
0.3253718755
0.3534316823
0.3369218851
0.3169069481
0.293365881
0.3128477109
0.3218707138
0.3195328416
0.3273607563
0.3188027973
0.3335848124
0.3265196501
0.3239279998
0.3302157082
0.3051932856
0.2860001763
0.3384927768
0.2972809556
0.2838867757
0.2888784788
0.3284816054
0.3431267263
0.3246126201
0.357006964
0.3492791682
0.3522675153
0.3310053172
0.3135609971
0.3164473216
0.3325720279
0.3430130371
0.3612660475
0.3306384281
0.3136118167
0.3245271195
0.365682567
0.3160855657
0.3169656319
0.3410830922
0.3362304225
0.3384776649
0.3694759786
0.3514940112
0.3206295942
0.2918640271
0.2820270192
0.3085742123
0.329255062
0.3190128074
0.3299367851
0.3218324732
0.330601853
0.3503941555
0.342590849
0.3123854341
0.3235708175
0.3542853107
0.3731769301
0.3731635997
0.3542306526
0.3483577911
0.3268509722
0.3311793336
0.3132698857
0.3372572413
0.3341353104
0.3282595415
0.346194398
0.354186681
0.3354626153
0.3431135528
0.364108603
0.3493445489
0.3484915857
0.3251757106
0.3345669575
0.3480206345
0.3451823954
0.3508887211
0.3352355304
0.3507910609
0.3436899047
0.3519901683
0.3672113208
0.3405381246
0.3163269212
0.3135557259
0.331460287
0.3235342525
0.3355849064
0.3234232272
0.310061392
0.3104278077
0.2943586323
0.308650034
0.307311874
0.306243031
0.328969986
0.3349225736
0.3163878679
0.3301185333
0.3131527385
0.3300175464
0.3502491079
0.3383309939
0.3211908635
0.3577633264
0.3293880368
0.3011924995
0.2866739816
0.2920020689
0.3031035122
0.3034836357
0.3170291447
0.3351130634
0.339634577
0.2886848507
0.3066745396
0.2986080873
0.3122994706
0.3241241542
0.3453489101
0.3636301629
0.3386874413
0.3237239407
0.3000388046
0.2781340111
0.2987219294
0.3253314051
0.3370466785
0.3197434546
0.2974438349
0.2916177812
0.2641850394
0.2739373076
0.2884246453
0.3235890117
0.3253445709
0.3047787282
0.2953147047
0.2965974627
0.3127562622
0.3222989296
0.3600087895
0.3463899495
0.3057075301
0.3085923527
0.3047062802
0.3115654483
0.3204006722
0.3189531436
0.3390463185
0.3181943839
0.3232990702
0.3064682311
0.3002799287
0.3015100144
0.3281791848
0.3560658046
0.3735339102
0.3370427057
0.3231162742
0.3007223325
0.3012704869
0.3084454629
0.3298100817
0.3189072879
0.3246050883
0.3308843911
0.3190534943
0.3037996868
0.3260662788
0.3340982351
0.3244890791
0.2997529465
0.3091100246
0.3469554059
0.316103611
0.3046992997
0.3053882196
0.3429777629
0.3230773917
0.3312188589
0.3070278923
0.2941942429
0.3315568051
0.3259253222
0.3015875095
0.315081765
0.3121496178
0.3149587541
0.3158844334
0.3457791251
0.3525621115
0.3535336589
0.3448288092
0.2898091417
0.3005894486
0.3050166779
0.2964463313
0.288355535
0.30506696
0.321625741
0.3217922775
0.3011241266
0.2982504291
0.304966562
0.3407384834
0.3536475567
0.3493339947
0.3259556032
0.3080129305
0.3106872416
0.3327053762
0.3252777893
0.3063948819
0.3370974159
0.3361794398
0.3173887768
0.3006850388
0.3028057073
0.3126559495
0.3352900684
0.3404001527
0.3434262889
0.3491683047
0.347119877
0.3041123462
0.3252537731
0.3168509137
0.33100948
0.3121840239
0.2944269486
0.3178127002
0.3500086085
0.3412867659
0.31940266
0.3329397385
0.3290481287
0.3274081264
0.3368843383
0.3180699521
0.323861696
0.3303113258
0.3600237309
0.3506717304
0.3302878538
0.3325992336
0.3168724399
0.3164260205
0.3059534028
0.301164336
0.3109873575
0.2923958297
0.3064664337
0.3110064017
0.2993070878
0.3255131443
0.3621692357
0.3306371629
0.3489326337
0.3365620371
0.31043623
0.3221437185
0.3281932413
0.3307342673
0.3259759411
0.3105430425
0.3069254592
0.3350169205
0.3454000116
0.3119571192
0.3143402533
0.3060674913
0.2974657723
0.2956357815
0.3351673268
0.3297663243
0.3254019035
0.3416814192
0.376158565
0.342973199
0.3609071927
0.3445001691
0.3551683352
0.3249137266
0.3458487249
0.3278109725
0.3325799462
0.3457711251
0.3186054865
0.3205381155
0.3428925855
0.3484919586
0.3592319157
0.3422679001
0.3553212375
0.3540640513
0.3610243713
0.354464481
0.349065331
0.3388397155
0.315359194
0.3290461093
0.3282499975
0.3261055563
0.2976571396
0.3043204039
0.2970223898
0.3106564597
0.3342507007
0.3332492605
0.3629568417
0.3799892668
0.3613898788
0.3500315005
0.3697246844
0.3700654158
0.3350941858
0.3348232062
0.3322504887
0.331194304
0.3226098954
0.3043484481
0.3171256777
0.3183402377
0.3161213735
0.308189232
0.3087538246
0.2943248201
0.2942668111
0.3123227575
0.3249544806
0.3483494576
0.3129301211
0.3294616261
0.3166832322
0.3315216583
0.3305893893
0.3076898644
0.2994680552
0.2790584641
0.3057366949
0.323151806
0.321253386
0.3042257512
0.3009671395
0.2980708219
0.3062834894
0.3033231255
0.3223716902
0.2889290994
0.2897415041
0.3063259809
0.3255920379
0.3247516563
0.3122719467
0.2880813133
0.3023705963
0.325706719
0.3105356286
0.3391928099
0.3218650718
0.3071780771
0.3269376506
0.3224919165
0.3167185492
0.3236096452
0.3222291093
0.3319127184
0.329973978
0.3273861604
0.3321450445
0.3445241932
0.3215467026
0.3326443579
0.3021874868
0.3266576522
0.3200330168
0.3463052815
0.3566939702
0.3309788651
0.3120859227
0.3418233489
0.3276479773
0.3170430463
0.3368490298
0.3432415862
0.3563632271
0.355926007
0.3417149732
0.3277008708
0.3175575037
0.3287883643
0.3182234481
0.3063210357
0.3583970741
0.3285615959
0.3105984025
0.3263578256
0.3056630538
0.3248504638
0.3307541769
0.3143112976
0.3006388449
0.3182441055
0.3409726675
0.324910966
0.3214250957
0.3248394046
0.3304686936
0.3343094326
0.3238590223
0.3238217735
0.3484286748
0.374484762
0.3305464625
0.320947237
0.3208068168
0.3131655137
0.2984011607
0.3118626031
0.3094674882
0.3225455606
0.3413753128
0.3447804872
0.3296401522
0.3033897952
0.2985677281
0.2946806539
0.2973147745
0.3171099413
0.3594910283
0.3597692095
0.3555566111
0.3448534915
0.3101527596
0.2906547435
0.2848325631
0.2850350361
0.3039918372
0.2895361959
0.2698411126
0.2773900059
0.2842870016
0.2945104809
0.3220441496
0.3331751372
0.3157402532
0.3178347186
0.3106601323
0.3123097967
0.3007315139
0.3016675252
0.2869355793
0.3000226322
0.3138872064
0.2932107317
0.2679121716
0.2796158241
0.2780513803
0.2927228325
0.294562351
0.3220088675
0.3085512454
0.3342656762
0.3293965518
0.3094585717
0.3064740109
0.299050313
0.3261402155
0.3172712858
0.3481977263
0.3441110947
0.3292518177
0.3160704467
0.2974352611
0.2884639467
0.3046866747
0.2888720989
0.3096740265
0.3196831882
0.321345845
0.3019923459
0.3088795014
0.3150468844
0.3151746915
0.3244997655
0.3281420204
0.3774939211
0.3614654429
0.3450362934
0.3170047699
0.2989379312
0.3313883904
0.3084467645
0.3356763497
0.3282918988
0.3326323538
0.3383913579
0.3162680142
0.3322066878
0.324400942
0.3249331501
0.301925102
0.2967507479
0.3190786559
0.3198872903
0.3276506638
0.3003804729
0.3185643218
0.3191966765
0.3190098825
0.3300910253
0.3380517452
0.3361582878
0.2922626751
0.2692928184
0.2939973132
0.3135379156
0.334934171
0.3292480015
0.3232742578
0.3184256373
0.3110144989
0.3001348461
0.2959013229
0.3001674602
0.2860153446
0.2700331177
0.2856303074
0.3142129066
0.3173896858
0.324139045
0.3154875369
0.3338010726
0.308209063
0.3093335141
0.2967461831
0.3164226129
0.3109376248
0.3050109728
0.3053607804
0.3096862853
0.3161527404
0.3217929756
0.3079668089
0.3128626962
0.2937252967
0.2841990258
0.280335428
0.2892032696
0.2915714207
0.2901909506
0.3077791129
0.3122768111
0.304414905
0.3018529198
0.2992439496
0.309338679
0.3457057603
0.3419584742
0.3712746607
0.351265826
0.325152007
0.3102869764
0.3125211461
0.2938510341
0.3144872567
0.330451766
0.3354189817
0.3146274253
0.3188929563
0.3468464074
0.3469561225
0.3188607386
0.3339175448
0.3228200132
0.3383737388
0.3469354207
0.349614447
0.3581418824
0.3617279669
0.3540749137
0.3575435362
0.3488011059
0.3648857338
0.3529820523
0.333991763
0.3127395881
0.3354039211
0.3345476995
0.3277037422
0.3052316867
0.2995323497
0.2815019131
0.3122745636
0.3148828746
0.331133039
0.3024641453
0.3226558889
0.3287670045
0.3403906438
0.3475183207
0.3559415314
0.3511416788
0.3606422386
0.3535293333
0.3597493403
0.3662662489
0.3052421676
0.2896643163
0.2910295399
0.3036742426
0.2989334704
0.3034183782
0.3701685243
0.373490932
0.3489305597
0.3469286819
0.3420530256
0.3244311098
0.3608841067
0.353234661
0.3564229347
0.3466093241
0.3444663798
0.3439066203
0.3110527132
0.3148274175
0.3319722354
0.3197426311
0.2994370297
0.2890661434
0.3154032749
0.3465872704
0.3410394419
0.3325378004
0.3427628572
0.3452850756
0.3314129001
0.3197422343
0.3292372498
0.348175026
0.3393461933
0.3201093021
0.3169652835
0.3147072632
0.3184006039
0.3263084254
0.3085789372
0.2778804403
0.3361909338
0.3529586791
0.370076942
0.346018603
0.3236914208
0.3106958874
0.3011920232
0.2912520634
0.3001751976
0.328084224
0.3189060165
0.3167273808
0.3622508967
0.3630823466
0.3648907124
0.3726997791
0.3323041897
0.3484788531
0.3193304849
0.3276471746
0.3262370352
0.309486928
0.3404891202
0.3471479799
0.3001606978
0.3258993797
0.3552622077
0.3329924655
0.3269064937
0.3126535923
0.3171110303
0.3415753761
0.3237579307
0.3332451916
0.3310367528
0.3212264729
0.3204651892
0.3204765718
0.3313052778
0.3521192559
0.340251348
0.3064439412
0.2986440053
0.2881164003
0.3449352105
0.3133052318
0.3011117371
0.2854463043
0.3004827837
0.2980376919
0.3144078157
0.3111889156
0.3306720116
0.3268897206
0.3239323015
0.3281607043
0.3200094732
0.3433436412
0.3479781972
0.3413877584
0.3539918482
0.3762561211
0.3934076255
0.3607156607
0.3150815393
0.3136328594
0.3281967705
0.3493976881
0.3585562729
0.3102270765
0.2816343869
0.2892266139
0.2896235346
0.2851737101
0.297105377
0.2965009698
0.3082618375
0.3365073792
0.3447684239
0.3647796108
0.3651740314
0.3559419118
0.3362499912
0.3001147851
0.3510534219
0.3741798555
0.3813986177
0.3987779637
0.3548021628
0.3470848628
0.3352080145
0.316633388
0.3023625644
0.3083899439
0.3166124923
0.3059977146
0.2954928575
0.3417140595
0.3209148668
0.3198818234
0.3026846949
0.2868186632
0.3174505281
0.3345115307
0.3349373279
0.326125465
0.3367529421
0.3151773518
0.3189778732
0.3300955463
0.3252937644
0.3157355299
0.3107855994
0.2925212372
0.3032535084
0.3172002323
0.319629633
0.3203483471
0.3335537414
0.3276712455
0.3357503643
0.3468894161
0.3475305844
0.330753384
0.3398854348
0.3494731197
0.3294902345
0.3156836027
0.3217669342
0.3176114428
0.2919659651
0.2883933997
0.2914291809
0.2852522896
0.2697922197
0.2836646248
0.2787306521
0.3119837743
0.3267922532
0.3398019734
0.316917072
0.3184297503
0.3318670369
0.3461202788
0.3303831212
0.3397320147
0.3431011005
0.3609354282
0.3259637464
0.3225058607
0.331543602
0.3120552072
0.3329122248
0.3267724546
0.3339884455
0.3325876377
0.3411880394
0.3213119389
0.3113954227
0.3011736305
0.3207621272
0.330053093
0.3028892499
0.2822494545
0.3454791287
0.3218231934
0.2934216767
0.2809958729
0.3104297438
0.3454374479
0.3334319102
0.3233568531
0.3170460464
0.3059772421
0.3073939189
0.3411993269
0.3405064364
0.3102314846
0.3382411
0.3368923724
0.3150031469
0.3388093959
0.3083555741
0.3299581158
0.3065097893
0.3290853779
0.3316471868
0.2967282665
0.2836425632
0.2880825149
0.3032117362
0.3114858359
0.3144693457
0.2892424279
0.2883002599
0.2782406313
0.3110490487
0.3466612974
0.3508924212
0.3253748029
0.3338392415
0.3298939176
0.3283380586
0.3117669065
0.3198908358
0.3367040654
0.3305714071
0.3116855556
0.3165426805
0.3105058091
0.3168810518
0.3008089297
0.310048109
0.3265188596
0.3445744634
0.3253103825
0.3177242806
0.3017289432
0.2913357002
0.3136782349
0.3145695688
0.299364914
0.2963082158
0.298510866
0.3507189874
0.3488126537
0.3408617389
0.3246486477
0.3230398487
0.3356819581
0.3107942744
0.3312998491
0.3584471346
0.3541604555
0.3409150083
0.3540640066
0.3632446318
0.3399309529
0.3425807968
0.34862187
0.3334558323
0.322522254
0.3095387432
0.3398184181
0.3194549124
0.3485615445
0.3515443609
0.3412346527
0.3300382946
0.3136041677
0.3360536687
0.3532683255
0.3402386061
0.354180339
0.3334534057
0.3467672434
0.3471889749
0.3264011397
0.3496704644
0.3595064999
0.3468714141
0.3692387188
0.329013727
0.3431315851
0.338125538
0.3184650678
0.3215349519
0.3305291967
0.3335527796
0.3445326689
0.3472649796
0.3377718502
0.330743851
0.3283909085
0.3450443318
0.3309775816
0.3189158547
0.3264187903
0.3122181727
0.3148908647
0.3241365163
0.3155600053
0.3311459797
0.3434680062
0.3421953038
0.3144064365
0.3071270821
0.3280404043
0.2940253873
0.314015357
0.2994621974
0.3231652681
0.3415129021
0.3254712121
0.3514256111
0.3523054187
0.3531184375
0.3317292856
0.3400382046
0.3585156084
0.3384729446
0.3466780259
0.3495124678
0.3404484435
0.3309578549
0.3374533938
0.3354184625
0.3191157446
0.331307267
0.3223745778
0.3205993145
0.3409408042
0.3368193071
0.3298161111
0.3047973417
0.2884914553
0.2893304022
0.3043523919
0.329591835
0.3480367922
0.3044384167
0.3115132385
0.3212829136
0.3299545475
0.3194301703
0.3041499567
0.3392657671
0.3637376921
0.3491336667
0.3468786009
0.3546802617
0.3479597529
0.336049296
0.3250522029
0.3321375746
0.3457429944
0.3646316657
0.3554747211
0.3393350484
0.3322299956
0.3454429241
0.3462512146
0.3271721165
0.3254888082
0.3363389836
0.3387029891
0.3250148363
0.332688294
0.3231372365
0.3327445094
0.3232420242
0.3304024239
0.3270620932
0.3187279791
0.3078266251
0.3117242434
0.3461513218
0.3317852829
0.3329901275
0.3330192662
0.34258543
0.3075292988
0.2977484355
0.3134177131
0.3457097883
0.3253756216
0.3288094185
0.3303924481
0.3483095818
0.3289633753
0.3308539293
0.3266929568
0.3076772811
0.2817037769
0.2918415736
0.296085042
0.302383374
0.2937473613
0.3043601288
0.323814362
0.3357200683
0.3389993805
0.3450483877
0.3543834337
0.321669669
0.3241757908
0.3020160639
0.2636764177
0.2816661342
0.2731822406
0.2953761065
0.3397736532
0.3302743061
0.3155359169
0.3035685632
0.3135358508
0.3189246026
0.3353983569
0.3483353777
0.3479348385
0.3532317211
0.3317747884
0.351214255
0.349297051
0.3208428026
0.3127215048
0.3112642078
0.3075082314
0.3189311514
0.3387203942
0.3497056415
0.3232045615
0.3415965635
0.3148237888
0.2964662708
0.3076657238
0.3457139202
0.3301098015
0.3509188757
0.3355966986
0.3201322472
0.3456018662
0.3243793448
0.3439229238
0.3169201719
0.3263122805
0.3362421901
0.3229644448
0.3377822604
0.3121689142
0.3138343684
0.3158041512
0.3374845067
0.3812833631
0.3547674434
0.3304543985
0.3195160046
0.2959468715
0.2896433965
0.3271462724
0.3357347606
0.3073340913
0.3078021381
0.2992650438
0.3260951128
0.3121121353
0.3137963138
0.3153044526
0.2897038029
0.2878343173
0.2871420357
0.3134302633
0.325461623
0.3242052834
0.3245025237
0.3119183699
0.3375415232
0.3213623604
0.3229093531
0.3063205614
0.3049804302
0.2984875907
0.3166959835
0.3380243098
0.2928224645
0.2874519987
0.3001713512
0.295695766
0.2889150491
0.3049836706
0.292904446
0.2979621067
0.2998499621
0.3098883224
0.3043956059
0.2864511892
0.3103173393
0.32688607
0.3355347423
0.3344774341
0.3033116148
0.280081637
0.288224659
0.2893874138
0.3099818263
0.3059390659
0.295182841
0.2944157107
0.3151910541
0.2943683013
0.3255678503
0.3309466998
0.3301983337
0.3543239806
0.3561380985
0.3127094411
0.3140651882
0.3044083259
0.3266342874
0.334040484
0.3422788514
0.324203369
0.3337744912
0.316776692
0.3063350421
0.2927554708
0.3162716282
0.3405992684
0.3026033542
0.2911306863
0.2801325779
0.3134027584
0.3195989569
0.3251457127
0.3022389132
0.3157616693
0.328261914
0.3211442909
0.3272261097
0.3546433471
0.331868791
0.3200398546
0.3317420305
0.3269928563
0.3325057628
0.3293300146
0.3300025555
0.3327610055
0.3136206153
0.3200164338
0.3200407696
0.2931071159
0.2854452755
0.2917980295
0.313783606
0.3389972881
0.3285308539
0.3489829647
0.3269625585
0.2856815321
0.2871702371
0.3013142785
0.3144735848
0.3117894294
0.3346720371
0.3095413814
0.3349193221
0.3416695848
0.3290534622
0.2965510175
0.3181872405
0.3415921435
0.3346368165
0.3337616451
0.3205122218
0.3225762155
0.3449915179
0.3149662801
0.3158529494
0.3101740293
0.3083317494
0.3239279882
0.3400911926
0.3499454567
0.3414194388
0.332278016
0.3468433164
0.3406960982
0.3552937664
0.379885991
0.3470973723
0.3158013631
0.3086735973
0.3294189285
0.3336015233
0.3242541048
0.3265635763
0.3602872919
0.3725810283
0.3781077319
0.3705967323
0.3544947788
0.3479499115
0.3452993774
0.3127129673
0.3261197982
0.3264895966
0.3168240135
0.3115274894
0.2986782618
0.3128063169
0.3443779033
0.3304630876
0.3239811304
0.3344083112
0.3194863891
0.3299182047
0.3294749033
0.3366937696
0.3766380579
0.3901395262
0.373833724
0.3510346141
0.3326709619
0.35399333
0.3647900812
0.3520723804
0.3189005794
0.3100613008
0.3132379209
0.3217540543
0.2991975262
0.2721308218
0.2902926665
0.2933793339
0.2909457549
0.2924620975
0.3035972622
0.31150363
0.3461256105
0.3289415241
0.3446832469
0.3371226416
0.342924652
0.3304633766
0.3482889432
0.3258233324
0.3422824726
0.3342235904
0.3098909264
0.2956985641
0.2952517486
0.271937739
0.278831204
0.3000013508
0.3172050469
0.316653721
0.3245856859
0.3276940908
0.2962973069
0.3225933875
0.3311172237
0.3357388449
0.3386440263
0.3310717891
0.3196458212
0.3156354726
0.2938954532
0.2930021594
0.3186793368
0.3332206296
0.2926635692
0.2943251067
0.3375229278
0.3523894155
0.3450793171
0.345747339
0.3286189514
0.3555460046
0.3299670614
0.3179814343
0.3224130191
0.3296754518
0.3111979713
0.3104385386
0.3126671935
0.3331569902
0.3146744284
0.3283832874
0.3119649468
0.2949882394
0.2832635808
0.3060375596
0.3057667424
0.2879774218
0.2965584429
0.3039254957
0.3066273356
0.3155817619
0.3079720181
0.3087467121
0.3169335117
0.3284754653
0.3330415021
0.3752954352
0.3940677934
0.3593552306
0.3466763947
0.3325969649
0.3362775636
0.340939082
0.3125290525
0.2897642615
0.316349526
0.3361439399
0.3126577596
0.2935210745
0.2932001928
0.2965855381
0.3128138203
0.3079750286
0.3300808158
0.3270926224
0.3427497495
0.3194251808
0.3203887062
0.3179660532
0.3517181692
0.342414559
0.3142640189
0.2997991708
0.2877870393
0.2958422274
0.309745854
0.3164730635
0.3182102679
0.3244645308
0.3010855025
0.2962533217
0.2939522607
0.2985645768
0.304970573
0.3161456071
0.3297386107
0.3110535742
0.3221069283
0.3147230448
0.316175268
0.3154579615
0.3041875844
0.2976100405
0.3069087595
0.3282690493
0.3382390694
0.3474629575
0.3453948298
0.3460416038
0.340350981
0.3249618712
0.3064265399
0.3166976082
0.3261564681
0.3408301244
0.3282153701
0.3050285603
0.3200733552
0.3426658974
0.345356547
0.3630648363
0.3701369495
0.3806790831
0.3774052697
0.3679749872
0.345472958
0.3217685953
0.3254404035
0.3294206852
0.3339802865
0.3305930671
0.3096660689
0.301845859
0.2739446787
0.2611586139
0.2772362672
0.360344003
0.3076434293
0.308194255
0.3227501987
0.3532265421
0.3489095544
0.3397769644
0.315535626
0.3274611626
0.3138751505
0.3260316408
0.3517653246
0.3447016748
0.3194136337
0.3356018956
0.3316438364
0.3228627094
0.3266365338
0.340207212
0.3364562646
0.3049915999
0.3158318629
0.33387459
0.3170549274
0.3301283922
0.3324888853
0.3267300571
0.3282423829
0.3028092392
0.3109038845
0.3147529201
0.3100590005
0.309897475
0.3176935385
0.2875307776
0.2989315428
0.3158954386
0.3352290225
0.3355290294
0.331618755
0.2985149714
0.3134912352
0.3387309876
0.3424636655
0.3140609008
0.3268841923
0.3075396125
0.3174307707
0.3223011795
0.2968121196
0.2987825895
0.3208795619
0.322183778
0.3400497318
0.3359184051
0.3138263873
0.3252581204
0.3541056047
0.3224889868
0.3057492967
0.3395004044
0.3289685874
0.3245117712
0.3243452466
0.3271618442
0.3084340356
0.3404209363
0.3298134877
0.3337456855
0.3168167847
0.3362348435
0.3080771344
0.3360134403
0.3245165763
0.3150250142
0.3002340222
0.2925315712
0.2773834006
0.3021222522
0.3224806007
0.3074911379
0.3321903432
0.3390701791
0.3426351586
0.3331077915
0.3282916037
0.3030444975
0.3068175535
0.3201298502
0.339150844
0.3377297459
0.3090339405
0.3273763059
0.314385594
0.3139583869
0.3462667931
0.3761490375
0.3584780891
0.3400844198
0.2907283516
0.3305703577
0.3121935036
0.3072515492
0.3261623873
0.3069778421
0.2985413596
0.2935738394
0.2988001745
0.315948836
0.3131410332
0.3082688083
0.3111196495
0.2812013752
0.3003856422
0.3037273091
0.3421466697
0.3381206666
0.3332935706
0.3418919439
0.3724342962
0.3526965171
0.325394584
0.3082878855
0.2828080113
0.3189428701
0.3166350331
0.322936249
0.329667411
0.3193226593
0.3185335044
0.3088284074
0.3205970444
0.338744455
0.3196927895
0.3119309257
0.2902241831
0.2980087988
0.3149120531
0.3141240201
0.3152808475
0.279600248
0.2834692382
0.3313032898
0.3396501394
0.297595256
0.2963063168
0.3053368437
0.3205954876
0.3123516377
0.3222456048
0.321195171
0.3363190775
0.3234293551
0.3126619188
0.328077526
0.3022466577
0.3257814684
0.3122921419
0.3047430333
0.3078355459
0.3302880607
0.3218688546
0.3200292486
0.3262705612
0.3565662985
0.3385593542
0.3376896531
0.3386276687
0.3687603817
0.3765966795
0.3630375253
0.3499635226
0.339761787
0.3333104765
0.3072391284
0.3138011801
0.314470639
0.3142784752
0.3189732248
0.3166356792
0.3073279249
0.3264162668
0.3351079835
0.3216497825
0.3144346573
0.3194513014
0.3627974634
0.3650573296
0.3564436727
0.331785619
0.3232909374
0.3174078326
0.2971845769
0.3200978162
0.3272963394
0.3473017317
0.3316907455
0.3619082522
0.3570853586
0.335673039
0.3383084263
0.3386784541
0.3351354331
0.3459803454
0.3329598451
0.3271955723
0.3015302813
0.2917849774
0.2774843461
0.283560956
0.2739914198
0.3039001082
0.3326960855
0.3257452049
0.3194638802
0.3132939175
0.326786061
0.3164471758
0.31834352
0.3114682803
0.2653730004
0.2833261241
0.2911045164
0.2985032107
0.3318610303
0.3281312485
0.3340842987
0.3514048015
0.3574750804
0.3574723469
0.3697074358
0.3478687683
0.3321701422
0.3034760221
0.2850752401
0.2785466962
0.2971286814
0.2920333702
0.2769157056
0.287687002
0.3094989671
0.3024851621
0.3030469077
0.3028604717
0.3047476845
0.3050242003
0.3107343895
0.3216486044
0.3569154905
0.3532457098
0.3462772998
0.3433017429
0.3143188023
0.3054653914
0.3031118567
0.3125935917
0.3137281711
0.3045257469
0.3006726869
0.2963238466
0.3261618933
0.3096888432
0.3018724584
0.3041093659
0.3022231578
0.2929140278
0.2887257599
0.3160024839
0.3068628342
0.3078471626
0.327789539
0.3223384838
0.3231817139
0.3333189631
0.3427718902
0.3483935099
0.3527340758
0.3610873079
0.3524110056
0.3189880525
0.2961232334
0.3030545467
0.3330984285
0.3290525092
0.2964163838
0.3358338621
0.3690192578
0.3275605849
0.3529608644
0.3363529303
0.3206884113
0.3093706902
0.3154017776
0.3355730716
0.3378539897
0.3736104744
0.35653656
0.3222266853
0.3047660063
0.2990591937
0.31903103
0.3310645325
0.3207180194
0.3291683639
0.3655372531
0.3323064729
0.3300779972
0.3584097848
0.3507974849
0.3600308909
0.3451624442
0.3418853924
0.3494439411
0.3206204716
0.299445935
0.2886882718
0.2956547013
0.3068356274
0.3079428622
0.3256329815
0.3235282955
0.3235221505
0.3337210326
0.3398720568
0.2983846656
0.3179088146
0.3276741071
0.3347336394
0.3312234606
0.3419514534
0.3322661611
0.3203576699
0.323248045
0.3363482811
0.3506514856
0.3531579482
0.3635149594
0.3551628947
0.3457759755
0.3397133483
0.3213022231
0.3274128041
0.3197440301
0.3228866304
0.320249025
0.308969471
0.3236977114
0.3138945719
0.3277700299
0.3143467804
0.3016009443
0.3159352556
0.3086262932
0.296381462
0.2932809844
0.3173702855
0.3329899976
0.3173261553
0.3056645235
0.292714011
0.326446025
0.330005307
0.3243505075
0.3161318627
0.3243236767
0.3555874768
0.365763345
0.3481715688
0.2924076681
0.2908192206
0.3100667721
0.2965060647
0.2989723755
0.3286399388
0.3305139449
0.3101371206
0.3116843359
0.2944066225
0.3163296243
0.3439869565
0.3166921199
0.3093544698
0.327583953
0.3420603329
0.3473574799
0.3466403617
0.3277262305
0.3233685172
0.3339020262
0.3191042803
0.3154139981
0.3338561813
0.3422845819
0.3433521106
0.3360362891
0.3266190308
0.3026401983
0.3001954231
0.2979808419
0.3117210047
0.3031338247
0.3097024085
0.3136783144
0.303970357
0.2866827089
0.289686643
0.312752154
0.3342983388
0.3130588165
0.3211579802
0.3278688942
0.306315934
0.3084849366
0.3036676286
0.2828502966
0.2942463306
0.2762910753
0.2821153259
0.2814425763
0.285214597
0.3395186883
0.3218613479
0.2973604315
0.28954239
0.3072755378
0.3597634124
0.3341995222
0.3203933216
0.3100457258
0.2855784189
0.2919056119
0.3183605255
0.2968270865
0.3042846057
0.317370851
0.314073123
0.3143537577
0.2889640329
0.3323343246
0.339926797
0.2781637586
0.2954376747
0.3005243797
0.3184158419
0.3176605627
0.2989154951
0.2919855671
0.2924137808
0.288595985
0.309448824
0.3209538196
0.3158080631
0.3336302547
0.3545647252
0.3197338217
0.3021992018
0.2843376172
0.3113218832
0.309310848
0.2928301712
0.3503357956
0.358086987
0.3356457519
0.3113412592
0.3423915666
0.3571436424
0.3567214481
0.3210888027
0.3087571256
0.3025247216
0.3175073906
0.3157229203
0.3106707026
0.3073854648
0.3240036859
0.3394020634
0.3405991979
0.3351201665
0.2993935019
0.3086616321
0.2908063399
0.302717619
0.338502227
0.3451022542
0.3345074308
0.3480897138
0.3446900542
0.3255381433
0.3311586535
0.329760208
0.2979426274
0.275033661
0.3063251517
0.3121286451
0.3115189349
0.3080670693
0.3298549071
0.3003113386
0.2920562377
0.2981100132
0.3284411026
0.3105324033
0.2703217365
0.3081343739
0.3154134457
0.3376347821
0.2982271722
0.2967635398
0.298890678
0.2937880342
0.3004697142
0.3086474761
0.3187852768
0.3065428301
0.3061288426
0.331707533
0.3319428372
0.319042088
0.3230012308
0.3426146247
0.3211086618
0.3301946745
0.3269505583
0.3245671547
0.3003798774
0.3121893999
0.3425880009
0.337830764
0.3191034671
0.3009189427
0.3095770517
0.2988783835
0.279969412
0.2915646689
0.29859315
0.3323227872
0.3278003344
0.3402561328
0.3568655741
0.3352922692
0.3122475983
0.3251368894
0.3492611223
0.3401185051
0.3107051489
0.3193733839
0.3348767053
0.3015581841
0.3333400328
0.3207917297
0.324631193
0.3466383373
0.3345794898
0.3341175407
0.3196699869
0.3102920148
0.3040512662
0.3020064057
0.2903912752
0.3038497415
0.3299575231
0.3295298067
0.3159986878
0.3269455351
0.3327015473
0.3422917129
0.3404722446
0.3541361245
0.3547202763
0.3307234716
0.3242598488
0.3009682301
0.3200381386
0.3060240758
0.2896886675
0.2915912748
0.2999629915
0.3022355582
0.3141927916
0.3253698391
0.3137853164
0.3449976705
0.3387031606
0.3471180616
0.3532221534
0.3579933104
0.3597959548
0.3280512301
0.307742212
0.3065656715
0.3223584346
0.3312341087
0.3153337019
0.3106245605
0.3219734138
0.3128665968
0.3219662476
0.3106831929
0.2969029797
0.3133073925
0.3180642853
0.3127980871
0.3114903607
0.3294916188
0.3443303346
0.336543459
0.3194251175
0.345707514
0.3388199413
0.2920756025
0.3055608256
0.3270701296
0.3240055634
0.345911919
0.3442222029
0.3322396829
0.3351869855
0.3500681026
0.3573538196
0.3642230715
0.3509246643
0.3373531065
0.3322214372
0.3169449243
0.3024705249
0.3268114515
0.3488382611
0.3240607843
0.310409155
0.3180576623
0.3225916878
0.3101281088
0.3138086367
0.3111557225
0.302014867
0.2906605812
0.3058364257
0.338201975
0.3538344922
0.3496717981
0.3510202636
0.3596060061
0.3436303747
0.3426526389
0.3458651521
0.3208916075
0.3283156432
0.2995832702
0.3318413739
0.3293219989
0.3783171729
0.3707899684
0.3764054667
0.3431538649
0.3575445844
0.3403510081
0.3168903379
0.3063707579
0.3515906764
0.3645471179
0.2979090651
0.2838336801
0.2826225493
0.2884462898
0.3197230846
0.3112261848
0.3118286087
0.3286150051
0.3286135173
0.3220886736
0.3357716923
0.328268689
0.3450748656
0.3362450352
0.3456397095
0.3445981999
0.3287780794
0.3345123301
0.3379995038
0.3083527545
0.3353677618
0.3203998256
0.3259034314
0.3170307156
0.3041643332
0.2987275955
0.2678177252
0.2848111076
0.3196364915
0.3467259758
0.3364817247
0.3296431273
0.3260267343
0.3408321638
0.3167793967
0.3297289977
0.335212118
0.3319083875
0.3195827209
0.3321628138
0.2648332725
0.2686373178
0.2807294176
0.3038135801
0.317022588
0.3320753344
0.3168966614
0.3081645909
0.3038676967
0.3038524672
0.2985408071
0.3004168357
0.2895235765
0.2970965063
0.296055368
0.3113201399
0.3106246997
0.3055064538
0.2903740644
0.2861002952
0.2753340027
0.2970418556
0.2816647346
0.3073892495
0.3171884734
0.2909081186
0.3081704736
0.31765617
0.3273868936
0.3118104969
0.3082276478
0.3119353309
0.3019992571
0.2776001119
0.2827516993
0.2858683481
0.2890194369
0.2927795091
0.2936280496
0.2910583411
0.3256584725
0.3055972926
0.3184099184
0.3213373866
0.3261832143
0.3051321197
0.2850167065
0.2999502756
0.3073292562
0.3232542634
0.3146021615
0.3242144264
0.3159650281
0.3216927073
0.2858123826
0.2789736224
0.28240803
0.3084941767
0.325680189
0.3251064369
0.3074215785
0.3224817222
0.3018683528
0.2963420948
0.2995083685
0.2994792298
0.2949330569
0.3322792704
0.3266961747
0.3082093982
0.3100495163
0.3185673609
0.3042835919
0.2919975705
0.2897796027
0.3192552568
0.3202595265
0.2950635254
0.3132992055
0.3141814215
0.3167623675
0.3028048908
0.3168312097
0.3123544455
0.3392763225
0.3326218902
0.3195526325
0.3265572864
0.3384865522
0.3405947903
0.3276759245
0.3029607956
0.3112701008
0.3048503133
0.3266721223
0.3100742196
0.3049084513
0.3122583004
0.3081996592
0.30818729
0.3255708355
0.3251831497
0.3602700129
0.3571262977
0.3211944921
0.3094327645
0.328127444
0.3466248174
0.3200800931
0.3106566813
0.3141610366
0.3239036116
0.331072929
0.3191806721
0.3251964521
0.3189020142
0.3215184126
0.3228604306
0.3505548537
0.3485322923
0.3270400068
0.3160856754
0.3157622047
0.3141599244
0.3505373068
0.3394100618
0.3397889146
0.3395338306
0.3314725855
0.3221940634
0.2936975773
0.3014641505
0.2952715709
0.3269846088
0.3390981752
0.3395802593
0.3297575166
0.3269502709
0.3378037257
0.3268385503
0.3131717657
0.3056802508
0.300652107
0.3089758731
0.3029960876
0.2918136974
0.291724351
0.2894808302
0.3111566753
0.332938771
0.3198331649
0.3020683856
0.322279866
0.3101050781
0.3130161281
0.3138917668
0.3085295451
0.300817468
0.3148965604
0.3121464395
0.3324833597
0.3083140244
0.2876357076
0.3175626611
0.309546421
0.3080724601
0.3285240522
0.3545490695
0.3169694051
0.3087921932
0.2987285797
0.2980086956
0.3071824619
0.3097653856
0.350865009
0.3536362438
0.3150191733
0.3031362104
0.3136548412
0.3350017231
0.3277120377
0.3227451822
0.3272186073
0.317486748
0.3353774999
0.3094206911
0.3137422642
0.3029988012
0.3162521266
0.3130516421
0.3110137859
0.3184276583
0.324974792
0.3280546225
0.3072237199
0.2926769909
0.316909146
0.3329587069
0.3486864785
0.342901107
0.3116619296
0.346322681
0.3401350014
0.3409983123
0.3256887653
0.3081738768
0.3194450114
0.3299880281
0.3327477601
0.3209364016
0.3220579584
0.3000895818
0.2981549828
0.2912337099
0.289481328
0.2967688504
0.2807802446
0.2885661878
0.2894808284
0.3079101839
0.3632825451
0.3759178243
0.3524124545
0.3337141849
0.31007376
0.3121874844
0.312302793
0.3206555313
0.3515678408
0.3835456859
0.35961901
0.3283445875
0.31608964
0.297620937
0.3085255457
0.3293847955
0.3406095523
0.3044927742
0.2971711668
0.3255802431
0.3420473854
0.3738902573
0.3604211655
0.3631838521
0.3615782052
0.3487104062
0.3353329067
0.3371935417
0.3438128692
0.3267345052
0.3160438057
0.3100911225
0.2942340498
0.297823622
0.3109019094
0.3151453601
0.3244181466
0.3217337146
0.3252307811
0.3324681459
0.3189934692
0.3202263246
0.3168985743
0.316240713
0.3367277244
0.3271555004
0.3052331662
0.3109215426
0.319239544
0.3088185458
0.3138095858
0.3303702231
0.3474382563
0.3384844502
0.3226491295
0.3461755949
0.3077213155
0.3070819453
0.3010933702
0.3138260498
0.3227365326
0.3149607093
0.3266729611
0.3285643042
0.3015081499
0.278659306
0.2705576002
0.2518197006
0.2636983774
0.2658629881
0.2784762801
0.2885730999
0.3026150339
0.3032697035
0.3192383212
0.3120005087
0.3210356152
0.3368240658
0.3281009943
0.3159126464
0.3230048948
0.3245525162
0.2843279141
0.2678912904
0.2735635329
0.2858824711
0.3117986144
0.3060949051
0.3142791447
0.2984087546
0.3113066062
0.3049580956
0.3075748195
0.3263049756
0.3416392499
0.316877897
0.3327905535
0.3247177757
0.3343822787
0.3343921941
0.3082588481
0.2949244135
0.3027557364
0.3085795687
0.3263162704
0.3265273099
0.3259889376
0.3341110042
0.3049586978
0.30995787
0.3013296858
0.3068181022
0.3070465487
0.3018449539
0.2978491532
0.3191830878
0.3108649415
0.3032612436
0.3075856121
0.2949412571
0.3288036818
0.3259475547
0.3296429104
0.2930438587
0.2607051752
0.2789704438
0.312441773
0.315601264
0.3115956486
0.2859088783
0.2878184829
0.3017877423
0.3054120167
0.3126041628
0.3021829281
0.3162375507
0.3248483862
0.31211533
0.2877760097
0.3132279926
0.299864712
0.2747029975
0.2535397428
0.2698692921
0.2976563693
0.3132745574
0.3294942738
0.3328653411
0.3178382549
0.3080651285
0.2977344516
0.2958338408
0.299830407
0.3135599116
0.3522365709
0.3438997112
0.3449062839
0.3223402298
0.3278786205
0.3099660072
0.3149308588
0.3374007725
0.3154415885
0.3028978959
0.2981357415
0.3006889406
0.2978332796
0.2834860521
0.2841656925
0.2912486368
0.3154345365
0.3258734505
0.3264143409
0.3093385177
0.3251963528
0.3258659626
0.3465048282
0.3503915067
0.3330068072
0.301983482
0.3147723098
0.3228799926
0.3243270756
0.3348371417
0.305643295
0.2884319091
0.2951670245
0.3039762482
0.3142991441
0.3186695393
0.3194045713
0.3366155104
0.3293098349
0.3174265757
0.2982287325
0.3148714439
0.3183961626
0.297922322
0.3251336637
0.3179644959
0.3350925518
0.3249466341
0.3122506014
0.3000161451
0.3092007774
0.3140019074
0.2974397773
0.2927879838
0.2867142921
0.2951576205
0.3085764395
0.3327973341
0.3528989282
0.3414178486
0.3317503637
0.3424660425
0.3436669645
0.3470949524
0.3225565774
0.3260272173
0.3421305419
0.3632011079
0.3434004312
0.3265897706
0.3129169693
0.3189540405
0.3226777757
0.340610267
0.3409236768
0.3325348959
0.3397104549
0.3243733923
0.304366611
0.3030645294
0.3159541749
0.3321403719
0.2995060863
0.3070372013
0.3069774034
0.318390302
0.3152563481
0.3444811508
0.3469118743
0.3397069426
0.3491176715
0.33464063
0.3468011218
0.3395670467
0.3306808844
0.3188028981
0.3350264924
0.3406021476
0.341350202
0.3361606381
0.2947368933
0.2857194759
0.2963491336
0.2791618383
0.2810551211
0.2969896939
0.3424292659
0.3347635568
0.322814637
0.3177742006
0.3062633075
0.3035152985
0.3231364294
0.3438486151
0.3350918147
0.3243246875
0.314964563
0.3017519122
0.2851304457
0.3013163123
0.3160746208
0.3305004915
0.3463328722
0.312490392
0.3334168431
0.3242305676
0.3172053097
0.31725499
0.3088930139
0.3141415625
0.3018139755
0.3103326963
0.3242914801
0.294074551
0.2864462006
0.2928653788
0.3177411872
0.3251149197
0.3367796534
0.3376863568
0.3516720087
0.3625769387
0.3543546047
0.3413809104
0.3238372448
0.3194475714
0.2417431068
0.2577404706
0.2658519254
0.2581469546
0.2876978909
0.3027348
0.311776016
0.3089364346
0.2856917845
0.3245065338
0.3388484913
0.3426587536
0.3419377384
0.3361988048
0.3517481085
0.3434659634
0.3319377904
0.3120469594
0.3117346893
0.2661891053
0.3292977495
0.3265134543
0.3453987889
0.3451603545
0.3409110238
0.3254777885
0.351181496
0.323022876
0.3224851403
0.3166739604
0.3227412762
0.3418664874
0.3396576426
0.3293698317
0.2979703045
0.2863369485
0.2743841295
0.2900032594
0.3108497731
0.3141509172
0.3356805442
0.3176788558
0.3181871929
0.3067153265
0.3223135469
0.3296020061
0.3542962435
0.3512553535
0.3292450814
0.3353289813
0.3194219005
0.3235177879
0.3151920247
0.3171943487
0.3066460721
0.3189528179
0.3262356077
0.3439827698
0.3469895685
0.3461937656
0.3311977436
0.3097728888
0.3158401644
0.3083257502
0.3133156944
0.3390727458
0.3374439403
0.3104472742
0.2990366252
0.3026451294
0.3114425568
0.2971446408
0.2861301096
0.3009936395
0.3051924782
0.2971991741
0.3074330772
0.3344785329
0.3331349296
0.3262378589
0.3088635739
0.307625797
0.3007697592
0.2873222618
0.2754196087
0.3005797631
0.3093384359
0.3318704143
0.3115609168
0.2837629146
0.2737236086
0.313220398
0.3136387558
0.3139896521
0.2840302671
0.2950260401
0.3076629897
0.3102022458
0.3121698013
0.3178175683
0.3015871585
0.2986339482
0.2922316549
0.2876330601
0.2878871412
0.2784474637
0.2852104457
0.2714914864
0.2879448979
0.2829901984
0.2705948336
0.2661253962
0.259768997
0.2637242329
0.3002352511
0.3111961294
0.3264811548
0.3149923138
0.2949673468
0.2928030621
0.3197554534
0.3135591932
0.3272113244
0.3207780412
0.3454030074
0.3401289056
0.3187447244
0.3003614822
0.3170587848
0.3233447664
0.3096347706
0.2970634648
0.2968680597
0.2859426923
0.3036213377
0.3007153684
0.3089960568
0.2958900478
0.3121562959
0.3196567712
0.2941484121
0.3064274709
0.310131772
0.2991061816
0.2879821137
0.2739573511
0.2830605729
0.3067947999
0.2819204109
0.3130301975
0.3112999979
0.3173698793
0.3021060761
0.3059549064
0.2973110871
0.2844320479
0.2759801557
0.296880706
0.3104809119
0.2906267984
0.3368744895
0.3277101943
0.3128031219
0.311083616
0.3192563515
0.3381357306
0.3236681029
0.3135338368
0.3127730717
0.308994262
0.3045385606
0.2912157905
0.3067177399
0.3100640815
0.2910517554
0.3126528971
0.3025006287
0.3033779743
0.310854913
0.3488781814
0.2931491346
0.287456089
0.2754568143
0.3041542452
0.3193612476
0.3060193595
0.3203696467
0.3344038518
0.3108950545
0.307882897
0.3274068559
0.3172010097
0.2893546633
0.3075385579
0.3215076103
0.2920820266
0.3266044326
0.3149840928
0.3245453495
0.3120014562
0.3052769388
0.3258925544
0.3259999512
0.2844611844
0.2977594402
0.3139051285
0.305394719
0.2982424722
0.319638089
0.3128707055
0.2929807401
0.3094577647
0.3162189291
0.3308091353
0.3318454622
0.3175615311
0.3031267967
0.3028883558
0.2816934575
0.2849533278
0.3589542351
0.3216410646
0.3029977603
0.3064570654
0.2962473989
0.2963873904
0.3129717875
0.3037008065
0.2805673004
0.3021819117
0.3430018352
0.3473807677
0.356515573
0.340666344
0.3314893706
0.3085341119
0.2943944867
0.3355426668
0.347303945
0.3395753615
0.3291391754
0.3033217132
0.2888197786
0.295899161
0.2943252345
0.3058150576
0.3007756792
0.3012822981
0.3506358483
0.390984981
0.3678808592
0.3245542203
0.3076595124
0.3307212258
0.3217133857
0.3058782044
0.3012745618
0.3156022881
0.2944573273
0.3455505558
0.2938390134
0.3024146941
0.3183897799
0.3514369151
0.381119475
0.3744211354
0.3726256976
0.3302522231
0.3400592236
0.3234714254
0.3326724789
0.3522300776
0.3517368268
0.3359395935
0.3440048983
0.3340811081
0.3204377501
0.3429113272
0.3277247822
0.3100949424
0.3426321026
0.3355938301
0.3421299575
0.3569945644
0.3604690792
0.3523157047
0.3272390263
0.3178551451
0.3177786888
0.3101029825
0.296777935
0.3028906432
0.337898046
0.3833421789
0.3726988073
0.3825097012
0.3528395872
0.3490269886
0.3294419677
0.3416186131
0.3191724068
0.3074968847
0.2969564811
0.286496235
0.3205634737
0.3363402023
0.3421413135
0.348464152
0.3784289496
0.3466054466
0.336486226
0.3455987393
0.36084664
0.3395929635
0.3377678029
0.3156529803
0.3255541319
0.3242503069
0.3364114743
0.3291836545
0.3148214574
0.3088680969
0.3007028232
0.3001421267
0.2919096765
0.2902949141
0.3084555285
0.3545714634
0.3634606537
0.3440586215
0.3246501713
0.3186784526
0.3161982947
0.322013483
0.3550256893
0.348565574
0.3595139662
0.3309906329
0.3049741921
0.2994377095
0.3256597028
0.3153766017
0.3182341616
0.3141317909
0.3188163217
0.3156743219
0.3107295584
0.3390974037
0.3514501953
0.316421074
0.2969672969
0.3063659176
0.3197716346
0.3320958722
0.3120921051
0.287553842
0.2951186351
0.3070096833
0.3108834869
0.3218263581
0.3295365965
0.321929737
0.3391284556
0.3415986767
0.3407941982
0.3410496038
0.3428329454
0.3217133918
0.3056423245
0.3378622648
0.3375576778
0.3449847205
0.3499920197
0.3398564606
0.3433996928
0.3559792063
0.3333181269
0.3369661866
0.3357469873
0.3193555033
0.3021366065
0.3122518937
0.3099297013
0.3474419587
0.3610619185
0.3352166486
0.3228617737
0.315321902
0.3183349454
0.3387440464
0.3439702772
0.3443248904
0.3500664286
0.3527624563
0.33380963
0.3306902164
0.3173355018
0.299738928
0.3065273552
0.3003921309
0.2894642851
0.2915103785
0.3264648776
0.3214606606
0.3287725927
0.3107780572
0.2923806001
0.3025456102
0.2987993014
0.3115203258
0.3223041224
0.3151233879
0.3280645542
0.3193734815
0.3199298353
0.3400714221
0.3223965964
0.3087482612
0.3121945645
0.2877708399
0.2966900006
0.3004248975
0.3166659247
0.303790985
0.2929744604
0.3306524257
0.3294996506
0.3110941381
0.3149462084
0.2979890804
0.280119873
0.2961526322
0.3141123298
0.3134218505
0.3092893836
0.3178398453
0.3070766879
0.3016011611
0.3200366935
0.3041669994
0.3305153515
0.3195325264
0.3195048927
0.3230778452
0.3030509658
0.2940138644
0.2872464684
0.3192646379
0.3522133816
0.3356677407
0.3263567197
0.3421395188
0.3349406224
0.3417260747
0.3355152251
0.3118345143
0.3214586325
0.3210190289
0.3196700424
0.3299651008
0.3252208667
0.3337011445
0.3378603294
0.3230877433
0.308318226
0.2951132845
0.2758328666
0.2771340538
0.2848876243
0.3145581142
0.3133577677
0.3090728544
0.321541267
0.3118564064
0.2921777175
0.3038738655
0.3061347885
0.3206095808
0.3129578481
0.3446824895
0.3232079192
0.3208391856
0.3203386578
0.3323986496
0.3234016056
0.3180522462
0.3274804248
0.3328411992
0.3147998547
0.3036298645
0.308662693
0.3317629004
0.3162472478
0.3104906331
0.2920578065
0.295804233
0.3006644382
0.3261635029
0.3310896285
0.3174644081
0.3417231705
0.3137932732
0.30152286
0.2882602016
0.3093954481
0.3178850409
0.311630767
0.3314382395
0.3327157914
0.3295624015
0.3300932935
0.3245007823
0.3231492005
0.3371263808
0.3454611696
0.3520728117
0.3264708511
0.3042960998
0.306383005
0.3236103435
0.3057201071
0.3222895504
0.3614536631
0.3646156989
0.326429996
0.310146029
0.3050598044
0.299109419
0.3059298143
0.2970825543
0.2954483111
0.3250406956
0.3130555917
0.3010370075
0.3148847733
0.3163643508
0.3347480782
0.3220635765
0.340409193
0.3028243251
0.2975362128
0.2917193276
0.3095383734
0.3015441761
0.3381209018
0.3692300154
0.354961429
0.3418928779
0.3471801268
0.3394926712
0.3455960804
0.3274417798
0.3069819414
0.3115606443
0.3139896439
0.3364536522
0.3239589172
0.3412736808
0.3390410473
0.3309887252
0.3172188523
0.3179901314
0.3096259311
0.3227570052
0.3201754452
0.3373858417
0.3270886922
0.3366597803
0.3547662254
0.3186953105
0.2872275532
0.3081018584
0.3282572045
0.3355064871
0.3404585387
0.3470697302
0.3526766283
0.3399832561
0.3172440736
0.3266117384
0.3683686429
0.3705317354
0.3706855719
0.3461584433
0.3313703276
0.324792684
0.3116816623
0.3189705041
0.3148636794
0.3043059353
0.3233595097
0.3527710225
0.345262044
0.3411668501
0.3571692438
0.3334712892
0.3557960292
0.349618442
0.3550013214
0.3602812088
0.3474097034
0.3568342095
0.3684614638
0.3645147025
0.3270985449
0.3184150647
0.3346344029
0.3351451896
0.3013455269
0.3011597036
0.3131484991
0.3324947642
0.3224549056
0.320211685
0.3116936697
0.3388366685
0.3512818469
0.3514245903
0.3503593399
0.3304406945
0.364517709
0.3525672707
0.3419362814
0.3217360867
0.3071404184
0.3149384804
0.3105853227
0.3155118934
0.3070227895
0.3443770904
0.37422885
0.3498570621
0.3556131984
0.3263458304
0.3109712061
0.3266303119
0.3390354762
0.3460322557
0.3614210061
0.3589665299
0.3849790084
0.3424366542
0.3368692078
0.3134179542
0.328059335
0.3253394076
0.3231004697
0.311897543
0.3024961043
0.2964408376
0.3026034414
0.34188577
0.3380619635
0.3182855825
0.3172744678
0.2920946768
0.3093151429
0.3225203484
0.3460325241
0.3541542197
0.3021465499
0.2921740493
0.2994744149
0.3324120654
0.3577411969
0.3412163789
0.327656654
0.2900437184
0.297642458
0.3268995924
0.3413443937
0.3447363431
0.2995914386
0.3053705261
0.3180009396
0.321330639
0.3015693163
0.2917281853
0.3024036107
0.3135370286
0.330235278
0.3214856441
0.334179089
0.3390582233
0.3366077108
0.3499599022
0.3543426752
0.3522776715
0.3794085456
0.3361034175
0.3421688482
0.3258511679
0.3180360009
0.2918157158
0.2973137902
0.3015273711
0.3219217886
0.318301698
0.3153314659
0.3326809843
0.2938008235
0.3281461043
0.306667404
0.2825531193
0.3021147076
0.328562811
0.3324384777
0.3240066823
0.3306069363
0.3449932895
0.3055149417
0.3126723711
0.3186005256
0.3372116531
0.3397366971
0.3251641934
0.3303771316
0.3005182453
0.2929823192
0.2866312769
0.3285434253
0.2928897302
0.305458169
0.2919934661
0.2846551727
0.2946399146
0.3170250866
0.3161599429
0.3338449251
0.327202347
0.3370242775
0.3104981761
0.3047316939
0.296386066
0.3003927094
0.3165549617
0.3255454887
0.3320487393
0.3220861815
0.3153290083
0.3408812061
0.3552995574
0.30162445
0.2942558979
0.3230986702
0.3200904406
0.316459465
0.3168143103
0.3226456078
0.3359923156
0.3453704544
0.3393860926
0.3162061458
0.3290627036
0.3516036396
0.3258870163
0.2949663664
0.2936973913
0.2951978216
0.3161018137
0.3260994219
0.3574729969
0.3342306367
0.3449446988
0.3152188739
0.3179559171
0.3411284111
0.3214822585
0.2918025926
0.3010990044
0.3224811074
0.3324678274
0.3619182092
0.337015264
0.3218181086
0.3220126107
0.3398036385
0.3401238656
0.3326458324
0.3338078999
0.3310170616
0.3048305299
0.2924182824
0.2931471646
0.3245604155
0.3197439713
0.3098482438
0.3096203809
0.2917391682
0.2835956092
0.2915994523
0.3148963237
0.3081922278
0.3175242974
0.3225947288
0.3463882503
0.3220493897
0.3197477981
0.305514683
0.3087077137
0.2896190761
0.2916001859
0.3169408068
0.3234673376
0.3496340739
0.3415968032
0.3623118061
0.3647463788
0.3668497141
0.3709193447
0.3330088335
0.3135622285
0.2977517714
0.3060195881
0.3121953737
0.304990213
0.3337311206
0.3186806169
0.301369495
0.300350554
0.2996845612
0.3261197821
0.3268344045
0.3197191506
0.2995683319
0.3115093099
0.3041737879
0.3228189557
0.3497442962
0.326666922
0.3228842132
0.32457237
0.2978543693
0.2921585728
0.3076883835
0.3052185565
0.3010860617
0.281980162
0.3013796343
0.2908082919
0.3171955528
0.3331894886
0.3430397551
0.3405172287
0.3271151964
0.3230326384
0.3059386913
0.3257085829
0.3221627808
0.3278864442
0.3295452576
0.3254412496
0.3483985865
0.3468818344
0.350719998
0.3364051559
0.3248871737
0.3314706153
0.3031107123
0.3006602497
0.3063057577
0.3221831484
0.32252305
0.3171571203
0.328520754
0.3363273443
0.3625155714
0.357544565
0.3265475341
0.3301492667
0.3336013517
0.3217370333
0.2924370776
0.2927345259
0.312936516
0.329678013
0.3198425102
0.3072229634
0.3164545338
0.3184966743
0.3629514346
0.3461032688
0.3480262692
0.3748182728
0.3809463261
0.3588535331
0.3456768556
0.3262763527
0.3219512821
0.3269016614
0.3207214336
0.3169348816
0.3269131141
0.324063025
0.3161368347
0.3276925466
0.3382171215
0.3223399169
0.3328707229
0.339025444
0.2935520177
0.3169212357
0.3321519178
0.3324499758
0.3297452714
0.328700888
0.2996344813
0.3020794014
0.3153908608
0.3213368266
0.3283175128
0.3259501392
0.3187688998
0.3249765485
0.3227984322
0.3081598713
0.3197719538
0.3642292562
0.3564321805
0.3089784585
)
;

boundaryField
{
    xPeriodic_half0
    {
        type            cyclic;
    }
    xPeriodic_half1
    {
        type            cyclic;
    }
    yPeriodic_half0
    {
        type            cyclic;
    }
    yPeriodic_half1
    {
        type            cyclic;
    }
    zPeriodic_half0
    {
        type            cyclic;
    }
    zPeriodic_half1
    {
        type            cyclic;
    }
}


// ************************************************************************* //
