/*--------------------------------*- C++ -*----------------------------------*\
| =========                 |                                                 |
| \\      /  F ield         | OpenFOAM: The Open Source CFD Toolbox           |
|  \\    /   O peration     | Version:  2.4.0-MNF                             |
|   \\  /    A nd           | Web:      www.OpenFOAM.org                      |
|    \\/     M anipulation  |                                                 |
\*---------------------------------------------------------------------------*/
FoamFile
{
    version     2.0;
    format      ascii;
    class       volScalarField;
    location    "0.0009";
    object      p_O2;
}
// * * * * * * * * * * * * * * * * * * * * * * * * * * * * * * * * * * * * * //

dimensions      [1 -1 -2 0 0 0 0];

internalField   nonuniform List<scalar> 
5120
(
0.1099606146
0.1080867961
0.09729395991
0.09482589209
0.08770684658
0.09363930103
0.09323293952
0.09638774167
0.08107598313
0.07564150315
0.08108488853
0.08568064119
0.07303886887
0.07158105425
0.07332640549
0.0777661496
0.08752250538
0.0831239418
0.09459188455
0.1084587652
0.07601186209
0.07223801725
0.07844601128
0.08796264602
0.08564539642
0.08310295367
0.07504169272
0.071879539
0.07605006004
0.07443275538
0.08630916419
0.09187206718
0.1020905964
0.0956137
0.08940088376
0.09935356412
0.08784802916
0.0938429022
0.1018372355
0.08385291545
0.1182344007
0.1092238044
0.1093674915
0.1083033183
0.1021633367
0.1069720672
0.103454087
0.09814505833
0.09998012091
0.1077679636
0.09354410495
0.1026482326
0.09226525401
0.07861055169
0.0898070766
0.09778746621
0.0906193716
0.09293310816
0.0944039587
0.09444540228
0.08153702101
0.07992093268
0.09111083723
0.07435812981
0.08106192185
0.08272715415
0.08779232504
0.09042538155
0.1019159957
0.1091357071
0.1055772597
0.09591253911
0.1104302574
0.1132134937
0.09848925486
0.09267858339
0.08796862244
0.07584903603
0.07843212793
0.08214846325
0.0804515753
0.07223310426
0.05556942073
0.06844400023
0.06568248191
0.08831461942
0.08047237481
0.09084806258
0.1003486806
0.1066530351
0.1061848147
0.1075524152
0.08857461812
0.08312303431
0.07329181872
0.08796556393
0.1006135646
0.11604337
0.1024854956
0.1000162581
0.07582476666
0.07092445353
0.08825027583
0.09016095701
0.09305227149
0.08773499479
0.07943725801
0.07879157344
0.08556664756
0.09219730602
0.0992175637
0.08602112817
0.08747665424
0.08266503508
0.07955404951
0.09174632977
0.09764260337
0.09758173928
0.08512857714
0.08243950294
0.09589529123
0.09912920308
0.1023880597
0.09189050529
0.0739479063
0.08044924641
0.08081658989
0.08443053991
0.0893433358
0.08629366858
0.09443637663
0.09717928792
0.0934278986
0.08581969624
0.07503494488
0.0794005132
0.09079966396
0.07877423647
0.08102221625
0.09444331989
0.09697544163
0.1123970231
0.1027863948
0.1079241301
0.1185746311
0.1162419599
0.1025946073
0.08510795361
0.09732514897
0.1134483947
0.1059772415
0.0929172661
0.09864489135
0.09402796512
0.1013478155
0.09933425635
0.1132869876
0.1197370633
0.1200650919
0.08930147626
0.09006230384
0.08647515759
0.09249697575
0.08506398826
0.08620896634
0.09759032955
0.09973945198
0.08749918182
0.09023821094
0.0849877715
0.09686029976
0.09895569654
0.1001766396
0.1090400794
0.0996104531
0.08863533033
0.08974979907
0.08737060617
0.08036409327
0.08696722563
0.1036391011
0.09490152846
0.09497709563
0.08655567927
0.08995420892
0.0864567766
0.09614382172
0.09885597932
0.1012603729
0.09352097051
0.08752078249
0.1061255759
0.1096873127
0.09118446041
0.09611919242
0.09701777072
0.09287418237
0.08770035155
0.08580688596
0.09538775562
0.08574645444
0.09135769962
0.09104334023
0.0883210855
0.08114371048
0.0856202301
0.08157663339
0.08480471115
0.08241692739
0.09356905549
0.09094596322
0.07732329629
0.07419707489
0.07937254371
0.09327665705
0.09887230399
0.09296852444
0.09297740773
0.0932074725
0.08528368474
0.0942523982
0.08717034173
0.09686894876
0.0986552267
0.1087017389
0.0976435364
0.09365760987
0.09083082939
0.09979007383
0.0988035859
0.0863455507
0.09407954773
0.08695385493
0.08605023331
0.09267441961
0.1022073386
0.0890954846
0.09649421967
0.08981705783
0.07868251994
0.06575209887
0.07630262245
0.08656748723
0.08571972401
0.08681960921
0.08758438031
0.09569112281
0.08781226334
0.08935590009
0.08902286898
0.08577194569
0.06842895877
0.07086992431
0.07295563559
0.08387886241
0.0947328418
0.08703461479
0.08277686715
0.08185989482
0.06561341124
0.08169206167
0.09297421756
0.1080217563
0.10875552
0.1120038332
0.1062967055
0.09289055918
0.09925373213
0.08615573275
0.08235637739
0.08308384892
0.07438986179
0.07961977781
0.08698580533
0.0876306916
0.0793350075
0.08257996778
0.08316687972
0.07182979974
0.07629362447
0.09364320074
0.08410428208
0.08837037715
0.08802407095
0.08531411684
0.07438733675
0.07588770607
0.08069441588
0.08964818841
0.1004473331
0.1087038427
0.1102204504
0.1039202141
0.09318375701
0.08788634366
0.09251373271
0.1051858925
0.0864409465
0.08965804262
0.1034669782
0.08681233265
0.08967287049
0.09566897178
0.107464383
0.1098004021
0.1022504266
0.08698554035
0.08824880025
0.09387281063
0.0948310791
0.08629580917
0.08321391392
0.09303203777
0.1014385263
0.1013945383
0.09442466005
0.08124632973
0.08723223492
0.08964990473
0.08238659259
0.1263203862
0.1282750594
0.1045061138
0.09255613075
0.09829807353
0.09050501044
0.08726321657
0.08565898498
0.08996678251
0.08576879348
0.08392463227
0.07966164471
0.0950335236
0.1026769251
0.09891011918
0.1020174739
0.09827809544
0.1014145335
0.09190066945
0.1157887787
0.08792271
0.1013698163
0.107717496
0.08438932963
0.08081912244
0.08384670457
0.08942174024
0.09587188543
0.09682502468
0.08787672367
0.07780312158
0.0806273281
0.08498347963
0.09216949632
0.09129528549
0.08717648364
0.1090234482
0.1028860742
0.09851522152
0.08909705258
0.1032793627
0.0973831078
0.08978794114
0.09867544048
0.1086990952
0.1027718509
0.08656814484
0.08291068072
0.07839576229
0.08762273587
0.0971399664
0.08937563451
0.08463904961
0.09659179874
0.09444590611
0.09527629218
0.1066887729
0.09614431942
0.111908581
0.1177152099
0.081998229
0.07878734458
0.08404921045
0.09841890421
0.07743424672
0.07897625442
0.09159533839
0.09991755294
0.07184515475
0.07783965292
0.07795353029
0.08121028166
0.08293777364
0.0809731569
0.09118608651
0.1140974986
0.09751104481
0.09327863653
0.09268749711
0.08635809744
0.0788965466
0.09766367304
0.09852544996
0.09856201047
0.1050221902
0.08868638294
0.08340226346
0.07667837283
0.07887772816
0.07924703343
0.07766370855
0.08511402456
0.07907067443
0.07173971913
0.08778969086
0.07676457194
0.09410917155
0.08319941251
0.07953741976
0.07961696558
0.07468486171
0.07737646942
0.08196766359
0.09184840027
0.09636414858
0.09686367112
0.08629677124
0.08703414984
0.07979630021
0.08145145829
0.07506793216
0.08520294893
0.1022882203
0.1051710056
0.09141505377
0.07189492761
0.06288227671
0.07910857118
0.08480795014
0.08053405153
0.09827962328
0.1038199128
0.1096823836
0.097913669
0.07713877703
0.07886569441
0.09526031756
0.1002414134
0.099349232
0.09570330865
0.09436802592
0.08744691749
0.07979338107
0.0899920013
0.09301926617
0.1148392507
0.1055342154
0.09496038705
0.1015479486
0.09417497352
0.09036539341
0.08078341697
0.07287783585
0.09071260343
0.1082295424
0.1066735389
0.09976680932
0.1002316783
0.1044569021
0.1043453597
0.1051810665
0.1127486176
0.1076067088
0.09892924139
0.08812704264
0.08549603177
0.09769552494
0.09728402711
0.08976940559
0.08789703443
0.08133666156
0.09080705027
0.09243388535
0.07979289449
0.06974393183
0.07328937771
0.07286325722
0.09677150428
0.09819095545
0.1006825426
0.109882946
0.09495763443
0.09062821629
0.1033755897
0.08048741328
0.07600577405
0.08249967161
0.08217636468
0.09936148946
0.09630990549
0.08947705224
0.08390215537
0.07861077041
0.09192841081
0.08525467483
0.0852916516
0.07391176221
0.06691944663
0.07189488834
0.08736455572
0.08032088268
0.08679792879
0.07929623988
0.0897050737
0.09192447707
0.1024786257
0.1151366549
0.1242243754
0.1185222262
0.09349214785
0.09082966662
0.0775136504
0.07222867515
0.08060443702
0.07653394078
0.07093465588
0.08299970785
0.07511714458
0.07125063363
0.07422534098
0.08438329833
0.08508750907
0.0947181422
0.08546548769
0.07277718861
0.07698080403
0.08059225126
0.08253597919
0.07991594574
0.08793135662
0.08611395691
0.09720740072
0.08203826258
0.0808502767
0.0823302434
0.08915721475
0.09212848004
0.1034500433
0.1118224822
0.1120654431
0.09362873483
0.1071368911
0.1052023895
0.1018242956
0.09248073121
0.09701488947
0.0880806098
0.07422677386
0.07079498631
0.08814335123
0.1075246616
0.08029983682
0.08612342538
0.08779249339
0.09006926468
0.0916798984
0.09152583919
0.07719999154
0.07208958141
0.08396792397
0.1119188186
0.09753185338
0.07804407582
0.08362981153
0.07677481324
0.0728782471
0.0799959791
0.08431610192
0.09340337263
0.1038258599
0.09746005516
0.09512629563
0.09451798434
0.08435124212
0.0790382935
0.09720838432
0.09665080165
0.09650034266
0.09040213612
0.07900165744
0.06620948946
0.0791097982
0.08714861404
0.08550593851
0.101454318
0.09620224278
0.07843213854
0.07953770956
0.09145619905
0.08948957682
0.07999999624
0.0931628829
0.08422398001
0.08874863368
0.08750520958
0.09232977707
0.09140016645
0.09429545056
0.08925541183
0.1024657101
0.1132061413
0.1106095146
0.1009874078
0.09446965516
0.07032704911
0.08547634793
0.08880235997
0.09239810198
0.07583621919
0.06953851928
0.08606950754
0.08182286018
0.09270014195
0.08520579609
0.09526745215
0.09170235148
0.0921710172
0.08982150867
0.09083136458
0.08197181614
0.09387119627
0.1071211389
0.1077438363
0.08604164329
0.09696253534
0.09338372522
0.07792993787
0.07430169335
0.0772251972
0.08537170895
0.09846806035
0.09970884298
0.09271857227
0.08283134806
0.07641410351
0.07119048826
0.0755293397
0.09360455719
0.1114679281
0.1000593404
0.1054332709
0.09683641758
0.1087251618
0.0999357643
0.09422985306
0.09342259866
0.1152938372
0.1034208627
0.111021181
0.09699112953
0.09433879095
0.08271048345
0.09656567305
0.08630556818
0.08562546213
0.07916347407
0.09099505085
0.1062821868
0.1058690891
0.09968927705
0.09654956671
0.09236247171
0.08869599104
0.09096917288
0.09134627993
0.0924745444
0.09082971276
0.09398477309
0.08466558026
0.0900136527
0.09869254297
0.09041873979
0.09530201409
0.09542826841
0.09996994885
0.09898208686
0.09568314887
0.08587594105
0.08744242251
0.09332316425
0.09117478202
0.09715761482
0.09894559802
0.09263033031
0.08696861717
0.08042790648
0.08281448289
0.1013603309
0.09386499592
0.1024447384
0.07776239504
0.0840832802
0.09741679192
0.09458757716
0.08741159324
0.08933190373
0.06452156801
0.071490757
0.08228805026
0.0830363417
0.08389491017
0.08804217028
0.08837226424
0.09513299673
0.09449612446
0.1019721909
0.1136528136
0.09602332419
0.0847407535
0.07268224921
0.1067571786
0.09615206771
0.09445498656
0.09662721754
0.1027187527
0.09024480223
0.09196702028
0.09694330444
0.07230392453
0.0776205309
0.09010813929
0.1002361335
0.08872888157
0.0856748454
0.08617894823
0.08480957035
0.08610458654
0.08849531355
0.1060339543
0.1111921766
0.0953623709
0.08404134683
0.09093823686
0.08349681558
0.07675827859
0.08891688416
0.09276914131
0.09155500216
0.1032878034
0.1033248294
0.09079813296
0.08657278134
0.08519860632
0.08721069179
0.08552827051
0.08294843215
0.07834584486
0.07244131732
0.08203934063
0.08808567457
0.09841799477
0.1000837248
0.08482356641
0.08685998414
0.09596301017
0.09187795653
0.09905511137
0.1185506146
0.1148708917
0.1140223952
0.1057567728
0.103800808
0.1007028887
0.08492187672
0.09720108611
0.07938797573
0.07269958883
0.07671588075
0.08392885902
0.1093979849
0.09479709617
0.09551288953
0.1016385726
0.08445767379
0.08461908581
0.08878317651
0.09367657392
0.0896709946
0.09018435128
0.09421859935
0.1079597359
0.1026799461
0.09492942449
0.09343352134
0.08163060122
0.09283845132
0.10287973
0.1108823516
0.1089500943
0.1018573951
0.09249682377
0.08518507317
0.08389013406
0.08809999559
0.09660660769
0.09286570413
0.07555338674
0.07780454404
0.083827672
0.0753856349
0.07197659847
0.07602352877
0.08262396858
0.08044843138
0.08363982043
0.1001602916
0.09704849107
0.09191771201
0.0888587378
0.0972991864
0.08446850284
0.08183829643
0.08193841206
0.08102445455
0.07458268723
0.08467230219
0.09430542121
0.09961640571
0.08854011628
0.07750202196
0.07656910771
0.08294589536
0.08151715924
0.100720887
0.1194362361
0.1011011026
0.1062183421
0.09108796265
0.09122970082
0.08297903927
0.08023925132
0.08314584917
0.08350120985
0.08408029691
0.08309650457
0.08180136785
0.09680024409
0.09481982626
0.09212287593
0.08834056417
0.0860403815
0.08293112339
0.08147452661
0.08049965027
0.08325937189
0.07957738135
0.07694749465
0.07128350413
0.07023713421
0.06745533032
0.08579446236
0.08990878216
0.09200687857
0.08069154885
0.09587087883
0.08661919689
0.08510867074
0.08792265367
0.09337131065
0.09448937786
0.09680751036
0.09323365017
0.09003688404
0.09846830225
0.0905031074
0.08888177639
0.09068018929
0.08348715786
0.08964795069
0.08566729216
0.08952813666
0.08784833744
0.100340516
0.09603484419
0.08880233611
0.09277553317
0.08857003703
0.08525374091
0.08459086248
0.08775527021
0.07629617855
0.0837180891
0.08216729029
0.07689980349
0.09121596947
0.09038094961
0.08374568722
0.08760314502
0.08989715707
0.08533284697
0.08272757604
0.1037189738
0.104564834
0.1135499108
0.1006939231
0.08956428474
0.108525221
0.09981644947
0.09082604406
0.08378737145
0.08617677423
0.09028750317
0.1075228203
0.1115935155
0.09583825249
0.08319311921
0.09972726602
0.1008377217
0.08990448421
0.09424918657
0.1069373196
0.09533408697
0.1008715793
0.1027012687
0.09599429841
0.09023502936
0.09231884799
0.09041996415
0.1018276303
0.1093085904
0.106054934
0.09897562937
0.08947988758
0.08082191016
0.09508039285
0.08573431818
0.08276288507
0.08277631117
0.09795327072
0.106894933
0.08109022824
0.08673659224
0.09248641478
0.0883590442
0.09965584609
0.09960577772
0.1062847805
0.09929613498
0.0998381211
0.1031584161
0.09913173908
0.08573429984
0.07234938482
0.07989976798
0.1000359256
0.09143043074
0.0849472498
0.1055958827
0.08693980726
0.08730411389
0.09282425963
0.09635599178
0.09862657931
0.1000624983
0.1039652546
0.1072351981
0.09763178252
0.08778209288
0.08105975309
0.1024374043
0.1246104043
0.1202550724
0.09794501942
0.09407142744
0.08625273386
0.092666641
0.0902438652
0.0982094256
0.09639183568
0.09278598037
0.1020819417
0.1008206387
0.09391963361
0.1038946221
0.1024838784
0.0966666581
0.1125501925
0.1015945119
0.1013970303
0.09761899179
0.09707710795
0.09670041101
0.09364157469
0.08830473183
0.08631787652
0.07592310913
0.07387967441
0.07845706346
0.08407221758
0.09164322064
0.09417217948
0.08999749328
0.09707914326
0.0911995982
0.07885853177
0.08097916528
0.07795474799
0.08103250879
0.08202089035
0.08171408689
0.08722304511
0.08975693698
0.09309531016
0.09301150771
0.09345312362
0.105316137
0.0987678887
0.09939393605
0.1013296581
0.09561679288
0.08782496301
0.08864275844
0.07201870216
0.0802689813
0.0928946522
0.0836791809
0.09283996257
0.09776717756
0.1011776801
0.09600903698
0.09434560343
0.08804950835
0.09531390637
0.09459666186
0.1048751354
0.103483365
0.1031894127
0.1038207349
0.08967033052
0.08833711132
0.08685582683
0.09108893612
0.086917383
0.08168141712
0.07632229666
0.09064242824
0.09947923391
0.1009079176
0.1030410317
0.09127839621
0.09051944086
0.08656255696
0.103555507
0.09316002734
0.09137282371
0.07371775529
0.07489064819
0.07320451417
0.08513896462
0.09395488539
0.09830305149
0.09550586883
0.0839262989
0.08096831457
0.0925400397
0.09792489156
0.1119469101
0.1121928489
0.1139376707
0.1150324341
0.1047490963
0.1077660858
0.09825752533
0.0841743303
0.08658404522
0.09244708192
0.09861815969
0.1062362112
0.09167389496
0.09316997639
0.1006244421
0.09699968294
0.09858505604
0.1013990836
0.09173692498
0.08908781702
0.08158960759
0.07665203575
0.08646467118
0.1084891053
0.1148920149
0.1111277842
0.09515682344
0.09985091067
0.09874103729
0.09255546354
0.09920393402
0.09845762267
0.09560638947
0.08620438737
0.1098403161
0.1083020607
0.09704988602
0.09678128479
0.0978149219
0.1045334292
0.1009129477
0.0918273301
0.08720907368
0.08638727676
0.07332464641
0.08571902232
0.08863780606
0.07992867853
0.1009471709
0.09464631259
0.1021208397
0.09885591405
0.1042249478
0.1183266607
0.0862318638
0.08848922162
0.08858690214
0.09202087298
0.08219352496
0.09687459767
0.1071901837
0.1053230962
0.09340299832
0.103185345
0.09927913792
0.1004061068
0.09649250224
0.1066529815
0.09651748564
0.09134269762
0.08959888407
0.09572901978
0.09051559442
0.08336585921
0.09867816521
0.0910721001
0.08706928438
0.09131421933
0.1031269239
0.09070218267
0.07869384955
0.0709787446
0.06992463113
0.06455949151
0.06975058045
0.08046173944
0.09484584473
0.09660297875
0.084583097
0.08868693345
0.09296360083
0.1054225044
0.09300317427
0.09862484011
0.08073278873
0.08468141199
0.07905531903
0.07687983705
0.07387565846
0.07538502774
0.07181562419
0.08571571547
0.092638654
0.08906148629
0.08639982807
0.07659271925
0.07421758585
0.06466105702
0.05755111961
0.06411052037
0.06654628161
0.07673697054
0.08291582866
0.08021527357
0.1058394214
0.09893567008
0.0937644779
0.08893248499
0.07850983623
0.07570848739
0.08392731685
0.08603145009
0.08018041094
0.08098441963
0.07732276249
0.08408166566
0.08716613373
0.08745898356
0.08553463885
0.08070703368
0.08002460683
0.08277787416
0.07626309607
0.0949036196
0.1032921949
0.1081408012
0.0917889471
0.08424945481
0.09559558459
0.08953727415
0.09242701187
0.09694881576
0.07636379001
0.06104443875
0.07074302603
0.0766951592
0.09077050965
0.09699546008
0.09136811594
0.09989766821
0.0942789948
0.09425120041
0.1039528312
0.1110512238
0.1025073466
0.1154507007
0.1155314086
0.107590138
0.1036777991
0.1087164216
0.1005029442
0.08865533813
0.1081499983
0.10893269
0.09518497244
0.09228784525
0.07912540294
0.07015576014
0.07186685464
0.07779175615
0.09853895587
0.1118809287
0.1015907714
0.09878398361
0.1229402742
0.1195231699
0.1093686753
0.1103853833
0.1177200996
0.107739081
0.09633951602
0.09985860345
0.09778585721
0.09653303602
0.09096909809
0.0932009293
0.09493852802
0.09790758278
0.09999371494
0.1037878231
0.102159349
0.09485362873
0.1012741135
0.1051933592
0.07717561921
0.08228016781
0.07670447548
0.08558893488
0.08965171579
0.1027901498
0.09180939227
0.08580702978
0.08094027676
0.0787082409
0.08685138381
0.08403996194
0.09989274924
0.09064196561
0.1028917403
0.1037783424
0.1083695574
0.08926189056
0.09208218926
0.08701933402
0.09550615557
0.09074425631
0.1001521156
0.09329203715
0.09674058189
0.08392882272
0.08702595278
0.1049902459
0.1100162212
0.09928312922
0.09670483513
0.09663538181
0.09997105871
0.09415975788
0.08241608569
0.09207129806
0.1168795923
0.1033734053
0.1043441477
0.1067583163
0.08091712281
0.1025620256
0.1055456281
0.1061190229
0.08907887447
0.1008340722
0.09766086312
0.1003072645
0.106434812
0.0988382102
0.08987540411
0.09961506611
0.1100098444
0.1013996871
0.09862961997
0.08742415617
0.08755817903
0.09757179451
0.1076280233
0.08402046339
0.09107440603
0.09632665547
0.1011505964
0.1020905631
0.1032356649
0.09351469332
0.1048269125
0.09306390428
0.08532206159
0.08820350356
0.09337902339
0.09931738246
0.09905073548
0.1060539383
0.1047273339
0.09306402139
0.08086975409
0.08324576837
0.09621624448
0.1026673774
0.08771070498
0.07723062885
0.08438607057
0.08342690342
0.0992385531
0.1119001361
0.1094430295
0.101288036
0.1029660524
0.101508869
0.09857649941
0.09331606267
0.09239560157
0.08442198967
0.0918127282
0.0919182017
0.09014198
0.08804248689
0.09684097681
0.09986951513
0.086110565
0.0965866353
0.1103361399
0.1071972619
0.09142223901
0.07520912272
0.07959210709
0.08565173805
0.08514233362
0.07336077444
0.06800602479
0.06000068405
0.06870194675
0.07465737426
0.08729490159
0.09861088386
0.1025512417
0.08927701713
0.07968177143
0.08126235632
0.07600592754
0.08351782065
0.08654756951
0.09831358223
0.08981915114
0.09456231322
0.09380082801
0.0914510792
0.07734185329
0.08905222978
0.08566538881
0.08656610332
0.08233146797
0.09260376592
0.08755976713
0.07636086233
0.08173931752
0.07761129699
0.08954564202
0.08199276395
0.0682621391
0.07184455309
0.08292877953
0.08702655237
0.09335729228
0.09115028138
0.09954054386
0.1031387687
0.1115693634
0.1007584458
0.1033585742
0.1101901973
0.1052425738
0.09399021471
0.09156431091
0.09900865116
0.09153626565
0.08194674812
0.07280463068
0.07733896451
0.0962088222
0.08751390066
0.08792369299
0.09273517447
0.09969977069
0.09575494742
0.1011157667
0.09929455973
0.09885284512
0.09600859813
0.08742693973
0.09007841178
0.09260106032
0.1006410175
0.0985198254
0.07611535912
0.07399467255
0.07870938114
0.08374052391
0.08263212626
0.08165578275
0.08788544826
0.08384104527
0.09416279134
0.0883694019
0.09587512062
0.08881350363
0.09254751422
0.08988455462
0.0840778431
0.09296789419
0.08674359662
0.08479542503
0.09544415175
0.1006488432
0.09070186121
0.0885712772
0.08683936016
0.0748262499
0.0684721848
0.06909289517
0.07920562026
0.09053286039
0.09531186328
0.09059810191
0.08146762939
0.08397178243
0.08773935591
0.08906887167
0.08641381956
0.0904566862
0.09111078575
0.07965446915
0.08087291451
0.08398812131
0.08890100021
0.09029316226
0.08023392041
0.07683483962
0.07066553594
0.07822468971
0.07033207954
0.06560363527
0.06711525011
0.08121209289
0.06916841245
0.07689333273
0.06599638781
0.07102452102
0.06837929654
0.07921872685
0.07261752615
0.06805358703
0.06816634237
0.07698785247
0.09267978068
0.08350181398
0.07048501192
0.06492076821
0.07064976644
0.07963973712
0.08108363341
0.08311509244
0.09430877568
0.1000694225
0.08727402713
0.07606680539
0.07474677975
0.07949242067
0.09803658274
0.08849297769
0.1002639557
0.09662018108
0.1064264977
0.09029536341
0.0997848179
0.1082480674
0.1114811014
0.1141366055
0.09377357517
0.09566610364
0.09333644567
0.08771320427
0.09234202163
0.09424749365
0.1012430251
0.1115018279
0.1073123614
0.1146681783
0.1233486733
0.1342924306
0.1233984745
0.1175819567
0.09755846582
0.09483204555
0.08625258831
0.0980608098
0.09273013884
0.09792352642
0.09753238816
0.1022978335
0.09791740078
0.09539602598
0.09301010567
0.08921022775
0.09951177977
0.09944015416
0.101629664
0.1029544521
0.1039672111
0.09907543758
0.1006832044
0.1078134482
0.09726770215
0.09010150638
0.1000644399
0.09731388838
0.09665685547
0.09474837976
0.1029436007
0.08633672187
0.08452122125
0.08937236526
0.1108277323
0.121587739
0.09378836498
0.08592828917
0.07352574245
0.07118043212
0.07961572295
0.07749677399
0.08473098947
0.08161484488
0.08690352453
0.09429562304
0.09244382688
0.07532346689
0.08009870187
0.09751266142
0.09818058247
0.0975276109
0.09681273702
0.11079667
0.0989620839
0.09399569545
0.08491758228
0.08904528478
0.0900051874
0.09363045486
0.09445858295
0.08695300917
0.09586702363
0.09929638582
0.1046599671
0.0971011273
0.09640389356
0.08469891176
0.0891620797
0.08314695142
0.09262451893
0.1047287427
0.1021699006
0.1084025156
0.09177125137
0.09928063893
0.09412237545
0.08697619444
0.08130475695
0.07661338237
0.07695434743
0.0827352967
0.09251538591
0.09247058989
0.1083434361
0.1057602706
0.1079712949
0.1113665163
0.1137104186
0.1022092691
0.110893459
0.116029924
0.09375132195
0.0807454551
0.08599748568
0.08686379925
0.09551596718
0.09554496369
0.08217472708
0.07888311676
0.08636539512
0.08542601473
0.08574779559
0.09271284404
0.09551847156
0.1050910505
0.1100629568
0.09756220634
0.1076504975
0.1000075498
0.1062489983
0.1246831783
0.1184060783
0.1182467757
0.1103551486
0.1021806326
0.1040387438
0.09035802173
0.1016058228
0.1046909474
0.09109677143
0.08361340816
0.08808935041
0.09623589303
0.09223795913
0.08443567895
0.09739772434
0.1037701257
0.1037301371
0.1014782185
0.1146019325
0.08903962075
0.103051362
0.1021048339
0.1104730441
0.122283798
0.1028797268
0.0950332919
0.07595641932
0.06689615009
0.06129518954
0.06946474449
0.08607499312
0.07894440946
0.08901885035
0.08856808218
0.08967774956
0.08374745599
0.08210047229
0.08186790066
0.09854855625
0.1057885652
0.1120350821
0.1161814959
0.1096802125
0.1091968747
0.1044726854
0.09432367618
0.09385314151
0.08498388343
0.08353794822
0.08513613316
0.09042093041
0.09150539226
0.08827962477
0.07896767256
0.07624950406
0.08728134362
0.101307848
0.08632044346
0.08518612525
0.1023218475
0.09471472798
0.08907630974
0.09998630045
0.1000238391
0.09979137126
0.09690939588
0.0905244433
0.08753726789
0.08586397974
0.09155683659
0.09366952678
0.09310134055
0.1081303498
0.09465270891
0.09759412762
0.0964452176
0.09370950465
0.09846594145
0.1049662788
0.0896925785
0.08957693343
0.08078304707
0.07778658672
0.07377933119
0.08428010449
0.08519645396
0.0820354725
0.09173401732
0.09943361682
0.09142979677
0.09124272067
0.0833329416
0.07483806443
0.08259573555
0.09541080335
0.1027141682
0.09621134631
0.08719043654
0.0932876831
0.07368381326
0.07833321656
0.08742137829
0.09630511003
0.09189886363
0.08344393403
0.08142299791
0.08704153991
0.09815221414
0.09669016005
0.09313965303
0.09490889372
0.1000775355
0.1104467333
0.1119596136
0.09864013627
0.08357807634
0.08828440084
0.08654458565
0.08584005764
0.1058741934
0.1010300796
0.1081154853
0.09484927737
0.09744063927
0.08392328454
0.08352730703
0.08842439442
0.08694804028
0.09425535876
0.1057256766
0.09265544892
0.09024937498
0.07820498366
0.07365677064
0.1047926575
0.1079102502
0.09735163813
0.1089964887
0.107784642
0.1126792046
0.09064091547
0.08357084229
0.0874787054
0.09314751145
0.08784665937
0.09270867184
0.07141577685
0.08187704006
0.07741868549
0.07628066454
0.08153080404
0.08673992524
0.08062095347
0.08555993275
0.08557331034
0.09441832436
0.1173051299
0.1142816095
0.1168508826
0.08393887109
0.09375674354
0.08398288544
0.07065259008
0.06405054378
0.07823425418
0.08449020351
0.0943544969
0.07787044711
0.08517477893
0.0875805324
0.08251523975
0.08419209922
0.09548796639
0.1035745607
0.09862783441
0.08947215733
0.08157633631
0.08506920484
0.07518469907
0.1121766652
0.1042296158
0.1043818685
0.08449927429
0.08390612332
0.09501405703
0.08914953996
0.09078823661
0.07360639982
0.08297946434
0.08188477663
0.09735519214
0.104110254
0.09922630505
0.1097062838
0.08190938961
0.0760997896
0.09191901738
0.1053313359
0.11368103
0.09118724741
0.09216157159
0.09579757568
0.1023452369
0.09602353504
0.09644462073
0.09772326992
0.1114679505
0.1190933495
0.1089051925
0.0960422349
0.09243027107
0.1002234836
0.09436856143
0.08981115417
0.09294234599
0.1084314039
0.100912508
0.09412801034
0.1063642361
0.07442519303
0.084422349
0.09458885309
0.0977220951
0.09309595121
0.08502058291
0.09153659275
0.09406416713
0.08566115741
0.08489504472
0.1070867522
0.1078772404
0.1004963012
0.1118894722
0.1178505518
0.1110269002
0.1062130828
0.1008613965
0.08494900495
0.08124642246
0.0991856689
0.08229610576
0.08466306733
0.08759169139
0.0840892173
0.09964216921
0.09100734653
0.09960905613
0.09913059457
0.0978262669
0.0887754656
0.08487508316
0.09568153091
0.1005503705
0.09377962497
0.09701500035
0.1056489004
0.1022102533
0.08938811764
0.09800404551
0.08646962078
0.09438583794
0.07696255048
0.08994412011
0.1021008632
0.1107126625
0.1061431047
0.09650023829
0.08745280575
0.07999530384
0.08493225684
0.08786164446
0.09721283737
0.09426582848
0.09602612412
0.1012437292
0.1007092833
0.1123921937
0.09771272346
0.09337474283
0.07756190179
0.08072066271
0.08523293657
0.1081247896
0.1015573266
0.1103571716
0.09737199815
0.1007761922
0.1052770626
0.09525936475
0.0977184684
0.08798569397
0.08381193343
0.0788577062
0.07593612116
0.07031686841
0.07850630848
0.07951528523
0.09055345015
0.0824486123
0.09591854134
0.117089567
0.1228175559
0.1123776252
0.1167753687
0.1097120565
0.09292359355
0.09359270355
0.09182525098
0.0964956434
0.100168459
0.1066426213
0.1004284465
0.08894463224
0.08528886234
0.1064070866
0.1145887939
0.1017633332
0.1003979256
0.1052690496
0.1098882379
0.1065111213
0.1125955771
0.10129815
0.1027832434
0.1110027259
0.1205611844
0.1044780301
0.1020555273
0.1004967759
0.1015096156
0.0909929342
0.09168792804
0.08983872059
0.08711731211
0.07824699207
0.0860717955
0.0898411659
0.09636278559
0.107070734
0.09542123907
0.09524934009
0.08015179954
0.07759350214
0.08682368244
0.08025394103
0.0821931049
0.06840089596
0.08640406535
0.08918003214
0.08283833884
0.08584785833
0.0761382627
0.08641545852
0.08827798604
0.09875766434
0.1059471984
0.1236517787
0.1177239599
0.08774092602
0.08885286087
0.09048812417
0.07687302631
0.08570203018
0.07664486587
0.08519724266
0.08435422449
0.09487483077
0.08347622568
0.100255334
0.09980443118
0.1050937008
0.1039408248
0.1045037506
0.1041881688
0.0937734988
0.07972324597
0.08540280973
0.07951978483
0.09900470777
0.1007260177
0.0971815184
0.09245137591
0.07942522147
0.07790226193
0.08308692472
0.08584872408
0.07951138562
0.07852341662
0.08286460264
0.0838771539
0.07656571202
0.08478149834
0.07244229858
0.08691078096
0.07983153307
0.08664467353
0.09000744925
0.08649520505
0.09305898971
0.09336329171
0.08272556987
0.08080227226
0.08151785285
0.0865338873
0.09026511819
0.07790359014
0.0911535629
0.09819749427
0.09164632849
0.07837952149
0.07376038305
0.07796666608
0.09779751373
0.09664401891
0.09266917565
0.09986665533
0.08846050984
0.1002045339
0.09872221574
0.08898041604
0.08546740471
0.0925498061
0.0909944219
0.09174449239
0.09269252699
0.1123434518
0.09411768462
0.07405682964
0.06900374906
0.07199371031
0.09336999924
0.1098020299
0.1123163522
0.105702966
0.1061544361
0.09750871919
0.09412557937
0.08008064432
0.07672087472
0.08651404591
0.07741149212
0.0737688501
0.06830388336
0.07752356689
0.08352801667
0.07691075429
0.07313894291
0.08108119369
0.08867470732
0.08730599081
0.09526189958
0.09798979682
0.1063422048
0.09796721851
0.08260240856
0.09234905793
0.1036423021
0.09994420428
0.09493395626
0.08096645954
0.09144832845
0.09869590251
0.1046787737
0.1087310525
0.1148860653
0.09915168846
0.1039090837
0.1049835511
0.1018440389
0.09605191923
0.1053634345
0.1137707139
0.1014223388
0.09633647007
0.09886341326
0.09056136917
0.07487887346
0.08160137912
0.07436250214
0.0830725522
0.08216849105
0.09529979519
0.0989000705
0.09333206517
0.08847838067
0.09472110092
0.09330234481
0.1024172728
0.09549746349
0.1008215586
0.08699636144
0.08425354646
0.09441172485
0.08421880023
0.08715589438
0.08998426561
0.09219814128
0.08756609995
0.09234615777
0.09470877772
0.08318698585
0.08618998945
0.09057133439
0.08513976549
0.08091030999
0.0846363075
0.0825902074
0.0873743678
0.0915876252
0.1013120074
0.09479455799
0.07773382403
0.08300934827
0.0882128121
0.08890324427
0.09021923898
0.08513313436
0.08558964048
0.08990432457
0.08674717952
0.07433199608
0.07699865081
0.08595847485
0.1110858253
0.1147953622
0.1036074557
0.09180932381
0.09570580331
0.09055505203
0.08720533821
0.08780857669
0.08674179561
0.09192082573
0.1027573235
0.1109674146
0.1013506848
0.09834707695
0.08522226848
0.08920085594
0.09192416026
0.1066963327
0.1059750658
0.08733697451
0.08156770088
0.07290559372
0.09034967615
0.1009770818
0.1020451316
0.1003704247
0.09881249354
0.08774403493
0.08474246931
0.08362946465
0.08815609799
0.08973590832
0.1013007507
0.1072601832
0.1112809804
0.09255368348
0.09576357324
0.1018388172
0.1011616665
0.09708463269
0.09121243818
0.08654763676
0.09260268432
0.09334511023
0.09224452555
0.09475975854
0.09128301614
0.1018104964
0.1011588141
0.08668863428
0.09628334164
0.08888880208
0.08276356711
0.0826021506
0.1127862181
0.1000969559
0.1023888073
0.09964577953
0.1121726307
0.09302156092
0.0938031762
0.09421046383
0.08617577714
0.1012315655
0.1105944533
0.111408645
0.08605288561
0.08443782755
0.08842052704
0.08737412079
0.0863962204
0.08517285879
0.1024738321
0.1028776479
0.1022375877
0.1047617886
0.09597133149
0.08515092548
0.09141056116
0.1009560666
0.08633756795
0.08923961481
0.08412621357
0.09820663018
0.09914327658
0.0903134745
0.08291519962
0.08463305124
0.08094773031
0.08800451918
0.1043732776
0.1038702158
0.09318042243
0.1009763229
0.08964487902
0.08329389671
0.1036061186
0.09890331772
0.0842774621
0.08167361795
0.08060454765
0.08534459063
0.0798104193
0.09304476558
0.1112190358
0.1150367978
0.110288146
0.1072183941
0.1192639787
0.1181413726
0.108542137
0.09787407243
0.09314170386
0.08868272418
0.116204736
0.1137710678
0.09852583384
0.1064488961
0.1128238391
0.1137358556
0.1142344591
0.1137922522
0.1137215958
0.110370014
0.09651819208
0.0885037021
0.102830753
0.1061876507
0.1043129743
0.09967463195
0.1022092447
0.1114264645
0.1057845907
0.1078555916
0.1028748785
0.1033909099
0.1019490719
0.08266649114
0.0929334573
0.09650147743
0.09267467013
0.09135129243
0.08976117013
0.1025909556
0.1102311834
0.1097320137
0.09192306635
0.0912671492
0.09649455985
0.09254296976
0.1001289852
0.1056575504
0.09219422353
0.08210306474
0.09985819419
0.1074275582
0.07542901497
0.08257254823
0.09138577296
0.09114594606
0.08205604499
0.07809072483
0.08947808648
0.09304687143
0.0937726662
0.09691909626
0.1217282289
0.115419064
0.1022939567
0.1029615795
0.08548918064
0.08045830684
0.08529022434
0.09219351361
0.08635382476
0.07512699881
0.08599435677
0.07635369247
0.07926544823
0.07737360275
0.07838394675
0.08670938943
0.07909957897
0.0820411405
0.08776156309
0.09467585177
0.09186987066
0.09325259162
0.09156494177
0.0938956696
0.08017318412
0.06323449783
0.06796754438
0.07466576191
0.08123602609
0.08179429131
0.09075232535
0.09142690916
0.09032118195
0.08259411281
0.07310973356
0.0700173761
0.07071823778
0.07316356411
0.07502260288
0.08824099632
0.09297373826
0.0827024808
0.07997205789
0.08924674896
0.09205380718
0.09716409648
0.09596044829
0.09469845058
0.09719370055
0.09754996214
0.1059508902
0.09620673431
0.1032173443
0.107259225
0.1103448916
0.1057578948
0.1107113654
0.09770931233
0.09538305207
0.08971655649
0.09665167932
0.09483239902
0.08460475257
0.07763655015
0.0946256506
0.1000316588
0.0876882273
0.09650146552
0.1081338979
0.1197584359
0.08460772034
0.08467382623
0.08485418129
0.0993484422
0.08714340803
0.09851384944
0.1021392253
0.1113288375
0.09796502338
0.08296728241
0.08524682177
0.08331959162
0.08857014084
0.09519528515
0.08881937703
0.09429114978
0.09126849533
0.09129807754
0.08537442148
0.07466440908
0.09495584646
0.09604759219
0.09286922986
0.08344415192
0.07527096305
0.07949946678
0.07941805661
0.07644762492
0.08875773323
0.1001114622
0.1030875922
0.09288921564
0.08699669112
0.08876757789
0.08762343911
0.08254723061
0.07891609149
0.08106572764
0.08012731203
0.09216142878
0.08538901068
0.08468853185
0.08277008024
0.09135351144
0.1019277654
0.1044210053
0.1069304953
0.1117702163
0.1045688913
0.1061484785
0.07501297674
0.07758214085
0.0850601082
0.08448742936
0.08962758035
0.07814798326
0.08349609386
0.09318549565
0.08645277607
0.08829875803
0.1016702583
0.09172568968
0.08819942052
0.1008360401
0.09452795974
0.08509264889
0.08715756643
0.09995306362
0.08106112778
0.08705082695
0.1001071401
0.1078056555
0.08953403197
0.08741486719
0.08076952371
0.0837360315
0.09491501479
0.09999751508
0.09899166661
0.1124904992
0.09946849411
0.1183259429
0.1125563262
0.1145052318
0.1066958699
0.09025296255
0.09053855199
0.09194138843
0.09303381246
0.1043425428
0.09006998192
0.09422323747
0.1114160373
0.1259346342
0.1163189242
0.1026341995
0.09797483224
0.0928021016
0.09744172978
0.08375466284
0.08855487569
0.07384328391
0.07391268218
0.08986770455
0.1011206395
0.1079395363
0.1070550639
0.1112272018
0.08468660526
0.08653047119
0.07923631764
0.0735910479
0.0845812052
0.09304851399
0.08537821043
0.09120622802
0.09001410739
0.08562567516
0.08141469341
0.09119134568
0.09942303895
0.1237592451
0.1255871169
0.1245412345
0.1178968397
0.1310560683
0.1084054502
0.09471232081
0.09888732242
0.1097918251
0.126626389
0.123867431
0.1123515875
0.1008821447
0.1049214545
0.1043432442
0.1070501771
0.1128539627
0.1118168047
0.1061888334
0.1026097955
0.09977911904
0.09328744321
0.09995574353
0.09799696194
0.1034258493
0.1091595914
0.09608618755
0.100275096
0.09990068155
0.1075226382
0.1023365728
0.1060886081
0.1093603613
0.09914370622
0.09845752338
0.09295791618
0.08922309264
0.09893614773
0.101826485
0.1024914944
0.120196076
0.1189504893
0.1052517505
0.1027973339
0.1032566289
0.09583097473
0.0876335665
0.08073496967
0.08846990886
0.09735367435
0.1035709371
0.1085680952
0.08649814671
0.09332950155
0.105758043
0.1051769624
0.1006993823
0.08682921502
0.08501097305
0.1123457416
0.0915195778
0.08876855597
0.09593009352
0.08739660275
0.09474076648
0.09409484974
0.09176033718
0.09772660639
0.09833115052
0.1045711691
0.10961751
0.09632745
0.102680273
0.114203821
0.1057880754
0.09505493008
0.1017416913
0.09765711253
0.09985627645
0.08421859299
0.08081002808
0.09418653852
0.09904094963
0.08969350052
0.09893688534
0.1008176196
0.0997455465
0.09833117016
0.09452173468
0.09537698964
0.0920600993
0.1005176604
0.1066813397
0.09622077131
0.1027313315
0.1001229334
0.09358093903
0.1037718153
0.1026665165
0.09066455506
0.09327469683
0.08996395326
0.0926913891
0.1025947085
0.09966134661
0.1007146092
0.103481086
0.1070313901
0.09784474707
0.1031742857
0.1123662531
0.1079832717
0.09701494545
0.1000449275
0.1089141729
0.1019441583
0.09606162128
0.078385378
0.08402332477
0.0845489134
0.08615615519
0.09377920396
0.09552614218
0.1075341308
0.1208377605
0.114160286
0.1124598665
0.1184313746
0.09945358483
0.09273971472
0.1010459866
0.09924242655
0.09364146172
0.099861667
0.09529265452
0.1046443382
0.09615340697
0.08920896149
0.0934053893
0.08993559789
0.09682511726
0.08858073685
0.07540489772
0.06870100861
0.07948948677
0.08362277104
0.09632223067
0.09650347826
0.08688789525
0.09071211635
0.08989857044
0.08195860535
0.09077318555
0.08818220865
0.1089020951
0.08060889978
0.08256282639
0.08625917416
0.09585250303
0.08971823436
0.09341457034
0.09474137173
0.0931474528
0.09982039237
0.1000603382
0.09656493873
0.08360429214
0.08391566205
0.08042195179
0.08263953041
0.09535327654
0.1011046275
0.08990962053
0.09175570479
0.0842851459
0.09537971589
0.09563101351
0.0859157707
0.08665462129
0.0977400915
0.09478027179
0.1083678685
0.1110101579
0.1028601375
0.09879063079
0.08757764898
0.08583016093
0.08839250113
0.09613809247
0.09415827258
0.09188828457
0.09490590431
0.1023390357
0.09366591771
0.08531359843
0.09469659728
0.09180129391
0.1024138461
0.0976153746
0.09236320336
0.08909895173
0.08336673915
0.07322249194
0.08001334348
0.08150681693
0.09143428755
0.1009260856
0.1105932917
0.1001978763
0.09552471314
0.09053140698
0.09175829804
0.09132333813
0.09704299193
0.112225442
0.110264821
0.09225236995
0.08717305484
0.0859416707
0.08113345962
0.0807496515
0.07114906296
0.05929421955
0.06148253876
0.06494585595
0.0783146817
0.08490280832
0.08186816137
0.0862780981
0.09711843318
0.0926745701
0.1070619379
0.09740931177
0.07599132525
0.07968056542
0.08598500318
0.08918336773
0.09686458997
0.07971440035
0.08464505629
0.08011870718
0.09795159133
0.1010106309
0.1022950548
0.09237520433
0.08572732792
0.08565097489
0.100171426
0.09764388931
0.09705321249
0.08166209437
0.06970354474
0.09091335731
0.09550977689
0.100049198
0.09342612288
0.08741534305
0.09079250903
0.08875317831
0.1002551139
0.1010571857
0.08955660273
0.09191631751
0.09128879431
0.08556517054
0.07985721814
0.07953831487
0.08578410261
0.0882966009
0.107796557
0.09968671163
0.08221593677
0.08291695753
0.08669513275
0.09288422074
0.09097525872
0.09633159452
0.08909114219
0.09008775145
0.09598933398
0.09193158844
0.1036658488
0.105883559
0.1093720556
0.1100552038
0.1035369474
0.1081458982
0.1128591832
0.1050809363
0.1022042129
0.1088064945
0.1163756838
0.1159583954
0.09155830819
0.0904202814
0.09817525168
0.08853291392
0.07848823113
0.08498229823
0.07939813879
0.08914603089
0.09171634487
0.09730978242
0.1039979889
0.1016618066
0.1005305068
0.09209045409
0.09498624713
0.09664617263
0.09996285088
0.1028908341
0.09282323923
0.0857959479
0.08719011967
0.09501364777
0.08185453805
0.08751695531
0.08652455075
0.078598407
0.09416003687
0.09401156442
0.09945093442
0.090172525
0.08903441179
0.09957882887
0.1135124015
0.1156734995
0.1042089747
0.1032956564
0.1015338577
0.0914902207
0.08429934271
0.09742974923
0.1019268078
0.1090041911
0.09745086338
0.1052149855
0.102422681
0.1088142536
0.1118764298
0.09489515271
0.1005516525
0.08984559867
0.09989491222
0.09398473448
0.1007163093
0.09507448834
0.101079935
0.09920184777
0.1008316211
0.0960378337
0.09574612833
0.1027267747
0.1046492258
0.08810663482
0.1075471085
0.1072532003
0.1076756099
0.1062951344
0.09689896545
0.08783988287
0.08892283164
0.1008841762
0.1088959268
0.1189617
0.1156109512
0.1148559256
0.1054932618
0.100798124
0.1046910612
0.08628085417
0.08661354037
0.1002670367
0.1036259601
0.1006798877
0.10178792
0.1050483325
0.1089605582
0.100312919
0.08243209361
0.09546464822
0.09756263496
0.09630833661
0.09191698219
0.0856828312
0.08450123053
0.0916686396
0.09733437167
0.1022928863
0.09193907179
0.09892901805
0.0944821098
0.1035071385
0.08674240064
0.1100851891
0.1027684824
0.0978397199
0.09139344512
0.0861834891
0.09119506708
0.08521920435
0.08231786603
0.07553460785
0.09405999993
0.1007583081
0.1047121713
0.104837188
0.1116721027
0.1112026772
0.08019250542
0.08902449142
0.08750306883
0.07971205683
0.08121016653
0.06517857078
0.08210663012
0.1134108073
0.09690743891
0.08015809359
0.08439570905
0.09598727151
0.1063543579
0.09094046163
0.07177293047
0.08031141002
0.08951906831
0.0880690548
0.0846443362
0.08812435025
0.0915183669
0.09000870339
0.09111788928
0.1004852102
0.0917908037
0.09265264305
0.08684017321
0.08105335338
0.09040195902
0.0885087448
0.1014540677
0.09558076092
0.08817164505
0.1135810934
0.1266621419
0.1289669808
0.1253534488
0.1051384482
0.1065280361
0.1015491816
0.08287410399
0.07281656769
0.06480254903
0.06726196992
0.06895769199
0.07251884409
0.07179918203
0.08255306028
0.08735211158
0.09643465193
0.09013132356
0.09661369786
0.08445719683
0.09357511543
0.09658978564
0.09932925716
0.1016845714
0.1081528842
0.1105802454
0.1063963224
0.1097330974
0.101094464
0.089999961
0.07348844421
0.0731254221
0.06681772433
0.07980486646
0.07175825783
0.08355622966
0.08162608865
0.08957706713
0.09411014202
0.09334631942
0.09030063387
0.0852539578
0.08561242219
0.1003598249
0.101785262
0.1090120144
0.1128655418
0.09911391902
0.09794895673
0.09446833179
0.09295998507
0.08530965714
0.08203488681
0.08604241466
0.08297187357
0.08697056977
0.09211474422
0.09746124021
0.09091444097
0.08791914385
0.08543467407
0.08651701874
0.09568064306
0.08907307203
0.07607096041
0.07438607075
0.08835228737
0.08907244088
0.0988131353
0.1138604112
0.1165124507
0.1208931907
0.1046498514
0.09377253461
0.09424549412
0.09376420759
0.1060994432
0.08855371616
0.09435197954
0.100665077
0.09823562505
0.1121970091
0.1012698482
0.09257130362
0.08169284838
0.07689553764
0.07813524327
0.09192603286
0.0990133911
0.08728129562
0.1024308543
0.07841703381
0.09103484355
0.08622584759
0.09368845886
0.09368791942
0.08610057002
0.07796021918
0.08591609591
0.08979920439
0.09295601244
0.07841827333
0.05698745829
0.05839476386
0.06179116987
0.0727425948
0.08169859228
0.07896719669
0.08561551774
0.08977956617
0.08819431349
0.09455274136
0.086239685
0.0875114575
0.08889797506
0.07709182198
0.08081593415
0.08611924334
0.08592828012
0.08698030966
0.07840139969
0.09307527625
0.1009575862
0.09962731004
0.08800544191
0.07567254499
0.08257323749
0.08320446957
0.08454691432
0.08328110801
0.08488243297
0.07214913309
0.06822172029
0.07266110894
0.07078696954
0.07128495733
0.08150894927
0.08312363648
0.07897034836
0.07967311818
0.07926639171
0.08571742203
0.08662806149
0.08734897777
0.08033113712
0.09496488752
0.09044807947
0.0899489098
0.09862850823
0.1009706682
0.0988142979
0.1087629813
0.08563010215
0.08065245794
0.09355737572
0.09147368932
0.09328222815
0.09296874386
0.1009057234
0.1169138206
0.0975513707
0.1098877798
0.107514438
0.1065683246
0.1060207107
0.1013086706
0.09532137366
0.09743422934
0.09825432541
0.1012050325
0.09301248749
0.09699601398
0.09522559195
0.09040626385
0.08796803733
0.1037428022
0.1017838507
0.1203230676
0.1188213882
0.1134987585
0.1003096861
0.1109556624
0.107461819
0.1062833058
0.08331583687
0.09407269143
0.08437587369
0.07908783738
0.07983607238
0.08476857803
0.08055101832
0.08389315234
0.09212011883
0.07413197939
0.07690435438
0.07265521147
0.09676589678
0.08479370913
0.08066279184
0.09978114454
0.1143917747
0.09904344594
0.09420767085
0.1026860653
0.1015123735
0.1076824284
0.1028797812
0.09057882258
0.09284517347
0.09474751737
0.08853969326
0.0898196615
0.08135702889
0.07861074476
0.09711934406
0.09478319805
0.08439034615
0.09061905142
0.0901253345
0.07849128292
0.08764767628
0.1056748642
0.1025249401
0.1068175282
0.1060527174
0.1071039011
0.1002469316
0.1159034054
0.1057654692
0.1068923673
0.09649791069
0.09123716151
0.09996993343
0.07357862021
0.08291620446
0.08127477896
0.09349726712
0.07111273116
0.08833268568
0.07053235945
0.07030847672
0.06378283686
0.08130721659
0.09813715263
0.1002253867
0.09701929302
0.08942905507
0.08353261094
0.09402947907
0.09653022679
0.08766312096
0.08711726021
0.09397686204
0.1079789143
0.1007111148
0.1023521357
0.09517269261
0.08509654769
0.09048672857
0.1049388619
0.09871602664
0.1104646894
0.09596908607
0.08949026682
0.1022711074
0.08412954645
0.0883836546
0.09480623944
0.1021509641
0.09844962487
0.1020732356
0.09812339099
0.09180841024
0.08328629466
0.08308381239
0.09597937922
0.09206303349
0.09549932169
0.09347310306
0.09372797463
0.1073173723
0.09478792229
0.08677965232
0.09077430795
0.08264710115
0.07741069085
0.08495901893
0.1096618247
0.1056149479
0.09751763096
0.07999046447
0.08274923862
0.07977969674
0.07643091899
0.07172379461
0.07359354669
0.08576700838
0.1144562328
0.1161792413
0.09529253197
0.09222651794
0.09987855964
0.08305526369
0.08589411425
0.09553272267
0.09286287
0.09406229406
0.0929572533
0.08657101405
0.0833131395
0.08720382349
0.097304441
0.09692688985
0.0864331708
0.09586087694
0.09385851292
0.1000400868
0.1030463928
0.1103117263
0.1143977781
0.1128840493
0.1027736956
0.1154251108
0.1066341099
0.1075205676
0.109885123
0.10023916
0.1040738847
0.1066746334
0.09264182869
0.09310206824
0.08203477681
0.09301932154
0.1022382622
0.1038943321
0.1005558781
0.09902582462
0.09140786684
0.07972496933
0.0891590926
0.08979153833
0.09311954791
0.1011950696
0.09330940136
0.09531119626
0.08368791884
0.08728041087
0.1096662654
0.1066611611
0.09842309156
0.1083522566
0.1091887966
0.09744961715
0.08518638894
0.08476594969
0.0832970485
0.08359434801
0.06876785282
0.0788496507
0.08621457265
0.08586905075
0.08287838266
0.09267664671
0.09434831769
0.0981876037
0.1090646588
0.09899358967
0.09961132931
0.09507532419
0.1095044969
0.1022563746
0.09789810598
0.1157911944
0.102121528
0.1072159874
0.08447571989
0.07616717909
0.09637479307
0.08197613668
0.07919768081
0.08710612541
0.08003326589
0.0776653029
0.07855757211
0.08140160571
0.07992022788
0.08889929848
0.1012041895
0.1053653099
0.1010828969
0.08392708575
0.07697615865
0.07319050729
0.08375578283
0.06719534891
0.07199094768
0.08682506796
0.09030996778
0.08453090107
0.09322811188
0.09773788619
0.1035926057
0.1012690268
0.08911497587
0.08754070144
0.08488178399
0.07530755022
0.07721153724
0.07970973639
0.0814030759
0.08298468083
0.09271141949
0.09073561341
0.08300545629
0.0935573141
0.09735196502
0.1038206342
0.099268948
0.09221394315
0.08644592182
0.08299969244
0.08459684492
0.09383698783
0.1008514882
0.105997782
0.1023489713
0.1005767459
0.09098221092
0.08359567632
0.08311951957
0.08576730099
0.08253389136
0.08471674093
0.09863608333
0.08809293102
0.09274505208
0.09431722043
0.07312476145
0.08148040365
0.06978797878
0.06985741442
0.07300441104
0.07474920915
0.07739286949
0.08429391585
0.08811376957
0.0850741539
0.08880457435
0.08694926337
0.0820631627
0.08607176888
0.09802303005
0.09050897413
0.0886393227
0.09411048944
0.1026184432
0.09386190125
0.09349131786
0.08326004888
0.08524508523
0.08978970225
0.08896614544
0.07752500827
0.09383896698
0.09339333267
0.08886283887
0.09338921729
0.09561786774
0.1017425741
0.09362193629
0.09095022228
0.09167854094
0.09905595593
0.1023640896
0.09746551631
0.09610277361
0.08615269856
0.1007902645
0.1062417636
0.1017275765
0.1033920789
0.1113420383
0.1063987688
0.0916981813
0.08995928419
0.09941014729
0.0961260621
0.09008190532
0.09162601993
0.1037850006
0.09268482366
0.08773908512
0.09333807991
0.1033183437
0.09996923644
0.1104464674
0.09656617234
0.1204793612
0.1027270239
0.099366067
0.1026278741
0.09478400876
0.09673737997
0.116272818
0.1252925865
0.1027459748
0.1049856814
0.09256640085
0.1062011627
0.09380988225
0.09111518643
0.09736018569
0.09139295255
0.1087852644
0.1072670512
0.1272823127
0.139409661
0.08335538085
0.09515680836
0.09072555466
0.09381654063
0.09668815569
0.08570136757
0.07441726099
0.07169812736
0.08446398158
0.08704096822
0.1006778338
0.09369608276
0.1095030169
0.1299079316
0.1248888579
0.1179929039
0.1140668438
0.1141422838
0.1173186513
0.09309485509
0.1178821002
0.09936105331
0.10283604
0.08191404127
0.0992966542
0.09113455668
0.09096258157
0.09806036029
0.08969540684
0.09120477851
0.097680107
0.1016863367
0.1001048023
0.1004894368
0.09535138648
0.08878976546
0.09467522275
0.100239074
0.104982384
0.1163627371
0.08226421037
0.09217646135
0.09586656881
0.09188725601
0.0915306969
0.08490532532
0.08572604811
0.08163638913
0.07637301452
0.08697805472
0.08645097268
0.08984521996
0.09683932107
0.09307160977
0.08775643454
0.08069351875
0.08260904429
0.08029322421
0.06833304642
0.08071401644
0.08995629685
0.09480006279
0.08931632286
0.09878202401
0.09248808559
0.1107301699
0.1137986024
0.1008201775
0.09501371065
0.09360072707
0.09742268784
0.1022571603
0.08656600933
0.09371924979
0.09937072335
0.09474857411
0.1009002634
0.09926838065
0.09486409159
0.09262632795
0.1228487477
0.1165113414
0.1053714305
0.09914296335
0.09269834126
0.08822057589
0.09568971673
0.08599411515
0.09806513815
0.1028254132
0.09439604774
0.08516694441
0.08191582201
0.08498175488
0.09908201785
0.1087799922
0.1144026389
0.1187099688
0.1132091943
0.1346994868
0.1052702437
0.0977013682
0.1123383433
0.09814280662
0.09876964849
0.1008667649
0.09867946736
0.09674403634
0.09338398731
0.1023170371
0.08164655444
0.08376550561
0.1025701581
0.1050423095
0.1057123074
0.09381679264
0.09929386869
0.1100758263
0.1214504497
0.1023179952
0.07503148131
0.08057599395
0.08567616906
0.09743523924
0.1034328264
0.1028934949
0.106335536
0.1155122722
0.1098605396
0.1101291041
0.1104055192
0.1180147893
0.09136379885
0.0872581287
0.1016759939
0.09443923621
0.1004118862
0.08227352922
0.07597713664
0.07753580165
0.09994543191
0.1017940064
0.09360735192
0.0836151344
0.0872701691
0.09572198788
0.09287145487
0.08431925203
0.08404783987
0.1038760129
0.09065204508
0.09594244556
0.1121683205
0.0891331624
0.09761114265
0.09765218579
0.1054177709
0.09580243541
0.08344345262
0.08763380529
0.08171635909
0.07942479132
0.08524170796
0.09409691066
0.09187299523
0.07933676962
0.09331306074
0.09436112909
0.1051275048
0.1078764998
0.09672103397
0.0875920426
0.08752008026
0.0969109395
0.08918368813
0.08702525619
0.08918927458
0.1025535073
0.1041636255
0.1023547026
0.105011988
0.1088933612
0.09384079158
0.08599201044
0.08456236072
0.09237684911
0.07534452373
0.0790339712
0.0777225105
0.07605011216
0.0731728847
0.08422038343
0.08150201263
0.08730344266
0.09500700515
0.08885530263
0.09766565402
0.0957191987
0.09386279426
0.1103137
0.1023170305
0.09718005746
0.1005378975
0.09408648187
0.08911494948
0.09524239809
0.09302634471
0.08384618605
0.08706863978
0.08814264905
0.08449603747
0.07673034371
0.09389115471
0.08516764455
0.07983931074
0.08348016902
0.08742646965
0.09655579724
0.09370353241
0.0858146362
0.09367163791
0.1009981576
0.1098903991
0.1114135296
0.1038910786
0.1003933508
0.09701543927
0.09071544159
0.09765661674
0.09582530548
0.09320133258
0.09860440352
0.1112752636
0.1076648665
0.09064043966
0.08198262752
0.07302818232
0.08121818104
0.08614198123
0.08981501014
0.08541648392
0.06946055386
0.06968411357
0.07856395183
0.1017128095
0.09990034576
0.09226070479
0.08255539076
0.08030245707
0.08702028694
0.09649419474
0.09513728241
0.09065845266
0.09681119799
0.09020850534
0.09182913565
0.08754084034
0.07771312026
0.07769647359
0.06570567882
0.08145053556
0.09882761157
0.104215572
0.1081349503
0.1066225305
0.1043509145
0.08595829788
0.09955172781
0.1083836551
0.1118549841
0.09223116309
0.08818246919
0.08877148182
0.09406210606
0.09911920891
0.09845151039
0.1061292998
0.09958583277
0.0847267549
0.09127430365
0.09866540181
0.1035997882
0.09571361878
0.09006728854
0.09420168938
0.1072307311
0.1114687324
0.1115488597
0.08340851164
0.08105633858
0.07915177383
0.07900261754
0.09102811644
0.1083557505
0.1050934053
0.09411695721
0.09662865042
0.1013389503
0.1048950417
0.1067775428
0.1170080798
0.1062987012
0.09556217131
0.09920316752
0.1025856492
0.1002949271
0.1012987262
0.1020361054
0.1125194781
0.1117259798
0.1149170772
0.110838767
0.09507007966
0.09324878364
0.1009354313
0.09475748963
0.08423822782
0.08228870723
0.07318747194
0.09015603254
0.06358516915
0.08378051825
0.09179705029
0.1001895157
0.08682585032
0.08927300697
0.1004070938
0.1056956592
0.09825170277
0.09304362796
0.09419394257
0.1012828987
0.0988667131
0.09400202159
0.09405492052
0.08160003244
0.08613889589
0.07822927493
0.08704160711
0.07351384365
0.1016860633
0.1055858184
0.1146965931
0.09250918476
0.1028141475
0.09786971296
0.08255958727
0.0682429361
0.07611262705
0.08730820412
0.09161019261
0.09317769597
0.09991319559
0.09366220129
0.09757643655
0.1087495696
0.0944781911
0.09311824723
0.0874830242
0.09601646933
0.07180846087
0.07381674352
0.07277866381
0.09853558131
0.08535103576
0.07771043102
0.06683994791
0.0687323781
0.08077716169
0.08317730699
0.07584962465
0.08070763107
0.08324832808
0.09247157507
0.08626026622
0.08708630084
0.08707429059
0.09438171595
0.09270493855
0.08589923926
0.09218844316
0.08595057966
0.09065497146
0.09187235046
0.07942362922
0.0917274606
0.09389599742
0.1068762536
0.1150720157
0.1065056566
0.1054042245
0.09519924944
0.09888986245
0.09316486093
0.1035387222
0.1063057875
0.09285656851
0.08832114013
0.09557691656
0.09783096371
0.09167727827
0.1003423161
0.09711514078
0.09165552663
0.08598009472
0.08639020386
0.08221117243
0.07529972689
0.07528650212
0.08400601775
0.08771423284
0.09049153826
0.0953702058
0.09749888134
0.09536080948
0.09680919501
0.09520885568
0.1137117877
0.117648414
0.1139609378
0.09568872859
0.09696370723
0.1057368055
0.110083304
0.1089944054
0.1069547751
0.09902320614
0.1001425861
0.1052157439
0.1075502499
0.1070853709
0.1034448681
0.1101376156
0.09615841279
0.09561910044
0.118951908
0.1083194067
0.1081165423
0.09214701725
0.1017895061
0.1027194885
0.1110249662
0.1018050849
0.09966722475
0.1017061677
0.1149776648
0.1056252915
0.1011852581
0.1182746458
0.09891019535
0.08904577046
0.09990383449
0.1109814141
0.1169080187
0.09557250257
0.0846343631
0.0906830374
0.09179604302
0.09829756032
0.1055269063
0.09830557234
0.09657844949
0.1078889144
0.1089003939
0.08759913727
0.07763923514
0.08122721416
0.08696740015
0.09140107382
0.08453076022
0.08502984599
0.1049152938
0.09195427069
0.09636470791
0.09823252793
0.1029201559
0.07854284143
0.07807536956
0.08626072334
0.09790590093
0.07484475338
0.08073904835
0.09050294583
0.1001561221
0.1115196566
0.1056103606
0.1078531792
0.1134684034
0.09012495015
0.08229990896
0.0912166892
0.1012401595
0.1033035633
0.1007252016
0.08748157052
0.06880855348
0.07995482481
0.08613579054
0.07698617825
0.06321451374
0.1001234899
0.1069141233
0.09436080545
0.09857707907
0.08387837486
0.0869657304
0.08660343575
0.08929783779
0.09428360043
0.1002815443
0.09339567175
0.08542415735
0.09488093539
0.1031584714
0.1018688494
0.09612529304
0.0857261319
0.1035057022
0.1098947891
0.09966527884
0.1163246823
0.1232945437
0.109604779
0.1031178435
0.09166074271
0.09175936008
0.1045022681
0.1022238773
0.102077802
0.09552248658
0.09543182424
0.09040932739
0.07707348473
0.07836395876
0.08417376011
0.08377109598
0.09832387861
0.09718422607
0.1080285052
0.1164187167
0.09525573967
0.08901188112
0.09038706713
0.1032008958
0.09015831613
0.09639726661
0.09901799874
0.10704726
0.105466252
0.09772657515
0.09472358931
0.08056122068
0.08822305468
0.09789651525
0.1064943892
0.1036402374
0.1005755398
0.0985633507
0.09049202384
0.0909951644
0.0901977096
0.1018715211
0.1315456273
0.1032973215
0.1028900641
0.1018040666
0.1196323819
0.1262865288
0.1230204282
0.09441720844
0.09294301666
0.1063744457
0.1038053896
0.08677497139
0.09270180719
0.09940610191
0.1046713194
0.08990348643
0.09795679659
0.08394830153
0.0908815671
0.08433091598
0.1029498322
0.08823356846
0.09218358688
0.09911594472
0.09862842796
0.095345189
0.09587442103
0.09565326292
0.09686677709
0.08289558577
0.07151649143
0.07213571792
0.07676902087
0.0808508125
0.07546992992
0.08717725935
0.1021790839
0.09857677532
0.108496657
0.1131940701
0.09626611768
0.08822874834
0.07998097877
0.07645623478
0.09285389319
0.08653321814
0.1006360789
0.1134173191
0.1076910705
0.1024674403
0.09811942618
0.09433317854
0.09327823807
0.08609636288
0.08795877882
0.08551204953
0.0959245023
0.09553037563
0.1045245916
0.104457661
0.08925138454
0.08059753299
0.09113649362
0.1002768334
0.104146318
0.1016791638
0.1080540017
0.09834320869
0.1096133562
0.1078323706
0.1091454369
0.1058826937
0.1028066105
0.101689479
0.1086512993
0.1096843733
0.09891115419
0.0984038214
0.09125203475
0.07083246835
0.07973899638
0.09981719846
0.08671996377
0.08058295873
0.08640038127
0.08055657033
0.08027027738
0.09162604884
0.08671368696
0.1047388626
0.1085802044
0.1043017054
0.1002134173
0.09333314488
0.09401986575
0.0986770846
0.09705643144
0.08987448536
0.1004153109
0.1072904407
0.1076174439
0.0972606857
0.1044448175
0.1063700491
0.1025989722
0.1094625906
0.1006952046
0.09512036035
0.08295734277
0.07217034881
0.09306152809
0.09853043486
0.09776107921
0.08116765445
0.08326957947
0.08393376465
0.0749164666
0.08394965293
0.1034392664
0.08966890328
0.08955179574
0.08046714683
0.06689316375
0.07240517844
0.08087905228
0.09574723381
0.09445086745
0.08741234564
0.1051797458
0.1230724694
0.1084190839
0.09232728764
0.09088589791
0.09619343793
0.09281169379
0.09511950835
0.08438900813
0.09914898847
0.08287783083
0.07988797056
0.07222089379
0.08525678227
0.09248147445
0.1013936017
0.09936664893
0.09077022732
0.08592546522
0.08899181615
0.096296529
0.1083914604
0.1007682844
0.08965255033
0.09414021999
0.08857735843
0.1057005493
0.1061912511
0.0964141016
0.08656775534
0.08676654933
0.08617689598
0.08473349767
0.08017550515
0.07785157115
0.06947615248
0.07810465201
0.07831832182
0.07507602518
0.07682580603
0.08606284769
0.07144190969
0.08039950824
0.08705966526
0.08540351624
0.08059413932
0.09230835394
0.08326763813
0.08298662656
0.08787066972
0.1133087268
0.09277401199
0.09196343443
0.08629619682
0.07418389278
0.0693892914
0.07341191522
0.07772402308
0.08880186871
0.0932850193
0.09720910588
0.09285014064
0.08723702056
0.09172804615
0.09296078213
0.09119655668
0.09709139088
0.1177183839
0.1349890538
0.1099474322
0.0801059754
0.06893541308
0.07828860591
0.08191849147
0.08656326882
0.07971712716
0.08576832875
0.08254436994
0.07664868873
0.07222083917
0.07071930318
0.07089617889
0.08083932991
0.08189807658
0.09333590517
0.0997725696
0.1069324035
0.1129295558
0.1009988995
0.08965128385
0.0922395359
0.08631762271
0.08524246012
0.08048429553
0.08463436068
0.0935872761
0.08952810683
0.08899047116
0.0792574914
0.07910098593
0.07611644151
0.0694527846
0.07911098116
0.08624984779
0.08321591761
0.07609707094
0.07970379686
0.08572270549
0.07681709545
0.08299118048
0.07807310184
0.0830027832
0.08700324267
0.09447001328
0.1098210983
0.1067036485
0.09531325874
0.09144053419
0.09228673751
0.09593734814
0.1029768775
0.09571587219
0.08832533928
0.08875092005
0.0926734575
0.08780346375
0.08825348655
0.09087010188
0.08955965188
0.08505835782
0.09686973024
0.08701167238
0.09415780324
0.09816414353
0.1003985186
0.1008353841
0.0874152402
0.07613660735
0.07758421722
0.0784865259
0.07760475389
0.09764311236
0.09261484007
0.09461502924
0.09449460162
0.09101773078
0.09175891882
0.08395018029
0.09228257278
0.1069866153
0.08868776169
0.08693013362
0.09093612639
0.09565055086
0.09204138451
0.09638798953
0.1034189716
0.09031496684
0.07909648182
0.07514807986
0.07801332437
0.07789733213
0.08010605673
0.09240085199
0.1010209431
0.1070740302
0.09693597493
0.08955523736
0.07917010327
0.08735056925
0.0798587355
0.09056122271
0.0858865112
0.08678477006
0.1057739199
0.1019004738
0.07085130152
0.07352585816
0.08275790734
0.08615870301
0.08050737251
0.1030050841
0.1024528079
0.08460822596
0.09011660877
0.09983193929
0.1018090045
0.09342691558
0.09495141726
0.09689842934
0.09610149745
0.09499809284
0.09904274451
0.1002840308
0.09926379618
0.09928212774
0.09419351187
0.08626296711
0.09478735017
0.09406224546
0.1065384253
0.09751532473
0.09628646811
0.1005101933
0.0994923696
0.09082367079
0.09839189432
0.09201275404
0.08487041335
0.09121411544
0.07268146278
0.07281741091
0.07892824417
0.09244407717
0.09714591952
0.08494400082
0.09261909655
0.09356898309
0.09659781881
0.09488559982
0.09583843435
0.09316377006
0.1076279053
0.105409314
0.09921108719
0.0976469113
0.09917232982
0.09241950987
0.09286889685
0.0840737271
0.1031374521
0.09447995963
0.1051750123
0.09313700588
0.09380046629
0.09533153197
0.09110799941
0.09717053491
0.101154484
0.09543191395
0.09901974364
0.101567619
0.09098905225
0.08426219309
0.108576145
0.1301522648
0.1077174866
0.09641811035
0.09012762449
0.0954918119
0.100388297
0.09025870642
0.09053131482
0.08922548989
0.0849305246
0.07436491566
0.08142378
0.07071906124
0.06878597612
0.09053622517
0.09267557502
0.107458109
0.09840223615
0.08603006742
0.08062371316
0.07860486851
0.08895182287
0.1123631069
0.1047443124
0.1010844665
0.09052995978
0.08493518544
0.09671173563
0.09322884957
0.08785368445
0.0868441237
0.09007337525
0.08894853155
0.1025707704
0.0966265457
0.09918972871
0.09328678832
0.1007470705
0.09413444517
0.0900725214
0.1017442174
0.1030476756
0.104534659
0.1019098496
0.09015184195
0.1105784449
0.1030875611
0.09473437565
0.08786911778
0.1010898616
0.1035152984
0.1077697791
0.09752595957
0.09378877872
0.07986125666
0.07639321821
0.06206260808
0.05203056179
0.07701322501
0.08351356719
0.0908857692
0.09035861047
0.08410859523
0.0982510469
0.09858645675
0.08916967247
0.08318460854
0.101470608
0.103021609
0.09137069501
0.0911176877
0.1002105221
0.1103679879
0.1085139216
0.1173821821
0.1122198635
0.113462542
0.1019406003
0.1096282462
0.1030328927
0.09473977015
0.0754061359
0.07851826369
0.09373841194
0.08670780795
0.07698691094
0.08751946927
0.09795522315
0.1002029969
0.1058256284
0.1039522859
0.1037411767
0.09209648939
0.09648859746
0.09652129995
0.09238903457
0.08318419362
0.09314503149
0.09691805085
0.1061161439
0.09469693347
0.0825275842
0.0796466441
0.07946270322
0.07544492964
0.08505583091
0.07012035311
0.06445032224
0.06700915995
0.09496973042
0.09326193166
0.09662853329
0.09551026322
0.09291025686
0.08716298805
0.1021895012
0.1112400874
0.09994730336
0.07626449147
0.08768785309
0.1019055007
0.0965769471
0.101158183
0.09145647649
0.06967320006
0.08768113872
0.09730756574
0.08615071231
0.08611312026
0.08860491377
0.08202402803
0.07291217037
0.07974319099
0.07978890024
0.07798004942
0.07421703121
0.07649215432
0.08926215142
0.09358635847
0.0910729643
0.08937484005
0.09393159721
0.08569660467
0.1037832032
0.1031087057
0.08738006606
0.08720379814
0.07994475527
0.06150958723
0.06671187521
0.0765199794
0.07342852116
0.07995645331
0.08346348059
0.07990878939
0.09017798358
0.0835857016
0.08457929436
0.09240225485
0.09455596798
0.1085051328
0.09058755936
0.09104801748
0.06925132124
0.06888465659
0.09023168792
0.08336482705
0.0845611404
0.08952043009
0.08751472303
0.07984364431
0.06778114145
0.06322941753
0.07025962331
0.07058058312
0.07662177556
0.08150211569
0.07288525992
0.08639585002
0.089273418
0.08916155299
0.08310561844
0.08702841168
0.09466798952
0.09287798197
0.09743476461
0.09736013838
0.09271937734
0.09846895933
0.09716512888
0.1048583534
0.09932605584
0.09800518604
0.08696022432
0.08986648628
0.09518738089
0.1078317152
0.09939644525
0.09242800462
0.08175543681
0.09047539278
0.1116563596
0.1062477955
0.09496376125
0.09902069326
0.08557805275
0.08707292814
0.08521587525
0.1066860646
0.1067854183
0.1097699175
0.101220688
0.09760895122
0.09343758292
0.0842025121
0.08833208685
0.08522569732
0.09767245267
0.1003456463
0.09731996319
0.08768645786
0.08222657925
0.09173967757
0.09967073987
0.09125567552
0.09298106591
0.09348482442
0.0939349001
0.08243337681
0.08673894607
0.08235528251
0.07534102675
0.09018333353
0.1036362307
0.09006198274
0.07789464809
0.0819413156
0.08732552461
0.09162203559
0.09295152515
0.08451707143
0.07719489621
0.08568184637
0.1016287057
0.1033761604
0.08794821711
0.08804881824
0.0941844349
0.09935084393
0.08947932733
0.0835386063
0.08899149006
0.08974856626
0.0879778481
0.1063864682
0.1051924676
0.09420763557
0.07984743281
0.08705036978
0.1009500067
0.09602330138
0.1109502287
0.1150827079
0.09125544563
0.08454487494
0.08998844001
0.08291490208
0.08321255416
0.08849113513
0.0964549896
0.09792206102
0.1095605247
0.1000405576
0.1009022893
0.09253903279
0.0906156073
0.1064763926
0.1163831591
0.1088192456
0.09799324427
0.09689466642
0.09943525506
0.1042999308
0.1109242913
0.08665296585
0.1059033901
0.1017413357
0.09848334874
0.08966881961
0.09552542632
0.09724818899
0.09468279581
0.0917005666
0.1070620742
0.1053693135
0.09553461197
0.1058346053
0.0955881086
0.09921051125
0.08753659083
0.07688922272
0.08132420524
0.08863639124
0.09200387067
0.1008586589
0.09454863253
0.1212084568
0.1090667331
0.1078699551
0.09031074637
0.09551557196
0.08072743208
0.07703268926
0.08178464717
0.09060418641
0.1086932487
0.101665115
0.1083616069
0.1098542887
0.08966871373
0.0836884677
0.09608447354
0.1002525069
0.1043537284
0.1030161606
0.1119206362
0.101761397
0.1017062705
0.0997848414
0.0914629088
0.0855047949
0.08752617904
0.09851645692
0.1095090577
0.1089924659
0.09107618291
0.09381385637
0.0905384127
0.09175272721
0.1038293726
0.1016290032
0.09245468629
0.09085588672
0.09672361742
0.107734169
0.1099870733
0.1019491562
0.09503721807
0.09143517935
0.07924934749
0.07567111927
0.07707096104
0.08788156775
0.08074110968
0.08937317549
0.0815207627
0.08319601765
0.08706158102
0.095316078
0.09539312671
0.09606486459
0.08679991882
0.09382491007
0.0922343389
0.09534074146
0.08811532033
0.102359773
0.09166463343
0.09449582199
0.087926383
0.08524420463
0.08854935936
0.08336446027
0.08527786696
0.08945691938
0.1015686698
0.08720424721
0.08053431448
0.07948730499
0.09054671961
0.1094120936
0.1096246863
0.1015097246
0.08545267507
0.08156109246
0.09805677177
0.1146686124
0.1010373513
0.0909167473
0.1022048692
0.1073646292
0.1113040767
0.09633350219
0.0947064231
0.1071852268
0.1051556671
0.1099126848
0.1107242777
0.1092084436
0.08794342493
0.09512493562
0.1002412216
0.1002611092
0.09078052158
0.1024856463
0.07713002496
0.075731723
0.08943228467
0.09373709341
0.0857855363
0.08402232925
0.0788105579
0.07555892573
0.08057957751
0.08519487205
0.08029392721
0.1018072888
0.08361045987
0.08871750892
0.08252405588
0.07287239595
0.07335954562
0.07451155544
0.07451323496
0.08094940597
0.091296301
0.09171232516
0.09928102196
0.0907055983
0.08548048586
0.08747662383
0.08662057202
0.07204787572
0.07058614598
0.07742386768
0.08190408886
0.08108065812
0.08599548832
0.09794715904
0.09359808244
0.0905157933
0.100918944
0.1031284717
0.1002240244
0.1055603666
0.07945267761
0.08619981109
0.08892341176
0.09795155881
0.08307717437
0.07792415277
0.07782174434
0.08954763565
0.09664300995
0.09232366309
0.09437372309
0.09215550306
0.08070727819
0.08060828136
0.0892862836
0.09366675117
0.08705502874
0.09341679549
0.08543604172
0.0820852425
0.07944652531
0.0798341999
0.0880699571
0.08124487025
0.08382212603
0.09266004606
0.0949860842
0.08985141396
0.08954737684
0.08635977442
0.08095139106
0.08720526325
0.09685926681
0.101359287
0.09979003916
0.0878874715
0.08869836541
0.08722691748
0.1078424286
0.08351335446
0.0824856175
0.08915385817
0.09618587694
0.0985791572
0.09076220374
0.07492486459
0.08226498415
0.08873042335
0.08675060204
0.08369548714
0.08149630053
0.08785393133
0.09116208663
0.08770903229
0.08816222661
0.08226518354
0.07700800166
0.06540568008
0.07531091806
0.07764984119
0.09980862998
0.1007085843
0.09210671234
0.07987549527
0.08701056629
0.09227782736
0.08445902402
0.0768136357
0.08316798421
0.0867761385
0.08551614291
0.08107863412
0.08418306357
0.08443050823
0.09259236395
0.0827364881
0.07222468796
0.07224784743
0.08630011867
0.09994927956
0.1080959102
0.1038160722
0.10434804
0.1018685905
0.1003146072
0.09319966153
0.1076041876
0.1233729208
0.1208895112
0.09873430043
0.09180986009
0.08469263579
0.08930920469
0.08554968956
0.08475883339
0.1061514503
0.09277313695
0.08378123221
0.09076936412
0.09514909428
0.0915445939
0.07671958187
0.08545174392
0.09166839527
0.08085893183
0.07570693315
0.08872933737
0.0919459401
0.08875001794
0.09071832525
0.09645585452
0.1047417981
0.09030140666
0.08834901924
0.09547803328
0.1066290724
0.09790458779
0.1047615272
0.09562410905
0.08803593733
0.07611771782
0.06522912392
0.07947155954
0.08520347343
0.08676522406
0.08497035185
0.07588173226
0.08068559203
0.09696552373
0.104084323
0.1051292556
0.1001063003
0.1052135739
0.1129003807
0.09896699207
0.08077856898
0.07623728975
0.07562245097
0.09019552885
0.09208144782
0.1066763787
0.0962931329
0.07413236068
0.07893982832
0.09510853296
0.1112539918
0.103652821
0.1123124129
0.0979627029
0.08627405778
0.09248709999
0.1106249273
0.09875849783
0.1044412162
0.1027255226
0.1035162562
0.1072987414
0.09747419892
0.08885593213
0.1062460674
0.09038264395
0.09855397427
0.104406886
0.1056159362
0.09303985207
0.1037393
0.09825636742
0.09217655512
0.08626350321
0.08900478237
0.08490020233
0.06926263014
0.07093536654
0.08433349567
0.08675142222
0.09574332606
0.1011131579
0.09901766759
0.09483624809
0.08835270374
0.0990870974
0.08732194417
0.09878851744
0.1043576096
0.09121941236
0.08473203627
0.08261983715
0.08456714455
0.08879901329
0.07899805845
0.08816887518
0.1058195561
0.1034447333
0.09686615369
0.09131778794
0.09039677238
0.09590631149
0.08569828675
0.09183015923
0.09532876923
0.09071440393
0.0897848229
0.08640118082
0.07737856277
0.09972953471
0.09943971454
0.1011278669
0.08620083234
0.08484755418
0.07666702821
0.08487408583
0.1008435744
0.09890069513
0.1008184195
0.09047687767
0.09086468536
0.0840809117
0.08592439768
0.08587232056
0.08427954825
0.08710208047
0.08499330619
0.08322682659
0.080955043
0.09054168785
0.1198290025
0.1248359093
0.1060825675
0.100572492
0.09048825366
0.08365140012
0.09331466562
0.09470403102
0.08732254906
0.09416712631
0.09003240239
0.08961718849
0.1095623558
0.1061100175
0.08994396219
0.07507993763
0.06354097238
0.08071390881
0.0991739086
0.09044275073
0.08275486699
0.08989274736
0.09780484477
0.106662786
0.09789088508
0.09547139444
0.08940301216
0.09593248026
0.08995496078
0.1056867626
0.1042807298
0.1038944372
0.10066624
0.08778568201
0.09126067946
)
;

boundaryField
{
    xPeriodic_half0
    {
        type            cyclic;
    }
    xPeriodic_half1
    {
        type            cyclic;
    }
    yPeriodic_half0
    {
        type            cyclic;
    }
    yPeriodic_half1
    {
        type            cyclic;
    }
    zPeriodic_half0
    {
        type            cyclic;
    }
    zPeriodic_half1
    {
        type            cyclic;
    }
}


// ************************************************************************* //
