/*--------------------------------*- C++ -*----------------------------------*\
| =========                 |                                                 |
| \\      /  F ield         | OpenFOAM: The Open Source CFD Toolbox           |
|  \\    /   O peration     | Version:  2.4.0-MNF                             |
|   \\  /    A nd           | Web:      www.OpenFOAM.org                      |
|    \\/     M anipulation  |                                                 |
\*---------------------------------------------------------------------------*/
FoamFile
{
    version     2.0;
    format      ascii;
    class       volScalarField;
    location    "0.0009";
    object      rhoM_mixture;
}
// * * * * * * * * * * * * * * * * * * * * * * * * * * * * * * * * * * * * * //

dimensions      [0 -3 0 0 0 0 0];

internalField   nonuniform List<scalar> 
5120
(
5.1548144e-06
5.0432272e-06
4.8854368e-06
4.7223376e-06
4.870608e-06
4.957176e-06
4.8721456e-06
4.8752976e-06
4.6122752e-06
4.5644576e-06
4.7584528e-06
4.5411168e-06
4.468344e-06
4.552832e-06
4.6659952e-06
4.673448e-06
4.7647952e-06
4.7568384e-06
4.9608576e-06
5.2541696e-06
5.0560656e-06
5.2080688e-06
5.2117632e-06
5.0825968e-06
5.0278816e-06
5.0028752e-06
4.971552e-06
5.0486256e-06
5.0411856e-06
4.873256e-06
4.8413392e-06
4.9985872e-06
5.016128e-06
5.0341984e-06
4.9109216e-06
4.8540752e-06
4.7015808e-06
4.8429152e-06
4.8960672e-06
4.8137232e-06
4.8237088e-06
4.7084144e-06
4.713168e-06
4.8677936e-06
4.941664e-06
4.9645392e-06
4.874768e-06
4.8498128e-06
4.9778816e-06
5.124008e-06
5.1134288e-06
5.186744e-06
4.9035328e-06
4.8483008e-06
4.9300896e-06
5.0756736e-06
4.963544e-06
4.9427872e-06
4.7955888e-06
4.6669776e-06
4.833408e-06
4.722376e-06
4.7500048e-06
4.3695824e-06
4.4030112e-06
4.3982192e-06
4.520928e-06
4.687256e-06
4.6675584e-06
4.658504e-06
4.6707488e-06
4.604344e-06
4.8880592e-06
5.0336816e-06
4.9178704e-06
4.879624e-06
4.8169264e-06
4.7638128e-06
4.718088e-06
4.5469808e-06
4.6505984e-06
4.6915312e-06
4.5316224e-06
4.6740032e-06
4.5241312e-06
4.690408e-06
4.7138512e-06
4.5352656e-06
4.7191216e-06
4.8051472e-06
4.9486128e-06
4.8635696e-06
4.9348304e-06
4.732904e-06
4.5633856e-06
4.461344e-06
4.6292352e-06
4.6844928e-06
4.5654912e-06
4.744064e-06
5.0730896e-06
4.9503296e-06
5.0831264e-06
5.1357232e-06
5.0820544e-06
4.9773904e-06
4.7281632e-06
4.789272e-06
4.8721712e-06
4.749424e-06
4.7323872e-06
4.652704e-06
4.5480016e-06
4.6548224e-06
4.6410016e-06
4.8535456e-06
5.079368e-06
5.2717616e-06
5.2441968e-06
5.2122928e-06
4.8403056e-06
4.9481472e-06
4.9752464e-06
4.9709968e-06
4.9450336e-06
4.9423344e-06
4.9216288e-06
4.841352e-06
4.7786416e-06
4.7595248e-06
4.79564e-06
4.6276976e-06
4.8307088e-06
4.6707744e-06
4.5193392e-06
4.5533104e-06
4.7552368e-06
4.720232e-06
4.6739904e-06
4.6713296e-06
4.9650944e-06
5.210576e-06
5.1973232e-06
5.367384e-06
5.110704e-06
5.1643728e-06
4.9874144e-06
4.7669264e-06
4.6674944e-06
4.9225216e-06
4.8221072e-06
4.7498768e-06
4.6839888e-06
4.6303328e-06
4.862536e-06
4.9869232e-06
5.2462e-06
5.2892256e-06
5.0463664e-06
4.7238496e-06
4.5799312e-06
4.535808e-06
4.571368e-06
4.6484288e-06
4.7515168e-06
4.7886912e-06
4.6292864e-06
4.4885072e-06
4.809448e-06
4.6734352e-06
4.856736e-06
4.807872e-06
4.722312e-06
4.8487536e-06
4.8344288e-06
4.7749344e-06
4.6973568e-06
4.6639024e-06
4.8089952e-06
4.9014272e-06
4.7870896e-06
4.9268736e-06
4.9492064e-06
4.7764976e-06
4.7451104e-06
4.5522256e-06
4.704656e-06
4.799232e-06
4.928928e-06
4.7791072e-06
4.9497232e-06
4.9688272e-06
5.088384e-06
4.9082864e-06
4.984224e-06
4.9996464e-06
4.9369744e-06
4.7690704e-06
4.853016e-06
4.80888e-06
4.6437008e-06
4.5225168e-06
4.588392e-06
4.7228416e-06
4.6654784e-06
4.7228672e-06
4.6352272e-06
4.70428e-06
4.4816096e-06
4.526224e-06
4.6750112e-06
4.6176608e-06
4.62616e-06
4.5729952e-06
4.5596656e-06
4.6441536e-06
4.7509616e-06
4.84608e-06
4.829624e-06
4.7765232e-06
4.5054416e-06
4.34924e-06
4.6281888e-06
4.8051472e-06
4.5829936e-06
4.4554928e-06
4.5272448e-06
4.5161232e-06
4.421496e-06
4.5777232e-06
4.5362992e-06
4.6181008e-06
4.4603104e-06
4.6569536e-06
4.4964768e-06
4.5719104e-06
4.41412e-06
4.5618608e-06
4.502328e-06
4.3816864e-06
4.3961136e-06
4.5645472e-06
4.6182032e-06
4.7276592e-06
4.8376704e-06
4.9216416e-06
4.9598624e-06
4.6681264e-06
4.71008e-06
4.774896e-06
4.7366368e-06
4.5746096e-06
4.5825664e-06
4.5995648e-06
4.6250368e-06
4.699424e-06
4.7382512e-06
4.536312e-06
4.4954176e-06
4.4109808e-06
4.8047072e-06
4.868968e-06
4.8737088e-06
4.7312896e-06
4.710016e-06
4.7164096e-06
4.854592e-06
4.8417792e-06
4.7876064e-06
4.947592e-06
4.7627024e-06
4.8270272e-06
5.0145648e-06
4.8769376e-06
4.8232688e-06
4.7058816e-06
4.5687968e-06
4.6309904e-06
4.5422656e-06
4.7404464e-06
4.5565136e-06
4.6803584e-06
4.9019184e-06
4.8902416e-06
5.0416896e-06
5.1155856e-06
4.8466864e-06
4.8052624e-06
4.9832416e-06
4.8291072e-06
4.8747552e-06
4.9348048e-06
4.7791456e-06
4.7903312e-06
4.7207232e-06
4.8057664e-06
4.9396352e-06
4.7600544e-06
4.712728e-06
4.7063472e-06
4.695704e-06
4.67868e-06
4.7376832e-06
4.788704e-06
4.7483136e-06
4.7201808e-06
5.0039728e-06
4.90352e-06
4.849296e-06
4.6277104e-06
4.6389088e-06
4.6160592e-06
4.7095376e-06
4.8035968e-06
4.9699248e-06
4.957176e-06
4.7345184e-06
4.5894256e-06
4.6691216e-06
4.433728e-06
5.3667904e-06
5.4119472e-06
5.17924e-06
5.1532e-06
5.182392e-06
4.9571248e-06
4.7615792e-06
4.7126896e-06
4.7956016e-06
4.7791712e-06
4.6745072e-06
4.7313792e-06
4.9693952e-06
5.036872e-06
4.9954224e-06
4.9608704e-06
5.0209328e-06
4.9884992e-06
4.9332288e-06
5.1250032e-06
4.5400064e-06
4.7094864e-06
4.8917536e-06
4.88864e-06
4.8019952e-06
4.784984e-06
4.7775184e-06
4.9427616e-06
5.1016752e-06
5.1675888e-06
4.960392e-06
4.9699504e-06
4.9720688e-06
5.0576032e-06
5.1570224e-06
4.943432e-06
5.1112848e-06
5.1936672e-06
5.1819648e-06
4.6946576e-06
5.1064544e-06
4.9581968e-06
4.7791456e-06
4.7169648e-06
4.7525504e-06
4.7089696e-06
4.7015552e-06
4.8179728e-06
4.8355264e-06
4.6017088e-06
4.633032e-06
4.8360432e-06
4.7595504e-06
4.9672896e-06
4.8307216e-06
4.7759808e-06
4.746712e-06
4.7074192e-06
5.0681824e-06
5.2546736e-06
4.4178272e-06
4.3641584e-06
4.4273728e-06
4.4794144e-06
4.3928592e-06
4.5113568e-06
4.390728e-06
4.4475488e-06
4.4997184e-06
4.558128e-06
4.6766512e-06
4.8275696e-06
4.7420096e-06
4.7260704e-06
4.8456016e-06
4.944376e-06
4.7669264e-06
4.6749984e-06
4.616576e-06
4.6192368e-06
4.8950464e-06
4.9667088e-06
5.0910704e-06
5.0528112e-06
5.3455808e-06
5.3429712e-06
5.1612208e-06
5.186744e-06
5.0618656e-06
4.7797136e-06
4.6596144e-06
4.7568512e-06
4.6521872e-06
4.5299696e-06
4.7286928e-06
4.7218208e-06
4.7648336e-06
4.769096e-06
4.93864e-06
5.092736e-06
4.5114336e-06
4.8079616e-06
4.907304e-06
4.831264e-06
4.9003296e-06
4.7180368e-06
4.8604944e-06
4.7090464e-06
4.4752288e-06
4.3785088e-06
4.4688736e-06
4.3726576e-06
4.7430176e-06
4.8997616e-06
4.942864e-06
4.599112e-06
4.4668064e-06
4.5512432e-06
4.5336896e-06
4.607056e-06
5.024136e-06
5.1112976e-06
5.1271984e-06
4.9720688e-06
4.9147056e-06
4.643688e-06
4.6574704e-06
4.927416e-06
4.9810976e-06
5.0852448e-06
5.1012224e-06
5.2176144e-06
5.0369488e-06
4.8897248e-06
4.7499408e-06
4.8280096e-06
4.7531056e-06
4.7738624e-06
4.9422832e-06
4.9869616e-06
5.161776e-06
5.2032384e-06
4.9530032e-06
5.0209712e-06
5.0735552e-06
5.1840576e-06
5.0134928e-06
4.8811744e-06
4.891224e-06
4.6871792e-06
4.6319088e-06
4.7647312e-06
5.0145136e-06
5.128232e-06
5.2329728e-06
5.223944e-06
5.5055792e-06
5.4162864e-06
5.2898576e-06
5.0799488e-06
4.8764464e-06
4.89236e-06
4.7265744e-06
4.5278512e-06
4.403528e-06
4.4465664e-06
4.5618608e-06
4.8482496e-06
4.8418816e-06
4.6723504e-06
4.6431072e-06
4.6664864e-06
4.440664e-06
4.7095376e-06
4.4183824e-06
4.5018368e-06
4.6575216e-06
4.799424e-06
4.8860048e-06
4.874832e-06
4.5835744e-06
4.552768e-06
4.5416336e-06
4.6882768e-06
4.841352e-06
4.6697408e-06
4.445016e-06
4.3361024e-06
4.472128e-06
4.6517088e-06
4.7532208e-06
4.7144064e-06
4.7372688e-06
4.7335232e-06
4.9386272e-06
4.9274288e-06
4.9470624e-06
4.934792e-06
4.772184e-06
4.4841936e-06
5.0358384e-06
5.0289792e-06
4.7888064e-06
4.713864e-06
4.6097424e-06
4.542808e-06
4.52736e-06
4.6293888e-06
4.7324512e-06
4.7956784e-06
4.7563216e-06
4.6622624e-06
4.6670544e-06
4.4922528e-06
4.5262752e-06
4.5134752e-06
4.6123008e-06
4.656424e-06
4.7367008e-06
4.7866112e-06
4.5708512e-06
4.6164864e-06
4.6494496e-06
4.6574448e-06
4.7929536e-06
5.0161152e-06
5.0506672e-06
4.9778048e-06
4.9114e-06
4.7147824e-06
4.99116e-06
5.1994288e-06
4.9220432e-06
4.8349072e-06
4.77332e-06
4.6048608e-06
4.4162256e-06
4.4789744e-06
4.5098192e-06
4.6420608e-06
4.8944272e-06
4.7738624e-06
4.6218848e-06
4.6888448e-06
4.8806576e-06
4.7780864e-06
4.8253872e-06
4.74148e-06
4.6761344e-06
4.7526144e-06
4.9619296e-06
4.8327888e-06
5.0390416e-06
5.0113744e-06
4.8067872e-06
4.6415184e-06
4.7222736e-06
4.8912496e-06
5.109632e-06
5.0974e-06
4.6526912e-06
4.59848e-06
4.5878624e-06
4.5087216e-06
4.5331984e-06
4.6420864e-06
4.5964e-06
4.7186432e-06
4.7420096e-06
4.4758096e-06
4.4072864e-06
4.6888832e-06
4.5634496e-06
4.6739904e-06
4.6585296e-06
4.7371664e-06
4.5698176e-06
4.746776e-06
4.85516e-06
4.6659824e-06
4.2908304e-06
4.2828224e-06
4.3157856e-06
4.4395536e-06
4.5649744e-06
4.5548864e-06
4.8158032e-06
4.703144e-06
4.6038144e-06
4.8009488e-06
5.0123952e-06
4.8561552e-06
4.7833824e-06
4.5989968e-06
4.5118864e-06
4.6080256e-06
4.6207616e-06
4.5421248e-06
4.2089904e-06
4.1829632e-06
4.6903568e-06
4.6181392e-06
4.4990992e-06
4.575656e-06
4.5581024e-06
4.5368544e-06
4.5304864e-06
4.5140304e-06
4.803648e-06
4.7143424e-06
4.759448e-06
4.8040368e-06
4.8821696e-06
4.7137488e-06
4.7599776e-06
4.9884736e-06
4.9566592e-06
4.9066848e-06
4.902952e-06
4.7344928e-06
5.2611056e-06
5.1548528e-06
5.0119168e-06
4.7707104e-06
4.4991888e-06
4.4800592e-06
4.5788848e-06
4.6128432e-06
4.8348816e-06
4.9193824e-06
5.2121392e-06
5.1319392e-06
5.0846e-06
5.045824e-06
4.9480832e-06
4.9512608e-06
5.4130192e-06
5.4464992e-06
5.5575568e-06
5.43592e-06
4.5734864e-06
4.4699072e-06
4.3720768e-06
4.3784704e-06
4.663864e-06
4.9721072e-06
4.9226496e-06
5.100112e-06
4.9677936e-06
4.8966096e-06
4.8402928e-06
4.802576e-06
4.8982112e-06
4.8211376e-06
4.9077312e-06
4.9093456e-06
4.8360176e-06
4.7642784e-06
4.5852016e-06
4.6749984e-06
5.0703008e-06
5.130944e-06
5.2010688e-06
5.0852448e-06
5.133024e-06
4.93908e-06
4.9300384e-06
4.9948672e-06
5.0267456e-06
5.0485104e-06
5.1341088e-06
4.9810592e-06
5.04532e-06
4.8891312e-06
4.9077568e-06
4.734544e-06
4.8333696e-06
5.0660768e-06
5.0581456e-06
5.0580944e-06
4.6665248e-06
4.4571328e-06
4.7791328e-06
4.7419328e-06
4.506552e-06
4.6128432e-06
4.4896176e-06
4.624016e-06
4.7477968e-06
4.75844e-06
4.703648e-06
4.9029264e-06
4.930064e-06
5.0214112e-06
4.9114128e-06
5.0161152e-06
4.995384e-06
5.0145392e-06
4.551192e-06
4.5374224e-06
5.0161024e-06
4.8859664e-06
4.9598112e-06
5.064488e-06
5.0023328e-06
4.8577824e-06
4.7818064e-06
4.776472e-06
4.7138e-06
4.7546944e-06
4.7376832e-06
4.731264e-06
4.7498896e-06
4.7584144e-06
4.6898784e-06
4.6930816e-06
4.8216544e-06
4.9332416e-06
5.1734016e-06
5.1558352e-06
4.8790432e-06
4.699992e-06
4.6627792e-06
4.5352784e-06
4.5241312e-06
4.82912e-06
4.9173152e-06
4.8700272e-06
5.0299744e-06
5.1994672e-06
5.1474768e-06
4.9758272e-06
4.77124e-06
4.6431712e-06
4.6298416e-06
4.6803072e-06
4.7191088e-06
4.7510128e-06
4.59104e-06
4.6037888e-06
4.9980576e-06
5.1085728e-06
5.127224e-06
5.0374272e-06
5.0777792e-06
4.9964816e-06
4.8194976e-06
4.9214752e-06
5.0091792e-06
5.2945472e-06
5.4189088e-06
5.2217744e-06
5.0538576e-06
4.7887552e-06
4.876408e-06
4.7500048e-06
4.7733968e-06
4.848288e-06
4.782904e-06
5.0618144e-06
4.87956e-06
4.7376704e-06
4.8062192e-06
4.917328e-06
5.0204416e-06
5.0666576e-06
5.116064e-06
4.8780096e-06
4.7919456e-06
4.8450592e-06
5.0246528e-06
4.9853216e-06
4.8046816e-06
4.9066976e-06
4.8987536e-06
4.7414288e-06
4.7116304e-06
4.9130016e-06
4.8890928e-06
4.9417024e-06
4.854656e-06
4.82168e-06
4.7047456e-06
4.7440384e-06
4.7445808e-06
4.8481984e-06
4.759512e-06
4.872688e-06
4.8742896e-06
4.9194976e-06
4.9582992e-06
4.7021616e-06
4.9093712e-06
4.7483648e-06
4.8211632e-06
4.7493728e-06
4.7089952e-06
4.5931712e-06
4.756296e-06
4.6978608e-06
4.8987408e-06
4.8243536e-06
4.969976e-06
4.7797008e-06
4.647408e-06
4.7217568e-06
4.7966608e-06
5.0283216e-06
5.0092176e-06
4.7600544e-06
4.5278384e-06
4.7164992e-06
4.737256e-06
4.8530416e-06
4.8460544e-06
4.8763952e-06
4.9534432e-06
4.854656e-06
4.8695104e-06
4.7632576e-06
4.8589312e-06
4.8785776e-06
4.756864e-06
4.7844672e-06
4.7860432e-06
4.7568512e-06
5.0628864e-06
4.7770144e-06
4.7419328e-06
4.463488e-06
4.3184208e-06
4.4683056e-06
4.4273728e-06
4.4550016e-06
4.6149744e-06
4.636248e-06
4.8397888e-06
4.73196e-06
4.7670288e-06
4.786688e-06
4.653272e-06
4.4885072e-06
4.5076624e-06
4.4869568e-06
4.605416e-06
4.6686688e-06
4.6282784e-06
4.734544e-06
4.7749216e-06
4.8631168e-06
4.6861584e-06
4.6643808e-06
4.7616432e-06
4.8360048e-06
4.7137872e-06
4.6059328e-06
4.6393744e-06
4.6234352e-06
4.472e-06
4.47364e-06
4.7993344e-06
4.9157264e-06
5.0645136e-06
4.8110368e-06
4.8041648e-06
4.7451744e-06
4.5528064e-06
4.4326944e-06
4.2764672e-06
4.2972112e-06
4.12932e-06
4.2642608e-06
4.3949904e-06
4.746776e-06
4.7882128e-06
4.8870512e-06
4.7484032e-06
4.7164864e-06
4.6808752e-06
4.66916e-06
4.57988e-06
4.6149232e-06
4.7466992e-06
4.9167088e-06
4.714808e-06
4.6240032e-06
4.9039856e-06
4.888072e-06
4.9199632e-06
4.8190192e-06
4.6861584e-06
4.588896e-06
4.4921248e-06
4.5324896e-06
4.4825792e-06
4.4826432e-06
4.677104e-06
4.6303328e-06
4.647344e-06
4.6058816e-06
4.7684896e-06
4.8200784e-06
4.8333312e-06
4.85352e-06
4.7307728e-06
4.6564112e-06
4.7642784e-06
4.7647952e-06
4.880632e-06
4.7498768e-06
4.6478864e-06
4.6304096e-06
4.6872944e-06
4.5098192e-06
4.6707872e-06
4.6638896e-06
4.6144576e-06
4.7446448e-06
4.8450464e-06
4.7849968e-06
5.147464e-06
5.1128992e-06
5.028928e-06
5.0012736e-06
5.1452688e-06
5.1946624e-06
5.1058736e-06
5.0729616e-06
4.9496976e-06
4.8142272e-06
4.6335872e-06
4.4858592e-06
4.4885584e-06
4.6803712e-06
4.8131424e-06
4.4326944e-06
4.2610832e-06
4.5171824e-06
4.5921632e-06
4.9306448e-06
4.6101824e-06
4.665944e-06
4.7137488e-06
4.7573424e-06
4.7770016e-06
4.893872e-06
4.95232e-06
4.8067616e-06
4.6718208e-06
4.8396992e-06
4.9331648e-06
5.0075648e-06
4.9374528e-06
4.8381104e-06
4.7706592e-06
5.015624e-06
4.71008e-06
4.5564752e-06
4.5086832e-06
4.6558816e-06
4.923128e-06
4.8843264e-06
4.90188e-06
5.010832e-06
5.0894688e-06
5.1744992e-06
5.3455808e-06
5.099608e-06
4.8190064e-06
4.9948928e-06
4.8886016e-06
4.8561936e-06
4.69148e-06
4.819032e-06
4.7770656e-06
4.74148e-06
4.7149104e-06
4.7154144e-06
4.7435472e-06
4.725464e-06
4.7239392e-06
4.7345568e-06
4.9885504e-06
4.774392e-06
4.5135136e-06
4.4847872e-06
4.338648e-06
4.3976128e-06
4.6112544e-06
4.778112e-06
4.8567488e-06
4.9067232e-06
4.8307344e-06
4.848224e-06
4.9002912e-06
5.0522432e-06
5.1032768e-06
4.9630016e-06
4.9348688e-06
4.7807856e-06
4.8136976e-06
4.9184e-06
4.6368032e-06
4.6214192e-06
4.8562448e-06
4.9210736e-06
5.0103152e-06
5.0501632e-06
4.828048e-06
5.028928e-06
4.8647184e-06
4.7850096e-06
4.7536224e-06
4.7802176e-06
4.854592e-06
4.8838224e-06
4.6074704e-06
4.7142784e-06
4.724392e-06
4.7249472e-06
4.5427312e-06
4.7456912e-06
4.71008e-06
4.7653632e-06
4.683536e-06
4.7451616e-06
4.9120064e-06
5.0762416e-06
4.916824e-06
4.843496e-06
4.7536992e-06
4.7521104e-06
4.9677936e-06
4.81052e-06
4.8758784e-06
4.7467888e-06
4.5820624e-06
4.7654144e-06
4.6883408e-06
4.6176352e-06
5.172368e-06
5.025712e-06
4.9790048e-06
4.9285136e-06
4.893432e-06
4.8854368e-06
4.9364448e-06
4.8891568e-06
5.1171232e-06
4.8317552e-06
4.57244e-06
4.6569152e-06
4.6856416e-06
4.7531696e-06
4.8679472e-06
4.819032e-06
4.9162432e-06
5.118144e-06
5.2621776e-06
5.2287232e-06
4.9157392e-06
4.9120192e-06
4.7206976e-06
4.6792224e-06
4.7026144e-06
4.5766896e-06
4.5368288e-06
4.6872688e-06
4.7526144e-06
4.7509744e-06
4.8715648e-06
4.7923856e-06
4.6956784e-06
4.7381872e-06
4.8306704e-06
5.0841856e-06
4.9975792e-06
4.9396736e-06
4.704784e-06
4.80844e-06
5.0512096e-06
4.9778688e-06
4.8869872e-06
4.601632e-06
4.5671056e-06
4.6951744e-06
4.688264e-06
4.6633216e-06
4.8716416e-06
4.7744048e-06
4.6591616e-06
4.6873072e-06
4.8185664e-06
4.86216e-06
5.2064544e-06
5.1766816e-06
5.1888752e-06
4.8376064e-06
4.8068e-06
5.0389776e-06
4.5655296e-06
4.772248e-06
4.8200912e-06
4.9694336e-06
4.6623136e-06
4.6080512e-06
4.7626512e-06
4.8434192e-06
4.7414032e-06
5.031512e-06
4.881136e-06
4.9534176e-06
4.770104e-06
4.498544e-06
4.3088624e-06
4.1000384e-06
4.2063552e-06
4.4300464e-06
4.47736e-06
4.3981552e-06
5.210136e-06
5.05232e-06
4.8971392e-06
4.8780096e-06
5.0693184e-06
5.0799744e-06
4.9620448e-06
4.7186944e-06
4.480072e-06
4.5497184e-06
4.665e-06
4.5714192e-06
4.4193904e-06
4.4246864e-06
4.4699072e-06
4.5581024e-06
4.6154784e-06
4.8885888e-06
4.827544e-06
5.1283088e-06
4.5548992e-06
4.6255792e-06
4.6617584e-06
4.5799184e-06
4.664936e-06
4.8222352e-06
4.6304224e-06
4.8949952e-06
5.014552e-06
5.1474512e-06
5.1506416e-06
5.1050064e-06
5.1406304e-06
4.8574192e-06
4.8292608e-06
4.786752e-06
4.5853424e-06
4.8531056e-06
4.8950464e-06
4.5039168e-06
4.7588928e-06
4.820544e-06
4.8035456e-06
4.7705952e-06
4.7360816e-06
4.636184e-06
4.7706464e-06
4.8998e-06
4.64476e-06
4.8099904e-06
4.887064e-06
5.0671872e-06
4.8487792e-06
4.7398528e-06
4.6643808e-06
4.5825536e-06
4.6511024e-06
4.532592e-06
4.5490608e-06
4.7068384e-06
4.9969984e-06
4.845008e-06
4.5655296e-06
4.5044336e-06
4.5086576e-06
4.567144e-06
4.6261344e-06
4.4385328e-06
4.4348768e-06
4.3387248e-06
4.4311568e-06
4.6904592e-06
4.941224e-06
4.8609984e-06
4.9731408e-06
4.9752336e-06
5.0740976e-06
5.1989888e-06
4.9800256e-06
5.1192288e-06
4.7297008e-06
5.0713856e-06
4.9656368e-06
5.0400496e-06
5.0139968e-06
5.01556e-06
4.7802176e-06
4.8402928e-06
4.8710608e-06
5.1176144e-06
4.904528e-06
4.8774544e-06
4.7760064e-06
4.5724784e-06
4.3976256e-06
4.6340912e-06
4.8588032e-06
4.79236e-06
4.7456016e-06
4.7232944e-06
5.00812e-06
4.8651584e-06
4.953392e-06
5.0766688e-06
5.1016624e-06
4.820544e-06
4.5888832e-06
4.8173792e-06
4.9640608e-06
4.8599136e-06
4.8785264e-06
4.9746912e-06
5.0873504e-06
5.0352576e-06
4.941728e-06
5.0033792e-06
5.0390032e-06
4.911464e-06
5.0411216e-06
5.0692928e-06
4.4013712e-06
4.631456e-06
4.7218336e-06
4.8382e-06
4.7621728e-06
4.7361072e-06
4.683032e-06
4.5624416e-06
4.719728e-06
4.8286288e-06
4.8541008e-06
4.8461568e-06
4.8801408e-06
4.8838736e-06
5.1415616e-06
5.0495824e-06
5.05276e-06
4.7504704e-06
4.5421376e-06
4.4156576e-06
4.9013888e-06
5.079936e-06
5.0794064e-06
4.9114768e-06
5.0002144e-06
4.7026656e-06
4.826472e-06
4.9906048e-06
5.0522304e-06
5.1601232e-06
5.3094528e-06
5.1229616e-06
4.9619296e-06
4.904528e-06
4.8742896e-06
4.7478224e-06
5.1670208e-06
5.0405792e-06
5.0320672e-06
4.8668112e-06
5.0343008e-06
5.0640096e-06
5.1218896e-06
5.1059248e-06
4.9619552e-06
5.2106144e-06
5.4917328e-06
5.2717104e-06
5.207928e-06
5.135168e-06
4.9316656e-06
4.8163328e-06
4.7865728e-06
4.6431072e-06
4.5719232e-06
4.3976384e-06
4.4837152e-06
4.5814944e-06
4.75844e-06
4.7606096e-06
4.5920992e-06
4.7802048e-06
4.8530032e-06
4.8652224e-06
4.7924112e-06
4.701568e-06
4.8088928e-06
4.9646416e-06
4.9247552e-06
4.9545024e-06
5.0182848e-06
4.8582992e-06
4.8056768e-06
4.8322464e-06
5.0538192e-06
4.8965584e-06
4.6612032e-06
4.807872e-06
4.8880976e-06
4.8429024e-06
4.6336e-06
4.7946448e-06
4.8338992e-06
4.8721712e-06
4.966696e-06
5.1351296e-06
5.035736e-06
4.8896608e-06
4.8530032e-06
5.0140352e-06
4.9837584e-06
4.8849456e-06
4.9062192e-06
4.6724144e-06
4.5337024e-06
4.494888e-06
4.7191216e-06
4.5432224e-06
4.76588e-06
4.7988048e-06
4.433792e-06
4.4943328e-06
4.8030416e-06
4.7461952e-06
4.7600416e-06
4.4959856e-06
4.4103872e-06
4.3620016e-06
4.5846848e-06
4.6314688e-06
4.6644448e-06
4.5927312e-06
4.769664e-06
4.805792e-06
4.8366112e-06
4.8918432e-06
4.999736e-06
4.8382e-06
4.6729696e-06
4.6713552e-06
4.649048e-06
4.6389472e-06
4.6957808e-06
4.9529264e-06
4.7568896e-06
5.143176e-06
5.1511456e-06
5.0278688e-06
4.6920608e-06
4.8913392e-06
4.8977072e-06
4.9141632e-06
4.6591232e-06
4.6553648e-06
4.6319856e-06
4.6203088e-06
4.6086192e-06
4.6065136e-06
4.689904e-06
4.5884176e-06
4.4805376e-06
4.609136e-06
4.8126512e-06
4.6883152e-06
4.558632e-06
4.5246224e-06
4.611216e-06
4.4857952e-06
4.5628176e-06
4.526664e-06
4.7546688e-06
4.8906944e-06
4.9709328e-06
4.919408e-06
4.82004e-06
4.663296e-06
4.633032e-06
4.4593024e-06
4.4678272e-06
4.5607888e-06
4.873256e-06
4.7080256e-06
4.4917232e-06
4.7446448e-06
4.811024e-06
4.7823488e-06
4.7955888e-06
4.711656e-06
4.659576e-06
4.6335488e-06
4.6718336e-06
4.751e-06
4.7780992e-06
4.70636e-06
4.844e-06
4.9295984e-06
4.8042032e-06
4.65964e-06
4.781328e-06
4.8807216e-06
4.4077008e-06
4.5017728e-06
4.618152e-06
4.6420352e-06
4.7552368e-06
4.8035456e-06
4.75472e-06
4.9656752e-06
4.671304e-06
4.5262624e-06
4.5729952e-06
4.6516448e-06
4.8158288e-06
4.7711888e-06
4.8312128e-06
4.7546944e-06
4.6616816e-06
4.5915568e-06
4.3885968e-06
4.236632e-06
4.661216e-06
4.6426032e-06
4.8338992e-06
4.8742896e-06
4.8599264e-06
5.0411472e-06
4.9300768e-06
4.8710736e-06
4.874264e-06
4.7637104e-06
4.8492832e-06
4.945512e-06
4.7446704e-06
4.7712272e-06
4.8328528e-06
4.823824e-06
5.0267968e-06
4.8152864e-06
4.6909504e-06
4.6250752e-06
4.365256e-06
4.4216112e-06
4.6038784e-06
4.5167296e-06
4.7457552e-06
4.7452512e-06
4.8876192e-06
4.6017472e-06
4.5990608e-06
4.6681776e-06
4.6862608e-06
4.5762624e-06
4.4822032e-06
4.5704112e-06
4.672944e-06
4.7042288e-06
4.6830448e-06
4.4163152e-06
4.4832624e-06
4.5114208e-06
4.6059712e-06
4.5459344e-06
4.459832e-06
4.620296e-06
4.6064752e-06
4.701064e-06
4.7260448e-06
4.9136336e-06
5.0401008e-06
4.891288e-06
4.7106224e-06
4.7770144e-06
4.8902032e-06
4.8869616e-06
4.9135568e-06
5.0049424e-06
5.0405024e-06
5.0118016e-06
4.8826992e-06
4.7127536e-06
5.2595424e-06
5.1724064e-06
4.9843008e-06
5.2552928e-06
5.0969216e-06
5.2690624e-06
5.174448e-06
5.0320288e-06
5.1303376e-06
5.4151248e-06
5.5288304e-06
5.3827296e-06
4.991664e-06
5.0411344e-06
5.0422064e-06
5.191032e-06
5.1580688e-06
5.0310976e-06
5.1952816e-06
5.2956832e-06
4.6803328e-06
4.6165504e-06
4.5342064e-06
4.5251776e-06
4.358824e-06
4.4751904e-06
4.57616e-06
4.8216288e-06
5.0304784e-06
5.0899856e-06
5.3296672e-06
5.2600592e-06
5.4390848e-06
5.4093504e-06
5.1271984e-06
4.941728e-06
4.917264e-06
4.8641376e-06
4.900304e-06
4.9821568e-06
4.4629968e-06
4.3939312e-06
4.5878496e-06
4.9502272e-06
4.9220432e-06
5.2090512e-06
5.0623696e-06
4.8004192e-06
4.4385584e-06
4.5220128e-06
4.546464e-06
4.6144448e-06
4.5831088e-06
4.441232e-06
4.6352016e-06
4.6128816e-06
4.5029216e-06
4.5799568e-06
4.5363248e-06
4.4130224e-06
4.9593456e-06
4.702136e-06
4.5862608e-06
4.5841552e-06
4.810016e-06
4.7547712e-06
4.7074704e-06
4.9195104e-06
4.9147056e-06
4.981136e-06
4.783472e-06
4.644192e-06
4.6904208e-06
4.865248e-06
4.8737472e-06
4.9795088e-06
4.7249856e-06
4.9210352e-06
4.9205568e-06
5.1490656e-06
4.8476688e-06
5.027288e-06
5.2371456e-06
4.9864064e-06
4.988008e-06
5.0820928e-06
4.9348816e-06
4.6580384e-06
4.43272e-06
4.51828e-06
4.7903312e-06
5.012408e-06
4.9088032e-06
5.2053056e-06
4.9969856e-06
5.0798976e-06
5.2451664e-06
5.2594784e-06
4.9470752e-06
4.9343008e-06
5.1478912e-06
5.0687888e-06
5.0252464e-06
4.889208e-06
4.7977968e-06
4.7297264e-06
4.9863936e-06
5.019912e-06
5.228736e-06
5.0124336e-06
4.939648e-06
5.0273392e-06
5.2308416e-06
5.014552e-06
5.0990144e-06
5.2701472e-06
5.095888e-06
5.0852192e-06
4.9072016e-06
5.0533024e-06
5.323184e-06
5.3497664e-06
5.4087952e-06
5.0862656e-06
5.118712e-06
4.9821312e-06
4.9885504e-06
4.9396096e-06
4.7791072e-06
4.5570176e-06
4.5219744e-06
4.7164864e-06
4.7488944e-06
4.9039984e-06
4.818464e-06
4.9161792e-06
5.0197968e-06
4.9018032e-06
4.9129888e-06
5.090968e-06
4.8577824e-06
5.1473488e-06
5.1345872e-06
5.1419888e-06
5.217448e-06
4.9363808e-06
4.7855264e-06
4.8615536e-06
4.7159696e-06
4.4811056e-06
4.5884816e-06
4.6383664e-06
4.5746096e-06
4.4906256e-06
4.5161232e-06
4.6085552e-06
4.6308752e-06
4.71752e-06
4.9104048e-06
5.029936e-06
4.6414416e-06
4.7843904e-06
4.6642912e-06
4.6202192e-06
4.7669008e-06
4.965624e-06
4.9879568e-06
4.8540624e-06
4.7855392e-06
4.6697024e-06
4.6478864e-06
4.7079488e-06
4.857808e-06
4.880128e-06
4.7722736e-06
4.669728e-06
4.6149744e-06
4.515e-06
4.3752928e-06
4.4592384e-06
5.016128e-06
4.8051728e-06
4.7058048e-06
4.7450848e-06
4.6510384e-06
4.7642272e-06
4.7270656e-06
5.0193696e-06
4.9056512e-06
4.636752e-06
4.6191984e-06
4.696776e-06
4.679248e-06
4.8051344e-06
4.669664e-06
4.8083632e-06
4.6696512e-06
4.7536224e-06
4.830128e-06
4.9268352e-06
4.5352528e-06
4.7839376e-06
4.858376e-06
4.8068512e-06
4.592176e-06
4.5879008e-06
4.6261216e-06
4.65428e-06
4.5868032e-06
4.7143168e-06
4.5703344e-06
4.5942176e-06
4.6548352e-06
4.5161744e-06
4.4188992e-06
4.6489712e-06
4.7361072e-06
4.6856288e-06
4.645768e-06
4.8142272e-06
4.9360048e-06
4.7818576e-06
4.68404e-06
4.7121984e-06
4.9439104e-06
4.616576e-06
4.6612288e-06
4.526224e-06
4.5415824e-06
4.8296368e-06
4.6447216e-06
4.6250624e-06
4.7514912e-06
4.8471136e-06
4.9778304e-06
4.8030672e-06
4.9104688e-06
5.0863424e-06
5.0475792e-06
4.960392e-06
4.727544e-06
4.7313024e-06
4.8604176e-06
4.7467504e-06
4.7063344e-06
4.7340016e-06
4.6819472e-06
4.7228416e-06
4.5453408e-06
4.5793376e-06
4.6940896e-06
4.767456e-06
4.9183872e-06
4.8907712e-06
4.7722736e-06
4.9550064e-06
4.9751696e-06
4.8625488e-06
4.7525376e-06
4.5968144e-06
5.0214496e-06
4.8211376e-06
4.5421632e-06
4.50176e-06
4.530448e-06
4.6361968e-06
4.814744e-06
4.8530672e-06
4.8445552e-06
4.8615664e-06
4.9093712e-06
4.7435472e-06
4.8987024e-06
4.667584e-06
4.730824e-06
4.5565392e-06
4.52572e-06
4.8509104e-06
5.093744e-06
5.2191264e-06
4.8503808e-06
4.8742768e-06
4.8227776e-06
4.7064368e-06
4.8313408e-06
4.9019696e-06
4.8913392e-06
5.0624208e-06
5.2611696e-06
5.1915104e-06
5.0942608e-06
5.029432e-06
4.8907712e-06
4.8732176e-06
4.7940128e-06
4.677104e-06
4.6175712e-06
4.5176864e-06
4.763736e-06
4.7260192e-06
5.0294192e-06
5.1538064e-06
5.3429712e-06
5.0177808e-06
5.079432e-06
5.0974768e-06
4.8190192e-06
4.9630016e-06
4.7787056e-06
4.7510384e-06
4.8142784e-06
4.9433424e-06
4.8046176e-06
4.8577696e-06
5.0804016e-06
4.54268e-06
4.5565392e-06
4.6250496e-06
4.668592e-06
4.9241744e-06
5.042736e-06
5.0241104e-06
4.989584e-06
5.021992e-06
5.2393664e-06
5.0374272e-06
5.2515472e-06
5.3073088e-06
5.3237776e-06
5.0745504e-06
5.0427104e-06
4.8710736e-06
4.9279072e-06
4.911464e-06
4.6808624e-06
4.8036096e-06
4.8646928e-06
5.05812e-06
5.0730256e-06
5.1203008e-06
5.0299872e-06
5.0815248e-06
5.100112e-06
5.0847024e-06
5.1362528e-06
4.9996848e-06
4.7918944e-06
4.8407968e-06
4.6394e-06
4.6569536e-06
4.7291456e-06
4.8810976e-06
4.8688912e-06
5.1032128e-06
5.2652656e-06
5.2626304e-06
5.4560832e-06
5.42104e-06
5.142608e-06
4.9890288e-06
5.142104e-06
5.0284496e-06
4.875904e-06
4.915752e-06
4.8371152e-06
4.8817424e-06
4.7568512e-06
4.7196256e-06
4.9449312e-06
4.8901776e-06
4.787128e-06
4.58524e-06
4.6362352e-06
4.655352e-06
4.6484672e-06
4.8423856e-06
4.990088e-06
5.0267968e-06
4.8259552e-06
5.0358384e-06
4.6915312e-06
4.7924752e-06
4.7234224e-06
4.7733072e-06
4.7647568e-06
4.7679216e-06
4.8434064e-06
4.9167856e-06
4.8222224e-06
4.616072e-06
4.5831216e-06
4.5608016e-06
4.7106608e-06
4.6208256e-06
4.7409248e-06
4.4571584e-06
4.3923424e-06
4.7993472e-06
4.6829936e-06
4.7202064e-06
4.645832e-06
4.4114848e-06
4.457184e-06
4.7467632e-06
4.6946448e-06
4.7833952e-06
4.6170928e-06
4.4879648e-06
4.8211376e-06
4.8599392e-06
4.8232816e-06
4.879624e-06
4.8950336e-06
4.8440384e-06
4.793056e-06
4.7314304e-06
4.63152e-06
4.622504e-06
4.595896e-06
4.7733712e-06
4.9289792e-06
5.090464e-06
5.0814224e-06
5.1622288e-06
5.3184688e-06
5.3036016e-06
4.9954352e-06
5.0804528e-06
4.9099008e-06
4.9614256e-06
5.0671872e-06
5.2568688e-06
5.373248e-06
5.1830368e-06
5.0767712e-06
5.1027472e-06
5.1090896e-06
5.1627968e-06
5.0942224e-06
4.9837072e-06
5.182456e-06
5.0060272e-06
4.889648e-06
5.0172128e-06
4.9034944e-06
4.9874272e-06
5.2191008e-06
4.9135824e-06
4.8333312e-06
4.9481216e-06
5.071424e-06
4.8360432e-06
4.7929792e-06
4.9236832e-06
4.857808e-06
4.8084272e-06
4.8004448e-06
4.856232e-06
4.957176e-06
5.2403744e-06
4.9029904e-06
4.7355904e-06
4.632528e-06
4.5639664e-06
4.5304736e-06
4.6489968e-06
4.810016e-06
4.8201424e-06
5.1399856e-06
5.103328e-06
5.038512e-06
4.907744e-06
4.826472e-06
4.7764848e-06
4.7621216e-06
4.8986768e-06
5.2387856e-06
5.3036016e-06
5.252064e-06
5.0789024e-06
4.444384e-06
4.4661488e-06
4.5103104e-06
4.6399424e-06
4.7489328e-06
4.6559072e-06
4.5155936e-06
4.6106736e-06
4.516136e-06
4.6680496e-06
4.7764848e-06
5.0198352e-06
4.7212272e-06
4.855664e-06
4.8014912e-06
4.761656e-06
4.4720768e-06
4.5570688e-06
4.323264e-06
4.4922016e-06
4.8615024e-06
4.6877344e-06
4.3088624e-06
4.3126208e-06
4.2116512e-06
4.3476896e-06
4.387512e-06
4.6739648e-06
4.5352784e-06
4.8286032e-06
4.785552e-06
4.6867264e-06
4.81424e-06
4.6840784e-06
4.9518672e-06
4.783976e-06
5.1718512e-06
5.108624e-06
4.9715392e-06
4.8976432e-06
4.651064e-06
4.4805248e-06
4.6447216e-06
4.5341552e-06
4.6590464e-06
4.8232304e-06
4.687256e-06
4.640976e-06
4.7009872e-06
4.7275824e-06
4.5357952e-06
4.6176864e-06
4.5454304e-06
5.0135312e-06
4.9508208e-06
4.756864e-06
4.6936112e-06
4.5772576e-06
4.802008e-06
4.7642528e-06
4.81796e-06
4.7711888e-06
4.956104e-06
5.1872992e-06
4.887568e-06
4.9778944e-06
5.0038832e-06
4.8392208e-06
4.6777488e-06
4.6224784e-06
4.7547712e-06
4.7456656e-06
4.9645392e-06
4.806736e-06
4.8652224e-06
4.783912e-06
4.6292992e-06
4.65428e-06
4.626664e-06
4.7781248e-06
4.5347104e-06
4.323768e-06
4.3211584e-06
4.5076752e-06
4.872184e-06
5.0671872e-06
4.8599648e-06
4.7297776e-06
4.7950848e-06
4.7435216e-06
4.7307472e-06
4.7132192e-06
4.5984288e-06
4.4554416e-06
4.5128432e-06
4.5309648e-06
4.7026016e-06
4.8763568e-06
4.791352e-06
4.8184896e-06
4.675592e-06
4.7127536e-06
4.8216672e-06
5.0246144e-06
5.04904e-06
4.9252208e-06
4.9145904e-06
4.9443632e-06
4.9018672e-06
4.7398272e-06
4.5549248e-06
4.676032e-06
4.6637744e-06
4.6834592e-06
4.7945168e-06
4.8519312e-06
4.9130656e-06
4.7627152e-06
4.8094864e-06
4.6129072e-06
4.6722864e-06
4.7286416e-06
4.6361584e-06
4.7477584e-06
4.8376064e-06
4.8610112e-06
5.0863168e-06
4.865248e-06
4.7632064e-06
4.6324768e-06
4.848728e-06
4.5905104e-06
4.8285648e-06
4.9688272e-06
4.8131808e-06
4.7313024e-06
4.8306704e-06
5.0171872e-06
4.9210096e-06
4.7440384e-06
4.7149104e-06
4.692616e-06
4.8387296e-06
4.8674176e-06
4.9487408e-06
5.1458496e-06
5.1607168e-06
4.9874784e-06
4.9449568e-06
5.0698096e-06
5.1022048e-06
5.0124464e-06
4.7925008e-06
4.7239392e-06
4.8041776e-06
4.826472e-06
4.9758016e-06
4.8488176e-06
4.7467888e-06
4.509264e-06
4.5081792e-06
4.4343472e-06
4.6793248e-06
4.7244304e-06
4.9374528e-06
5.0251184e-06
5.0230384e-06
4.964616e-06
5.1309568e-06
5.042232e-06
5.045952e-06
4.9885504e-06
4.991728e-06
4.9486896e-06
4.6670032e-06
4.6792224e-06
4.5729696e-06
4.7743792e-06
4.56664e-06
4.5288976e-06
5.1500736e-06
5.3790992e-06
5.2164784e-06
5.1405536e-06
5.0151584e-06
4.6495776e-06
4.9455376e-06
4.9534816e-06
5.01884e-06
4.952952e-06
5.0671744e-06
5.0034304e-06
4.7340016e-06
4.6909504e-06
4.8232432e-06
4.665944e-06
4.61916e-06
4.6233968e-06
4.9066336e-06
5.0368976e-06
4.780256e-06
4.856736e-06
5.0321056e-06
5.0007824e-06
4.9115408e-06
4.819096e-06
4.9869872e-06
5.0964304e-06
4.8339248e-06
4.8333952e-06
4.606488e-06
4.6766128e-06
4.5963872e-06
4.478432e-06
4.5283424e-06
4.3407792e-06
4.6782656e-06
4.7388576e-06
5.0560528e-06
4.8142656e-06
4.902952e-06
4.6797904e-06
4.7785776e-06
4.5155936e-06
4.5820368e-06
4.6904464e-06
4.5337024e-06
4.63732e-06
4.8488304e-06
4.7882512e-06
4.6623648e-06
4.8318832e-06
4.6437392e-06
4.6554416e-06
4.493312e-06
4.5533616e-06
4.855664e-06
4.80144e-06
4.990088e-06
5.0958496e-06
4.586248e-06
4.5799312e-06
4.855728e-06
4.7169904e-06
4.6867264e-06
4.744632e-06
4.7579488e-06
4.976848e-06
4.9045536e-06
4.9173152e-06
4.854088e-06
4.6952128e-06
4.6867136e-06
4.8131808e-06
4.9247168e-06
4.9284368e-06
4.7855136e-06
4.6011152e-06
4.4008032e-06
4.3699968e-06
5.027856e-06
4.7924496e-06
4.4842832e-06
4.4709664e-06
4.4901088e-06
4.4815712e-06
4.7823616e-06
4.854088e-06
5.0979552e-06
5.1069712e-06
4.9135568e-06
5.0602512e-06
5.0049424e-06
4.8901904e-06
4.816888e-06
5.005536e-06
5.1729488e-06
5.2101488e-06
5.4083168e-06
5.2207152e-06
4.807304e-06
4.7972032e-06
4.8731408e-06
5.10856e-06
5.2498944e-06
4.9475152e-06
4.6419712e-06
4.7360432e-06
4.5926032e-06
4.5389344e-06
4.6791968e-06
4.7259552e-06
4.6228928e-06
4.9013504e-06
5.0161024e-06
5.170728e-06
5.2148256e-06
5.1569072e-06
4.9895456e-06
4.7568e-06
5.1649536e-06
5.2935904e-06
5.3472336e-06
5.3196304e-06
5.109192e-06
5.2478656e-06
5.136808e-06
5.1080688e-06
4.9661792e-06
4.9459904e-06
4.8274928e-06
4.6770784e-06
4.59684e-06
4.930632e-06
4.8184768e-06
4.8822336e-06
4.4783808e-06
4.4619248e-06
4.7695744e-06
4.9762928e-06
4.9827632e-06
4.959888e-06
4.9646544e-06
5.0358512e-06
4.9513376e-06
4.9412624e-06
4.87748e-06
4.8955376e-06
4.9034816e-06
4.885928e-06
5.1999328e-06
5.3115328e-06
5.2265408e-06
5.116e-06
4.9858768e-06
4.9130656e-06
4.9274288e-06
5.0464688e-06
4.945008e-06
4.918968e-06
4.7973056e-06
4.9679088e-06
4.9327888e-06
4.8179728e-06
5.0082224e-06
4.9338224e-06
4.8843904e-06
4.7488944e-06
4.843432e-06
4.8051472e-06
4.7424368e-06
4.7700784e-06
4.6903952e-06
4.8094224e-06
4.6893872e-06
4.7255664e-06
4.5974848e-06
4.6516576e-06
4.8849456e-06
4.9200656e-06
4.866824e-06
4.8200656e-06
4.9863936e-06
5.0905792e-06
4.9109856e-06
4.795136e-06
4.8450848e-06
4.6893872e-06
4.7505088e-06
4.8817296e-06
5.126152e-06
4.9981088e-06
5.0369104e-06
4.8971008e-06
4.9146032e-06
4.8386016e-06
4.8301152e-06
5.0639456e-06
4.8673152e-06
4.6882256e-06
4.981576e-06
4.7998768e-06
4.7185152e-06
4.5856672e-06
4.7775184e-06
5.159064e-06
5.1824176e-06
5.083592e-06
5.014488e-06
4.7419072e-06
4.6606224e-06
5.0528112e-06
4.9885248e-06
4.7674944e-06
4.9486896e-06
5.0618528e-06
4.8742768e-06
4.9938464e-06
4.8083504e-06
5.0214112e-06
4.8269504e-06
4.9205312e-06
4.9104304e-06
4.7775184e-06
4.5920608e-06
4.6627152e-06
4.8449568e-06
5.0729232e-06
5.0166448e-06
4.7669136e-06
4.781264e-06
4.5538272e-06
4.8556512e-06
5.0963536e-06
5.036368e-06
4.8631168e-06
4.7850096e-06
4.7557536e-06
4.8710608e-06
4.6898784e-06
4.8965584e-06
4.9555488e-06
4.8582992e-06
4.6563984e-06
4.6032848e-06
4.6096656e-06
4.539528e-06
4.5682288e-06
4.8099392e-06
4.987944e-06
5.1473488e-06
4.8891312e-06
4.6999664e-06
4.5458832e-06
4.4002992e-06
4.5103104e-06
4.6383664e-06
4.568216e-06
4.6596144e-06
4.78656e-06
5.0012992e-06
4.9438976e-06
4.8716032e-06
4.9608448e-06
4.9422448e-06
4.9199376e-06
4.7626384e-06
4.9608576e-06
5.0586368e-06
4.9953968e-06
4.85144e-06
5.0029264e-06
5.0528752e-06
4.986432e-06
5.2005264e-06
5.0836688e-06
5.0119296e-06
4.9699248e-06
4.7276208e-06
5.0097728e-06
5.3848608e-06
5.3615328e-06
5.2249776e-06
5.2579024e-06
5.0549168e-06
4.8407968e-06
4.8785008e-06
5.1261264e-06
4.9630144e-06
5.0889648e-06
5.216504e-06
5.3838656e-06
5.3716592e-06
5.2579024e-06
5.4274336e-06
5.5092736e-06
5.3944576e-06
5.5007232e-06
5.2647616e-06
5.5729536e-06
5.2674736e-06
5.2966912e-06
5.3322896e-06
5.417824e-06
5.4321744e-06
5.2627328e-06
5.2685712e-06
5.1808544e-06
5.1261008e-06
5.2025936e-06
5.3009408e-06
5.1850656e-06
5.088888e-06
5.1765536e-06
5.0187376e-06
4.7892336e-06
4.8833056e-06
4.8481984e-06
5.0060144e-06
5.1187248e-06
4.990152e-06
4.595896e-06
4.541168e-06
4.7287312e-06
4.6011536e-06
4.8243024e-06
4.7280992e-06
4.8381232e-06
4.7664608e-06
4.7186048e-06
4.8690064e-06
4.9067488e-06
5.0475536e-06
5.2255328e-06
5.0379824e-06
5.2616864e-06
5.1867312e-06
5.1559248e-06
5.0316016e-06
4.9274288e-06
4.780192e-06
4.9501888e-06
5.135104e-06
4.9267968e-06
5.0458496e-06
5.0431632e-06
4.9188528e-06
5.0341728e-06
5.1701984e-06
5.0490272e-06
5.070792e-06
4.9081712e-06
4.7833184e-06
4.698352e-06
4.9959392e-06
5.175016e-06
4.7918688e-06
4.8317296e-06
4.9039856e-06
4.7732688e-06
4.787128e-06
4.8200656e-06
4.9423216e-06
5.2515856e-06
5.2595552e-06
5.2138304e-06
5.1224448e-06
5.064552e-06
4.8317808e-06
4.9178704e-06
5.0267968e-06
4.9428128e-06
5.164928e-06
5.240904e-06
4.8891568e-06
5.0033792e-06
4.9385632e-06
5.0406048e-06
4.8636336e-06
4.7759552e-06
4.8556896e-06
5.1059504e-06
4.9518032e-06
5.1038192e-06
4.9778688e-06
4.9661792e-06
4.7446064e-06
4.7722736e-06
4.7536864e-06
4.6808752e-06
4.7212528e-06
4.7584016e-06
5.0326096e-06
4.6160592e-06
4.6564368e-06
4.7377216e-06
4.8519568e-06
4.7121856e-06
4.611784e-06
4.6059584e-06
5.0235808e-06
4.8051984e-06
4.9949184e-06
4.9715264e-06
5.0342624e-06
5.0454096e-06
5.126152e-06
4.982144e-06
4.9167472e-06
4.681328e-06
4.7307472e-06
4.700432e-06
4.5633856e-06
4.6186048e-06
4.8290304e-06
4.8641632e-06
4.8371024e-06
4.924768e-06
4.9763312e-06
5.056608e-06
4.7270784e-06
4.65428e-06
4.6122624e-06
4.4140432e-06
4.375848e-06
4.4103616e-06
4.4576496e-06
4.8189936e-06
4.7509872e-06
4.6718208e-06
4.6664864e-06
4.6287696e-06
4.8933808e-06
5.0469728e-06
5.045384e-06
4.9996848e-06
4.9715136e-06
4.8423856e-06
5.0320544e-06
4.908248e-06
4.6494752e-06
4.506552e-06
4.419416e-06
4.491672e-06
4.7466864e-06
4.9433296e-06
5.0129632e-06
4.7796752e-06
5.0395328e-06
4.8934192e-06
4.6914672e-06
4.7833824e-06
5.0549296e-06
4.9247424e-06
5.051752e-06
5.1011456e-06
4.9497104e-06
5.028928e-06
4.7712272e-06
4.9465712e-06
4.7509744e-06
4.7796752e-06
5.0974384e-06
4.9082608e-06
5.0416384e-06
4.9443632e-06
4.95232e-06
4.9852704e-06
5.221736e-06
5.3461488e-06
5.1553824e-06
5.0788512e-06
4.9901008e-06
4.790848e-06
4.8976176e-06
5.1755456e-06
5.2329344e-06
4.9268608e-06
4.95024e-06
4.7349968e-06
4.935928e-06
4.8848816e-06
4.9008464e-06
4.7626896e-06
4.565568e-06
4.760584e-06
4.6749856e-06
4.7142784e-06
4.7966608e-06
4.8200528e-06
4.8886016e-06
4.892864e-06
4.9189168e-06
4.899232e-06
4.9656624e-06
4.9013248e-06
4.6676096e-06
4.6559072e-06
4.6596528e-06
4.9465712e-06
4.7472288e-06
4.7482624e-06
4.8136208e-06
4.6962208e-06
4.8093712e-06
4.8524096e-06
4.8497872e-06
4.8227136e-06
4.837064e-06
4.9311232e-06
4.7642784e-06
4.7924112e-06
5.0107936e-06
5.1989632e-06
5.0453968e-06
4.9216032e-06
4.803584e-06
4.7748704e-06
4.7164352e-06
4.6978096e-06
5.0325712e-06
4.9751824e-06
4.9108704e-06
4.8758016e-06
4.9449184e-06
4.8455504e-06
4.8472032e-06
4.9438976e-06
4.9534688e-06
5.1612464e-06
5.1464048e-06
4.8440128e-06
4.9491808e-06
4.7971776e-06
5.1022304e-06
5.0028752e-06
5.1186736e-06
5.0506416e-06
5.2913312e-06
5.10856e-06
4.9305808e-06
4.7860432e-06
4.8615152e-06
4.8998256e-06
4.7079616e-06
4.696776e-06
4.747216e-06
4.9337328e-06
4.9374528e-06
4.9023968e-06
4.810456e-06
4.720168e-06
4.8434448e-06
4.9316656e-06
4.8774416e-06
5.2483312e-06
5.2828576e-06
5.0645008e-06
5.1463408e-06
4.9922832e-06
4.7680112e-06
4.7281632e-06
4.7010768e-06
4.5735632e-06
4.3471984e-06
4.5087472e-06
4.6787568e-06
4.670232e-06
4.5257072e-06
4.5703344e-06
4.7998512e-06
4.8041392e-06
4.9295088e-06
5.011904e-06
4.6968272e-06
4.4831728e-06
4.528872e-06
4.6298288e-06
4.7408992e-06
4.571936e-06
4.7584912e-06
4.575152e-06
4.9359152e-06
5.0235808e-06
5.0416128e-06
4.815816e-06
4.8530032e-06
4.9608832e-06
4.9932784e-06
4.9034944e-06
4.8088928e-06
4.641544e-06
4.7840272e-06
4.7270912e-06
4.6340784e-06
4.7711888e-06
4.6893616e-06
4.8169264e-06
4.9093712e-06
4.8466992e-06
5.2005008e-06
5.122936e-06
5.14532e-06
5.1192672e-06
5.0555232e-06
5.1118912e-06
5.0029648e-06
4.8674304e-06
4.8647184e-06
5.1628352e-06
5.1388624e-06
4.985296e-06
4.9316528e-06
5.1649408e-06
5.2404256e-06
5.3451024e-06
5.2792016e-06
5.1553696e-06
5.1633648e-06
5.2201856e-06
4.6691472e-06
4.7791456e-06
4.8710352e-06
4.796648e-06
5.0676144e-06
5.0963152e-06
5.0915232e-06
5.3258576e-06
5.2217104e-06
5.2722016e-06
5.221736e-06
5.1839808e-06
5.258936e-06
5.2010048e-06
5.0698352e-06
5.2266432e-06
5.2133392e-06
5.1118784e-06
4.8913392e-06
4.7627024e-06
5.160704e-06
5.1373248e-06
4.9555744e-06
4.739272e-06
4.6356672e-06
4.7244048e-06
4.593184e-06
4.4959344e-06
4.4188608e-06
4.5995392e-06
4.633536e-06
4.6627408e-06
4.7950848e-06
4.7850096e-06
4.7536608e-06
5.024136e-06
4.9938592e-06
4.934856e-06
5.0204032e-06
5.00768e-06
5.2116736e-06
5.2164784e-06
5.0639584e-06
5.0820672e-06
4.8663328e-06
4.8067488e-06
4.8120448e-06
4.8200144e-06
4.6191472e-06
4.5601696e-06
4.7169264e-06
4.698352e-06
4.6903952e-06
4.8821952e-06
4.93372e-06
4.6802432e-06
4.7435216e-06
4.9794448e-06
5.0783088e-06
5.4056176e-06
5.0978912e-06
4.980504e-06
4.8014272e-06
4.6239776e-06
4.7291456e-06
4.8944272e-06
5.0384352e-06
4.7042032e-06
4.7562832e-06
5.0278176e-06
5.1840576e-06
5.0161664e-06
4.9141504e-06
5.0044512e-06
5.2775616e-06
5.0060144e-06
5.1313968e-06
5.2286336e-06
5.145192e-06
4.9480576e-06
4.6621856e-06
4.6643168e-06
4.8875424e-06
4.9985872e-06
5.1006032e-06
5.105344e-06
4.8353984e-06
4.713168e-06
4.665944e-06
4.5251776e-06
4.602768e-06
4.4981168e-06
4.5517728e-06
4.655352e-06
4.697848e-06
4.7583888e-06
4.7743536e-06
4.8779712e-06
5.0878544e-06
4.9799744e-06
5.0624464e-06
5.1612336e-06
5.04324e-06
5.1133392e-06
4.84236e-06
4.7940256e-06
4.6139024e-06
4.6351376e-06
4.458696e-06
4.5798672e-06
4.700496e-06
4.6972928e-06
4.6531824e-06
4.6701936e-06
4.5039168e-06
4.7334336e-06
4.5400448e-06
4.6797648e-06
4.6426032e-06
4.6617584e-06
4.500688e-06
4.5814816e-06
4.6075088e-06
4.8434704e-06
5.0171872e-06
4.9172512e-06
4.8524096e-06
4.6739008e-06
4.7610368e-06
4.7854624e-06
4.72124e-06
4.6797776e-06
4.5873456e-06
4.348736e-06
4.3173488e-06
4.0990048e-06
4.1574016e-06
4.4193392e-06
4.4624288e-06
4.4619248e-06
4.7355776e-06
4.9274032e-06
4.9890032e-06
4.8418304e-06
4.734544e-06
4.618152e-06
4.6160208e-06
4.7350352e-06
4.748352e-06
4.8179472e-06
4.9327504e-06
4.92956e-06
4.9513248e-06
5.083592e-06
4.6930304e-06
4.59684e-06
4.7584272e-06
4.718592e-06
4.7839504e-06
4.6957424e-06
4.7838864e-06
4.8147696e-06
4.92956e-06
5.2462e-06
5.3641424e-06
5.3652144e-06
5.407232e-06
5.2393792e-06
5.127792e-06
4.7972928e-06
4.4773984e-06
4.52364e-06
4.6225168e-06
4.7638384e-06
4.7887808e-06
4.5522896e-06
4.4284448e-06
4.3795168e-06
4.172256e-06
4.5474208e-06
5.1500736e-06
4.7345056e-06
4.7074448e-06
5.0002144e-06
5.2335152e-06
5.077792e-06
5.0878928e-06
4.9917152e-06
5.1702368e-06
5.0012608e-06
5.0166576e-06
5.0315632e-06
4.8918176e-06
4.5204368e-06
4.6633472e-06
4.753712e-06
4.9423088e-06
4.9402288e-06
5.040088e-06
4.90352e-06
4.6159824e-06
4.5910272e-06
4.737192e-06
4.6734224e-06
4.6681136e-06
4.6888192e-06
4.8609216e-06
4.775904e-06
4.7727008e-06
4.9294576e-06
4.8588288e-06
4.9879312e-06
4.8965456e-06
4.8381232e-06
4.6951616e-06
4.6760576e-06
4.604848e-06
4.6989072e-06
4.8514016e-06
4.7679856e-06
4.5474336e-06
4.6218592e-06
4.7361456e-06
4.7594992e-06
4.5469424e-06
4.6245072e-06
4.4199456e-06
4.3323184e-06
4.2563296e-06
4.3673232e-06
4.5384176e-06
4.7079104e-06
4.9188272e-06
5.1085216e-06
5.0271856e-06
4.74028e-06
4.7280864e-06
4.8864448e-06
4.5904848e-06
4.5861968e-06
4.9980832e-06
4.9630016e-06
5.0788e-06
4.9613872e-06
5.0979424e-06
4.9124976e-06
5.065056e-06
4.92956e-06
4.9572016e-06
4.897152e-06
5.0921552e-06
4.95396e-06
5.0756864e-06
4.949168e-06
4.8296624e-06
4.691984e-06
4.5793248e-06
4.6026912e-06
4.7615664e-06
4.8599136e-06
4.6479248e-06
4.927416e-06
5.0571248e-06
5.1139968e-06
4.959888e-06
4.6342192e-06
4.3599984e-06
4.5194032e-06
4.6293632e-06
4.7621728e-06
4.6166016e-06
4.6723248e-06
4.7621344e-06
4.7148464e-06
4.7196256e-06
4.8524992e-06
4.9572016e-06
4.8790816e-06
4.82704e-06
4.5804352e-06
4.8854752e-06
4.6851248e-06
4.6075344e-06
4.705856e-06
4.6611648e-06
4.6510256e-06
4.527232e-06
4.4066416e-06
4.5257456e-06
4.4550784e-06
4.5565776e-06
4.77496e-06
4.5836512e-06
4.7531824e-06
4.6708128e-06
4.8233456e-06
4.7845696e-06
4.697976e-06
4.7867264e-06
5.0614384e-06
5.1394816e-06
4.9821952e-06
4.910456e-06
4.6553648e-06
4.8206336e-06
4.8626256e-06
4.8461568e-06
4.8584016e-06
4.688328e-06
4.7101056e-06
4.5118864e-06
4.7222864e-06
4.8583248e-06
4.7392976e-06
4.8944272e-06
4.5262112e-06
4.668088e-06
4.8243024e-06
4.6749856e-06
4.865752e-06
4.629248e-06
4.6919456e-06
5.1297568e-06
5.0825328e-06
4.9916384e-06
4.9411856e-06
4.9869104e-06
4.9274032e-06
4.8126256e-06
4.8168752e-06
4.9130656e-06
4.919472e-06
4.8072912e-06
4.6133344e-06
4.8949568e-06
4.6276592e-06
4.8524736e-06
4.7977456e-06
4.8024992e-06
4.8237344e-06
5.0070736e-06
5.0623056e-06
5.043176e-06
5.0814736e-06
5.3391488e-06
5.2435264e-06
5.204208e-06
5.0060912e-06
5.262216e-06
5.1394944e-06
5.0725216e-06
5.1352192e-06
4.9571888e-06
4.8615664e-06
4.7015808e-06
4.9236704e-06
4.7552752e-06
4.7908864e-06
4.7478736e-06
4.88492e-06
4.6638384e-06
4.7738496e-06
5.0118656e-06
5.0984464e-06
4.9337584e-06
5.0389776e-06
5.2456832e-06
5.092672e-06
5.0368464e-06
4.8242896e-06
4.8286032e-06
4.9051216e-06
4.8344032e-06
4.8355008e-06
4.9438848e-06
4.876976e-06
4.794064e-06
4.8721456e-06
4.9178448e-06
4.7626896e-06
5.0289024e-06
5.0676912e-06
4.8503808e-06
4.7589696e-06
4.8954736e-06
4.803016e-06
4.7232944e-06
4.5724016e-06
4.5596272e-06
4.63404e-06
4.5409888e-06
4.6929792e-06
5.0330752e-06
4.8827504e-06
4.8264336e-06
4.9395968e-06
4.760584e-06
4.7807472e-06
4.7701296e-06
4.8540496e-06
4.0172032e-06
4.2934784e-06
4.3009568e-06
4.3535792e-06
4.5146112e-06
4.5358208e-06
4.8928512e-06
5.0570736e-06
5.0406048e-06
5.1442352e-06
5.0863168e-06
4.941224e-06
4.8471648e-06
4.6245328e-06
4.557056e-06
4.5097552e-06
4.588896e-06
4.31948e-06
4.3333008e-06
4.2865552e-06
4.5140176e-06
4.3652304e-06
4.4491632e-06
4.4789104e-06
4.6335104e-06
4.5830704e-06
4.5182672e-06
4.6452384e-06
4.6936624e-06
4.654344e-06
4.7218208e-06
4.8312512e-06
4.6898912e-06
4.698352e-06
4.7281376e-06
4.6999664e-06
4.701568e-06
4.6362224e-06
4.6590464e-06
4.585744e-06
4.8163456e-06
4.7466992e-06
4.6579744e-06
4.7312896e-06
4.6951872e-06
4.5915952e-06
4.6617456e-06
4.7414544e-06
4.5432224e-06
4.6069664e-06
4.8731408e-06
4.8428768e-06
4.8014656e-06
4.6973824e-06
4.7462464e-06
4.874328e-06
4.7664608e-06
4.8615792e-06
4.8259808e-06
4.6867008e-06
4.6845184e-06
4.8614896e-06
4.9141504e-06
4.949232e-06
4.675528e-06
4.8445552e-06
5.0331776e-06
4.9120192e-06
5.0066208e-06
4.9731408e-06
4.8615536e-06
4.813736e-06
4.7510384e-06
4.7558176e-06
4.871616e-06
5.2404128e-06
4.91468e-06
4.8396864e-06
4.7642272e-06
4.7950464e-06
5.005472e-06
5.016632e-06
4.97836e-06
4.993808e-06
5.1516624e-06
5.0862656e-06
4.9183616e-06
5.0230384e-06
5.1085856e-06
5.063416e-06
5.0559888e-06
5.0772368e-06
5.0676784e-06
4.8747808e-06
4.6691472e-06
4.9183488e-06
4.8949568e-06
4.9220688e-06
4.9985744e-06
5.0341856e-06
5.0883968e-06
5.0363424e-06
5.070856e-06
4.8020336e-06
4.5868032e-06
4.8848944e-06
4.9879952e-06
5.0437952e-06
5.0411472e-06
4.9981216e-06
5.2095296e-06
5.0314992e-06
4.952888e-06
4.9890288e-06
5.1357104e-06
4.9640864e-06
4.9768736e-06
4.9869488e-06
5.0156624e-06
5.1474256e-06
4.5597552e-06
4.842424e-06
4.9157392e-06
4.8976688e-06
4.6574832e-06
4.6505472e-06
4.8726496e-06
4.8604176e-06
4.9645392e-06
5.0771984e-06
4.9857744e-06
4.9528624e-06
4.9533792e-06
4.9576544e-06
4.9672256e-06
5.1903744e-06
5.1527088e-06
4.8492832e-06
4.6883152e-06
4.54432e-06
5.0246656e-06
4.9901392e-06
4.9646288e-06
4.8965968e-06
4.7834336e-06
4.9614512e-06
4.7999408e-06
4.7510384e-06
4.3689376e-06
4.4326816e-06
4.7100288e-06
4.7865216e-06
4.6520976e-06
4.5820496e-06
4.5969168e-06
4.3519648e-06
4.5831088e-06
4.4428464e-06
4.665504e-06
4.9407456e-06
4.7557792e-06
4.621368e-06
4.7042416e-06
4.7504704e-06
5.0092432e-06
4.9959648e-06
4.9008592e-06
4.614432e-06
4.830192e-06
4.5156192e-06
4.5916208e-06
4.7239648e-06
4.7446576e-06
4.910456e-06
4.8514528e-06
4.807872e-06
4.661216e-06
4.6755408e-06
4.6378112e-06
4.80144e-06
4.7100288e-06
4.8652352e-06
4.7547328e-06
4.714872e-06
4.5256944e-06
4.6680624e-06
5.0193056e-06
5.156416e-06
5.0544e-06
4.9667344e-06
4.792992e-06
4.6266512e-06
4.5852272e-06
4.519352e-06
4.45504e-06
4.5102976e-06
4.5676352e-06
4.4922016e-06
4.6696512e-06
4.68612e-06
4.8790944e-06
4.7871408e-06
4.5225296e-06
4.4699328e-06
4.6506368e-06
4.8823488e-06
4.7824256e-06
4.8929408e-06
4.8089696e-06
4.5485824e-06
4.55548e-06
4.6171312e-06
4.6033104e-06
4.7265488e-06
5.0081584e-06
5.0113616e-06
4.9826608e-06
4.8412752e-06
5.0214112e-06
4.9056128e-06
4.5373584e-06
4.570864e-06
4.6043312e-06
4.8822464e-06
4.850872e-06
4.5926416e-06
4.646272e-06
4.4889856e-06
4.4666784e-06
4.6547968e-06
4.9082352e-06
4.776472e-06
4.892864e-06
4.8684384e-06
4.6936368e-06
4.7318832e-06
4.5601952e-06
4.741416e-06
4.744632e-06
4.6054032e-06
5.1033024e-06
5.1851296e-06
4.98e-06
4.8322592e-06
5.0703264e-06
5.2031744e-06
5.13788e-06
4.9906816e-06
5.0469856e-06
5.0225344e-06
4.91468e-06
4.7180496e-06
4.7126896e-06
4.6144192e-06
4.4810544e-06
4.7653248e-06
4.91304e-06
5.0703392e-06
5.0150176e-06
4.956608e-06
4.7896992e-06
4.7307728e-06
4.8254128e-06
4.8886272e-06
4.7611136e-06
4.9874912e-06
5.1335664e-06
5.302504e-06
5.138888e-06
5.0416384e-06
4.7148592e-06
4.698352e-06
4.7913776e-06
4.804656e-06
4.7079104e-06
4.6951616e-06
4.91884e-06
4.6339888e-06
4.8071888e-06
4.91348e-06
4.701568e-06
4.6601056e-06
4.4273344e-06
4.543752e-06
4.5942304e-06
4.509768e-06
4.4439056e-06
4.48272e-06
4.4534384e-06
4.4050784e-06
4.6436368e-06
4.6372944e-06
4.6723248e-06
4.7466864e-06
4.7009872e-06
4.8359536e-06
5.0458496e-06
4.999104e-06
5.0219536e-06
4.8710864e-06
4.9581584e-06
4.8912624e-06
4.8041136e-06
4.7818448e-06
4.8004064e-06
4.8498384e-06
4.87376e-06
4.8264208e-06
4.7355776e-06
4.7398144e-06
4.7382e-06
4.7891824e-06
4.577168e-06
4.5367648e-06
4.5426544e-06
4.707936e-06
4.7807088e-06
4.992736e-06
5.1925184e-06
5.2089872e-06
4.7297776e-06
4.9779328e-06
5.0948544e-06
5.0130144e-06
4.7791456e-06
4.637824e-06
4.8434448e-06
4.4916592e-06
4.6697152e-06
4.691984e-06
4.5713936e-06
4.8185152e-06
4.7228672e-06
4.6692112e-06
4.610208e-06
4.5565776e-06
4.5422016e-06
4.4056464e-06
4.3137312e-06
4.567712e-06
4.6760832e-06
4.7356032e-06
4.5506624e-06
4.675528e-06
4.6484416e-06
4.8992192e-06
4.82004e-06
4.9630016e-06
5.001248e-06
4.806232e-06
4.8928512e-06
4.6314048e-06
4.6941408e-06
4.5809392e-06
4.5442944e-06
4.5926544e-06
4.765312e-06
4.7153632e-06
4.6463104e-06
4.7058176e-06
4.9538832e-06
5.2126816e-06
4.8933552e-06
4.9018928e-06
4.8588672e-06
4.8238112e-06
5.0591664e-06
4.8041008e-06
4.895512e-06
4.8498e-06
4.9077312e-06
4.822184e-06
4.745136e-06
4.7036864e-06
4.7605456e-06
4.8014144e-06
4.9092944e-06
4.87792e-06
4.8279712e-06
5.0223808e-06
4.986872e-06
4.7780608e-06
4.8115408e-06
4.8312384e-06
4.918904e-06
4.8620192e-06
4.7647824e-06
4.6484416e-06
4.4443584e-06
4.295016e-06
4.357248e-06
4.630384e-06
4.8822336e-06
5.03208e-06
5.2132752e-06
5.0496336e-06
5.0857104e-06
5.2727312e-06
5.3247984e-06
5.258432e-06
4.8185664e-06
4.769096e-06
4.7972544e-06
4.8190064e-06
4.8476432e-06
4.9746656e-06
5.1664784e-06
4.9809952e-06
4.9204416e-06
4.7339376e-06
4.7812384e-06
4.7142528e-06
4.5894512e-06
4.822752e-06
4.8450464e-06
4.6771296e-06
4.7918944e-06
4.8408736e-06
4.8121984e-06
4.7686304e-06
5.2908656e-06
5.488e-06
5.343488e-06
5.2940688e-06
5.2728336e-06
5.193616e-06
5.0198608e-06
4.812096e-06
4.9173152e-06
4.8949696e-06
4.9864192e-06
5.0735552e-06
5.3317856e-06
5.1537808e-06
5.1749904e-06
5.0963792e-06
5.121864e-06
4.9582224e-06
5.139456e-06
5.2441456e-06
4.6866496e-06
4.4815712e-06
4.4353296e-06
4.5580768e-06
4.842424e-06
4.5167168e-06
4.7472928e-06
4.9125232e-06
5.0437568e-06
4.8822208e-06
4.9205184e-06
4.8833056e-06
4.9470624e-06
4.9257632e-06
4.9353472e-06
4.9496976e-06
5.0399984e-06
4.9990784e-06
5.0065312e-06
4.7833312e-06
4.794504e-06
4.72168e-06
4.7174816e-06
4.6834592e-06
4.4974592e-06
4.5750496e-06
4.4454048e-06
4.66008e-06
4.7717312e-06
4.9609088e-06
4.7090336e-06
4.7090208e-06
4.7095504e-06
4.9534176e-06
4.8311616e-06
4.8311872e-06
4.9103664e-06
4.9055616e-06
4.6717824e-06
4.9113744e-06
4.3019136e-06
4.2222176e-06
4.2461392e-06
4.3316992e-06
4.5155936e-06
4.7663968e-06
4.7206976e-06
4.82912e-06
4.7153632e-06
4.8561936e-06
4.6314304e-06
4.5782912e-06
4.4448624e-06
4.4868544e-06
4.3737296e-06
4.5060224e-06
4.5772192e-06
4.5017472e-06
4.3492528e-06
4.2855088e-06
4.3386352e-06
4.6287312e-06
4.7604816e-06
4.9507184e-06
4.9746272e-06
4.6595248e-06
4.7621216e-06
4.8870128e-06
4.8715904e-06
4.8322848e-06
4.8243024e-06
4.8439616e-06
4.8710352e-06
4.707368e-06
4.6080384e-06
4.4465408e-06
4.2749168e-06
4.3317632e-06
4.3402368e-06
4.2339712e-06
4.8089696e-06
4.5921504e-06
4.618216e-06
4.6963104e-06
4.8344416e-06
4.5814944e-06
4.4645984e-06
4.522e-06
4.501256e-06
4.5921248e-06
4.6712912e-06
4.7377216e-06
4.751568e-06
4.7712144e-06
4.5820752e-06
4.5315712e-06
4.5708896e-06
4.7143808e-06
4.8063088e-06
4.7415184e-06
4.5921888e-06
4.8344416e-06
4.760016e-06
4.7350352e-06
4.6537504e-06
4.65056e-06
4.4008416e-06
4.7053264e-06
4.729752e-06
4.7924368e-06
4.796712e-06
4.792992e-06
4.675024e-06
4.6856288e-06
4.5415952e-06
4.6633088e-06
4.764808e-06
4.4847872e-06
4.6303968e-06
4.6787824e-06
4.6908992e-06
4.6090592e-06
4.802512e-06
4.6766128e-06
4.8705696e-06
4.969912e-06
4.8386528e-06
4.9226368e-06
4.822248e-06
4.6256432e-06
4.5613312e-06
4.4799952e-06
4.6840272e-06
4.6383024e-06
4.812096e-06
4.6957168e-06
4.7440512e-06
4.8083376e-06
4.7881232e-06
4.6850352e-06
4.9550064e-06
5.0862528e-06
5.0650176e-06
5.02464e-06
4.8434192e-06
4.6616816e-06
4.7302304e-06
4.9698864e-06
4.8497616e-06
4.8274672e-06
4.8115408e-06
4.8291072e-06
4.7303072e-06
4.7138384e-06
4.8291328e-06
4.6548224e-06
4.545392e-06
4.6952384e-06
4.736184e-06
4.8386784e-06
4.4933632e-06
4.400312e-06
4.6155296e-06
4.746208e-06
4.8333696e-06
4.8482624e-06
4.915688e-06
4.8854112e-06
4.8625488e-06
4.7323744e-06
4.6117328e-06
4.6722992e-06
4.6452e-06
4.777544e-06
4.8636464e-06
4.7590208e-06
4.7191728e-06
4.6782656e-06
4.8078848e-06
4.5231104e-06
4.8099904e-06
4.7275824e-06
4.664304e-06
4.426288e-06
4.58196e-06
4.3561504e-06
4.239848e-06
4.1808704e-06
4.3291152e-06
4.6086064e-06
4.7775696e-06
4.634608e-06
4.8057024e-06
4.8391952e-06
4.8875424e-06
4.9454224e-06
4.8684e-06
4.7297136e-06
4.671304e-06
4.6580128e-06
4.726096e-06
4.6293632e-06
4.6851248e-06
4.8396992e-06
4.5793632e-06
4.5831088e-06
4.5624288e-06
4.7128304e-06
4.6851632e-06
4.6203472e-06
4.6203728e-06
4.5836768e-06
4.5353168e-06
4.687256e-06
4.697912e-06
4.6320368e-06
4.5156192e-06
4.660144e-06
4.7164736e-06
4.818528e-06
4.7648592e-06
4.6522e-06
4.8620832e-06
4.8195744e-06
4.8732688e-06
4.7456784e-06
4.687256e-06
4.8567232e-06
5.040528e-06
4.9640224e-06
4.9757248e-06
4.9481216e-06
4.98744e-06
4.9513248e-06
4.9294832e-06
4.7058048e-06
4.668152e-06
4.6644704e-06
4.7914416e-06
4.7276464e-06
4.6802816e-06
4.9491808e-06
4.9741488e-06
4.8423984e-06
4.6426032e-06
4.5463872e-06
4.5442944e-06
4.4040448e-06
4.4566288e-06
4.424712e-06
4.5394768e-06
4.4666528e-06
4.3725808e-06
4.37736e-06
4.3896176e-06
4.4129968e-06
4.305104e-06
4.5016576e-06
4.56916e-06
4.757304e-06
4.9534688e-06
5.0660896e-06
4.9666704e-06
4.82584e-06
4.6525888e-06
4.7291328e-06
4.7339248e-06
4.8056512e-06
5.110136e-06
5.3854288e-06
5.321672e-06
5.1484336e-06
5.1303632e-06
4.7589568e-06
4.6027424e-06
5.0097216e-06
4.851944e-06
4.737696e-06
4.5644832e-06
4.6792608e-06
5.2626304e-06
5.4932448e-06
5.2392768e-06
5.4321872e-06
5.4104096e-06
5.4098288e-06
5.267952e-06
5.27968e-06
5.42312e-06
5.0942224e-06
4.9523584e-06
4.8433936e-06
4.6393232e-06
4.7083888e-06
4.561784e-06
4.5092384e-06
4.5198432e-06
4.532592e-06
4.814744e-06
5.1648512e-06
4.8768992e-06
4.8599008e-06
4.970416e-06
4.9411984e-06
4.8589056e-06
4.8557024e-06
4.7302816e-06
4.8009616e-06
4.8801152e-06
4.8514144e-06
4.9002912e-06
5.169656e-06
5.0533408e-06
4.9374784e-06
4.9401264e-06
5.104336e-06
4.7440896e-06
4.8301536e-06
4.6935728e-06
4.736056e-06
4.6107888e-06
4.6936496e-06
4.8604816e-06
4.8152992e-06
4.8465712e-06
4.724328e-06
4.6371792e-06
4.4889088e-06
4.3189376e-06
4.426792e-06
4.5463488e-06
4.6356416e-06
4.802512e-06
4.640472e-06
4.4805888e-06
4.491232e-06
4.588456e-06
4.7962208e-06
4.69104e-06
4.4126336e-06
4.8200144e-06
4.71588e-06
4.4964256e-06
4.4060352e-06
4.318408e-06
4.3247888e-06
4.5261856e-06
4.481016e-06
4.5692368e-06
4.436376e-06
4.6616944e-06
4.6409888e-06
4.7610752e-06
4.882776e-06
5.02464e-06
5.0039216e-06
4.8737856e-06
4.8577824e-06
4.9751952e-06
4.9454608e-06
4.7790944e-06
4.8943632e-06
4.9066464e-06
4.9826608e-06
5.0905664e-06
4.97048e-06
5.090528e-06
4.8971392e-06
4.7669264e-06
4.7111392e-06
4.5256944e-06
4.5007264e-06
4.3976768e-06
4.4949008e-06
4.4008416e-06
4.4380416e-06
4.587824e-06
4.5006752e-06
4.6329552e-06
4.6940512e-06
4.7775696e-06
4.7063728e-06
4.7366624e-06
4.5809136e-06
4.2525328e-06
4.4454304e-06
4.6510768e-06
4.7132064e-06
4.6712272e-06
4.5097168e-06
4.530448e-06
4.6420608e-06
4.6749856e-06
4.7562704e-06
4.731832e-06
4.8944528e-06
5.009256e-06
4.8365472e-06
4.4810672e-06
4.66916e-06
4.618656e-06
4.4974848e-06
4.6100416e-06
4.6643168e-06
4.804088e-06
4.9746656e-06
5.1957088e-06
5.1531744e-06
4.9220048e-06
4.6691216e-06
4.5330576e-06
4.6297648e-06
4.6510384e-06
4.6510768e-06
4.9353728e-06
4.8439744e-06
4.9151456e-06
4.5437648e-06
4.770104e-06
4.595832e-06
4.7589824e-06
4.7967632e-06
4.7440896e-06
4.6298544e-06
4.6728928e-06
4.704216e-06
4.6903824e-06
4.5134368e-06
4.566576e-06
4.6765744e-06
4.8222224e-06
4.7547712e-06
4.614496e-06
4.4694416e-06
4.6123904e-06
4.6973824e-06
4.6995392e-06
4.8291584e-06
4.8408096e-06
4.5953152e-06
4.7897248e-06
4.7764464e-06
4.688264e-06
4.6861456e-06
4.439592e-06
4.2908176e-06
4.5575344e-06
4.5581152e-06
4.8545664e-06
5.0235168e-06
4.9289664e-06
4.9353728e-06
5.0395072e-06
5.022496e-06
4.8550832e-06
4.8227136e-06
4.8237984e-06
4.6356928e-06
4.9529008e-06
4.9343008e-06
5.0432272e-06
4.9964688e-06
4.87748e-06
4.7079872e-06
4.9040368e-06
4.9720304e-06
4.906104e-06
4.7493344e-06
4.8237088e-06
4.788136e-06
5.0500992e-06
5.0581072e-06
5.1835024e-06
5.0915872e-06
5.0480192e-06
5.2329216e-06
5.1670336e-06
5.1787232e-06
4.7924496e-06
4.8381616e-06
4.9460416e-06
4.9280096e-06
4.828616e-06
4.8933936e-06
4.6033104e-06
4.6654912e-06
4.7313536e-06
4.7930304e-06
4.7021616e-06
4.76588e-06
4.7451616e-06
4.7961312e-06
4.9348048e-06
4.8588288e-06
4.8747808e-06
4.8466736e-06
4.6346208e-06
4.6994496e-06
4.7504576e-06
4.8817424e-06
4.82168e-06
5.008184e-06
5.0039216e-06
4.9694208e-06
5.0374272e-06
5.0480192e-06
5.1575008e-06
5.1962768e-06
5.0693056e-06
4.906168e-06
4.7643168e-06
4.8100416e-06
4.8493088e-06
4.8848816e-06
4.643624e-06
4.4454688e-06
4.5682288e-06
4.5023152e-06
4.5682288e-06
4.6851248e-06
5.339704e-06
5.2292144e-06
5.1022304e-06
4.9592816e-06
4.6415824e-06
4.6367776e-06
4.805224e-06
4.9497488e-06
4.8939488e-06
4.7621984e-06
4.7425136e-06
4.837568e-06
4.6877344e-06
4.6718336e-06
4.9035072e-06
4.955032e-06
5.160136e-06
4.8667728e-06
5.0517264e-06
5.1595808e-06
4.7940512e-06
4.7260448e-06
4.5507136e-06
4.6001072e-06
4.5193136e-06
4.6075216e-06
4.7339888e-06
4.5267408e-06
4.3503248e-06
4.5145216e-06
4.7164224e-06
4.8375552e-06
5.0055104e-06
4.9571632e-06
5.0156112e-06
5.0953584e-06
5.112344e-06
5.06556e-06
5.0044384e-06
4.953456e-06
4.0925984e-06
4.216392e-06
4.1787008e-06
4.065512e-06
4.4731104e-06
4.442872e-06
4.41948e-06
4.5156576e-06
4.3753696e-06
4.654344e-06
4.8280736e-06
4.7925136e-06
4.8466608e-06
4.8073168e-06
4.8349712e-06
4.7260448e-06
4.7020848e-06
4.5639408e-06
4.5283296e-06
4.347096e-06
4.9464432e-06
4.664368e-06
4.7685152e-06
4.6728928e-06
4.6538016e-06
4.5809904e-06
4.829688e-06
4.7313536e-06
4.7515296e-06
4.7174944e-06
4.6994112e-06
4.7769888e-06
4.6292992e-06
4.61708e-06
4.4204368e-06
4.4087472e-06
4.4161616e-06
4.7275056e-06
4.906544e-06
4.797152e-06
4.9077952e-06
4.6782528e-06
4.8285776e-06
4.7998512e-06
4.9454352e-06
4.8413392e-06
4.8950336e-06
4.7808112e-06
4.7435984e-06
4.740976e-06
4.5975104e-06
4.6485184e-06
4.6192624e-06
4.8190448e-06
4.8976688e-06
5.2069072e-06
5.377472e-06
5.5087056e-06
5.5119472e-06
5.2255456e-06
5.0395584e-06
4.7844928e-06
4.769096e-06
4.7510256e-06
4.8307344e-06
4.806296e-06
4.7813024e-06
4.5990096e-06
4.544824e-06
4.6043568e-06
4.7776208e-06
4.6777104e-06
4.6171184e-06
4.5464512e-06
4.6149872e-06
4.6032848e-06
4.6102208e-06
4.8147952e-06
4.7377472e-06
4.8482624e-06
4.5038912e-06
4.450752e-06
4.4959216e-06
4.5384048e-06
4.6706976e-06
4.8519312e-06
4.81052e-06
4.9481472e-06
4.7727776e-06
4.6207616e-06
4.4389984e-06
4.5336384e-06
4.4178016e-06
4.3667936e-06
4.3184336e-06
4.3763648e-06
4.584672e-06
4.5809392e-06
4.6595888e-06
4.811024e-06
4.7700656e-06
4.7520336e-06
4.7445808e-06
4.580384e-06
4.536816e-06
4.6047968e-06
4.6181264e-06
4.4682928e-06
4.4667168e-06
4.6771424e-06
4.4751904e-06
4.7668752e-06
4.635616e-06
4.6451744e-06
4.8046048e-06
4.7690064e-06
4.9634928e-06
4.9077056e-06
4.7626512e-06
4.8189296e-06
4.7212656e-06
4.6458064e-06
4.9274288e-06
4.8790432e-06
5.042232e-06
5.0698352e-06
4.9566464e-06
4.7791712e-06
4.7324256e-06
4.7202064e-06
4.567712e-06
4.423704e-06
4.5459088e-06
4.5782784e-06
4.7228288e-06
4.8317424e-06
4.7727776e-06
4.5687456e-06
4.7186048e-06
4.7818448e-06
4.6835232e-06
4.7042288e-06
4.4433504e-06
4.3232768e-06
4.377928e-06
4.2392544e-06
4.2648032e-06
4.5746224e-06
4.3997696e-06
4.6947088e-06
4.6925904e-06
4.8971264e-06
4.772248e-06
4.740408e-06
4.669728e-06
4.7483264e-06
4.6531824e-06
4.7616048e-06
4.8126256e-06
4.8200528e-06
5.1330368e-06
5.0979552e-06
5.1787104e-06
5.1771216e-06
5.1335664e-06
5.1431376e-06
4.7871408e-06
4.6877472e-06
4.7685024e-06
4.7977328e-06
4.8816528e-06
4.6829296e-06
4.623448e-06
4.5968528e-06
4.576664e-06
4.5331472e-06
4.5665888e-06
4.5915824e-06
4.6447216e-06
5.100112e-06
4.346152e-06
4.27812e-06
4.231336e-06
4.489592e-06
4.4789616e-06
4.3790768e-06
4.528368e-06
4.7244432e-06
4.714872e-06
4.5501584e-06
4.7148848e-06
4.7340144e-06
4.6770912e-06
4.6510768e-06
4.8157776e-06
4.614936e-06
4.8524608e-06
4.815312e-06
4.7940768e-06
4.639464e-06
4.510776e-06
4.5193136e-06
4.5681776e-06
4.3502864e-06
4.6802944e-06
4.8992064e-06
4.8019952e-06
4.7445808e-06
4.7228032e-06
4.521432e-06
4.5511408e-06
4.653712e-06
4.6064496e-06
4.7366368e-06
4.8423344e-06
4.8901136e-06
4.673384e-06
4.5671312e-06
4.363616e-06
4.3386096e-06
4.880696e-06
4.4454688e-06
4.4284704e-06
4.5761984e-06
4.535808e-06
4.4524304e-06
4.655416e-06
4.5188608e-06
4.168664e-06
4.5108144e-06
4.8062704e-06
4.9858256e-06
4.9731152e-06
4.7648336e-06
4.6208512e-06
4.5496416e-06
4.5528192e-06
4.8062704e-06
4.7064112e-06
4.568784e-06
4.639464e-06
4.3519776e-06
4.3902112e-06
4.3466304e-06
4.4279408e-06
4.5634496e-06
4.5931712e-06
4.6989072e-06
5.0374144e-06
5.1399856e-06
5.0017904e-06
4.6898656e-06
4.5325792e-06
4.6712912e-06
4.6638896e-06
4.7254896e-06
4.8402544e-06
4.9231536e-06
4.5825536e-06
4.8174688e-06
4.8805936e-06
4.8540624e-06
5.1102128e-06
5.3626304e-06
5.6383888e-06
5.5193232e-06
5.4556048e-06
4.99652e-06
4.8934192e-06
4.7239776e-06
4.7149488e-06
4.806928e-06
4.6687968e-06
4.7511024e-06
4.8796624e-06
4.9598496e-06
4.878552e-06
5.09696e-06
5.0352832e-06
4.839712e-06
5.1809056e-06
5.0230896e-06
5.0543872e-06
5.11764e-06
5.1468576e-06
5.0570992e-06
4.986936e-06
5.0379056e-06
5.0341984e-06
5.083592e-06
4.9757376e-06
4.9109088e-06
4.9949184e-06
5.4094016e-06
5.392416e-06
5.3600336e-06
5.2346384e-06
5.1958368e-06
5.0783472e-06
5.1033024e-06
4.6830448e-06
4.816384e-06
4.9050704e-06
4.8184384e-06
4.9289664e-06
4.9555232e-06
5.0447904e-06
4.8902032e-06
5.1877776e-06
5.0352704e-06
4.9943888e-06
4.9572144e-06
4.9115152e-06
4.9975792e-06
5.119784e-06
4.8169136e-06
4.7999408e-06
4.7542672e-06
4.7054032e-06
4.7224016e-06
4.5219744e-06
4.5437904e-06
4.5879008e-06
4.560272e-06
4.6239776e-06
4.674456e-06
4.7531184e-06
4.9874528e-06
5.1399856e-06
4.7605968e-06
4.766384e-06
4.7828144e-06
4.7514912e-06
4.58152e-06
5.0246784e-06
5.0746144e-06
5.2393536e-06
5.0055104e-06
4.77704e-06
4.4183952e-06
4.7196512e-06
4.606424e-06
4.6325152e-06
4.6957552e-06
4.7494368e-06
4.7600672e-06
4.612352e-06
4.9162816e-06
4.7632704e-06
4.575152e-06
4.4396432e-06
4.4672848e-06
4.743056e-06
4.8880976e-06
4.5799056e-06
4.350312e-06
4.513992e-06
4.4932992e-06
4.651064e-06
4.7876448e-06
4.890216e-06
4.8355008e-06
4.8355264e-06
4.4752928e-06
4.5666912e-06
4.5470064e-06
4.5767664e-06
4.5687712e-06
4.5389984e-06
4.7159696e-06
4.862096e-06
4.9163072e-06
4.9667984e-06
4.9338096e-06
5.0369104e-06
5.3131984e-06
5.087376e-06
5.1405152e-06
4.9030416e-06
4.663928e-06
4.5681904e-06
4.757368e-06
4.7897632e-06
4.9964944e-06
4.9019184e-06
4.8062832e-06
4.7287184e-06
4.6718976e-06
4.6681648e-06
4.7181008e-06
4.7839632e-06
4.7191472e-06
4.65756e-06
4.8148208e-06
4.679312e-06
4.7398656e-06
4.6096784e-06
4.502832e-06
4.669664e-06
4.5761728e-06
4.5623392e-06
4.5267408e-06
4.6383536e-06
4.6776592e-06
4.6845824e-06
4.6181264e-06
4.5772064e-06
4.5464e-06
4.64312e-06
4.6882896e-06
4.8009232e-06
4.7190832e-06
4.7812768e-06
4.679248e-06
4.6835232e-06
4.8386784e-06
4.687192e-06
4.498544e-06
4.5373328e-06
4.4284192e-06
4.6686432e-06
4.6420992e-06
4.8020336e-06
4.8864704e-06
4.9401392e-06
5.0049936e-06
4.932712e-06
4.8466224e-06
4.8163328e-06
4.6250752e-06
4.5299312e-06
4.6888192e-06
4.769032e-06
4.7222736e-06
4.6659568e-06
4.5729696e-06
4.6139024e-06
4.6383536e-06
4.7669392e-06
4.6915056e-06
4.9566336e-06
4.7956272e-06
4.6101568e-06
4.4497184e-06
4.377928e-06
4.4316352e-06
4.5437648e-06
4.8052112e-06
5.0783472e-06
4.8115792e-06
4.739336e-06
5.0198992e-06
4.9864576e-06
5.0735936e-06
4.9136208e-06
4.5756688e-06
4.74148e-06
4.8381744e-06
4.8083888e-06
5.0209328e-06
4.78448e-06
4.908816e-06
5.0347408e-06
4.977856e-06
4.9305808e-06
4.6165632e-06
4.4635264e-06
4.5102592e-06
4.5049888e-06
4.7323872e-06
4.70264e-06
4.6319856e-06
4.6245584e-06
4.6537632e-06
4.6468016e-06
4.705792e-06
4.7652992e-06
4.9454352e-06
4.6425904e-06
4.7313408e-06
4.852512e-06
4.8265104e-06
4.7765744e-06
4.8026272e-06
4.8939872e-06
4.9843136e-06
5.0958752e-06
4.8981984e-06
4.7137616e-06
4.7435472e-06
4.5804224e-06
4.658e-06
4.6101696e-06
4.57616e-06
4.2977152e-06
4.3763776e-06
4.53688e-06
4.6787568e-06
4.912032e-06
4.6697408e-06
4.7892592e-06
4.6893488e-06
4.696776e-06
4.5830832e-06
4.7122368e-06
4.745704e-06
4.6920224e-06
4.6681392e-06
4.9359152e-06
5.004968e-06
4.81052e-06
4.9135824e-06
4.9268992e-06
5.1909808e-06
5.0454352e-06
4.912096e-06
4.8015296e-06
4.664936e-06
4.6750112e-06
4.7812896e-06
4.82004e-06
5.0203136e-06
5.1463152e-06
5.1574624e-06
4.7966736e-06
4.6776208e-06
4.507624e-06
4.544824e-06
4.6155168e-06
4.6670416e-06
4.80516e-06
4.9162432e-06
4.8418176e-06
4.809384e-06
4.777544e-06
4.7961696e-06
4.9220816e-06
4.9523584e-06
5.0283344e-06
4.8125616e-06
4.8705312e-06
4.849296e-06
4.827544e-06
4.8976688e-06
5.114488e-06
5.203264e-06
4.9843136e-06
4.9205184e-06
5.15112e-06
5.1123312e-06
5.0459264e-06
4.8976432e-06
4.5549248e-06
4.6542928e-06
4.7010384e-06
4.7563088e-06
4.6718208e-06
4.787128e-06
4.8312256e-06
4.9752208e-06
4.7663968e-06
4.624016e-06
4.6261088e-06
4.6357056e-06
4.537448e-06
4.7574704e-06
4.66128e-06
4.7345696e-06
4.7106736e-06
4.6813792e-06
4.4959472e-06
4.6399552e-06
4.9194592e-06
4.9784496e-06
4.9359536e-06
4.9438976e-06
4.8902544e-06
4.7855392e-06
4.7132704e-06
4.7764976e-06
5.0220432e-06
5.1840832e-06
5.0480704e-06
4.9061808e-06
4.7786544e-06
4.6128816e-06
4.6298416e-06
4.6489968e-06
4.662288e-06
4.6335872e-06
4.8891568e-06
4.9896224e-06
4.8828272e-06
4.8073552e-06
4.8812256e-06
4.7563088e-06
4.7557792e-06
4.6782016e-06
4.8743152e-06
4.9370384e-06
4.9423216e-06
5.213288e-06
5.2404128e-06
5.2021664e-06
5.0273264e-06
5.169152e-06
5.14204e-06
5.1468448e-06
4.8333312e-06
4.9007952e-06
4.9183232e-06
4.9953712e-06
5.023e-06
4.9804912e-06
4.7228032e-06
4.8731792e-06
4.8279968e-06
5.0001888e-06
4.9263696e-06
4.8891568e-06
4.8137744e-06
4.6920736e-06
4.6091616e-06
4.553336e-06
4.4954176e-06
4.7005216e-06
4.7297776e-06
4.7595248e-06
4.703208e-06
4.8567744e-06
4.8674432e-06
4.9029904e-06
4.8663456e-06
4.6404976e-06
4.4130864e-06
4.5873968e-06
4.7181264e-06
4.7181264e-06
4.8541648e-06
4.8913392e-06
5.2802992e-06
4.9741872e-06
4.982648e-06
4.7855136e-06
4.7270912e-06
4.7143424e-06
4.6962848e-06
4.3663408e-06
4.2297472e-06
4.2839328e-06
4.5134752e-06
4.837128e-06
4.7882384e-06
4.8785264e-06
4.7887168e-06
4.6909376e-06
4.9241872e-06
5.0325712e-06
5.0878416e-06
5.12716e-06
4.5039168e-06
4.433224e-06
4.510272e-06
4.8270016e-06
4.8339376e-06
4.7212656e-06
4.7483904e-06
4.640472e-06
4.8370512e-06
4.962472e-06
5.0459008e-06
5.0772368e-06
4.6701936e-06
4.513992e-06
4.64148e-06
4.7116176e-06
4.3641072e-06
4.3306016e-06
4.3349152e-06
4.50712e-06
4.628304e-06
4.5958832e-06
4.7919456e-06
4.8567744e-06
4.7249984e-06
4.8998e-06
4.928488e-06
4.8472032e-06
4.9354496e-06
4.554976e-06
4.6145344e-06
4.6304352e-06
4.6144576e-06
4.5591488e-06
4.503904e-06
4.4369824e-06
4.6065136e-06
4.4354064e-06
4.6909376e-06
4.7021488e-06
4.4704368e-06
4.7297648e-06
4.6096272e-06
4.4135392e-06
4.5331088e-06
4.5528064e-06
4.7711888e-06
4.81424e-06
4.8620448e-06
5.144248e-06
4.746776e-06
4.7877088e-06
4.7834592e-06
4.9635952e-06
5.0114128e-06
4.94236e-06
4.8631936e-06
4.5996288e-06
4.5438032e-06
4.5039168e-06
4.8790176e-06
4.6483776e-06
4.7036608e-06
4.599552e-06
4.6372688e-06
4.8562064e-06
4.9412496e-06
4.8079104e-06
4.8248704e-06
4.7791584e-06
5.0028752e-06
4.9125488e-06
4.8530416e-06
4.7302944e-06
4.8423984e-06
4.8328656e-06
4.7643168e-06
4.840848e-06
4.8971392e-06
4.9119808e-06
4.9964944e-06
5.1479296e-06
4.8534944e-06
4.9592304e-06
5.195696e-06
5.0538576e-06
5.0543744e-06
5.241912e-06
5.267952e-06
5.271736e-06
5.1437056e-06
4.9965072e-06
4.8136976e-06
4.7302816e-06
4.811592e-06
4.8476816e-06
4.5209024e-06
4.4821136e-06
4.4528832e-06
4.6282528e-06
4.722816e-06
4.802576e-06
4.7345568e-06
4.8525248e-06
4.7010896e-06
4.6415824e-06
4.8519824e-06
4.8153248e-06
4.6415312e-06
4.8838352e-06
5.016128e-06
5.1324816e-06
5.1208432e-06
5.0703776e-06
5.020416e-06
5.1218768e-06
5.0432656e-06
5.1616992e-06
5.0230256e-06
4.9098624e-06
4.7776208e-06
4.5703728e-06
4.7053008e-06
4.7664224e-06
4.791416e-06
4.8524992e-06
4.8211888e-06
4.7903568e-06
4.7138e-06
4.7094864e-06
4.728616e-06
4.8906944e-06
4.8381104e-06
5.06392e-06
5.0278176e-06
4.8530416e-06
4.6075344e-06
4.6644192e-06
4.6776848e-06
4.6628048e-06
4.6478864e-06
4.6383152e-06
4.6643936e-06
4.7648208e-06
5.2031872e-06
5.2212448e-06
5.1867056e-06
5.398152e-06
5.3795776e-06
5.2728336e-06
5.0804528e-06
5.04904e-06
4.8481984e-06
4.9773392e-06
5.0570608e-06
5.0161408e-06
5.1165808e-06
4.9348432e-06
4.6978608e-06
4.7956144e-06
4.639968e-06
4.820104e-06
4.821176e-06
4.7116816e-06
4.543752e-06
4.7153504e-06
4.5931456e-06
4.601128e-06
4.8158672e-06
4.7499664e-06
4.761656e-06
4.573576e-06
4.3466688e-06
4.3142096e-06
4.6458064e-06
4.7249472e-06
4.8194976e-06
4.6372432e-06
4.640472e-06
4.5666144e-06
4.9661408e-06
5.0602256e-06
4.97628e-06
5.0039344e-06
4.9359152e-06
4.8137232e-06
4.6968144e-06
4.8844032e-06
4.9821568e-06
4.8222096e-06
4.8881232e-06
5.1266688e-06
5.256856e-06
5.2786464e-06
5.03952e-06
4.9326864e-06
4.913544e-06
4.9507696e-06
4.8954736e-06
4.97464e-06
5.053328e-06
4.9927616e-06
5.0230256e-06
4.802512e-06
4.9438208e-06
4.9672128e-06
5.0936928e-06
5.0777792e-06
5.0002144e-06
4.8961056e-06
4.9226624e-06
4.837064e-06
4.7403696e-06
4.6771296e-06
4.6330576e-06
4.935424e-06
4.7898144e-06
4.9056384e-06
4.9832288e-06
5.0841728e-06
5.0592432e-06
5.0544512e-06
4.9460416e-06
5.2090768e-06
5.4497664e-06
5.547456e-06
5.3752896e-06
5.1840448e-06
5.1372864e-06
5.0331648e-06
4.9476432e-06
4.9412624e-06
4.9837584e-06
5.0257504e-06
4.9864064e-06
4.9816912e-06
5.023128e-06
4.9476304e-06
4.961464e-06
4.8865472e-06
4.5931968e-06
4.5767664e-06
4.844e-06
5.0464304e-06
4.8785136e-06
4.7005216e-06
4.5049504e-06
4.5835744e-06
4.8210864e-06
4.9348176e-06
4.9109472e-06
4.8572912e-06
4.845576e-06
4.8036096e-06
5.016632e-06
4.8141632e-06
4.9151456e-06
5.1192416e-06
4.737192e-06
4.7010512e-06
)
;

boundaryField
{
    xPeriodic_half0
    {
        type            cyclic;
    }
    xPeriodic_half1
    {
        type            cyclic;
    }
    yPeriodic_half0
    {
        type            cyclic;
    }
    yPeriodic_half1
    {
        type            cyclic;
    }
    zPeriodic_half0
    {
        type            cyclic;
    }
    zPeriodic_half1
    {
        type            cyclic;
    }
}


// ************************************************************************* //
