/*--------------------------------*- C++ -*----------------------------------*\
| =========                 |                                                 |
| \\      /  F ield         | OpenFOAM: The Open Source CFD Toolbox           |
|  \\    /   O peration     | Version:  2.4.0-MNF                             |
|   \\  /    A nd           | Web:      www.OpenFOAM.org                      |
|    \\/     M anipulation  |                                                 |
\*---------------------------------------------------------------------------*/
FoamFile
{
    version     2.0;
    format      ascii;
    class       volScalarField;
    location    "0.0009";
    object      rotationalT_O2;
}
// * * * * * * * * * * * * * * * * * * * * * * * * * * * * * * * * * * * * * //

dimensions      [0 0 0 1 0 0 0];

internalField   nonuniform List<scalar> 
5120
(
300.474839
307.1195954
300.0355864
306.0494722
308.9890628
284.2778789
289.8762358
295.3578873
289.401173
299.3464829
313.1237687
311.6836127
286.8314857
285.9804546
306.414584
319.0146219
320.2171856
329.1373486
327.4058112
331.7347247
312.0071861
325.9638927
318.5183004
326.3039764
304.7259614
339.7822634
337.6376462
312.0321374
328.2908021
334.0966371
307.9154288
286.5077016
289.9201146
291.1350948
306.3698809
314.3448985
331.6932451
322.7488822
298.911796
302.4003226
319.0930814
313.7766948
328.4820556
326.3544587
295.9481091
296.4578467
275.5453051
277.8006588
278.2001224
307.5626176
328.52085
284.636379
272.3039274
261.2869088
261.1439959
277.5474342
277.1612896
297.3347183
324.0422067
327.1471654
296.6449983
290.3182494
284.3715919
261.8222267
273.4032654
301.1847555
322.009246
282.873724
246.199437
260.7463389
254.864045
283.546807
302.7029391
283.3032227
290.537039
284.6665748
282.0603868
250.1377439
254.2543653
283.1652282
283.7558846
291.2953081
275.335787
270.4283018
289.3584104
276.4826942
293.9496153
277.6006318
300.5306524
297.7862213
291.994359
283.3939672
306.7485484
318.1970691
343.4007197
306.5565915
305.3136964
308.8902061
301.7683991
290.6158045
215.2522285
203.7914454
251.8673193
253.6469608
259.6778017
276.2222996
302.0986758
332.0805729
327.2818042
302.1570456
288.8607879
350.6739157
343.1886097
306.3282067
324.4547876
296.6288717
292.3387631
269.3351979
274.2905792
230.3412337
328.7165421
347.4761945
353.6019809
348.8590166
377.6232186
333.3891213
313.3068811
273.6762617
268.3000191
277.7884906
297.553052
279.1505884
287.0000676
292.91686
274.8359666
287.8407614
311.8247169
318.1415353
318.1309149
334.5498856
284.6807614
278.7896095
293.7460055
314.1646095
315.7906623
319.6543588
325.1599024
336.6829328
336.4755283
316.8680896
294.6997392
287.7451298
290.8304581
301.5383125
281.7100245
272.142453
242.1602202
245.0890417
257.4921158
258.6675084
244.3424988
282.0086037
281.641139
272.9436358
302.8336322
321.0059702
359.7188738
317.9820343
320.7304003
318.1469495
341.2337413
333.5327617
314.728618
301.8756857
289.048602
277.6953317
245.5163915
246.6470593
265.5935344
249.4978186
338.4919295
318.6707281
331.3259271
336.4395077
297.1102999
295.447936
287.2403047
297.3502665
260.1166564
275.1562701
240.2357433
257.791044
283.4649219
295.7575922
299.1149434
313.7425164
337.6710111
351.0170195
336.1001746
330.145834
346.9677737
320.1945856
302.7156905
292.8984233
299.5391278
287.9187838
308.0044373
343.0126503
299.859355
296.7361724
327.7442005
341.7469317
279.1830887
260.6051271
252.0521095
270.7055682
309.6682553
307.6982451
305.6695611
316.718232
283.4883678
264.0174593
262.8570161
274.9323476
261.5619979
291.5535132
288.9891224
285.9778853
317.0026081
332.4416872
313.3397929
326.5829984
341.9678176
346.659979
343.8886615
368.1811558
371.3771833
384.1281597
355.45877
298.533245
338.8577348
310.253365
296.4026261
300.9890827
317.0610859
302.8971301
283.8829664
282.0695859
268.8020069
283.1673271
300.4614293
298.6729614
295.7981299
287.5088716
286.7038906
314.8268432
318.658211
323.4816245
315.0812064
346.3502571
295.1332183
299.3914718
327.2095859
331.1073909
317.7900866
322.6282044
328.1915344
302.7786159
284.7078563
285.3807472
311.4430701
289.7923917
275.8255133
267.1860018
285.0678767
289.5976618
291.615354
290.0878968
304.5850765
306.4350715
296.0249954
284.1226979
274.7299141
300.2536941
313.838714
320.4900596
261.8876332
247.5668689
272.2648458
288.3153319
299.0745205
302.6142457
305.5194611
283.7594268
281.0027045
315.5891987
295.5819683
289.9634602
286.0102734
289.7396954
325.5176236
351.6860999
352.3443613
342.4093788
324.8330494
326.0668073
307.9247768
302.9157893
294.3538352
315.4873456
313.8933233
317.7678857
329.6247661
353.6387957
313.6864643
288.6357639
292.9389415
278.0611135
328.7822355
324.3184668
309.1790483
301.7888257
292.516577
294.6328179
289.0731293
286.0912363
305.6713844
314.112627
311.4376718
311.3277077
312.6245939
291.6941989
311.4985305
336.3183386
342.4615925
304.5416245
292.1398145
285.5248307
299.4946009
289.9714027
301.926166
289.6717187
305.2096643
312.5679462
348.586091
371.9014983
356.1072699
331.9588412
336.9015962
325.876211
313.0662278
337.7798325
329.7993427
335.5851482
299.6841205
316.2796424
288.7159868
289.5487908
268.0746549
266.8579172
252.3070102
257.9244837
238.9553577
253.4506404
270.7263635
285.6311689
311.4070176
352.2995818
336.7401827
317.5688044
304.9394901
324.99469
332.0364031
303.0917774
317.8510268
334.9267709
311.9635491
304.1586953
279.3030311
262.5771632
271.3173729
299.5559174
327.8772275
353.9560019
339.9336283
345.3224751
301.8017163
329.832186
350.1061418
357.697613
359.5755248
341.9657412
311.2686113
293.4094058
266.8760447
254.2808721
256.1237697
286.1785274
277.5254955
298.2093213
286.4407568
271.1150097
279.5359449
258.0145138
250.8667472
246.2736201
240.2814552
201.2134369
227.1418972
251.8035255
244.6890115
237.1010612
248.2204406
268.4354487
287.2461404
293.2299175
306.7969972
306.6625287
300.6598806
278.943946
274.9016748
259.1797371
252.3146466
239.8525923
249.301551
261.577979
263.0304192
284.7818885
327.7617416
316.7304235
331.1417086
299.9700537
295.9511394
252.8828337
270.515374
285.460182
278.499885
288.5912198
297.7042199
304.7739577
340.0795549
335.2200694
315.6785352
329.5383329
300.2219857
322.363377
320.3229395
325.8961989
285.497969
272.3424733
283.4117739
255.5702708
245.488715
294.2161762
293.3854775
327.074152
340.2050621
342.6804539
348.1864559
359.0132586
299.2287188
297.4404821
288.60373
309.8912608
304.8081959
306.8057479
286.5204793
275.7985132
279.5323922
262.225793
269.4778403
288.7646909
290.2024503
270.3694212
266.7517753
266.7212722
293.7803428
273.8860889
284.3609893
315.6000674
272.8302898
287.3829112
266.7900005
260.1972185
274.0103816
269.8635926
261.837261
292.1862421
286.3212103
271.742645
255.1926392
268.5965046
259.7259406
296.2628312
284.1182955
254.6565603
267.3910892
311.2924958
307.051684
278.8153254
299.1593247
310.4641536
339.9332213
355.2992074
371.2762461
341.5725982
354.2364149
317.7019914
301.082467
275.9309765
290.6959864
269.2723677
270.2433347
272.9730521
275.0320357
279.8519817
272.2849451
265.396836
266.1657868
265.0016979
339.1059875
347.383265
342.4332726
339.7277634
321.9296783
314.5887342
285.0625887
306.4524908
343.6196419
375.4179721
359.4044037
360.9707059
315.9936328
279.1369729
257.2683529
255.0169633
258.8377878
278.1256246
289.1745092
322.7454919
356.5248409
342.4874857
355.8133433
332.8814662
331.7614782
340.2831907
312.0311061
310.8886916
306.9969194
304.4099306
320.7991241
313.1000274
330.0655033
352.0630756
346.1433139
326.8466202
321.0590412
302.4337892
301.5565908
337.1985676
290.4990586
281.9401534
257.1003389
267.7564694
275.4629233
266.8055021
291.812907
289.1192975
294.6727056
298.7591998
284.522493
311.1297069
295.3257038
314.0656135
288.1868649
291.0473832
275.8310393
262.7594314
274.1238718
299.6882683
297.1915461
291.2421949
303.4981787
304.8411895
281.8994434
311.7337437
291.7697695
309.0420707
311.1380182
337.6051828
319.3239385
352.7474911
357.2408038
360.1825225
332.5029786
307.2940766
282.6272062
276.3166204
295.7853044
266.7468341
295.8560317
311.9700166
316.49356
294.8155065
277.0978226
291.0583252
311.3290406
341.9166339
323.4399889
312.2386643
290.9686751
273.1116583
242.8823578
248.3546207
250.8841635
262.7168926
313.7833247
294.7742852
306.325272
308.5212547
307.7261824
306.8888249
286.4320237
276.0000195
313.1853457
292.5554781
293.0468537
306.44562
286.9369204
283.2308282
289.2523038
316.226103
296.7328417
274.9327372
294.1503872
310.6775736
298.4751878
294.1245541
294.1400856
314.3201564
291.8612204
300.4549435
300.3640359
294.9317942
281.2216707
297.467806
314.5433927
295.7231771
274.4641397
289.3417451
293.421752
304.721009
308.0015102
319.5037361
311.4192521
296.7553285
330.0287869
334.8711955
322.1367091
294.0269248
313.6407375
292.6106899
298.0627024
300.9516685
297.9954859
297.4196832
287.9535979
288.8056902
313.7325562
302.6272192
333.4888522
321.4329178
302.8884941
298.5836589
290.3391815
293.3522737
310.8354513
302.945924
328.0807718
338.4731157
302.8173743
287.3459828
298.5755745
284.6731158
333.731625
297.2496046
330.2847706
322.7625909
308.517631
305.3270851
283.0932574
311.6557651
305.7102486
306.2664014
308.2855793
281.4444666
284.1480449
292.3967707
305.3696541
325.8783708
281.1749793
279.7862766
289.8085924
285.1550685
308.7892984
317.816497
332.6129286
273.7510766
280.7186623
289.3376965
305.9300911
315.373086
296.4941655
260.1462304
297.4921941
301.0408688
292.9375358
277.6426674
301.787231
282.6322367
284.8406903
329.3343229
312.9631287
314.3340915
304.1985382
307.8742929
288.3926576
299.6514982
306.577304
269.3131793
281.123427
276.2958722
293.4334292
292.4617777
298.0736395
314.3161155
327.4581126
291.7899272
296.7084254
291.8143088
345.0868748
357.8644869
301.8588875
291.3328044
284.1802331
283.1021499
283.9353609
314.7553581
331.8501075
360.3434209
357.175806
344.6821837
346.2885693
373.162071
364.5740399
341.3185324
337.3108471
327.6570056
335.92256
339.5925715
274.9460734
287.1452231
348.362913
335.2247177
342.2224019
345.5270478
335.7505528
335.7669127
330.0792998
321.2983419
348.297305
357.578082
343.5414688
300.2448686
311.2818424
335.7700153
354.6800943
359.5381519
312.0268447
262.1615858
324.0389604
327.9475296
345.5302526
330.3648918
295.6394175
288.2975709
277.4263306
273.0447429
273.0075155
286.5665363
277.1525459
288.3226748
266.4156972
281.081044
291.2950079
298.5631938
305.8204478
292.2200528
313.2464708
330.3576477
287.9357012
260.3092624
279.1833565
281.3894813
281.2669492
282.510396
273.4260677
277.718075
288.6204539
296.5076693
303.2016399
308.0057919
328.1462467
326.5153212
305.4866428
301.4902868
317.3908511
291.0643108
275.2140412
282.5616036
266.7280578
253.9793354
231.375476
219.6382892
246.247565
263.4405719
284.751314
298.7265093
282.398316
264.1139723
285.999557
298.7448911
280.2411277
264.0155091
273.2507061
294.1128644
317.7717052
296.6379964
303.9184765
303.9101048
240.9210379
279.4294819
257.2070475
302.2951356
291.5924971
278.8828066
268.2143733
278.1431198
294.5635191
325.0187755
284.6077591
276.2436842
254.7465949
272.3856544
275.6803149
261.3231988
267.4919983
285.8772474
303.0160521
258.3213027
282.4667131
298.5967892
300.3807982
313.8404129
307.3297188
319.5297684
326.0956615
324.0128032
304.369979
282.4376278
267.9838752
248.4190862
267.3304807
265.987407
268.865039
277.399821
271.1905391
283.6236246
279.8426443
297.1650797
305.0265082
318.1069582
295.0960595
285.4806695
291.5154881
287.4997362
280.1779331
258.7426227
261.3585502
306.0936215
292.0309942
309.1204244
306.8056903
322.6590406
335.4818336
368.6479357
373.4893397
370.3439735
357.482799
319.8427955
308.747124
301.1679676
337.8462129
350.6039351
355.1376643
350.5800357
344.1138264
341.8173422
312.0066025
313.4707078
309.7724092
350.9805353
325.7274643
348.0872989
352.9988341
358.029731
340.3888022
338.4612844
331.3360236
322.0419438
223.2502206
230.7657613
230.52516
255.5732042
273.7863696
300.1603985
320.328763
314.3851315
332.2574364
315.8286138
324.031207
298.9906028
302.237592
316.4434208
311.4587652
245.9348613
259.0024424
245.6611407
212.5043159
240.0696472
318.37829
299.7522261
328.4647862
321.3584428
309.7822483
294.7303724
288.6241542
289.6391228
276.644871
270.1205762
283.4699717
283.2179632
275.7985723
318.8222306
295.2965195
331.3202628
326.0956453
302.4516363
281.2308501
304.9842028
262.1379471
254.8821907
271.5136055
298.3999415
335.0789383
320.8118986
314.9888604
288.8328914
241.9393657
253.7668141
267.8603461
257.0673072
264.0465169
277.6827093
276.3297986
312.2333282
287.7923856
276.3603195
262.8914906
268.2490706
320.1111777
307.7182245
295.2115232
317.5009955
314.451084
293.6002044
272.9420338
236.3462401
232.8100365
246.2307027
270.0510561
295.9057195
320.4142967
317.3608337
347.8686046
332.8367597
326.7731803
339.3883716
324.2473225
311.0424175
324.3711744
317.7878254
307.8379433
296.3817369
271.9907119
288.4580302
302.7450744
302.3306875
297.3419586
312.5428183
309.6260997
288.0218034
270.5317425
295.1039945
302.4718704
295.1400922
293.3693648
299.0228982
310.9201764
298.5372959
306.0484297
323.0932816
344.4340982
315.1596283
305.9350614
305.9792621
322.9776652
319.7609753
323.4183614
332.6568174
321.8711539
325.1485333
276.1549033
263.5094517
246.4776535
275.0462414
285.2808839
305.5497358
288.5000874
292.0309143
334.1197083
310.1729908
320.5468688
335.7124691
348.1176658
325.5746574
312.0015535
321.0760104
299.9630369
297.0456538
284.2719726
274.9175982
313.8155383
312.8705517
307.0629215
285.8154029
298.5643886
247.9214524
288.6178318
308.9374995
268.7889126
286.5235076
290.4447836
301.3849381
284.8126354
309.2338038
315.8320567
297.8283959
295.5003589
322.1522354
328.6410112
354.5271181
387.4134148
344.3817923
324.0864838
319.2873574
311.4192508
323.7466454
316.394521
311.5386914
323.5325819
341.2458898
330.622752
323.5263041
325.0057736
308.8964557
332.7101093
297.6683597
303.1112239
313.7164278
322.4570967
302.6206275
310.2263475
317.2669977
308.7535915
294.841388
287.7512389
261.3783978
270.8753292
300.608629
308.2767268
284.7330642
269.1812449
273.4395132
278.6352923
291.1380315
281.6870677
291.3180104
312.439785
301.1537767
285.8901418
287.167129
278.0639643
256.0906275
272.2971011
268.5082173
284.7131345
287.5355901
281.4786634
275.7851231
253.2708307
273.621366
284.085122
279.601282
282.5932256
274.9138413
254.0548394
251.9612292
263.0040728
294.639658
285.6630683
278.2823376
285.0409187
292.3854624
299.4903292
306.1449707
286.3872348
265.5189868
248.9200046
252.711392
290.3814868
261.1855205
251.0386988
261.3050855
286.3820305
301.1835916
282.1630475
252.8928411
253.4357042
252.5456445
277.350786
272.436754
283.0161368
300.0274456
319.9488188
334.3030281
292.1720514
299.9601867
306.200477
305.7441622
282.7667346
296.460605
302.2927894
297.5575963
283.0051958
249.8783175
274.7822675
303.4844822
299.0273085
287.4290979
306.5516083
302.5209171
277.8273375
280.256101
264.4136085
276.1622201
272.5038191
265.9526858
266.073083
265.6004017
303.3083234
291.6343323
290.8105559
282.7283141
290.6399332
302.0925417
300.8085083
328.6020274
321.1453511
300.3436008
279.0840003
295.2470727
289.013806
297.7074336
280.2675109
272.7410748
256.0002044
306.3288209
303.3644761
314.6642161
283.648952
264.6194931
262.635171
264.5253401
258.0767822
267.9550653
283.2677554
286.6626006
323.0143161
321.0284098
314.3715346
326.3411684
302.0958842
302.3279812
330.7661824
316.5741322
310.9895907
270.7204531
274.4032928
295.5044127
350.1332021
374.3708098
368.94972
351.6756755
325.7256081
292.3808627
306.5697706
286.798711
314.1674165
327.9477051
346.1285075
340.5060241
389.0584398
336.9513808
309.6160491
296.5323442
304.1389049
306.9465013
332.9458026
339.870515
321.7562797
335.6833514
315.8654978
307.6870702
314.1923025
298.9241306
289.7845913
299.3973523
283.7142352
279.3312572
305.2033272
269.6850648
271.1890807
275.957959
277.5527006
281.5460015
279.2555909
301.9921917
325.0974046
322.0507978
280.1284052
295.5905757
310.1309912
302.5258734
294.8085907
354.3931245
352.4064933
343.9767863
333.8869124
316.274821
285.031448
275.8389071
280.7297863
288.6992208
280.5023454
283.2147475
288.5636566
275.9549601
320.9444654
312.1225896
264.2676158
290.7659312
281.3760038
269.8191294
263.5506566
289.4765399
272.5481923
317.9820512
331.9429081
328.1446934
291.3036392
274.190873
276.4253224
290.0400612
283.7408971
268.4501073
273.4316493
292.7048809
287.9112764
286.402846
266.3349621
250.8571321
273.5897105
275.0184132
268.5590157
278.313264
267.0626462
275.3652977
261.4104321
286.1708739
289.0731006
303.6571406
294.4681966
276.1604096
291.9085823
307.0131934
293.9861832
310.8574278
280.5683372
277.1412803
284.9675741
304.0644891
296.7549311
298.4530434
292.9717645
297.768472
296.6945818
318.7227559
335.983468
310.3682844
294.7739686
304.3406407
323.7964145
306.2121835
288.2432706
317.6792634
309.1563163
321.9348756
311.6959028
282.3229946
273.2239307
285.2017494
314.5954192
336.1089633
307.4625073
276.6151949
303.4528218
329.2670771
308.6683616
327.5415341
343.0407119
377.6470001
355.5320562
360.1888756
343.8909034
313.6042715
284.2403152
282.55211
286.2747159
298.9793064
306.3129836
298.7097631
306.3025074
282.4821808
311.0616098
324.2721641
301.6330264
300.4097547
287.2962841
306.2262855
329.4766956
302.8294757
300.2438921
297.1070507
306.4807372
343.1887172
360.5210514
341.5704324
350.9843482
313.5820496
345.7387556
299.7600623
271.5418606
282.8387027
271.6536442
277.127599
316.6314441
324.099704
362.9568698
334.995782
324.7407916
348.4293521
290.6318381
287.4845705
301.177026
310.8697438
294.0036174
303.6546924
285.1052129
315.6561649
275.8214439
315.5329891
324.2354547
327.3393096
335.5668822
286.0575222
291.1994534
311.1646667
322.7841054
319.8732309
309.3873883
302.7158807
320.5591912
341.4080568
302.2536738
303.5251397
291.6234539
286.1175244
315.0272124
281.0789821
272.0271401
267.5448439
258.6579066
266.3372164
287.9530564
307.7552761
301.9051466
282.2288909
279.0920448
256.3840002
260.8567256
258.4866641
267.1146958
257.1225108
265.5827878
259.4392097
264.3151129
288.8686823
270.7977572
278.3562209
279.9224025
294.4554717
286.613892
280.9877997
271.9172145
272.3551872
255.0607096
265.9346468
275.217553
275.2384277
272.0014535
267.9214751
275.3837021
292.0809361
290.6228531
285.4802936
285.4471314
274.892846
279.0825594
275.056734
287.4646857
286.4561002
276.518683
277.1310806
256.1239537
269.2549931
293.8785338
291.4971583
278.3357944
284.5510018
307.1169093
333.1444157
352.4866665
346.7776383
331.1540587
334.7220213
329.253282
308.8795696
286.4870185
282.6807577
254.3953224
246.0518426
251.0211971
309.7411061
342.4850868
383.3893686
373.6446986
397.783073
379.6851705
367.1435742
374.9969272
354.6641107
342.0587562
317.0754333
298.6143555
280.1910902
286.0063067
287.6879314
313.3006369
275.7014605
299.553178
319.5052479
315.1142973
326.6533505
302.4623568
313.1634146
304.999049
319.5553425
317.0138088
327.7929722
329.1298901
343.7316132
336.484027
331.6984814
342.8867409
331.063432
313.3021903
325.5447859
285.7525965
302.2907416
272.973483
259.7699627
268.0978301
274.4787308
289.1955167
285.3588469
271.3096659
300.5271382
305.2870043
317.8599274
300.6885715
304.3616139
287.323456
292.8593695
273.3198711
288.8576287
292.491884
265.6369392
258.0826423
257.4086347
271.4270492
301.9832386
310.0172752
334.9766953
353.8106862
365.5754695
345.2911983
329.0833494
327.4652858
297.5860681
302.2415048
304.8471233
317.1636167
292.3173326
297.5155372
309.4380061
307.7817827
315.6410352
297.7753861
271.390637
338.6742553
348.6291873
320.0791662
322.8931556
323.4231435
335.1391321
316.0868852
315.4400193
304.3790679
308.441622
303.188947
287.7519472
305.2754421
301.421286
295.1101568
297.2186984
313.8506573
323.4100158
306.9519315
362.3512522
296.9970725
306.7077584
301.0720236
305.8134197
306.5021489
327.0893559
336.9804887
299.050927
295.5925283
319.3519464
340.7912274
331.7664878
310.0845383
266.1595404
261.4059248
268.7451094
301.7767726
308.3235843
283.3120171
291.3570765
258.2237016
270.2449701
265.3979836
271.8469899
284.976743
267.3545053
275.1361966
270.3423514
276.470989
295.33557
328.1602308
318.0578671
346.6858353
346.4672532
351.0783822
337.2688882
341.0300014
328.6043354
291.8759723
252.2744236
325.3633997
320.026672
334.9828778
296.7370301
262.1659015
259.8101387
272.7353623
283.4944286
297.1905998
292.2974268
287.9488511
298.292112
298.1109386
305.9721086
321.7841482
321.8256487
300.957752
286.6749279
294.0376417
319.77913
334.3946866
357.5478633
354.363448
351.2215422
344.9972625
341.3072676
311.0643972
289.6129495
294.3575761
315.5361821
304.9499772
311.7945603
316.9039856
302.8645218
302.6183088
299.7131441
322.717289
311.7260727
323.1339709
332.0500253
293.436328
298.2754334
287.2723574
297.3531673
321.4132604
295.3377807
309.0419586
306.2519697
290.6519175
281.5191626
280.3617596
264.8918948
291.7274331
334.1976172
328.7318686
317.8254621
303.6202765
280.8266575
278.8129955
292.7409463
294.8187659
308.8731208
316.3761542
300.1576187
277.1943249
297.1321324
299.5475454
298.8045948
298.9766856
317.4291027
279.1455519
292.2128646
252.7533825
268.5038889
304.0555058
319.7323999
291.1876739
285.2342879
266.4190008
295.3859473
330.9651274
297.2353496
285.3807582
292.1568347
312.906906
338.1650551
318.0802475
299.0962466
289.7996819
285.0358901
295.9374348
294.3025194
287.5534928
286.5317362
315.6246998
300.706094
293.2470413
314.3749393
316.9927564
326.011752
307.9706759
299.2101757
315.9687036
314.3639565
306.303296
282.6165657
288.1915965
281.4151833
290.4656657
315.3390768
330.2667248
344.6156408
312.671074
302.7064779
291.1511341
325.34434
314.8664892
332.2092465
285.7070072
301.2198624
335.5676
308.5306251
314.1808987
310.9865961
292.5544043
301.1627583
310.5979668
304.49335
294.354807
276.9599684
283.7231151
324.2198666
332.2444265
333.0937876
321.1735706
300.444851
307.7507923
313.9315503
323.3673568
343.3671531
327.3336131
331.81109
324.6252947
310.8391997
300.6522507
299.6631546
310.2480712
347.6249042
320.5996503
353.6035746
366.3683985
345.7274242
362.2808005
333.8421415
301.5411134
284.807623
302.2249347
297.79825
305.366322
300.6524604
330.4181057
311.9197218
309.6998976
326.3622247
333.5905928
326.0040044
339.7495773
335.5195345
362.1110821
329.4529012
314.1693816
306.2224084
288.7415523
314.8278817
310.9160157
325.9197959
337.4519623
347.5315931
356.6553053
337.3340747
313.6786248
322.0221775
322.6383705
316.611809
325.6134836
332.1034103
315.6765482
292.17303
307.418941
293.5219845
289.1619807
303.1745552
289.2489502
260.9862566
260.1244426
288.9802658
282.7780653
275.5439787
286.4038833
290.9966266
308.3492645
319.0683067
283.669482
330.0868816
324.025516
297.6588707
325.6405739
300.4498213
277.707659
280.0524289
293.4509973
309.7837718
315.529338
331.8622961
321.8833981
309.8265444
321.0314489
290.2955421
291.5995678
283.0497287
336.1762307
335.8621368
316.4004959
328.8897266
324.6174967
314.7306098
315.395225
331.3956736
352.8211907
335.2240476
317.169206
311.8209457
290.8236198
328.611166
320.7585688
293.5877745
303.7795657
320.6604722
335.480439
339.8001619
319.4225518
313.8629659
288.0163764
289.4217643
318.7128051
336.8055155
355.9717725
324.7812083
317.3192908
311.8780913
304.8934218
309.5962959
289.7030481
329.2395078
311.3500043
323.8985635
313.8333266
326.2605149
322.8785165
325.3534178
289.7506709
301.7544656
331.5909702
308.0181891
355.4366051
359.3892556
343.9432377
338.5912847
349.7119215
345.9521557
361.5300727
353.8889885
338.8328984
310.7676475
320.7884436
298.3961073
283.1402188
266.2064725
284.546803
296.5720133
333.6229381
315.3771788
283.0745279
272.8685303
262.6212552
257.4786637
263.6415573
275.0958728
292.8635898
312.6338304
313.9300898
327.1387793
356.477737
348.2793147
325.8514454
300.1989221
285.9517751
302.3879334
327.2352341
337.4709223
300.5881558
287.5515629
267.0192032
267.172284
252.2930121
255.0964361
264.6108508
288.6444167
267.0458936
269.4968273
271.1953714
246.3567843
273.038533
272.703607
292.559302
302.5701369
324.8425444
350.2938398
330.8283821
299.8815646
279.3068415
288.1950667
300.4259276
314.4841292
318.972234
305.5328278
304.7385928
293.5316866
317.4385287
315.3607733
294.0274787
270.9100141
273.5872796
266.4579005
271.6026508
265.7674294
281.431027
299.1893113
293.4317134
291.225582
309.6460817
297.5858125
303.3807874
292.2914307
321.8501434
333.0777538
371.1315679
347.552614
349.9351995
323.9499147
332.2947509
333.6450362
345.9412025
342.6952869
323.3702893
303.8151167
316.757827
305.4390431
283.6902767
290.3942976
297.1445311
291.2598447
282.6080454
297.4682693
321.4431128
289.3046932
258.3209588
273.1564851
299.8047611
308.4074956
299.4444478
305.9620855
285.8408271
295.3725769
296.2286764
299.5180112
287.3211431
281.5594024
276.3241393
297.1780832
281.2637286
292.1697355
297.8058004
298.8867116
304.9938546
325.9093475
349.7646757
361.8290386
349.0592725
340.6129449
335.1502859
325.0680957
315.1089012
314.8980222
314.3855195
264.0561832
271.2017077
261.2947079
294.6464893
276.0633057
293.8096165
321.9116886
319.6336545
316.2216016
314.5506127
306.1435504
319.1749163
293.9618268
297.3588869
293.2241814
301.2647282
285.9356797
290.2960754
280.9723128
287.3972269
283.1258955
269.866388
279.7829105
305.6420742
317.2811571
280.907599
297.1747835
261.2945381
255.7684546
269.5513564
309.7760501
326.4749222
346.8472327
365.3712618
354.0865742
341.6612572
316.7579443
312.8105397
277.4617675
262.9363109
264.1705047
296.1626935
294.5557176
308.4241319
299.5828967
292.3666715
312.2212216
323.0544581
327.5090842
332.2191497
309.4626881
307.0569997
282.8959965
282.7146765
286.360782
276.981575
285.5219209
302.3218859
315.4674022
300.9501385
322.5623488
292.3883533
293.9271479
286.4843554
287.0248884
312.6274331
304.5004737
294.2791236
289.2235175
293.4854622
278.3616086
248.5403405
267.7863528
270.0900553
267.1768987
278.8263449
291.9928187
282.8295081
288.2293359
292.7773088
268.6412521
287.6863569
295.0067965
286.9085342
310.3329703
304.5577182
270.3312234
287.9141751
285.3226029
287.3056445
304.2613645
306.9758421
285.8378336
312.925856
331.2398574
320.5554457
328.2176158
314.54169
315.0863156
319.8615169
313.7258502
318.7984167
322.6149683
298.272546
333.609231
286.0119772
306.7642828
285.234709
305.5116322
315.1334056
298.1632108
295.8122686
289.1708149
278.9175252
286.8687929
300.2934218
279.0921676
289.2384876
292.7548268
304.0778759
275.1252449
303.0931363
283.2715695
294.627672
292.5070455
311.2178767
310.9233351
370.7389221
362.7901539
319.5989199
300.9809209
312.2056486
325.2972549
318.3725884
311.554101
305.0098774
290.6642111
295.8342383
301.9842395
321.0878744
327.0172183
309.9121561
326.6465553
345.6166683
315.4464162
314.8550754
341.331831
358.5448806
323.0827811
314.7666594
296.1024875
289.4657635
276.2445032
284.4164078
323.5021202
304.7823976
328.8076751
344.3524173
334.5348911
351.0413639
325.0645314
335.7227794
304.0406362
296.5156195
312.0094262
334.8100541
361.7057902
358.6033186
342.6554151
346.4513355
341.8474663
324.4293424
334.7619173
324.236574
310.1368652
299.2274566
307.5605931
282.474449
272.8672301
276.9440579
282.0973217
287.2119929
293.8184116
315.9208611
313.1429292
280.0713352
262.6873216
266.7030544
299.585902
281.9528757
278.5662317
291.3177033
300.3321253
295.7199671
296.5160787
284.056361
300.8992816
314.6334459
323.7810101
313.2080701
332.4453705
322.298798
321.764585
331.5420651
318.889463
318.7651313
350.6252851
355.0049366
353.172424
337.6177615
316.0647319
292.5339697
299.7824723
296.7674565
270.0850065
259.39145
254.3286547
291.1905833
310.7698665
332.7938688
363.1129786
366.2968221
322.683182
278.3070066
306.7244002
299.7572577
313.2140033
271.9005544
301.5412782
312.2763104
325.5198796
309.312889
331.1968272
335.4375217
364.2160807
352.3395065
342.2347174
314.6127167
276.3142735
272.8658403
267.780629
272.3902061
302.9825211
273.7875415
297.6707129
261.4041674
282.4775691
310.0977756
318.971829
359.9742096
360.0624613
347.3963003
349.4237852
339.1059313
294.4621386
269.8233225
267.5254765
269.2540913
307.7776421
325.8171218
331.0363232
294.1317432
328.0234979
294.9526678
303.7307174
309.8238212
304.3455759
300.8773971
287.4422232
289.1885019
284.3747051
284.1356476
281.7941782
277.5085564
298.7493274
307.5704025
305.537646
314.4461314
307.1034858
317.5357553
303.0762303
291.7952516
290.7099537
298.8439941
295.9996878
296.592538
281.8204249
266.2936751
261.3613692
274.0433348
260.874804
294.1218486
289.366809
274.0015879
271.1699264
278.3786992
253.9555474
276.5231512
278.7783472
235.5247608
280.1517235
311.2976359
315.5153902
303.4906137
312.5831002
248.5962342
269.9266892
276.355867
259.719325
246.1747509
256.6179888
282.3822662
300.8721798
294.1227721
307.8608126
315.2577898
305.4762342
325.9955536
319.0538554
359.2579629
328.8061719
310.6488923
310.0067461
283.3548219
273.5079565
299.1003083
311.0316911
312.5864466
319.4841429
301.7254975
305.7029974
296.9993496
283.5640365
297.3858433
299.7006723
280.6567354
294.8165943
295.1319518
329.215146
332.0440849
333.6922772
343.2583188
333.1913444
319.0588169
294.9406278
280.2666077
302.3031042
311.793784
321.8949636
311.5009441
314.7467514
264.6005015
276.4202054
275.6297494
263.4984203
284.5147609
295.7612344
312.374559
322.5820474
304.4655472
291.0470935
275.2522856
266.8606241
273.9413113
256.0634312
306.8405057
311.2160358
302.7338304
311.9418142
318.1977014
332.3983923
315.1446822
320.7067214
299.5377183
288.6836065
299.7052337
294.9263566
278.3905492
266.9317065
258.9250018
244.1389407
260.6055323
264.1880942
287.3229531
295.2628676
273.1655497
304.2616589
298.9287016
290.868362
284.4056238
302.1516816
321.3180285
301.1248734
288.342677
289.2811795
265.4995652
278.9500105
276.0284208
284.7816443
275.0273296
300.0881796
283.2665178
292.0903324
304.6238138
288.6536614
294.0124293
300.6688937
273.6403175
304.6664115
316.6455605
310.5577264
321.191379
317.7105974
333.3002883
313.7274215
328.7780833
305.7426546
335.4673805
319.6162445
329.5739727
331.6423823
316.9308091
315.8588645
327.5784986
315.3281993
290.5872811
290.959934
332.6685002
317.1734877
299.0059289
306.9930216
287.4216336
283.3117109
274.9618067
258.356441
270.9346463
300.8511402
302.0225425
295.9506662
304.0702187
300.479007
306.1520891
327.7647889
317.9996591
291.9142302
337.7736335
347.130261
321.6665087
317.8748807
315.1312803
326.0733383
309.8209778
294.9611163
287.6507953
317.987995
333.2857887
348.9570993
340.8914975
348.1940189
342.2191904
332.9391233
322.09188
347.2723874
345.8308464
365.5289773
303.2598018
279.0830112
292.5381082
286.5194342
294.1377981
285.0790338
327.8557535
321.9766757
313.7255643
305.0978205
310.0018241
312.7153852
333.7154663
312.1580985
334.1527022
330.3165248
316.1977772
355.9734312
350.6026058
329.5631512
332.3620545
297.2107897
289.9991954
287.5834515
272.6895726
269.3090934
271.4620606
270.96429
276.0577354
306.8397504
318.0158361
316.708345
295.5319841
288.0010819
277.8330422
283.4810984
306.734705
297.1494805
327.5835991
318.5487216
275.3464847
294.321056
290.6171824
294.8999298
289.9389531
307.1073915
303.716574
316.4352137
311.8492354
289.9995945
283.5823317
279.5645003
294.2965686
317.1092521
391.2151674
373.3384252
363.8003424
342.2860223
308.1438529
290.9662298
370.6889044
367.1246049
373.1921569
360.1819291
361.2605705
351.8813812
366.7006025
333.4216393
315.6741424
327.2633801
348.9422645
350.9415788
361.2978968
342.4342478
344.0569635
308.9253097
320.4050048
366.6687183
345.8865594
341.7633645
331.0660146
302.7064887
294.3727173
277.312734
276.8199864
288.390823
290.5299146
299.6654352
330.2323253
328.1851126
316.4051212
321.7984913
326.5742482
328.1773924
299.5731633
295.3436848
294.1430346
289.8695996
327.084526
329.844831
348.8157316
297.2757105
269.6256623
277.2752432
289.2140585
294.4751447
280.6830086
274.4310086
256.5123449
274.1764473
282.8207704
310.8824637
313.1288003
325.5001333
307.9231618
307.4134092
317.6137231
309.7306092
323.2549174
348.7545679
292.2637443
281.4233797
292.7291462
310.8067974
280.843689
253.6555054
257.6088371
278.5083572
301.763572
312.2322702
342.1086013
363.4877675
354.3373716
355.4663144
341.0506768
383.3111994
354.2647504
327.4690864
320.8778313
287.5484874
297.3248952
302.3412789
306.8526665
276.9399793
283.3021017
295.6573504
277.9579549
273.4739366
251.1287109
277.2092056
275.6158739
310.810898
347.1358527
337.9500929
323.724637
271.7506329
274.0504448
294.7454933
290.5017972
277.6598951
305.0697986
304.5262208
296.8262226
309.9813769
322.858404
309.4075087
328.7317686
327.1334337
353.1874376
326.0546954
325.7112369
331.5240821
291.9780377
288.5391412
282.0235837
296.2416266
298.6874184
314.6690682
298.9007611
321.1903251
315.7172396
313.3425577
324.1437831
319.979186
355.7725888
351.4977852
355.7973738
335.6104324
327.3754074
323.373937
313.4676266
326.5538098
326.1824345
310.3903563
333.3123394
327.481893
326.5097352
306.1026743
308.2836335
311.0672836
298.0666479
278.5222579
288.9653237
302.0251803
281.9728184
281.9905097
264.1975903
246.3801108
250.3498168
264.4312764
275.3201894
289.4920235
272.1798775
274.5620876
289.6413476
291.4384393
291.2376356
288.4828324
298.7952512
302.909866
311.2338723
307.4246645
298.1448752
286.6311019
269.4721978
258.6256036
288.733545
290.121262
333.0106969
345.5898
344.4985844
334.9291012
295.1814553
298.6548995
316.7454088
311.0832529
324.695631
301.8988324
299.9910171
297.0246273
297.7311265
267.7516008
265.6313824
231.4114304
276.3154033
313.7758027
306.8339151
308.6184464
275.8409774
251.4685441
283.817301
276.6361596
308.1441794
331.7080405
345.232798
335.3146447
317.0419243
321.5371296
302.2012417
295.0289345
272.9874252
305.6363476
298.7700411
290.9991011
298.1289652
318.3185489
316.421536
324.1337498
331.5311482
317.8035332
322.0495884
301.9856905
291.4014681
280.1191408
312.9287993
284.203591
274.6084501
249.9599482
238.3731907
260.2015189
272.6592512
281.8857251
259.1297946
256.3459544
290.7678738
277.9267685
313.8547058
361.0978364
340.7235977
346.431616
328.9226271
319.946187
303.4554296
298.3125618
292.0979152
283.1557602
255.2067957
246.7313795
276.9274876
295.574522
254.8639177
246.183806
248.7446219
279.5273275
284.0879737
287.295123
333.4352833
332.6383396
319.1255144
289.8548978
290.1016196
275.1071653
273.8662122
295.131849
309.1272315
325.2180387
302.1498415
281.2781261
234.0967752
242.2367556
320.9851939
303.1093319
307.7755057
332.2268767
304.5766484
303.6438414
250.5463245
266.8494805
279.1039271
284.0090181
261.574428
263.7311773
291.8138158
286.6756057
273.2942846
287.2670735
285.5951229
264.4702161
301.2403024
310.7224585
298.9717441
311.0785416
313.7456872
328.6448407
338.8052449
336.030366
337.934401
307.907752
298.0150073
281.4412443
280.7383272
321.405326
326.1002944
351.5285588
323.8883269
303.580349
267.8343071
281.9892419
285.6205996
299.2368269
303.4821454
289.3141742
316.3592305
307.4214451
293.6889464
276.3391794
308.081307
304.2938438
290.4229173
305.6992453
309.3004286
336.032454
330.3537658
311.3653955
287.1574432
279.8755043
269.794346
289.2088778
295.5678981
286.4637881
329.597254
310.5274954
313.6801489
327.7391012
316.6405649
321.7488716
274.0454523
286.4153957
293.4154425
301.2417275
312.9133129
288.0158789
265.8326085
279.8615605
288.455823
263.3404474
266.118569
271.2340644
273.9199912
304.7295615
295.7016171
304.3803159
297.9213793
320.8161857
289.5244695
315.3351273
316.3690668
353.1892979
347.7895926
322.6739883
306.1163694
281.6674938
283.5697789
315.5141033
302.3741455
283.0280259
266.2523751
280.1178901
274.0072173
276.9928662
290.1107378
290.8213491
304.3389675
274.2303575
289.5554173
289.5195393
296.7547352
291.5916992
309.5396503
315.5993389
300.2943122
308.2098167
306.6943581
312.2174372
325.1839732
328.1654431
330.2729979
352.9620087
321.0943705
309.0537827
325.6801459
313.457384
273.7803467
283.8827818
248.833283
322.886229
338.9353846
339.0889345
317.1883591
302.2059633
304.6907737
256.6642782
242.8884557
250.4891928
234.5935556
229.66594
263.2046175
318.7046208
320.1937159
293.4982885
268.2019803
251.4891161
278.8962861
280.1501282
285.3823045
290.8444526
300.2393185
306.1902889
304.2472972
268.5232086
279.1478098
307.3874904
286.7007865
277.0873137
285.7981781
292.5708156
285.3630749
258.5587194
266.2425695
308.0325754
275.1908069
293.0157301
317.2457314
321.5965381
294.8067141
301.6737108
290.4572135
299.733303
315.3064793
304.1876552
290.9043558
293.5635909
275.3881235
261.0185495
304.0059725
311.8318025
288.0144609
281.3558712
262.1275348
251.7448364
333.8443514
327.8923372
348.3228777
335.4834354
359.6381263
340.3754066
343.9663938
334.837385
329.5495251
310.7555545
311.5391504
304.7247636
344.1757972
353.2654217
353.3614866
344.9015626
315.414953
337.401193
349.5982575
338.1498356
326.8308411
333.7047686
314.1137239
293.7205474
284.1034462
294.7698199
292.3757815
296.2659739
290.2239636
302.6034132
299.4098293
283.729553
291.7794588
270.2835829
224.7393545
227.5913321
236.4192608
253.1807398
287.027315
296.0234123
289.1221885
304.4141142
301.2290515
322.5394585
333.5078392
341.5046082
311.267946
276.6045613
300.5435415
294.529609
308.1064477
317.0706938
309.4406809
304.8784353
295.1346472
279.1436773
285.82762
317.7376524
317.9528668
317.6898217
326.055967
350.6238565
324.8122585
321.4105872
306.8826337
286.2012277
274.2407332
252.8840636
262.1904308
270.6555915
288.1447536
279.0418945
286.765696
272.977122
276.2574577
283.4684704
276.1852795
267.0010993
277.1996104
280.772717
244.7297292
228.9615672
249.8913514
248.1459481
256.195856
233.9551545
260.7589951
264.6759966
307.7071503
315.6922105
295.9660292
316.1953859
297.4746854
309.5886567
287.7917362
274.555856
271.8785579
262.1891296
295.0413401
267.3011938
284.8541388
263.4324794
261.1526664
267.8971151
276.6594841
268.2991782
271.6226142
249.7663472
245.9104087
282.4244442
297.6855659
271.8702556
285.7344336
280.5341714
291.2882079
297.8175588
317.6939718
318.5832741
290.4021189
293.6864884
277.193045
286.5837985
320.7485039
315.6659727
310.5608438
270.6336276
259.0080647
250.6415861
251.0369185
265.7334046
291.3272138
334.9270426
319.3158218
298.714878
302.2495599
314.5285629
273.2776406
310.2197255
319.0300235
299.2651027
340.3188099
344.5511814
311.3605539
264.7655004
272.831532
282.5814739
284.7783611
286.4632052
305.5799078
315.2012659
342.8292139
307.923231
311.5354002
307.0337891
344.66292
337.4524376
353.9052021
360.5632451
352.8259463
351.5846232
308.3978608
295.8467269
282.8982072
288.9135677
318.9671027
319.4838795
304.9989986
331.0962546
334.3330544
365.1885418
344.9184261
320.8659255
318.503549
300.9367075
317.4215315
330.1090849
319.9095724
306.470424
317.6458207
327.7293042
332.8288136
337.9410031
345.500099
332.7753499
329.4107072
321.5087877
313.979533
327.0494492
309.2625413
317.3299049
285.7730057
290.1522965
302.425815
276.914737
308.6861608
290.53816
346.3509024
324.8750232
317.9360522
321.7527603
289.9793523
290.4152348
298.1180933
312.864494
362.1481328
361.4182305
350.0150972
331.8811399
309.9785717
333.4526886
335.0549778
320.3511781
337.7441495
321.2643844
342.1723383
347.7155637
360.2382395
300.5008869
285.4242515
272.3342522
314.9889155
340.7628666
323.6317468
313.4774373
333.1797144
340.8053902
311.3051297
318.6295001
280.45976
266.8523938
258.9598946
296.5003462
304.7033293
291.8545533
293.3488001
311.5884581
318.3510613
318.569177
325.8842005
320.0723181
326.5662322
284.3351513
295.9748673
297.7920518
322.6792612
275.1404514
292.0565115
273.7497951
248.6934708
276.9684112
292.3717408
305.8628068
330.7075344
330.1369238
318.7848558
332.36291
316.5017348
322.0346111
329.1078781
332.1096137
281.7426107
302.0331131
287.1344752
306.6122978
294.2195905
301.6716863
303.1678917
298.1774652
289.6014484
291.9688975
298.7814674
294.2087409
306.02004
272.1627467
264.9531503
264.7669093
245.611361
251.9473067
231.2293014
251.9780977
311.4463204
313.5786015
307.1596776
266.5926216
281.614216
283.1044834
275.5380166
269.2828908
242.9686621
247.7807622
245.2697264
260.0778323
263.7644196
274.8530508
270.2961424
283.4389565
278.687916
295.7479823
327.381356
307.5035601
277.6081663
282.0490182
259.8615157
280.153128
325.6166041
304.7121252
300.7329608
314.6513281
319.44141
296.8668615
306.8378009
307.3998488
316.820611
332.0092059
347.8627605
373.5392011
352.8654258
347.245097
313.3780075
296.807147
299.4786759
292.6639447
320.0912728
335.9193986
323.3102212
342.4898848
329.9641803
343.1490093
354.8608482
354.139534
343.7086668
351.7847124
340.0293013
316.0269039
300.8388588
310.1298194
294.5650359
308.8004175
309.8316285
301.8806783
272.2625031
267.7179729
300.7240938
305.5182058
327.5337092
307.36366
302.8527282
291.0996905
311.0835275
317.5257098
305.4689551
327.5724424
316.870149
352.8683539
368.9392505
350.2522679
348.8741714
330.4943361
299.9867584
293.5585382
289.1089926
305.3760999
301.3009633
298.1280598
287.2390639
298.1667663
283.4477026
291.6190784
279.3253642
280.5899969
271.8920075
272.9238056
288.36613
277.3179552
271.1262408
264.9571147
276.4312118
295.674691
296.2703583
283.2779386
348.6316666
344.8216028
313.0323817
334.5466274
337.4138705
329.0995524
343.5371995
337.1316244
354.61927
340.6477161
339.2669344
295.181674
296.1435919
325.238491
314.3037607
320.8960433
351.1045734
378.4779713
350.0276183
350.5784858
325.6604999
312.8769322
294.8235575
290.4502202
297.0769786
332.4300706
326.7209802
339.0546854
320.4994968
326.727356
308.0829182
284.9295599
296.0661325
270.3996695
308.1285312
306.1685557
320.1345977
315.509171
301.3550525
309.2254681
289.5411198
276.9971291
261.7435788
264.7228579
252.4379781
277.1492197
253.2165855
273.5769501
293.7565485
278.3781976
315.8462968
310.4714348
303.4858472
313.0699758
300.2838601
285.75535
296.4560633
280.9123685
312.0508567
301.2513841
302.2992902
310.6644956
320.7480296
306.204257
316.199653
311.8196033
310.8247971
287.482448
309.438849
319.4777488
289.1575286
299.776406
305.1999637
295.5722017
296.186242
286.2154841
278.8791988
266.9595008
281.2569802
278.1379834
304.3393799
312.757533
327.1025564
355.5781194
339.7085434
313.4790114
301.2114632
325.1964034
303.3014781
327.0178327
329.0690582
319.4451917
327.1977338
336.4035125
304.8216243
314.9234098
330.423963
347.2333707
326.3497536
304.6612314
317.3015895
302.1587942
324.7724574
335.5168358
361.4732048
398.333555
407.6582312
377.443812
368.1736217
345.0990424
335.9256922
348.7714849
317.8423254
315.6384513
304.5810659
307.7913352
329.979178
324.9994549
302.2755178
317.5508814
324.362253
302.470128
308.5663846
323.6355469
320.9750373
329.914946
322.0221997
350.1056471
338.5236358
363.3120055
347.8758631
343.8521123
341.0755747
368.3474608
340.939981
341.9100427
319.1219282
347.7249279
347.4693626
323.3457946
334.5790471
333.2478351
352.0844456
361.9442074
343.0594933
352.6803279
374.0384981
347.5154019
353.8834779
356.7368083
358.7934289
354.7796357
328.8977685
319.8655299
330.8868757
284.0604468
291.0080906
290.7168053
296.7748899
324.6849432
301.6046555
315.3420429
291.7432588
294.759457
289.4646633
270.3881163
303.38171
333.8830566
322.3479209
329.5618942
334.9047064
305.478879
304.0272216
317.209229
342.2773491
332.9300552
327.2343052
325.7655009
286.4126494
268.4150598
280.8591016
315.8648539
323.182595
310.5529853
308.9673715
285.1822807
284.8512126
282.7807399
275.9943672
271.7873345
287.8154103
289.8181233
288.9623287
295.5018702
312.9529418
323.8269894
305.3910586
284.0950489
304.0228983
288.9086507
309.4502459
292.830321
304.5148032
284.8940861
295.4219262
270.5672366
258.6428844
256.3934691
274.7856358
284.8528951
278.6554785
270.2048387
294.0915536
297.8084119
278.6014924
254.0058074
283.8793716
289.291309
301.0619955
299.2515997
285.3945205
291.2002014
282.7338016
272.0665324
278.1839613
257.7172257
266.0034818
260.845681
255.9010158
263.2027962
284.8516416
258.2525484
247.2791069
287.0114565
279.5877859
276.4007167
290.9973995
288.0830571
288.5567315
294.6858973
300.6782677
296.1419352
303.8498566
297.2805584
297.2616802
308.1867164
282.7100799
272.1062141
283.7166044
290.8595436
279.0664259
298.6376321
289.3498656
259.3985641
248.6933447
255.3010952
266.8534881
244.9461998
280.4202799
290.1304284
323.7577097
357.6093943
350.5528499
311.8637849
287.7372096
305.5662931
295.5030453
318.0675972
333.8995323
339.7544785
354.3341688
331.7326351
310.5827942
327.7985849
361.577967
341.6033523
332.3959088
323.149057
331.7176424
336.8080444
330.2663219
337.3311086
341.2784822
322.3745506
319.851921
349.0917206
360.2290126
323.6529923
273.0045666
276.5227114
259.8740394
269.490107
296.2647335
285.7135868
259.6770664
288.2939401
289.2489518
287.3604377
286.6562399
309.0539144
315.9733483
324.6926229
330.7748794
323.8428502
316.1950796
310.0487067
263.8423188
261.7918218
259.384227
285.3828059
286.9519138
266.3092544
250.7545404
283.651175
305.0644818
331.8360804
326.7333235
322.6587144
314.6331987
319.0956005
297.3253169
325.2269096
352.8597092
329.5759446
344.6528625
339.7376098
340.9867319
351.4566979
340.4149068
323.1381745
313.4439441
342.333363
324.9206537
306.6475107
312.7503027
329.8198992
325.2578588
307.358263
268.9910867
283.7448543
275.1931863
284.9228611
309.3493672
308.4644035
287.175984
290.0601279
279.5692173
283.6601788
286.8840323
279.9712373
276.911104
284.9030749
303.0115644
312.745419
322.2487586
310.3442969
272.8916645
270.491396
284.853558
263.1582197
276.3580188
302.0426653
275.5421966
272.5893103
282.4902848
282.0841311
285.2868027
281.9701799
295.1831223
265.6449037
281.6654109
299.7450032
330.9945608
315.846569
317.4614746
324.1822419
333.1662145
296.5899675
251.2162002
245.8983693
265.9723694
269.1397842
257.2674708
258.9762509
241.8080988
252.5467574
261.2887098
256.9393898
284.1403178
286.0639444
291.2294954
307.5338588
305.2285373
291.9285002
298.7584835
337.2953995
341.3648659
357.7180491
325.8392883
302.5016373
327.862128
305.7012177
298.3929385
287.4213585
320.1567721
330.6779894
322.5021252
347.2815475
336.6604346
350.2474247
355.5338581
328.3557588
317.4695065
316.4344576
309.3341512
277.2412594
282.2733603
295.0820176
308.2017492
312.7934448
337.1116849
314.1271343
300.2674273
269.0212381
271.5527432
281.0619425
302.2675727
306.4262352
294.1809507
312.3452264
321.1788674
344.181898
343.3051852
332.2918432
336.589356
352.2029822
370.7201771
378.6507837
377.8497549
368.8016545
350.5237153
344.488382
305.6077006
295.8698767
298.5685033
303.4466201
285.4981145
286.5880373
313.2299741
289.9479584
303.9302605
329.5998157
358.9953024
341.3041179
340.2239619
350.0548354
356.884482
358.083333
362.8198243
374.7307183
346.6463748
322.1565797
342.6480614
334.9712014
348.7833909
349.3195244
350.2939217
324.499229
350.1210391
344.6757706
331.4458944
353.4210717
332.5722262
290.9808085
290.4880921
313.7544568
310.6600014
345.0289157
335.348676
354.7355854
299.1862663
294.8701728
248.955584
252.8349928
284.7216327
289.7678336
265.5168406
251.690555
293.7941103
319.0978209
320.5701799
300.6785298
303.2877022
272.9366233
256.8976231
270.8720295
249.7948766
258.4031938
285.1468722
297.161555
292.1517553
308.7457336
323.3238629
318.807258
323.5680017
346.9785518
372.1503088
344.1876719
303.227607
286.2725392
317.2567098
339.3507906
347.6643732
324.7724122
312.4377508
309.9265964
327.1886839
335.5621763
331.4661494
307.9807731
321.5314967
321.7848367
312.2899207
343.790376
329.0712521
300.3651827
274.5907741
304.6459539
333.5435091
305.5215236
276.905227
258.7282365
259.5809754
263.0452191
269.3075136
269.1609476
254.4368575
298.7447196
287.0183635
289.1220612
312.6077009
300.7288267
293.7050196
270.3348742
275.6701507
266.7538912
271.5196488
293.8218488
296.8103136
314.3521273
301.6712715
324.0488539
316.9430449
310.9577013
320.3489935
324.9303411
332.1663478
320.9728573
302.3442462
318.6932937
260.6927908
262.530984
274.7383424
288.5921392
287.278953
301.2103497
306.7710319
338.8197085
330.9151094
315.4591702
318.2319999
328.510645
335.0606233
371.497634
348.2413605
375.3165992
339.7325853
317.8009112
311.4140619
278.8677273
330.7542257
322.997008
324.7185344
340.8548804
346.2332575
331.0057595
346.9609363
325.4968797
302.6635776
311.944635
331.4111975
343.3740558
347.5293918
313.6345666
335.5960916
334.9690892
351.6861125
331.2784648
330.0896463
334.1783166
271.871922
254.4358619
267.6458651
263.7451307
276.8200211
279.4740836
260.5084239
290.003806
330.1606237
334.1590175
312.6815063
338.796483
331.1891134
337.5796838
323.9264627
335.9726945
334.4856998
305.6011782
280.8476051
281.5940497
318.4654296
311.7334064
319.5110481
297.8314074
300.7035017
310.2524657
350.3890563
326.2669237
316.3991769
338.2254175
321.7645617
317.1836964
318.2688938
289.5952644
302.3706421
312.9726719
307.1775647
294.8104187
325.9302544
319.2167869
252.6583043
258.8615164
261.6335256
280.0517847
260.9138533
279.0638055
258.404392
271.4047888
269.5468344
290.1147956
292.4427641
305.5895067
310.5075384
309.1820804
278.8981352
261.9922909
264.9931013
273.8291514
267.0260828
269.9510572
313.0241391
310.6653412
304.0905015
293.1005652
280.3650523
294.9763398
298.2960727
279.3533972
286.0333661
297.3287173
319.6773283
308.4895011
275.3753776
273.2490331
284.4268481
307.0298658
294.971453
312.5210735
299.2587068
313.3211721
303.5903322
284.8442826
295.935391
318.4248521
325.7438221
297.9747737
279.2212331
250.9725424
240.3179866
257.741573
260.8265398
259.8244944
281.3846382
311.7506527
307.6567508
292.5528814
284.3296263
287.2761431
276.4374174
291.059423
333.5676054
322.1753224
314.4249891
325.8889897
329.5511523
327.9710542
341.8414521
354.8384426
327.6412996
306.5017709
320.5019225
330.3967923
310.620459
314.3157684
313.4872571
330.1391744
313.5142563
355.0382568
364.7035355
341.2786043
326.7900765
373.5823496
405.1678901
405.5370716
366.7445226
347.0333606
345.2589039
310.6735208
337.2625955
322.0695454
289.8092351
300.1705092
301.5683208
330.3800168
324.8516485
316.65478
303.9764817
277.5135712
290.9660811
316.2521109
291.5880845
312.5179308
323.7326186
310.8705005
304.0632872
319.6399978
295.473324
289.1690141
287.2907857
294.0718251
296.557168
303.1929853
307.4330334
291.8771452
287.9511895
304.5806686
288.7765771
274.7762897
295.0997264
308.6993963
307.6856793
314.6413276
284.1981697
301.7565779
299.8464004
279.7775739
304.6253743
316.1744417
341.4248065
334.6249291
347.2896687
331.2179269
309.0919633
298.5682094
313.3687778
340.6125225
364.6282964
355.2490094
313.3144202
322.9625789
305.0411667
322.0340969
344.1761482
352.9337331
336.1453781
329.8396673
322.0478854
310.1999608
282.638024
281.5841749
259.8767013
283.8372747
290.1301664
299.6822357
311.5344776
295.4903195
309.0567249
285.3038624
281.0205746
283.3617576
317.6312916
319.8751285
313.7216942
297.3523853
270.6779287
249.4901617
257.7906649
255.3371049
262.9626809
261.4589633
293.7219187
283.0658165
297.8956235
298.1159393
313.8303975
308.2181355
323.4973866
333.4144376
347.4988192
336.2384658
322.9842488
314.6565727
300.132814
340.4590202
346.939655
345.4194613
336.1167259
327.1080791
323.2903485
325.6823654
299.763836
314.1646652
316.2500092
347.9562378
294.2793681
285.1254403
277.1093436
286.4702116
302.6804931
332.9722035
323.1578412
312.4072115
276.6313671
279.2591032
279.5163221
311.6461404
319.7793895
317.7085362
326.467432
279.0887896
288.6400927
258.4040828
268.5379216
293.7239563
319.3714507
297.4490191
286.8842837
294.5539693
307.8683027
322.4774123
312.6150352
310.8167429
327.4254484
318.4478002
292.6856095
274.9981923
294.7241827
280.0004227
293.7303745
299.5469663
308.5392149
289.6279632
294.8045438
291.8336281
290.8743151
299.5538033
326.9829132
324.3353196
298.2018956
292.7861603
291.3090622
311.2986683
343.1008151
332.8863453
356.8748071
337.0835546
305.2105404
285.4540574
314.5924164
320.0487425
311.4885707
347.0101745
324.9064118
316.4865264
316.0464274
311.1535286
311.4927928
310.2606724
306.2741949
281.7249282
348.4015838
332.5602601
319.6514386
276.1945518
256.0836716
303.2240612
301.5262737
321.2843872
315.4131564
292.6038592
275.9427534
258.7920935
275.5907452
291.0999241
263.7943023
262.5388244
246.5036449
276.1478998
295.867127
361.0029432
282.3790663
295.4776025
291.4085211
286.4432568
276.4422825
295.4783179
321.3185216
304.2102742
296.352241
327.2817189
337.1386164
339.64211
328.3377877
328.0848092
297.3112541
314.1239078
324.3757754
331.1062269
324.9294096
280.4326354
308.0174309
303.6682529
293.9782419
278.8898467
291.9702043
278.4744431
256.1306398
261.5066656
241.3565371
225.9896916
230.6461548
251.7850211
264.2653375
281.9823589
303.9581154
299.3778102
306.8106113
319.9839184
283.1022055
308.4598112
297.8703063
295.2258345
301.9186919
269.5150035
283.1450551
309.1872276
323.9473716
365.0016719
355.5464731
324.8887157
316.382396
322.5121499
338.2116045
347.068621
336.3587635
291.4929053
293.6812963
290.291936
306.3282309
308.8126461
292.0478956
302.4454167
302.8474658
336.9362739
345.1160274
317.8095954
306.3101364
282.4439333
273.2504371
271.0733254
276.6415317
265.5346466
289.834805
270.2261702
261.6454926
287.2812107
271.3974723
265.5240407
265.2454182
265.8725246
305.0045171
323.5135253
308.8816803
321.5042732
339.6735848
363.1006863
321.5209174
356.8140225
336.5964013
366.0159013
338.574346
346.1658149
318.1975206
293.6103157
290.4277397
264.8956278
270.5615991
259.5294869
293.532107
275.5130864
283.7896784
283.706926
312.3751208
332.7510823
323.544847
326.4095457
370.0223793
361.9021191
370.6689898
348.5219041
381.9044879
330.3380336
305.3512008
278.7120776
275.9227502
273.0864773
269.0701312
253.6863859
271.6099881
270.3414424
336.635213
325.2176799
329.522984
326.1885658
316.9343741
296.8248405
268.3374195
277.016457
293.0820263
302.4887233
312.9989203
292.4491919
274.5973523
267.413784
280.6306305
295.6549946
340.1340898
359.0262118
334.2338761
342.9484782
260.4181782
276.3588564
266.9019167
292.029928
288.9347165
301.7296843
294.5855501
279.0286839
287.6261884
290.4263634
309.3905697
297.9918512
319.6616031
356.3521987
334.2353326
298.662806
285.0527675
271.3357545
276.5842982
246.5017696
321.3089836
315.0355265
300.8007374
275.4290084
306.8885359
306.2099843
288.6942704
301.0007583
298.1531845
304.5503003
288.7524225
305.5424775
282.3453945
279.7920119
253.2134342
272.786372
268.7021924
267.970752
278.3302801
335.4427279
298.6549152
303.0705599
284.5390411
308.6393342
285.3647258
282.5479515
274.0642709
288.3679899
291.4508849
286.942077
300.8524851
329.66141
351.2298281
340.2609494
357.6459258
379.7609884
348.2771684
313.4065204
300.6919999
309.6005238
288.2714775
294.0752755
330.0470895
345.5247642
327.6357241
357.0058937
355.5187171
335.603589
330.0645579
316.8248624
294.6439642
287.2874491
273.9214091
271.8045359
287.1971426
280.5412612
288.9025266
271.4584636
288.6045706
299.1948697
338.1114322
327.4051391
309.1049691
299.1886437
287.9199812
299.062799
295.996964
296.8437812
317.7870106
310.1719709
313.5095518
299.4290889
292.2406556
257.7343494
266.7688699
300.731513
325.7976034
294.2780847
291.7314426
308.3760651
263.7010333
270.3365228
289.5893899
272.2108668
285.2401183
283.8162689
280.6449557
302.8078291
311.6806167
308.1531496
314.6988146
313.4021441
324.1391204
319.1912933
296.0210127
289.0251906
275.1435939
284.1223837
268.6459453
253.2128188
282.9636569
288.25848
299.8437201
295.7465721
331.9473965
321.3812437
319.2664323
310.5920836
271.0203761
271.3394479
281.4102421
279.2401285
293.2427587
285.6327147
301.8231671
287.0280644
273.3569404
255.2303066
274.1509681
284.5692106
296.0147134
305.5076473
317.0803156
322.5987331
312.1127692
313.5901222
299.7065504
306.6786126
326.7753487
309.0164421
288.8470117
293.8776784
314.5491434
309.572379
320.8852312
328.4539971
292.1715792
295.7738971
281.8335977
289.0204378
363.8149423
347.0115094
336.1915713
375.5814478
372.2623716
366.1846929
326.7322208
286.5468147
315.5910982
318.3979093
334.8552175
353.1001959
330.2339179
323.4309126
355.5779953
347.1870474
359.3404649
355.33263
343.2407326
377.076399
326.7644773
344.8880059
341.0204683
318.7699254
294.40254
253.3298009
272.7708839
270.0835855
266.0178761
278.6490917
270.0389277
278.728382
275.1224554
272.426866
278.3285817
271.7964513
262.976535
256.9357309
315.8077237
291.1767784
322.9235216
326.5160313
329.2049247
302.1393883
288.5920497
293.7233856
315.8326804
321.4401408
297.2526634
295.6585154
320.412174
290.5626069
300.2496138
274.5695862
249.8272337
272.6150347
297.6636917
289.3876273
293.9388514
311.7376675
307.4017898
319.086709
329.9951429
365.8515615
319.3430803
319.8988201
288.5771904
264.9569772
282.8201905
279.9166987
303.333463
323.2384187
321.4250223
323.8834312
320.5017707
309.8517829
334.6231245
312.1017151
293.9322615
310.1393896
316.1565624
280.2157394
287.5761185
300.8465016
293.3234365
271.3773192
287.9749251
283.1474813
274.7851887
282.8428004
271.7015813
262.6515914
280.5540783
318.1401081
327.1582069
310.0988457
298.964321
304.3473281
317.8600421
346.4793439
338.3122277
323.6728125
329.9220326
273.7986525
285.1074068
305.4479885
320.4570857
319.8553623
321.4133801
349.3539148
363.6479284
361.1951528
310.7557728
318.6720531
322.417661
311.2659525
315.2839963
376.596877
399.9554613
375.8107677
326.2284933
358.9714833
358.0650933
333.8665337
316.9443895
320.3591093
331.4935578
362.8076245
369.5557432
343.9109129
301.011815
354.5549487
396.6974451
392.6830254
382.5332566
325.8436723
293.7435654
254.9757005
268.7443049
280.3727198
272.7970255
287.7632354
309.5770867
312.2922356
295.4971557
307.4997829
307.6577488
291.8704653
298.8930607
292.2886127
300.509324
299.3872938
303.6425629
283.1978607
285.9579817
339.5019662
354.898543
337.8470605
319.7444436
302.1446005
277.9079213
279.3039515
286.5208807
295.382205
319.7928462
311.0389733
297.2962805
264.8346064
257.4393115
239.137524
236.8881952
268.1875134
288.4628341
321.1154459
300.5579553
301.9836088
289.3094385
283.8428883
306.8574389
298.2019572
310.0117186
306.1664422
320.8300239
332.3910106
293.5044997
297.9198431
313.4795877
298.7368494
278.4286522
291.2106879
289.7415358
298.8142723
299.0080021
299.029928
306.6593678
294.2499355
296.0195391
287.9470467
296.5395965
292.0173184
288.1293868
256.8965371
240.0469254
238.7596536
284.5102326
265.0915501
295.9321992
280.0886231
286.5493969
318.715633
327.0849219
321.4453562
316.2275536
309.1706854
303.7506519
273.0923547
303.0234308
314.7030038
313.8855147
284.3775359
242.9369799
270.8467027
265.5771515
274.220216
299.9934593
285.1321416
270.9088707
257.9860255
263.6987636
258.7155267
277.5943028
268.2736966
278.2230757
255.508025
273.250202
287.2847393
277.9685457
269.0095229
248.7054857
254.2706527
324.3565998
299.9595986
315.1717221
343.3288016
358.564519
341.0403653
346.3224246
346.3495452
324.4954991
324.5098299
343.7430321
365.7240069
355.8039787
391.3184549
374.0447867
352.8914255
331.2315547
345.5532525
366.2082025
345.1721833
289.6076528
321.9247087
310.3334358
305.3876838
319.0140631
294.9570633
276.4303223
258.8665185
269.0346808
255.613151
283.6396098
285.8368657
267.6472374
312.2127369
328.0832849
361.825343
357.7830502
333.3326859
304.8807942
290.5466023
369.2148141
332.8346868
324.2921641
329.7175092
327.2892729
319.8346961
314.532997
314.6559493
306.7746728
312.2534008
321.2494979
330.3412085
328.0430885
365.5327167
326.4294946
312.0448788
314.6915057
321.3882791
342.1579711
345.7188555
357.6782141
342.6560703
330.4964437
308.9802858
329.3666243
296.5222604
345.3515371
342.2548288
360.495227
318.2546454
340.2977179
346.123339
297.3747567
308.6919602
308.8154422
326.1835301
318.6023216
316.1745639
317.4105083
346.7260286
310.552254
268.8591743
259.9197506
260.7994515
264.0642389
303.8716901
293.6611191
274.3837908
298.4051562
319.2020137
327.9783743
331.631491
319.1652058
320.9819647
302.7311705
321.369861
287.8960024
327.8795776
316.3413231
321.0950174
285.1224657
284.8989083
310.7284284
324.3377609
318.3126939
329.7210813
317.8406299
334.4662406
305.6327795
281.7809524
291.653082
284.0370858
287.2122189
329.3685977
329.7608986
358.4321461
366.006827
366.6685503
319.0939434
321.8126554
303.4051825
313.2861037
314.7929002
325.44208
315.34491
304.4920777
291.6211668
319.0484665
339.1087775
360.7073801
392.4845053
375.5900451
357.9963903
339.0773436
362.0159989
332.9908372
329.3574034
316.4812765
324.5872177
303.1111082
262.8670734
289.5198141
294.0695481
287.8566016
317.393031
313.1920969
333.1075315
327.6363144
345.2311326
329.5579909
323.8819672
316.4287428
303.4869364
336.6408504
335.2399779
331.9338157
299.4637233
304.2855235
269.875416
266.6003953
335.0411173
325.0795931
309.5820741
281.1476244
267.3036041
275.3574025
268.2205176
268.8892795
295.2700768
268.9946596
305.7363905
308.8744586
312.9157166
304.9330719
309.1891908
322.9366061
313.6167479
307.5452487
311.2420364
332.4056949
278.7219894
279.7107561
282.178281
304.8433293
302.3976018
294.939315
302.6436974
291.4458005
293.3631678
293.910233
294.5068925
290.9886235
293.5107741
287.1779185
316.9074979
321.625281
318.3155842
300.4888968
285.4549221
264.4081917
308.0165103
313.3359084
335.268767
337.267181
342.5390747
336.7088822
348.4327179
352.5884012
325.1022153
330.0181334
350.1932797
337.0087903
328.7692127
353.0666184
303.8729195
297.1185344
288.8828904
296.4843238
318.8227184
312.369832
297.513647
281.2321958
274.8649204
280.0647112
286.2618269
314.8893423
295.6916303
302.3101383
303.434691
328.4312117
325.6981179
322.5141814
336.2703747
330.9319007
342.7236753
316.5932675
307.3191499
298.3439324
272.9534387
293.1524282
295.988
295.0693046
267.5357201
263.4695396
266.9337765
297.6655029
313.6442925
349.7090949
332.5304361
334.5198945
334.2556609
334.5459268
313.3757994
314.7637524
312.9777167
311.5183436
303.7944929
294.5521987
307.5577739
305.4613817
272.7975433
306.4172604
319.2477947
294.8986275
309.5874898
299.6950923
304.421524
324.8240959
313.0603397
315.4827273
315.4939171
297.4424427
232.3573982
238.8233024
261.2759137
251.8313044
243.3278847
245.7284886
263.4337997
242.6446437
316.6838459
312.2037194
283.8326009
271.307665
279.5614348
290.1414523
317.8144381
329.0353984
340.1767245
313.5191074
297.6764692
301.7213374
302.881893
274.956969
275.7898478
299.911049
279.9386221
303.6882044
291.4954804
295.8394889
)
;

boundaryField
{
    xPeriodic_half0
    {
        type            cyclic;
    }
    xPeriodic_half1
    {
        type            cyclic;
    }
    yPeriodic_half0
    {
        type            cyclic;
    }
    yPeriodic_half1
    {
        type            cyclic;
    }
    zPeriodic_half0
    {
        type            cyclic;
    }
    zPeriodic_half1
    {
        type            cyclic;
    }
}


// ************************************************************************* //
