/*--------------------------------*- C++ -*----------------------------------*\
| =========                 |                                                 |
| \\      /  F ield         | OpenFOAM: The Open Source CFD Toolbox           |
|  \\    /   O peration     | Version:  2.4.0-MNF                             |
|   \\  /    A nd           | Web:      www.OpenFOAM.org                      |
|    \\/     M anipulation  |                                                 |
\*---------------------------------------------------------------------------*/
FoamFile
{
    version     2.0;
    format      ascii;
    class       volScalarField;
    location    "0.0009";
    object      rotationalT_mixture;
}
// * * * * * * * * * * * * * * * * * * * * * * * * * * * * * * * * * * * * * //

dimensions      [0 0 0 1 0 0 0];

internalField   nonuniform List<scalar> 
5120
(
325.9228905
322.3550647
302.4674465
306.960441
314.139827
306.106382
312.6122531
315.5975674
305.8626239
299.4680347
308.9257401
312.9624403
308.3959065
316.7457115
295.4475195
307.6673207
309.4736816
317.2150623
328.8520639
326.3585217
303.0518182
298.3293229
305.000955
300.4224667
286.405039
294.9625603
293.3827557
304.5778723
307.5105256
318.7579102
313.3774767
307.1746476
314.0009136
307.3300058
320.823362
305.4982337
318.5943507
317.6071936
295.2940164
295.5775258
306.8498389
312.6129751
305.0905684
299.4229105
290.6232919
288.6965723
284.9795268
296.2375875
298.1158348
301.2118013
301.6276983
296.662626
295.3011714
304.1576676
302.9142619
305.8507217
299.3542511
288.6330371
301.8365876
301.4269929
312.6782735
298.6909055
305.6885021
295.8668517
314.7982507
303.5595314
308.0200491
298.6940632
307.6873999
304.1395707
290.4004636
297.0548314
295.5837289
292.5247882
291.7531062
286.4527854
296.6794388
297.5255146
293.8151272
303.4270113
317.4784664
304.5356994
301.0768827
290.9303979
301.3540013
310.4177622
313.0185189
305.9136016
306.0586004
305.9419752
301.5246887
312.0530387
309.5825381
309.9972709
321.2692449
322.2673636
309.6367196
310.9177129
316.4782167
311.9847128
287.4437946
288.8894855
292.7900793
287.2084715
291.2867073
293.6836961
295.2617129
312.403295
302.0729071
292.7130043
292.3559416
310.7401359
323.3321485
307.3503108
309.8937442
297.3999289
300.9283566
297.9693367
286.9003725
269.3413476
302.4047986
306.9759318
307.4490842
302.1384308
306.9208553
314.4666061
306.3977492
291.8020211
290.9600432
295.8385709
292.5417379
283.7309337
287.6610683
300.1190383
294.9005681
302.6444805
309.1847272
308.4955941
311.5307202
302.0212052
318.3929423
311.5519695
321.9009793
312.6652475
321.8794713
305.4354429
300.5152154
292.1126854
292.0725288
281.8758797
288.0806109
301.2146801
305.4026782
312.4777148
310.8130634
306.2111146
292.2427162
285.2085813
296.1317477
305.0489038
287.7404674
300.3345656
298.0980984
303.7821339
307.4453466
300.597845
297.1114296
290.3244925
289.8921968
308.7715326
324.4338626
320.0640663
313.5270958
302.3614293
306.6877344
314.2221877
309.436694
312.2290663
308.5009977
288.1954233
314.5400641
306.835534
304.1003496
304.7119183
289.7312688
300.5062652
302.8288802
295.0167486
296.3534485
296.0135653
287.8289545
276.6081835
290.8231638
294.5771691
292.505785
300.8521087
313.8511504
325.2343811
317.9581523
319.5485505
290.0836423
282.2188608
287.2094118
280.5662454
280.288635
268.2330876
273.8097154
285.5411702
278.1929597
268.9912532
287.3910074
301.64972
278.7113979
276.1719508
277.1683694
275.514535
281.1240592
279.4579467
281.4678186
288.165296
311.6295204
289.8314353
298.7259082
291.1680314
291.9598462
297.2475413
286.071561
285.0324697
296.7154275
302.6667001
297.0845105
300.3786835
299.6257195
301.8368629
301.764566
300.780771
307.2552155
321.4764218
315.3843315
316.0608654
290.413113
297.2407713
284.4884051
291.1941942
302.4096751
308.1488636
304.9786636
303.7449723
298.5190383
294.0933145
298.420207
292.2840215
290.1584768
291.1374987
294.5374664
304.8891562
302.7619279
302.7485041
303.7543659
308.3074846
307.4040617
291.586094
310.9821895
314.763138
310.3001183
307.643264
307.8676551
301.3838545
304.0146431
310.8672062
326.6884256
309.76003
306.8627571
311.1327133
302.6637794
295.5924316
306.9665651
306.1517127
300.7170816
303.409187
293.5554993
289.0671437
292.5563149
308.2062605
311.0583685
319.7341195
301.3603403
301.2096064
305.1327507
299.3633302
321.5641755
324.06758
324.3860894
312.0453598
305.3629682
308.7492336
303.1658637
290.624899
282.4126541
286.0519331
320.6504599
318.4493148
310.5908783
305.0469003
309.0417146
313.6086169
310.1071101
308.0506939
317.3389766
325.1062797
327.680886
321.5757977
332.446284
330.5123233
326.3905155
318.1414787
308.6975318
301.3781755
323.6288195
318.909534
312.9341609
308.449877
312.5354151
305.6855718
313.1615935
310.9098357
308.8781751
309.6208881
311.341535
315.8668587
314.070729
309.8065874
304.0047183
310.0277744
311.9762064
311.0781039
317.5441114
314.8991868
317.2046354
319.6433483
308.152024
306.0858886
323.0561246
329.6294837
334.2907805
334.5227004
322.7754527
323.1582251
313.35202
300.1586764
297.5736391
311.6161845
303.3536301
305.3826491
308.3535595
309.7975978
299.649924
303.433488
285.1236492
299.410396
289.3427645
292.1485692
289.8594912
301.7924721
296.1300087
311.9439583
309.9400455
301.4321565
291.4765389
291.3797501
296.9860399
296.9356948
308.8170437
303.2223521
305.8825366
316.2628365
317.8748236
332.6107271
322.5984194
294.5217236
287.7909024
294.4969615
296.5940103
293.9593913
275.439445
285.3677611
276.4604792
304.4627422
306.5688468
313.9426715
325.5015663
321.9938176
301.7456509
302.4514782
285.1557237
275.1538122
285.8687793
294.1232549
303.7998704
296.8943369
288.4120193
284.3369571
291.3981627
280.6614149
287.1527435
279.7058615
277.4514264
263.685466
263.1271211
278.648979
286.0102719
294.0081099
293.9168449
311.8870643
316.7666632
322.8307191
306.239823
301.3938324
287.9310236
276.935981
305.6960045
285.6388221
295.7636988
297.1383147
296.6275094
302.4047035
300.3658171
306.5747337
312.4258512
312.8932003
317.7605415
317.0986512
317.8693952
302.4376335
312.4801511
311.3509292
314.5692363
305.9395597
324.7716919
319.491887
324.3962784
322.0555656
299.8557849
310.6722878
298.3946579
300.5965212
311.6153186
306.8003871
304.371271
298.187391
295.8789896
292.5303362
283.8270867
281.5799775
288.3607575
296.2797117
310.0527876
327.46083
334.234035
336.0032837
294.1235288
290.2346687
288.6262222
296.4733587
298.7679347
308.5671422
301.1896721
314.7276567
305.862202
302.4296351
295.5826606
291.8155579
285.4923524
283.1601634
286.9658392
302.1062822
312.3522013
301.9982355
295.7996688
309.1464415
310.6034647
317.6648375
309.7271598
306.3984299
307.858218
295.5196148
297.2926262
309.6464665
314.6516758
310.0229092
305.4557298
285.4400657
287.4499253
296.2689873
297.1638935
283.6114466
286.9931379
297.3705478
311.5141092
310.0799726
321.0023558
320.8792485
323.4555451
324.7162624
328.1724619
317.6360892
313.7133843
299.017515
286.3378803
280.1477128
283.2738032
290.7769455
300.1152635
299.9269392
295.3700197
304.0715915
306.6655512
312.323399
329.700718
318.1092601
296.3935538
313.0724843
290.2672477
288.2387997
270.4612468
279.2780311
272.0922762
285.8741287
300.0925297
307.0807074
299.4436305
296.9896239
296.2601396
283.4945198
280.4839067
281.1388716
278.4041704
277.1280428
272.6710849
294.8150769
297.0556661
302.6277288
326.5757661
317.9139755
314.8811754
312.5645275
310.8221881
309.6055728
306.8264237
299.9820175
294.8688893
297.0229797
297.7339456
300.7405008
286.5331676
285.751381
287.6476988
279.6720529
276.0390497
285.1456773
293.5106858
281.8617285
283.6117646
286.5623496
296.622433
285.7293998
301.2758423
311.8237718
316.6547284
326.1314424
331.1060814
318.9101042
307.1237487
304.8736881
294.0226941
300.6203496
285.218052
288.1064393
282.1735793
302.3075185
301.5625819
312.4010481
320.3019659
309.4906973
288.9070086
292.2620858
275.7635427
292.8488826
306.527806
313.3802262
298.2473954
311.625959
309.2924945
300.9168471
295.7938771
293.1387007
285.2777341
278.5204717
294.6527694
285.5633218
266.6037859
292.2452484
290.6916661
282.8121969
295.7246183
310.752981
328.1654382
323.035125
302.1040197
298.3310375
281.4032898
272.2785602
271.210987
292.8876585
291.3794438
288.6785971
309.028381
303.7211241
301.9853602
288.8262056
303.2036012
300.6720566
295.329695
304.438106
302.4454903
295.7336576
291.198476
309.9963435
292.386753
292.098373
296.1718007
306.1113502
302.892046
298.9689292
307.6606557
308.3638004
305.9492451
304.818567
303.3916502
311.6742423
303.5623856
307.6531236
300.8678469
291.7925235
290.8202322
276.7729639
296.8653913
306.2462506
288.2807285
285.4086876
288.4216138
297.209946
301.0040507
306.2085327
314.9879651
322.0985882
324.8436672
325.4061153
315.3848291
302.6286469
312.8791311
305.4207523
309.8489924
305.9869697
296.4624071
298.6289827
288.9148334
297.5972762
329.2259252
323.0457725
320.5097942
305.9311758
319.1962369
320.4819565
305.7405982
314.1443786
311.9724263
311.8605495
302.6549048
309.8127887
300.7981327
293.6370311
292.0491301
284.9236571
298.9980513
299.148269
301.4603751
305.2447999
295.4565222
302.297116
301.00195
309.9863076
316.4679432
308.6910549
306.9193988
306.7293048
302.5382734
304.3014629
301.165587
308.7883283
288.5077342
274.7806887
293.2785192
298.712343
314.7956405
299.825791
286.7203429
274.6124967
280.9763783
295.5390374
301.8878325
302.7411995
294.9045524
282.3317315
287.9961487
282.8412449
276.4683705
262.7647362
270.0005104
282.0297821
296.0229756
316.9699882
310.6260916
323.2518753
317.7458263
321.2327333
298.2112782
298.3822192
309.8811667
299.4100377
291.7354261
303.5089908
304.2426878
300.2387494
305.0743929
307.068049
304.8324426
291.6230502
300.0062882
296.173645
317.2135503
326.8603454
314.3325088
301.1730817
302.0383329
305.070663
304.8199689
309.6522664
317.3064038
324.4830191
318.6178427
314.0972076
316.1327536
321.2186123
323.6583749
314.3756435
323.4245601
325.6873173
318.8364524
328.5875243
283.6988385
310.4607445
316.0605751
310.2997884
310.0544998
307.6141026
308.3720886
319.2460815
308.4599201
297.9337905
308.4782636
316.819487
311.540509
302.5639214
309.2710784
308.4111447
312.6834446
299.9709375
283.5186127
271.9499235
296.4926685
300.5117646
318.4578556
299.0936881
307.2466397
299.0763613
295.6480837
296.6657824
295.4537666
294.0250029
287.6549573
290.8169412
295.7401428
296.2298543
296.0782297
283.5855849
291.1759102
286.7782982
305.2742926
301.9793725
296.8739101
291.3771231
297.048848
306.803638
306.7139643
302.5466242
289.7851686
302.7285439
307.2273449
308.2931687
308.2283011
308.1035148
304.1665441
304.972268
300.9132077
297.797461
303.0895296
287.8129117
277.8512492
288.7512971
286.0126256
272.1363808
280.6001603
266.4550243
272.7241045
280.847207
282.8256673
289.726242
279.2366373
277.4755236
280.6768043
279.7510158
292.3643407
295.3678237
299.7875314
298.1050964
306.1546799
302.7544096
302.9385394
300.9509391
270.3083775
279.9331928
276.5445494
289.7938661
288.960403
295.4376521
287.6869131
301.7482843
306.8227884
318.3486216
315.3589628
307.5341023
283.2253868
292.2120922
298.1161906
286.8321605
273.8980751
275.3217183
282.0149833
267.9814666
281.3998315
279.8075395
287.53015
291.0923071
293.2279288
294.9770446
292.5255278
283.0603301
286.5354282
293.9131715
283.2649497
287.3740166
288.5063686
298.0512575
300.4428735
292.6561159
293.3540051
293.6545328
294.9455339
286.290222
298.7790415
295.1494317
283.9701717
291.9837888
301.9673934
302.9408588
299.6423143
297.3779288
287.78631
295.9756848
289.225588
297.7961432
302.7838752
301.098646
308.9694525
309.6506396
309.778078
310.4894759
304.1039138
297.0975585
321.8718117
318.9851498
312.0046195
308.706581
307.9501578
306.1858652
311.932807
289.2920807
283.8078666
275.1077612
274.3127676
285.8567736
291.2432759
306.9863437
301.9652481
306.7423757
302.3583891
318.0223128
324.1066323
332.5724637
266.757151
272.2470595
267.2763814
280.5827147
275.6487904
287.0901705
289.8524926
282.4175406
291.3832807
281.9814339
297.3706179
307.1395994
313.1076479
295.2946996
290.8895217
282.5085447
282.6692887
278.335015
266.8891477
268.7101958
308.2468008
309.7439527
309.2702046
294.7314412
303.0588123
306.6615718
304.228117
304.6423104
306.7049186
304.254013
320.0176346
307.1448037
301.8004186
318.0294818
296.8487524
305.3907809
295.9982614
301.4640669
299.131548
300.0451414
267.7695394
282.6817697
271.2925526
282.4155146
294.0572464
302.9310061
293.482109
276.1353904
266.861892
280.8890861
285.912145
289.64093
292.3840167
303.930252
305.0696957
304.6471614
295.5930278
287.3477986
281.1977772
275.7701333
286.3601196
281.6730949
282.7343308
298.8830683
299.3519461
301.3474378
303.5943883
298.985084
297.3589091
301.6724369
302.9245794
305.9121027
307.721486
299.0648213
296.8280098
294.9713057
282.3981965
277.6845949
283.8691571
290.4413232
304.6348051
317.7063101
301.3709162
301.7615327
299.9219177
299.4007328
298.5502415
300.9131188
313.973565
312.8241258
310.5569579
292.6363187
287.3448012
299.0388169
308.1187642
296.9329931
299.9335499
305.7885875
301.7249109
294.2340749
306.5305605
305.4763655
303.341648
289.9622695
286.761309
297.7189784
313.4662459
304.9595055
315.2224216
317.8160193
315.6493042
300.1344534
293.0945771
295.5793128
279.2409208
283.160544
292.4492741
305.7234073
314.6339269
298.7763307
295.2636206
287.2296493
287.2654214
280.8696136
295.9168168
304.1673001
303.109922
312.0937028
311.9855833
310.6724613
295.6494769
285.5607003
304.8086736
302.2255287
299.3257087
283.1347784
296.868042
296.5872264
297.8854385
307.4373848
277.07279
272.8451114
281.3921778
285.1957126
284.152377
300.0971841
309.1315164
299.6164335
294.6658503
306.3384831
316.3912196
309.3641588
313.7088801
316.3911964
310.3950831
308.1221743
305.1720176
310.6519354
286.2162668
287.0037315
313.0710095
318.1895069
305.5415058
307.2683364
302.0642647
289.1374499
291.3048236
292.3716185
302.8203518
304.1973203
306.8948582
300.6121433
301.8195114
299.0124508
300.4919044
298.8291955
320.3004538
301.6209459
319.0687623
313.0861345
300.0049292
279.9990744
283.1868386
286.7388237
278.0296022
299.4317268
309.6589738
303.1107027
300.9076466
303.8039686
295.7718862
303.350411
315.3233599
303.2690204
301.7828586
302.6731317
298.9598608
296.9743304
297.5747458
293.6271515
287.5073414
295.372391
292.4998488
291.8466865
307.2201642
309.1561556
306.4738057
290.1246143
302.0554005
310.1273866
302.6160639
308.9129002
300.6889156
296.244423
286.7938154
285.535524
288.7659437
288.5948277
273.7438585
270.3800307
296.935834
292.592165
298.6526534
311.7937462
317.4628718
321.4297895
300.7753032
288.5388202
285.0321188
282.3185828
294.1776551
294.2750567
293.3565436
282.0981772
298.7365877
294.5682899
302.2543847
301.605925
292.6461587
298.8688697
286.2945415
307.0379295
298.7788378
292.7150749
288.4876103
290.2293082
289.0423807
293.3383581
291.3403654
292.6564288
303.1783834
301.9433251
290.3234494
282.7278821
287.064435
288.9634057
294.6912881
300.0162488
294.5811812
291.3810118
280.9503866
286.3260948
280.7208783
269.9905636
284.7228843
281.5004992
295.7073623
307.6031367
310.4275006
299.2220004
292.546126
307.5594992
310.552921
314.8694401
299.549701
299.1771471
281.7198931
278.6530053
278.7856035
288.6860056
286.5322287
285.3771381
288.2241264
267.3951349
270.5847935
263.8392263
277.1107809
278.2932036
285.3120825
271.1423669
278.9304761
283.5417551
270.699264
282.4640998
290.6824182
291.2401888
294.2262097
292.6491928
290.5531787
296.7270046
296.5246335
300.0365259
292.4555697
299.9395106
296.9617435
289.1250795
294.6805618
288.9365321
287.4940277
300.0451279
312.3342319
311.7516114
311.9621645
294.3724281
298.1812243
291.4325442
297.1492483
303.9066821
295.6861775
289.3178175
288.0713556
310.326363
292.5066341
285.373823
297.6257114
291.7795833
287.1534518
288.3697819
304.9410261
302.8412042
305.6419812
285.4843179
284.0024098
288.1720763
290.0974885
296.4067858
286.6169517
295.6091046
293.3675375
298.4714432
297.556516
302.5403113
311.4244476
310.7146977
315.8613032
323.0192323
331.5362694
325.1507839
315.9787667
303.7679623
287.7995459
288.1539216
294.9577181
296.230729
287.6941431
292.4017408
299.3236723
302.7185182
306.7967898
320.9456637
267.4197482
280.9983922
280.8628816
284.0476721
281.9376208
283.6404724
284.5490371
300.7806178
311.3621154
301.0700432
290.9713926
295.6508685
287.865483
286.2763773
288.5612014
283.4459362
286.450622
282.8311774
283.8986738
280.0377247
285.3120589
285.4944755
295.2769265
291.7460005
294.7620391
289.8147805
300.011693
296.076592
274.1578215
268.8082827
284.6312468
286.4242676
275.7585832
270.8673352
273.0791172
278.6600805
287.0508968
306.4632132
289.7357858
287.3930133
305.1726936
301.8222913
282.6753768
286.9002226
279.6479977
286.58076
294.1099738
299.6504303
313.4348758
298.3045384
286.6193568
287.7741205
289.1375752
288.1624967
281.7661574
292.42271
279.1920857
288.760423
303.3169775
308.5703211
295.4520869
294.6950928
319.8318004
320.1635942
308.8994126
314.7906615
316.0579821
319.4554253
309.6404168
320.8540739
327.9659911
344.824301
328.6845766
316.6174454
311.3493801
308.3373831
303.4067693
308.8270464
297.6459519
308.3321733
321.3165742
323.5120913
318.3365836
315.417873
321.2317323
317.7947512
311.1697784
301.621882
297.4136457
306.1099353
314.0593712
295.6288149
301.6312141
306.7996763
302.1093345
312.7832167
320.0165898
319.2862828
319.6171256
311.7294543
286.6498105
279.5783014
275.3455053
287.5130283
274.195131
276.0841112
290.805525
293.6577902
299.4411295
289.073923
276.6440433
286.9474649
278.5979338
277.8760829
285.9262959
288.101109
273.2785408
279.8935571
286.89212
294.8150373
294.4916583
313.7730573
306.6894652
292.7108369
300.2895411
278.8616533
297.6772771
312.008682
305.9017169
319.6246474
318.7581289
311.6752919
320.6192333
314.9697388
297.5339301
301.4842259
301.887866
302.0711809
308.7382944
296.8479389
316.2220456
317.5841732
317.5090893
313.5224543
322.011133
326.2476553
313.6555109
319.2722944
317.4030151
315.8279962
305.0497576
314.2276805
317.8917221
318.8507883
316.7429459
301.9096871
286.1289939
283.9509442
287.712804
303.3802682
294.761305
282.1900698
283.2885685
285.588851
284.820873
288.8514856
285.174853
289.5575351
284.999247
290.2682254
284.4652745
284.7238937
305.9515635
298.3784569
296.4059226
299.7230877
292.962067
286.2789076
293.8755521
297.9629307
286.3069843
287.6014953
284.2631559
284.1497752
278.9269833
292.2052611
305.2713832
306.3384693
302.8169345
289.815422
294.0258952
298.1182023
304.4064382
319.3529294
333.1085422
320.2179718
317.0860513
303.2416272
292.210331
278.7111579
294.0629805
285.3306691
297.5629156
302.7930356
298.5721537
307.6142532
302.0505458
307.7656184
315.1661212
303.2039311
299.095133
297.1942916
289.2753606
269.2852186
275.4621487
285.8859343
273.6716658
278.5337483
291.7645142
279.8327565
289.8484586
298.6942306
296.3073917
311.4069786
303.0777176
301.7412899
303.5701329
310.5072948
301.7891643
303.4949376
312.4261165
316.8542463
321.0027116
319.2546202
322.2158675
308.0763522
316.813561
323.8494219
304.0365408
297.4247785
300.0911891
281.802145
288.2681315
294.8311749
290.3740975
292.4737337
289.0579944
307.6203995
301.5277578
313.3037727
295.0808038
286.5785638
277.4904992
280.7763675
280.9478298
293.9402868
291.5377929
293.4863896
298.3210052
296.6923686
285.5467551
279.1004293
295.9855046
298.0058364
297.1090114
313.9207797
300.8812938
302.7923561
304.4908795
289.5242421
291.7643466
290.6897953
293.1411983
286.880401
294.3467193
293.9809263
293.382951
298.8160849
289.1543848
280.8516253
313.5015733
319.0372248
316.7395736
308.4254995
311.4035941
304.9147303
309.9336137
296.2111494
284.7842999
296.2503542
289.3109378
301.8543363
313.7181384
318.3964427
314.6637022
309.9774886
301.6710247
311.4121976
309.6601261
328.1475131
294.5111984
295.1418728
308.9816974
298.0758657
291.6554444
288.0555483
300.0663557
289.008842
295.3781572
302.8603165
310.275156
307.5311977
301.6839005
304.0054514
297.3189692
296.3793703
301.9451276
296.1241589
285.6988806
294.9176294
287.9634574
291.3218801
292.3271014
289.7504518
289.0042404
274.1848888
271.852396
285.0358352
285.0455541
289.7253766
301.9040592
313.2958054
312.3267638
314.0476208
318.3420912
319.8900984
315.8819719
311.0449036
317.1608154
298.2302074
298.749316
297.7850916
296.4817792
296.4879615
294.44361
286.6121197
282.2446072
283.4356688
285.5325227
287.8213499
287.0488233
288.9375569
297.3949904
294.4312696
291.0240294
289.3937038
288.5124979
281.3664292
277.8863663
289.2740459
295.6730931
302.1609945
307.3909215
304.3872692
303.0358047
292.4418257
283.5824991
272.9573329
272.8905262
282.9297107
282.0657508
285.2005881
289.3828648
302.5738059
301.1597008
297.2911229
300.4188418
297.0531727
287.2513441
291.1321562
308.7064644
303.1675847
295.7512377
305.3839657
308.3747588
288.2022419
291.6510531
294.8104597
302.6435127
299.5425208
287.1879065
291.3769702
295.0267385
306.5891224
319.9220379
315.5168346
304.1616259
302.0087246
299.1120958
303.2976459
306.3550101
309.6533895
303.8144774
305.6038629
303.9022732
303.7973913
297.2565054
300.3005774
295.2172284
310.0030457
291.4970913
301.8095865
286.2295972
285.6271018
295.3883488
299.2063363
297.8957086
302.0891842
297.2767002
306.5178553
302.8147858
308.2404613
309.0627899
306.9988675
300.3431899
311.0433933
319.3304954
299.1621555
300.8825104
297.0842166
298.9127347
290.5651563
288.613525
282.4690212
284.7061633
285.5961399
284.6729503
292.5812257
297.240299
297.3676029
296.9202587
296.0557035
306.2147429
311.4525262
316.498324
310.9718666
304.6761508
297.7700692
299.0031196
289.6818156
288.9299545
290.0518444
279.3010326
301.6253438
306.039377
314.7180362
305.1870805
312.3089135
287.8710975
295.5274854
312.4095291
305.0376694
307.7625925
314.3417147
312.86567
305.0831963
316.5603201
305.2040326
300.7878032
306.3334375
319.5235869
329.3511564
321.259007
305.9400689
308.9070119
305.0427971
313.1807841
325.2307929
331.622498
324.7885314
304.3552378
297.4765194
293.7920678
293.4913126
301.5039609
311.3933015
311.6012297
300.2270237
289.097895
305.2083684
307.1898352
313.3564152
305.1371476
301.567425
292.392863
290.1919667
309.9941574
303.6699485
310.6515287
301.8312356
302.1563515
296.2572428
309.1592376
313.6874176
307.3680975
303.4288368
296.1486947
310.5631213
322.8989681
320.003272
301.3336641
284.5416485
273.9442365
290.2745707
278.4933843
276.8859767
292.4908329
299.4095537
307.7907038
301.6432287
308.7257936
314.1105145
311.5367116
314.5750808
312.9131333
303.2049349
301.0446513
282.0795636
278.2027609
269.3459803
279.8336741
290.0493483
275.5094596
274.4774127
272.0976321
294.0416999
292.6221868
289.3514187
289.6913191
305.6222796
294.5214991
291.0942235
275.2220677
287.1033192
288.8122889
294.1264972
293.9076415
286.265896
282.9162688
283.6756308
292.7930422
306.4913234
295.0641343
311.2491763
301.2356041
304.4589013
307.3630832
290.594743
297.4994124
298.8774629
296.4865321
299.0472432
295.689976
304.2610684
292.7867015
298.3805006
299.0303518
301.9292675
302.8206576
300.7907598
292.0558645
291.0451659
284.6171547
299.9291229
308.1494676
310.2580858
302.8310937
299.305932
305.2186809
303.426174
307.2540391
329.4647127
318.5464591
319.2326972
313.2013535
309.4498423
308.6470673
313.1386222
308.1487655
302.4555301
312.7175582
316.1546897
316.3032721
316.8001788
298.4697815
307.0408343
314.2637892
302.7205763
306.3048981
309.2065743
287.9979002
291.5586334
289.1345902
290.1991263
308.7963
327.4120367
328.4036971
309.8775287
301.7061503
307.8173025
309.4047709
303.8188092
305.7624383
293.3363462
298.8848481
299.9928465
291.4360721
291.502108
305.544567
302.3966709
296.0064539
292.2288121
289.5147412
290.2586987
288.2786636
290.5789037
287.9756498
298.9401209
310.9410271
303.9815833
296.9933208
294.4025094
299.0561182
296.3513554
277.4720318
272.5508709
260.5298886
267.2899981
268.1231692
276.5108978
302.0568823
304.4155779
286.936334
293.2288902
287.2187744
301.0149954
314.2898935
323.9223495
295.0509965
302.7482571
292.0539214
286.9626864
295.5706437
309.833127
307.4687255
319.6520152
307.6411461
320.9667343
306.4772016
308.031765
275.8545099
281.3454825
289.5699277
288.3318518
291.2426355
296.7955249
299.8014607
300.1712064
311.8741082
312.1373897
314.980376
299.250141
301.1614016
279.3526836
289.4846315
287.9361798
284.0432749
294.7224297
280.0108177
274.6720149
266.4827
260.7069217
272.939544
278.6703265
295.1471683
302.1663514
311.0583218
310.6278134
306.0139138
303.0149726
300.1097822
307.8336822
303.0738098
302.9993155
290.0038319
284.8696401
288.940312
285.9011016
272.6727563
265.166494
276.8013149
274.6079847
270.4097924
278.8632935
295.2536662
293.6406113
282.9274177
284.3718587
291.3107486
301.7271516
296.7596691
300.4391711
285.0841334
278.1124658
277.6650664
282.582251
285.9768038
290.8398512
282.5364232
296.7344238
299.8438461
305.3854549
301.2046407
296.45298
288.7361328
287.7360867
288.0660378
310.4661326
309.8785812
305.3936255
313.6279197
328.4439893
331.2949117
326.2222792
312.1906056
308.9693376
300.7550534
291.9477393
296.1083989
287.419484
291.3225169
298.3002312
303.1898455
292.9661779
305.2501149
306.0261458
312.2795657
313.3474475
305.8707287
309.563863
301.5331463
297.2261938
289.639292
284.144371
298.8006174
282.8886178
284.159949
290.6705148
302.9075164
301.089644
308.887261
303.1922569
302.6275182
299.2990717
309.4271751
321.4848086
316.0917815
316.5072087
318.2854004
316.5203193
305.9136148
298.2927871
298.2692416
307.4878382
312.330275
319.8985666
317.4391592
294.6130246
306.249189
317.9578117
295.879093
290.0489471
293.1423978
294.9018508
304.9649354
304.2365484
309.3235091
311.0821287
313.0152749
311.6013708
305.8631103
304.5640783
301.6020661
302.4573437
301.4907855
311.8725709
314.1511848
315.6463161
305.828316
299.8526305
304.1806911
305.1628273
300.5069318
288.878544
292.9865001
277.5001084
270.3101594
268.7957117
273.5982481
274.2930355
273.688734
283.7728435
299.799266
307.948262
300.7218366
287.4789186
289.9888553
294.8533269
293.0075773
292.7052338
309.4910822
302.3468264
307.5729333
316.0867968
304.119559
307.854309
308.7630747
301.8457136
290.3010377
292.6427086
292.4798575
301.8773315
298.2058042
291.2568634
299.6903193
303.2860413
299.73496
301.921004
303.6794921
314.5146203
270.2993721
292.3358308
290.1835442
303.0688675
311.3067226
325.7814751
311.0421223
305.2986345
297.9204392
302.9545525
303.7474246
301.465401
302.4037772
292.261709
293.6127146
284.7279289
292.7268251
285.9080287
278.8380873
281.2436024
298.2838948
287.6369898
300.9033442
300.9314492
285.9472695
279.493081
283.5745024
299.3410708
303.7598289
312.4143361
311.5277258
304.1859804
316.4222902
310.9408402
308.2371613
308.8754974
297.4612445
298.532873
305.0338014
305.2396859
314.0058468
308.2043163
306.50624
307.9979855
317.5363047
308.1580943
301.7144145
296.8605419
300.4537384
304.1062243
297.7468085
300.6341849
305.3731153
300.9852522
316.9230133
308.3010037
301.3935677
305.5914851
315.9224759
311.9305141
313.3136848
322.036688
315.957723
312.3063428
322.5594023
323.4163812
320.5249281
326.7773317
319.9969162
318.6615771
321.9592061
313.5055187
299.4631504
298.2324949
282.3905501
280.8365184
278.1362867
291.7684436
299.838647
315.4094814
310.1674255
299.9689515
306.1727335
314.4377261
299.0584347
296.8992722
306.3542022
306.7952749
316.5236758
315.9519828
326.5586117
327.5140336
330.7074684
337.0160142
348.3514973
337.7009187
326.8735106
327.0481335
324.8697256
321.7838157
321.7696576
319.3981764
321.937702
324.5538688
308.2117699
295.7325959
284.4529834
289.9150905
296.2562629
301.3038318
308.4014577
310.4041386
314.3515923
316.5628342
313.2595503
313.3695957
331.3969184
321.3329564
310.9134751
308.1445152
312.017542
308.3152813
312.0935687
315.6238277
321.8111324
311.3979242
295.8914447
305.0321099
298.8579434
305.2766841
294.1909774
292.7932751
278.224757
278.2904035
278.6289709
289.0683051
290.0461581
302.4861494
300.4355252
316.1715646
307.3459408
309.2005706
305.7416071
314.1754705
314.143083
318.0251347
308.9019553
309.9009787
300.566497
286.2765344
285.1817457
282.7989847
287.6111545
293.4810924
291.1246085
281.8212569
272.717375
298.0572812
308.5775695
316.8159476
304.4300075
317.2596429
307.6633552
304.6947193
310.0483381
316.6565602
315.7857342
304.0173723
296.2542748
301.2897301
304.4612844
298.7402598
298.1062843
300.0079263
289.5744665
281.4791944
284.9671806
295.3024841
299.134105
299.3785347
278.7476673
280.599052
279.6793876
279.6485017
282.6122046
276.6677106
288.6073057
293.5289787
286.6735146
285.4530488
291.6943607
286.34368
289.8694759
304.0402697
289.5983899
309.89716
329.5205994
312.178775
304.6365481
294.2774977
291.1613643
286.6530217
283.9573665
277.4952001
278.074643
281.4278076
291.5560551
294.6571542
307.1936805
313.508261
309.4103251
317.1077419
316.1407413
310.868038
319.1371988
309.9076978
294.725157
298.0905854
289.7514099
293.5367992
292.7270979
297.3202744
300.0237798
309.1752541
297.0261354
303.3974376
307.0415713
296.2835467
291.6579196
282.0604636
288.2240858
286.9374416
292.1744358
297.1106528
300.295954
303.774426
322.1982351
326.4672271
320.701721
298.2733001
319.7572219
326.3005535
331.5619388
321.8503132
317.2366603
309.7653337
295.5010718
290.5756505
289.5651965
281.3543609
288.5545208
295.1759316
301.0005794
301.7976834
299.6578694
292.4551294
292.6408039
297.9515783
302.0156751
303.2741289
299.4163614
302.769158
294.4775045
300.2760337
299.4312415
292.1852758
288.3300439
290.0242585
288.9880493
292.1188876
287.3238368
292.1775578
283.3676725
280.6446649
280.8938541
283.5699776
296.012342
286.1545897
299.3888383
307.3897994
273.6013847
276.4683211
279.0781883
273.4704019
274.6557923
290.352831
295.1770573
297.888115
297.2842062
292.2496854
286.3643537
279.230836
278.8901073
276.4418423
281.1498922
287.0913387
271.2510806
267.1130424
268.3649606
282.4787047
296.27481
306.2572906
305.0948777
327.3048336
309.0330533
301.3350197
298.738141
283.3651886
285.4785402
285.3042494
294.0926275
284.1169591
292.6373623
287.299442
290.03259
290.6209814
282.9353626
291.2255002
292.1225215
304.20029
303.7099539
298.9652612
297.8286029
300.0420122
301.2860792
309.8933836
303.4970416
291.8730313
305.9995032
297.561729
282.7998364
291.7142877
292.5255551
292.6433501
290.6023777
285.2135549
283.4452087
303.0539154
296.0038838
294.6808866
307.9927086
304.6519048
294.625723
309.1434968
307.4676077
312.4871432
318.8555731
324.6328073
329.5637474
330.2124987
313.5959074
306.285983
294.3923952
284.9305582
291.798577
301.397398
295.6370739
312.5208134
323.0385228
321.166959
312.8223337
311.7286893
316.9089092
296.4250344
298.3505231
305.6746227
310.173009
318.8569785
316.2389189
307.0740595
311.4573593
304.3450521
314.8723413
314.0383919
311.5574241
313.0402032
315.4178637
330.5442438
327.2079014
311.9110959
308.5809294
300.2548981
293.1109245
308.2967945
322.7209616
314.9413448
306.2844993
309.8655722
321.8016793
321.6053543
319.1474257
326.7917825
314.9289662
308.8362671
307.6177079
314.522138
321.3002335
311.8821069
313.6529489
305.8979762
286.272994
274.580867
281.9041305
281.4735582
292.4496643
307.5070292
306.9901714
306.5055989
295.9037628
293.6493057
299.9184809
305.6092742
318.7123009
328.509787
346.1788475
338.3644113
329.1189972
328.7170445
309.1625346
300.4798116
331.8912079
333.051
333.5850374
318.771566
324.0048917
329.7659706
328.5093332
315.184324
311.7499034
303.273127
311.7739093
312.9669275
318.2201801
311.850574
328.3085253
317.8243815
311.2161999
324.3702717
322.4124881
321.4742768
320.5572262
320.8439135
318.7070293
303.6160287
303.9494669
311.9237299
323.3080056
326.642149
321.0321274
314.5597043
314.9496373
305.1388315
313.1026669
313.2420476
301.0812898
302.0456638
305.9686252
305.233753
307.435268
303.4473738
310.8308342
289.9215194
278.2030144
278.0590827
285.8297754
293.2165275
284.6637565
289.0389792
289.4790087
284.2046216
291.9311385
303.5793111
310.3474292
308.6149314
313.4300666
313.6529104
328.3445846
300.741093
308.1487651
318.4260223
299.0729263
302.2274121
303.5969862
309.6405673
301.2477156
310.6849208
297.7204244
304.272253
308.2388106
313.5263135
309.3383284
293.6486958
295.3673174
293.3903604
290.1406871
308.0740682
304.5403196
285.0428656
281.1889493
282.292659
279.0772332
288.4146291
297.4124462
305.9549057
303.7607777
305.238143
304.2871046
278.8743332
285.0551697
287.4597282
282.617147
293.3572138
300.8900788
289.1142821
301.3746372
272.6814864
280.5389622
286.9995465
285.9932614
282.2235113
289.8091072
297.3464149
301.3065078
295.4593751
296.7299902
289.2312651
299.3005342
301.5898494
308.7778495
306.2383143
307.166572
321.1067946
309.0582496
299.4830797
280.5644978
286.7234651
282.0291231
294.1021297
289.9106837
285.1539931
316.532203
315.2163882
302.3108715
300.721919
301.1798062
306.0136929
304.4884613
294.3058754
296.0101415
295.9960344
285.9156101
302.6888602
303.0607623
310.8679914
318.1624978
313.7971994
309.684816
306.5319772
306.2033563
317.0091427
283.0024532
277.9084281
278.7210813
277.5388163
276.4708448
277.9058048
268.9752749
266.8697428
274.3909591
277.1544748
285.6943424
284.7329749
289.9413116
290.3187635
276.3788052
275.0020549
271.3037792
269.101715
272.8727848
276.823627
281.0532711
289.6802414
308.7459986
289.3150784
288.4937206
290.5804828
301.1303492
301.1212004
303.0558054
310.090321
303.2288322
295.2812779
276.200059
278.3167512
285.1875485
276.8627059
271.6115196
266.9262257
270.709642
276.5516825
293.300778
285.784053
286.3817869
280.0242712
287.8786348
306.8557874
301.3650615
289.8667961
287.4211946
289.3162158
309.2123922
306.1785863
302.8944059
303.8323062
296.3901609
301.8163646
302.0567471
297.0697277
296.4898026
295.6358786
278.0340527
286.36653
284.9992548
287.0906086
306.6928504
311.8514085
305.8549571
306.3580128
311.7953005
304.4255892
301.3394442
292.1739904
274.8977592
278.6790606
296.6639
297.8253426
294.7741083
291.3384286
284.1875114
276.7450002
291.6631267
294.4883884
280.0416246
281.9781014
277.1647576
278.5125717
293.7556959
307.7301763
304.0678324
306.7366894
298.2896604
285.219986
300.1999637
301.7632293
290.1347625
303.8592004
292.3089156
288.7783302
304.883929
297.5239486
287.3808168
290.2032139
284.5017483
274.2900607
284.8859515
297.052183
306.1127007
301.7978356
311.0662635
307.5389943
321.2142543
312.0780856
301.5642865
288.6303049
300.2761526
307.6740406
304.1858259
301.4730799
282.2612171
291.2932881
333.8391924
337.7450104
338.8896597
343.9724433
324.391028
310.4192806
301.4542649
300.3281737
296.6356932
297.2683802
296.282648
305.581285
301.9176289
301.6356747
291.610759
287.8995043
300.2005811
292.4469103
303.4260421
323.2129025
286.4737547
294.990896
302.3645008
311.1779787
325.5910796
322.5703472
318.291775
308.8167332
306.7389125
299.0983317
300.3722822
299.0775915
303.3115206
316.2448191
310.9585433
299.6999269
286.9554297
278.678131
281.9823764
284.2142564
301.3485314
304.7542101
306.995984
303.0201515
298.4227998
288.993436
298.6689119
300.1366454
297.4638227
301.3255523
291.6892316
291.244765
286.1454346
277.5584691
275.4835062
275.257746
280.5774087
281.5965651
291.1720056
295.5640473
312.6376735
294.8068023
302.4650856
304.5090581
307.6153348
302.3170644
300.1805741
297.4660681
303.8827096
305.6311308
311.4122336
305.6306014
307.8906248
309.540786
300.5461496
293.1856097
299.1621581
304.8946705
301.0122029
307.2214662
311.4088649
299.1746685
304.8567937
324.0492508
315.7930775
319.6904644
307.2997227
314.9384467
318.4960762
311.3212931
297.8656361
290.999015
282.2798772
292.7790962
288.175159
291.6635938
296.2797497
291.3904726
301.924876
302.6374065
295.7294084
291.4699541
295.5387483
292.7640292
291.5443416
284.1866966
295.136004
292.006917
299.0501366
293.827595
289.3618333
299.4841445
296.9871884
301.9178332
301.0345237
303.0650519
295.3544319
303.4007841
297.338157
297.9418937
288.1084959
298.642566
296.8268097
307.7560752
298.0029681
314.4012885
317.3555047
313.6401597
307.9334193
315.2255163
306.9392376
298.7448618
292.7726246
292.8164299
289.136366
278.4409342
291.4945584
311.7944175
306.3827896
298.4743929
293.1824287
275.4073189
283.8882715
284.0905372
288.7922989
303.1705866
308.0935732
318.9304311
318.4964385
307.4537263
305.2824409
307.5592077
307.8325653
309.3931802
304.2360528
310.7705631
308.865061
293.0536022
302.1221682
305.1922213
303.3451425
300.7630935
295.6483045
305.6688591
290.5326672
280.8520887
282.9763236
294.4566686
308.0685689
302.2857722
294.4348334
292.3167323
290.6398532
301.4836983
315.6396932
307.6752142
314.6706128
313.4833235
295.8054988
289.342362
309.8716004
303.8986121
312.7329836
302.1499702
311.4263357
316.6978134
307.1668478
297.3030541
293.5558763
292.2528694
299.640263
297.5500947
306.3834471
307.2964711
304.0685703
290.5441081
293.2699418
303.4922803
303.3202997
304.9994569
293.8569814
288.0446506
298.5850444
292.7436291
299.7256572
290.3734685
295.4389152
298.2099787
298.6350434
296.085654
298.5708273
299.1366801
285.4452862
280.9461386
275.9560853
283.5605919
280.8026303
283.1021551
295.5647788
294.0506664
290.0080468
294.1202014
288.0091105
286.8702948
299.9393425
308.3837547
310.3711669
299.8334726
310.9555303
311.3453559
313.3151907
311.9477691
297.5720092
290.0151909
278.9311603
270.1343792
276.2057764
286.2463992
291.6867872
288.177948
296.7156442
299.9583897
296.7943555
296.0913249
289.9734431
289.1578016
304.7413108
298.3754237
293.2752968
283.6932186
286.6699613
291.7926278
292.9783589
287.6723321
285.6451966
286.8729739
290.1980944
284.4082199
279.5949912
294.6062688
284.9198554
296.6710857
291.3537992
293.2792111
299.6429533
289.4257501
292.2784847
291.5208274
302.4982648
299.7137869
286.8770053
290.1671901
294.8786986
321.3374178
312.9354965
305.2192476
296.1952217
293.7995139
289.3938032
283.2555349
308.3138813
289.0290279
295.8636445
305.0464097
305.1682601
293.9128422
297.3921617
287.5778726
288.3218799
312.9187322
324.6688662
324.0256184
322.0923697
309.2291153
316.6353255
310.9333807
308.8185773
305.4275321
304.2092897
311.3724795
303.9236156
302.8608429
312.516824
317.5482926
328.689091
325.2419157
310.9026596
303.3495325
304.8286939
312.1712676
309.8069818
326.3348291
326.1182803
327.3530389
325.755495
313.6594849
301.4084298
311.3261496
314.0887024
291.9272348
314.6677631
308.2439378
309.5444203
306.318755
291.7778088
291.2282951
285.9697685
276.2564966
287.1454487
292.6426122
300.4164648
280.5600674
281.4561771
288.1545979
293.9719496
298.71037
303.7442112
311.1579487
327.2378773
321.0016555
301.7646172
298.8121502
296.5724644
285.1604815
293.8796574
300.1584481
294.6900865
300.5650319
292.6450014
307.5490943
297.1340836
296.1422648
300.4045007
296.3205789
302.6856544
305.2429687
300.8903265
307.7397333
317.5522152
306.5789379
292.3437159
295.3866236
298.6287882
301.0899151
307.1781158
303.1908675
309.7364504
317.2319082
317.267469
311.8821054
295.4618136
298.3866354
300.4899714
293.6298576
293.4827691
287.5646373
307.8908353
306.588636
308.1784756
295.8478291
296.249387
294.7968038
302.4808878
305.9595312
316.4720439
321.2348394
320.0793353
308.2395945
289.7827502
305.0999395
317.6224892
307.9810501
312.975
298.8038964
300.2631638
310.946226
311.0789046
293.0871225
287.3094635
283.2073341
321.8942225
337.3434359
330.3648339
328.591708
346.261443
349.8763848
331.545241
319.9688533
312.4192161
305.5147354
292.8899024
298.5610147
298.1919
294.4205895
288.6145277
290.8028262
294.4455984
306.2414093
328.7155142
330.8202134
306.6230387
295.3323793
317.080448
307.1391985
304.9725892
292.1374271
285.8563899
294.3954739
280.4515424
286.1549193
292.1999746
300.332317
297.9310369
307.6776775
300.2053124
305.6937539
308.1500719
302.2837653
297.688165
310.1601596
305.3016099
308.3814206
289.0379401
297.9485618
289.4254595
285.4651333
274.1053049
264.4499606
271.1252991
279.2716917
275.7618085
273.3428897
282.6975068
280.3042871
266.9471437
268.208199
257.2386612
273.5018153
280.5146288
282.7364498
296.8586816
314.6462866
302.7314586
289.9374093
293.9556334
303.9020962
301.2958866
297.2470138
284.1491536
286.2011148
282.151034
299.8717235
301.6115884
305.2031076
285.9946799
298.1987029
288.7623111
299.0504676
294.2744694
286.9469938
284.8646558
291.0656622
278.8162734
283.0512829
296.5629065
310.267767
308.9648643
315.5274306
323.4964592
312.9338227
321.9126556
318.7667065
324.3649134
316.4799062
312.8561937
317.2725445
311.572189
301.0355943
300.4730661
293.9210985
283.6457629
282.2540564
296.1912655
291.1715957
292.7583114
295.5018872
289.8742255
299.6018842
304.6257497
303.9959558
310.1365099
305.7374851
304.3603717
303.034169
306.5782176
310.1449946
303.0519325
302.3408425
311.4040665
297.9819114
287.869943
283.4787148
282.362399
288.4128667
300.4886304
286.5358645
298.8979776
301.7505718
308.0568551
304.651893
292.2402841
299.9595617
303.9865825
321.4409661
330.0101469
322.0911851
327.9241063
315.7971988
294.2194509
292.0398778
273.1284121
277.1955034
267.8537846
280.2067834
285.6544445
289.2586527
277.9335341
290.6265603
295.8530704
296.8525767
286.9784096
280.6569077
291.8213944
288.2824595
297.543966
306.8593638
301.0685544
295.6230817
280.3237817
277.1900905
312.0765218
307.8182245
291.1333741
278.3066415
280.4599022
278.8214683
290.5534734
296.357065
291.9630315
284.7599151
280.4337737
271.4354501
284.1967021
285.3571412
288.1407761
292.4152177
284.442512
297.2613476
297.8256465
304.4688172
304.5620739
294.7123836
291.3506166
282.4820348
276.0502168
285.6433488
270.3264055
275.9970443
274.7002071
277.6512717
273.7202147
270.8890918
276.8645979
289.917448
313.1930556
303.7157667
312.4272791
312.3544664
313.8417042
313.1049029
299.0931265
295.398455
283.8189177
294.5431506
285.7706954
291.6017327
298.1816885
307.7475769
307.2201318
303.7564646
317.5135713
322.8726647
320.4463841
312.3507193
311.2942154
308.0913696
309.0605842
303.1114582
309.4377597
297.3356835
295.2609458
303.9958839
308.6622639
295.523866
296.9819379
297.2037984
306.6309801
297.2045447
298.4512496
289.1726455
291.1904472
303.8959478
319.3578893
317.6546849
312.2158375
311.5468105
319.6185852
303.4505295
309.8267556
309.2403224
297.6567865
300.5052602
309.6648469
316.6346637
313.3210544
310.4667839
303.6824537
308.3988531
312.4529448
314.360005
306.2117094
299.154625
303.11262
292.5353571
285.0283338
294.1187936
312.7295114
319.3923927
303.2838171
289.8024473
309.2789577
300.1747404
311.0077921
314.3763458
310.2442054
322.4880551
324.5184508
319.2058544
307.8747361
310.8606954
317.9967991
316.9102796
298.2828019
291.7106737
284.8102749
290.8229126
301.4177049
280.6702619
285.2279854
292.7806188
321.9532678
309.5043754
312.5626511
313.5242453
324.4286056
325.6977384
314.2993524
315.5513194
311.3914618
313.0123688
319.0196598
320.4546178
312.3804865
320.4085709
322.9708597
319.8180333
313.6152388
322.9715914
309.4153786
311.2915684
324.4535009
341.8215743
342.6930246
344.3161471
338.8760598
331.3927319
329.7568797
331.8880754
329.8922764
325.4388864
312.8516772
314.9999793
319.8912637
313.7882311
334.751799
307.8595763
305.2661334
300.2746604
300.3594741
322.0851908
293.5864929
309.2904313
298.8397137
296.8255294
299.8434738
296.689915
312.599436
307.6255118
307.4681234
306.232338
320.888271
319.0911406
320.9465619
316.978194
322.0887835
315.64648
311.9762584
313.6582485
296.0097499
288.121426
301.3195188
301.7618936
297.8706235
287.5275738
289.5659444
280.8206531
296.9399102
300.6987154
308.763355
302.4936927
293.3510058
285.7579299
297.3188688
299.3774833
304.1588923
310.3910087
314.0137491
302.9317286
306.6380113
308.3058045
296.193779
295.1450003
299.0589092
313.6522151
319.6452457
319.6052994
305.1021736
291.4758783
284.4100819
286.7819142
287.9782336
282.8816787
280.6289236
277.3044035
277.162944
280.2698927
302.2695698
282.1523767
275.4047847
278.2620428
282.9846691
271.5625105
282.3535858
291.1935217
295.4399025
298.2016258
296.7301021
286.9514121
293.5379842
289.9728527
284.9395497
288.4318005
287.4461579
295.9024502
290.5990519
299.6801368
300.8692386
298.0855281
298.1362701
304.2018558
296.5694767
300.1419973
301.3213708
295.3285139
296.3193165
293.2580214
294.666399
290.0035425
285.843777
290.2576177
286.4430957
295.8886901
290.8385516
290.803063
291.0356054
294.9058984
297.030917
296.0868071
286.7528334
293.4827576
310.4261336
315.5348604
325.8907201
303.614396
291.281224
295.1188688
295.9576953
303.283145
317.3265143
312.4612957
308.6883607
297.4121475
294.6459677
298.2110763
308.069103
299.3138633
305.3522281
289.5981105
298.8769346
311.4707367
291.817888
301.0043487
309.8759049
299.6980151
293.3318341
309.2587675
324.2894987
317.9300784
298.360004
298.5583942
295.5007141
310.5801768
320.2248275
305.4335977
295.3503524
292.696056
280.4128751
286.4081212
290.3857819
292.5942615
305.5363216
297.4675051
303.2961062
314.2564557
313.4426814
311.9273689
295.3437428
291.0057624
284.0141495
287.5106741
281.7449778
279.2532195
275.9093075
284.6390851
294.5922978
307.091837
312.1143941
299.0524031
305.7884221
304.4251524
309.2046668
315.5981428
319.4457369
327.1456098
328.6638282
310.7073624
304.8036528
304.528317
295.0516953
296.1073699
295.0994627
309.600279
307.1827928
301.1495369
292.4283651
296.383074
307.5618709
313.2037747
297.6399441
308.7591566
288.2803807
288.9137623
307.8560047
302.6486008
304.5973009
293.3437745
281.4050023
279.5272586
274.1226791
278.8214973
284.5224967
290.7775899
289.2772826
290.8787748
298.608625
290.2665647
276.7186972
263.3800105
273.1196628
279.109747
287.5304544
290.8611883
286.5772217
285.9182265
292.0802887
285.7458438
305.3651463
314.1170001
320.1031549
304.1290172
300.4587375
288.72795
304.659273
304.3872119
300.5154279
306.2624472
304.5866181
306.999374
290.9710888
292.5276473
300.3192251
295.722681
296.5464009
296.050468
294.2400598
287.3851527
280.8936726
287.7557695
304.7066061
308.3020704
305.9496105
306.762693
295.8821477
284.7576542
275.0671409
290.247485
294.2963032
302.1296555
289.5173625
294.0975131
304.5488764
296.9591378
292.2277779
297.0795709
308.7774432
309.9578574
309.3639342
308.7813752
312.0752715
317.2470722
318.3381677
303.8859814
300.0498829
298.4310348
308.8244797
293.8480332
286.2527658
293.6686466
303.449073
307.2591777
318.5088868
303.7810566
287.6750226
276.7028156
277.7499383
296.9029453
311.312934
314.5172037
302.8331298
305.694479
311.8849717
311.0983646
307.1509965
310.9468973
311.5761491
311.5432461
310.4820608
309.9566462
312.1847493
315.059174
310.9465734
308.4355422
295.3484193
297.0295209
302.7338481
311.9779974
313.6088544
310.900875
319.6652003
305.4860612
304.678533
305.1201682
316.4281388
322.1104169
322.7443383
321.6961715
335.1905992
331.7566014
334.7023811
319.930739
315.8448572
305.2946654
318.4359815
315.1869913
318.3240643
308.5792918
316.6222997
306.2472528
321.7271397
316.2613448
326.924662
333.265475
332.3508016
310.2861413
316.341525
316.0735314
303.7084381
319.0734467
317.0126791
320.0475584
297.3771128
301.1741885
308.3355863
299.953982
301.0168646
289.2574837
284.3887838
278.1500647
292.92042
300.0022623
298.3296509
297.2396134
307.7209534
306.6984257
295.2735847
303.1466493
289.4903524
301.7383596
313.6004268
299.3673082
298.3756551
302.2720004
310.4396796
314.4642956
317.7894889
336.5505158
351.5658095
335.4407213
325.1849446
307.4363556
314.4230189
321.6140939
310.6884041
294.5406434
300.4079245
316.05777
322.0077733
330.3043938
315.6272122
319.2026712
324.4824325
320.1780051
296.7053626
298.9771235
294.8679398
284.0142416
287.0402934
303.0568057
306.3528369
297.9983849
307.0529389
309.9483343
314.4107234
315.3526065
308.1799968
298.5257023
294.344773
316.6911747
322.4069028
313.3469714
302.3576409
309.7172221
319.8706562
300.2113935
288.0540323
280.034256
281.5158757
282.7046608
278.6657713
289.336633
298.1486446
312.7779474
314.8916254
314.212401
301.0776592
306.1430072
308.0665063
307.2070715
302.706875
313.9203712
288.5488183
292.6030621
297.4345234
308.8819039
296.0137703
295.3631748
305.1239998
303.1060922
298.5062959
297.5428782
287.4491942
293.7346483
293.3637249
313.8458856
300.368626
313.3101733
308.2986783
308.7429972
300.3249458
290.5832019
319.155093
310.9753229
307.092625
317.9299458
319.864163
305.8110959
304.7373581
304.5752273
306.2465064
308.522389
316.7294391
306.923333
298.2901767
287.2185591
293.1141542
289.8471908
295.6273982
294.7057208
293.5732089
307.635464
291.2160426
279.6989755
281.1304213
294.545812
298.5999704
292.8333369
276.399828
296.3242947
300.2504573
323.0404224
306.8300117
319.6135168
319.0757851
315.1513182
328.6093379
325.1285985
318.1075167
305.7560096
303.0878815
293.4102101
295.4746084
290.068242
297.0529464
280.1888841
283.8654192
285.029208
303.8169965
289.2083554
283.3009592
283.029983
278.0508266
280.575885
297.7462099
302.0470505
311.1548731
315.7755395
304.7379416
303.618725
306.8373623
292.7281542
286.6410804
280.1055782
288.434229
300.1075157
285.5779888
282.1934461
275.6793838
271.3880106
280.5969928
281.3629982
285.6132619
289.8754026
287.8414873
297.0144766
296.7222188
287.3219728
288.947294
280.1469249
297.6857773
296.3643101
272.5549654
283.9027882
279.8187015
265.3291881
278.9361933
291.2059446
292.0191907
299.8327589
304.3717883
303.2238358
305.6551207
311.7883555
304.8340824
295.6696042
288.8966052
300.5830902
294.1109091
291.950156
272.4473556
273.4250731
277.0456626
285.1694
286.4246665
300.8807644
309.7555963
311.4034968
296.5080005
288.0773767
281.6392145
281.9583735
292.1668912
283.2733757
272.650509
289.156159
291.5633932
287.078273
292.8857381
295.8956876
288.3114242
281.2349048
300.8954533
305.9807955
303.7869065
294.7533713
295.3288096
295.7717707
305.6530107
313.0170013
312.2600495
301.4067588
310.5147868
314.0579888
313.9192097
327.5596461
318.653861
315.1749694
295.741356
291.0203741
287.2923801
289.0233152
319.7430317
331.3461058
318.3640295
325.2470933
312.3758549
319.1237469
312.4798389
308.1982561
316.1297695
315.7693331
318.5966428
327.6623499
324.9496728
315.9582202
311.7048949
311.997802
308.8339161
299.074814
305.1831586
317.9312225
287.7372148
290.7567465
317.5698815
329.1589656
327.0760429
329.5600969
317.5528815
316.0439859
311.3020355
311.3791864
307.2164096
314.8999965
299.3101104
308.9317377
303.5437896
311.1047149
300.1839078
291.0633565
300.3667497
296.8647358
319.8822357
323.4438742
316.43584
317.4169202
319.9127418
309.6737617
317.7445928
320.2017671
318.3042821
312.931308
306.5023034
308.5617121
312.4490551
299.4754513
299.6751458
311.7339993
320.5188626
309.1980633
303.1873002
311.8723009
309.7174746
318.867665
315.8559325
309.3827152
311.0057254
304.5299139
299.5213602
311.770706
298.5852809
300.2587831
283.7357585
289.0386298
280.1229229
281.0500023
293.1147342
301.6501587
296.8194033
300.694332
302.7923237
302.8141638
302.9898593
300.0268237
285.2404736
280.1339249
283.9242184
295.983464
289.6671
290.9752884
296.463367
308.1580747
319.4631586
314.6065942
322.3669983
311.4602008
307.9783562
301.7112983
303.7253947
309.6119861
318.3286723
307.6394311
319.1014703
315.6103216
324.0471875
330.1602435
324.6536301
327.0644158
325.1341331
327.7567484
315.9605185
313.2910604
309.8688034
311.5747371
309.8954903
327.362289
310.9731776
307.6812646
299.4597025
293.81258
299.9361253
311.6090653
328.4907483
337.7860192
335.0922076
322.4779081
317.0773176
330.0002134
320.1618056
316.9486893
332.6593325
318.2418562
306.1269011
300.8901463
294.0682078
299.0229847
312.5837188
304.90035
296.1281763
298.2576295
324.2650015
336.8726032
294.3822048
292.2111342
307.8385659
327.9738417
310.3002169
302.6440819
286.3801047
277.2792353
278.9915597
292.6681002
301.3097431
282.545585
298.0787448
292.6093125
307.1525713
306.3402893
319.1514049
310.6851145
294.2450184
286.8500241
286.4460658
287.7829384
304.2293441
314.774846
324.9332553
322.4293164
306.7964453
303.8522337
302.3186469
293.5693019
293.9880196
295.9056699
292.4392156
292.5914687
305.4295745
298.0263201
295.0279527
292.7015296
295.533863
279.6974211
309.1071282
304.4108948
307.0099352
285.4572537
277.0658006
290.9775673
297.5914051
309.752605
306.3697363
301.8407516
291.26126
279.7426687
288.0574493
290.6756845
283.9800044
290.6843316
278.561529
281.1893364
284.5668437
304.2594466
292.9914105
303.2846419
304.4506173
292.3741052
290.8973583
313.8507298
329.3435803
309.549924
314.6425005
308.0861289
319.191627
314.1108124
300.665053
309.7748007
296.669596
305.5513975
303.6150116
294.3265457
292.2039153
287.3958553
314.7379347
309.2974558
297.3903934
300.0658129
300.3180153
290.3386867
280.0355463
280.8429789
278.1528615
278.5280254
272.0007575
263.7522172
266.053032
269.7041165
282.8407566
280.1672448
297.2164971
297.7917417
286.3115708
296.2001655
290.6475323
297.2246408
311.275358
312.2867813
308.5520227
313.2169877
318.732235
321.2241482
307.3077991
312.7890867
307.5503612
305.2130115
307.9296146
315.7780645
316.562336
295.8892004
284.0462177
291.0983195
289.8476558
298.2092519
316.7671522
324.2313726
320.9908824
329.1020035
334.283907
325.6673496
307.5375111
307.069198
293.0886232
287.8748577
294.2090506
288.1734881
286.3017267
272.1682184
266.1567658
280.8744565
288.8984751
299.7749927
303.4737143
302.2872855
296.4964216
296.7063692
301.0879639
310.1991438
309.5293767
319.0642257
310.7698178
309.3938269
293.7781818
300.0819014
291.9054213
299.840377
287.2559945
287.3055903
288.8160437
273.2253869
289.6858283
292.3922847
300.052848
301.6790134
291.4891493
282.5623268
288.3683928
310.215942
298.8391451
287.2289411
294.4278651
293.5619449
307.3461001
306.8939235
310.3242652
299.3306466
294.7354508
282.2060887
284.47049
281.2210515
289.6145921
288.8750691
300.839583
299.3205752
308.808788
302.613115
306.6485493
295.5047223
291.2689181
299.2729699
294.6536322
293.1963525
301.8677138
294.494044
300.1987834
291.7808074
312.9270231
307.3879556
293.3345675
305.7157411
328.8938393
321.9123462
310.402778
309.7623227
292.8382889
297.2712807
290.8348142
288.96337
291.0515277
293.2290053
295.9308658
298.2616981
307.6795957
310.0876534
303.5620213
304.8968321
306.0570127
310.6213414
297.5108725
292.521535
294.0853964
299.6406631
308.3682472
290.1206872
322.1364894
319.9828843
312.3075486
297.1447221
303.6810482
306.7804718
302.4135507
303.3641674
310.3726553
313.5913815
300.5195169
286.5333453
291.6858691
295.2556066
299.4955839
310.186614
303.1802494
315.2820634
296.4981894
323.7352556
300.2524972
291.526064
296.7839455
311.3145862
298.7575287
299.3006213
287.3141428
285.5128388
281.6749928
282.710271
284.5067382
296.7123233
301.8940277
315.2033757
319.1278207
311.8587646
313.5345751
296.851502
301.6583042
300.9311328
293.1356183
296.374878
304.4990435
319.1683301
309.8333754
306.0639105
303.4190664
317.2663073
320.1930241
314.3344282
307.2332365
305.1723004
289.7366552
279.4388501
288.3458339
287.9626616
285.3819182
277.3158677
269.1378643
280.2127127
309.0123052
317.6008216
299.2215487
293.5111228
290.2857567
289.6258616
293.2755956
298.8712616
300.0364341
301.6609521
301.0292278
293.9863003
300.5719866
292.3191461
283.2249974
290.4524729
298.5793254
298.2370585
299.001089
301.6219987
295.714199
281.1043576
295.8067049
278.3596523
289.9509833
296.1886383
306.8326898
303.3012517
301.406518
298.9716574
302.3845016
298.2901599
299.7390644
303.110675
293.5054796
307.1787821
309.9902838
317.8401288
312.1282792
299.18807
291.625829
290.5829189
288.875668
286.0667542
293.5947251
307.995079
308.8750787
292.0469957
283.2871782
285.1392206
292.4828537
300.0163164
308.1995111
314.9033147
318.8297396
302.3927521
309.1145354
294.6156915
295.8351201
295.6263637
313.5217707
312.025525
301.2252678
289.5114288
290.7870505
295.8265093
294.8469343
291.2378649
296.542547
289.1165695
280.1724312
283.8950075
283.4997506
289.7902263
291.4337146
289.8053355
280.2665526
286.3999133
277.7781145
300.9558871
310.2762475
317.8450804
317.0760383
320.257581
323.4923539
309.9869911
290.6206108
296.1726683
312.2647641
306.0059438
319.3908582
325.2658636
299.3630998
292.3265689
299.7481427
300.7344529
316.2581162
302.6723175
300.6934374
315.3554544
328.603717
327.2821612
313.9145873
303.1032372
313.5777825
304.1429189
311.6321175
307.9125145
306.9311381
293.9045074
284.7859846
283.0618522
268.3017737
268.5809953
270.0804523
272.3035971
285.2279916
301.8152017
321.2678057
316.8219367
299.127807
314.4932025
319.3950388
320.071248
314.0325243
310.5351449
330.1587738
326.0487439
316.7645726
324.0426466
331.6341341
333.5379171
329.8397094
310.1888449
304.3106845
315.9917485
316.0684775
303.1115544
310.809437
292.4981185
303.6878044
301.2913487
302.5055159
312.7551027
312.125199
302.4795459
286.47753
281.8430426
289.926324
297.9280561
301.4805146
309.0311094
320.2882757
323.1660397
310.7180105
312.541847
327.4955935
312.1472252
299.6694771
304.4704579
308.231135
288.9328754
289.8004126
291.4125845
283.2999104
274.0983506
288.5213003
287.5379608
288.4633519
284.2530419
281.5195235
290.2008699
292.646358
304.1754498
314.5545977
314.2160501
301.4091088
303.8831513
315.7402764
329.8937878
285.2455682
291.8956538
298.7291571
290.7869572
285.6534874
290.9462729
295.1141479
303.2437342
297.6110809
307.0916396
316.9338975
304.7124034
301.6155335
291.5226522
279.9146448
272.0284415
279.1966553
287.7044068
290.6021112
295.2340437
306.6534925
312.184143
321.7499254
306.2282811
302.8443466
309.8262425
328.3976457
321.0529819
309.4799283
303.3018559
290.4175106
299.2938454
292.4005604
295.1280574
296.5982706
291.185851
294.2437418
287.8471236
279.8116727
294.0425431
300.0249643
303.3646699
317.6787359
319.9290084
306.141632
296.1227131
293.1763278
293.9089574
293.5941162
294.0438346
293.8539581
288.8287656
283.4786938
283.5953232
306.9253763
312.7313466
309.4399353
310.3379239
311.8134412
312.5726755
284.5920411
292.711551
301.2492425
313.7686177
320.3087322
313.0178281
293.3526776
289.1638759
290.7839488
274.6013898
281.7373924
281.864018
288.2546098
301.855408
290.2304432
308.2044199
302.0481252
282.9824121
293.4772467
298.0539522
312.2046337
316.1821102
307.0554625
294.6222493
284.4269673
291.1076914
300.2229653
288.5089504
286.6552192
301.0137928
302.4634347
321.0240037
300.0876673
304.0908299
303.9600544
296.9846876
300.2683316
305.3311613
305.0232947
307.766617
287.4687877
282.3508633
274.8214027
300.0074182
305.2693078
310.6810567
312.9189561
310.6673968
308.1880434
311.327322
317.9778734
321.6362365
314.888403
307.3947315
300.8137793
295.746902
301.2829372
306.9119261
296.4168709
292.3572434
285.6042936
298.4128714
314.8806179
304.0437854
320.6423089
307.068772
310.323217
305.9634602
299.3894903
294.0232628
283.1940189
270.3209782
272.8366887
267.1436223
285.8907516
286.0202954
285.1279601
292.5688769
288.9171134
294.7857287
304.3230361
288.9502271
291.4199243
313.6402362
314.636887
310.1791125
295.6787017
290.9804247
290.3917773
296.4601003
303.5525824
309.5023824
306.2006154
315.6899619
310.3495474
309.2791924
317.850734
321.2066021
308.6333891
307.4109996
310.2603291
313.1821151
310.3583145
313.5174354
305.6444597
298.7668367
299.4023838
293.5945584
295.763583
300.2456655
301.231852
308.1500818
308.014038
328.6421339
335.9239952
333.7820697
335.106744
340.3118694
329.2389693
322.4118807
325.0623052
314.1342602
316.9740452
309.3479099
307.7345507
299.2454486
311.5471911
317.9214252
304.8006921
307.3062669
304.237906
303.0462729
295.8586423
308.9578137
302.304371
314.5889251
302.6972554
316.6718081
315.3905446
320.2650181
307.165154
297.3296354
298.2556449
301.1996222
303.875884
298.8920559
302.7057779
291.4165056
301.491455
301.0986434
306.9358263
308.1571185
303.0197755
299.9071727
305.5725006
304.9288025
313.7248561
324.186842
317.5034128
317.4398091
286.7754944
278.5680598
290.4503524
289.0123516
291.3000883
301.7184072
305.1000916
289.0529753
302.3019286
317.1753059
310.1347837
308.1414016
310.6546818
313.6554272
304.3264864
303.2270641
290.56792
294.5839143
301.610093
294.3893529
304.3403816
300.8174963
306.3224259
316.9821524
307.841885
320.5280331
314.0608305
323.916307
301.9479115
291.1105114
298.6268277
289.8001437
279.9418829
286.7355724
288.8970355
300.9294346
309.8933538
320.9050851
313.4990502
320.5907893
299.7017002
308.9591101
306.8654067
313.5845046
305.3565168
300.8144026
296.7755247
306.45926
318.2085555
319.0876098
317.2251203
319.556433
322.3221859
323.1765581
317.6294326
312.1857606
308.7002588
317.3619102
321.2651252
310.428541
287.159047
284.3701191
282.6882602
283.6883361
284.4911052
306.7764584
308.5764157
311.9037552
316.485628
308.2631835
313.1024542
318.6578937
302.8141923
323.084482
323.7942778
318.8032032
287.7335107
291.7079129
279.8669463
280.0657333
294.8821614
305.2910947
306.0901679
304.535368
310.0862955
292.9541698
294.412497
288.8785955
284.8921606
280.3623507
282.515614
288.0895646
285.3398915
293.5468377
295.2117811
304.4737128
315.8580336
308.2000385
304.7853221
293.5393781
291.8987347
289.3755419
279.6232575
276.5119866
278.8881302
277.7771057
274.598441
273.9618786
286.3959682
290.0098335
284.1073528
271.9478892
268.2307796
268.808383
285.8679537
281.4230352
277.5116229
279.8572846
281.7363684
279.634346
288.3390931
290.2028865
292.6409629
303.38321
315.1359242
304.4567987
302.9187102
294.6617006
283.8343292
296.4221122
314.5821719
318.2118792
325.8912482
328.6843884
312.3445525
313.0469913
310.3379201
309.3982666
305.6137848
294.2770316
306.5514007
295.8478788
284.1620953
287.8589493
282.4074994
289.4229957
281.1399293
296.4282201
311.968212
322.3637112
303.2076611
307.0647696
319.2525414
326.2096162
317.1966933
306.4673235
302.5772581
305.3493445
296.0989217
293.0966755
299.0462804
303.3433466
293.9935844
291.148797
308.6177339
317.0413601
331.4825618
338.5282163
329.8025968
321.7056837
318.6492421
323.2689465
310.1668141
291.414178
289.0635614
281.8535304
287.9764624
291.6434363
304.9404606
300.9931586
299.2849945
303.0271221
307.5483852
302.9904668
299.296416
289.6319835
295.4106857
287.5512455
285.6376464
283.0275945
277.2049103
265.6203356
253.0347302
274.2315617
293.2006059
290.3126392
302.2922708
301.1745372
299.8198827
296.6168559
318.2286479
325.3237231
319.3747837
321.5619577
301.5948112
303.2911625
295.8462813
297.1072069
315.9157552
313.1912273
309.7392942
324.5478258
333.4948497
329.9857592
320.5150413
319.6089566
311.6417001
313.0610895
311.9929525
313.0508724
)
;

boundaryField
{
    xPeriodic_half0
    {
        type            cyclic;
    }
    xPeriodic_half1
    {
        type            cyclic;
    }
    yPeriodic_half0
    {
        type            cyclic;
    }
    yPeriodic_half1
    {
        type            cyclic;
    }
    zPeriodic_half0
    {
        type            cyclic;
    }
    zPeriodic_half1
    {
        type            cyclic;
    }
}


// ************************************************************************* //
