/*--------------------------------*- C++ -*----------------------------------*\
| =========                 |                                                 |
| \\      /  F ield         | OpenFOAM: The Open Source CFD Toolbox           |
|  \\    /   O peration     | Version:  2.4.0-MNF                             |
|   \\  /    A nd           | Web:      www.OpenFOAM.org                      |
|    \\/     M anipulation  |                                                 |
\*---------------------------------------------------------------------------*/
FoamFile
{
    version     2.0;
    format      ascii;
    class       volScalarField;
    location    "0.0009";
    object      translationalT_O2;
}
// * * * * * * * * * * * * * * * * * * * * * * * * * * * * * * * * * * * * * //

dimensions      [0 0 0 1 0 0 0];

internalField   nonuniform List<scalar> 
5120
(
317.0545035
318.7576997
311.2618253
335.3616421
311.4008057
297.4676339
295.1411464
285.1850757
255.762426
243.7138702
273.9249214
300.6695293
275.5302034
264.5199439
253.3876948
276.1066278
276.0986354
269.7418564
279.8716236
301.2128333
263.6739833
258.5066453
266.002685
281.4091829
286.1285202
262.1567105
251.6316547
249.3395616
263.8064864
259.1893568
282.1003063
270.9390032
303.0486247
284.7560479
273.4491116
313.4209122
291.337099
296.0369693
326.9519326
284.3369637
326.3596259
314.9300246
300.0549026
287.5502834
272.0461396
296.1754464
307.0960488
303.2684509
305.8076619
319.9014827
304.6477983
320.4644758
311.6949769
286.9826088
294.5967105
304.2402155
282.9107592
274.0681087
282.0811032
279.4382225
289.4950056
307.9066701
346.5927677
347.0189122
330.5904756
329.9503879
311.7042947
314.8787972
330.723126
340.7181622
343.8365223
327.6845234
331.0606453
346.2843764
325.4353341
316.6357362
307.506601
282.5987313
278.471166
299.8984205
286.7657312
264.7681505
229.7302422
256.0627668
240.7570523
285.5623756
294.9689352
315.1385834
335.250004
314.5294093
302.3164013
298.6957086
268.2035463
259.5074356
232.0149028
274.6256571
291.9633631
330.3844729
312.4153557
312.247536
273.5040595
255.8283634
281.3352477
279.5516611
291.511406
289.9003286
269.3639049
264.2058472
284.8144561
314.9914554
318.5413865
293.8905867
292.24648
278.2248969
265.7782369
290.4350875
289.8450758
298.4717688
298.7322324
278.5011458
332.6466781
318.2577018
326.4054402
293.9751495
277.801928
275.8954061
289.205412
283.1145686
298.4827852
297.0637094
310.9088164
313.1077435
304.2693457
294.313011
269.5811011
262.3609304
290.4853412
291.1015607
294.598945
340.6621942
279.6137563
303.7640802
293.5639937
310.1947327
340.8063233
330.9498736
295.8157554
271.3177607
280.6220835
296.8579416
289.002063
273.1317091
294.7531032
290.5466236
295.9914145
307.9942504
315.589891
322.6381662
325.4593153
268.6077621
330.1205156
307.027727
299.0858852
277.0303564
275.7988291
297.4929999
317.961878
308.2458828
291.7822446
293.6848651
307.6999067
331.8206821
335.9147785
339.2497886
324.4042502
303.9690432
314.9489717
324.1917347
307.0012323
306.3718847
311.733559
295.2613723
302.7798438
278.8789052
272.3809411
273.6903104
259.8381946
259.424067
277.812638
275.8017677
271.3655771
312.9738844
315.262459
290.6892077
276.2650685
284.2622751
290.9534937
289.7858579
272.5860943
287.8709171
313.0335643
320.591398
305.2887738
295.0675991
289.2328134
301.6266309
318.3495272
307.1187888
297.282342
319.6780279
302.7198773
282.2832407
268.7034183
274.2808099
295.27954
307.6154055
284.3613994
280.5967229
290.9907268
289.1885612
288.2883644
286.9871626
289.4465477
290.9431517
311.4410285
301.718747
294.4265693
307.9983814
317.0070347
306.3488618
282.2192351
285.8283963
287.3192296
292.8847985
325.2120168
337.7208959
322.6577503
352.2703033
318.8930542
275.0457333
275.6019494
297.7679119
323.8663758
307.968742
315.6784208
322.3427971
322.0666725
306.9600259
294.1825823
282.8024335
274.4007172
246.826978
247.7357145
251.1478778
268.3443848
295.7528806
289.7006858
277.5694324
289.5060426
266.3877012
287.7883101
300.6290307
322.7713816
327.1231124
327.1128524
319.7273032
285.0860568
274.8055561
252.4364806
252.7560937
279.6344945
262.0638061
250.2965649
280.264754
285.3894136
291.982065
320.8818877
336.1466637
308.2113417
295.1880728
318.7285953
299.785627
286.7668336
294.0753177
279.8583267
258.0387436
265.2760712
299.4194937
299.5012524
322.4896035
315.439967
318.8190473
328.9731213
310.1685275
298.0139208
323.3946684
331.8195845
296.443548
289.9062897
332.1842772
271.0253062
270.6239528
296.629726
335.5003423
341.6153347
339.1008648
293.8587909
290.5377251
298.209433
313.3477247
308.8130182
298.9660161
299.7454709
324.5210792
318.7487497
299.9625146
263.6488999
276.1451259
274.2107882
266.3942986
327.698485
325.312255
291.1285203
257.8387848
257.9599756
261.7909933
261.6078009
257.6516002
275.1800174
285.4873127
295.6533059
286.2036339
299.7929055
315.1209333
304.5929243
308.9084534
303.6795359
304.0322617
274.6012199
306.5256224
280.2909925
297.0137778
308.621077
277.8313562
254.9521328
261.7667109
266.3151969
270.4037136
280.9696679
262.5775815
260.8913461
266.4146612
276.7681616
285.7793069
307.271646
322.1511446
342.7313581
330.3192652
309.697191
287.0671074
297.7901422
286.2591184
284.2355504
310.200863
329.1403726
309.124978
273.0880081
280.0929016
274.0433319
313.5614786
325.732131
303.0639592
307.7498478
316.8528277
315.529713
315.9720125
327.4335072
314.2463748
317.6136228
312.5392878
288.8668895
280.8336617
283.9391382
308.3238344
278.2011705
277.1425717
325.2067916
325.4043911
284.0458301
276.3675994
285.7361906
292.9299052
299.1610628
294.4205639
304.639141
333.2275079
310.8578834
302.6944108
322.7559243
303.046851
275.7938933
291.8212013
298.3346205
300.4550584
294.3777386
270.3503331
253.3891349
239.3874101
249.6978346
269.7290935
266.342587
283.3078694
278.5535743
258.7690708
296.5754114
280.2435124
320.3145964
289.716565
288.0433845
277.2417868
313.0439002
316.9881678
309.2129899
313.7994214
316.1060604
309.8852499
295.9491084
304.2400215
285.5542644
291.477314
282.0095568
301.3291016
329.5685173
321.6849412
312.318896
295.870718
272.4008052
295.9610711
305.9068912
310.268797
312.2087273
334.5035687
326.6553024
318.8782842
267.5830857
280.0105322
314.7660455
318.4408227
320.0992158
300.8575264
317.6135383
299.8934594
285.5438181
309.7951236
308.4868655
345.4222196
334.082455
319.6072423
314.8579902
314.6245676
287.0672834
262.146722
272.6506374
301.9431233
341.4210876
315.6179482
308.2796651
314.0028393
300.2292517
312.8186325
314.2833382
317.0164292
308.3036608
279.8988514
272.3127599
266.9158573
292.882986
285.0424068
289.2334017
286.25682
284.3236558
298.9601415
316.9959382
292.4783216
274.5396066
283.5643255
266.001029
317.4423209
328.0413654
332.6825544
352.7829617
302.7178029
309.6306713
333.0719777
298.6514032
295.3364709
303.6291952
310.0002893
342.0493428
322.9487503
280.3110648
271.2948203
267.5634774
294.0964165
285.8780782
311.3732209
318.6549564
312.3036262
317.5196216
346.918006
326.0994191
335.8303332
314.8793374
335.6047176
323.8355033
333.7451111
354.5624119
351.4659518
340.6557016
290.8764519
294.747366
278.4864473
279.4603555
304.0703844
316.3999287
313.2788104
333.9800008
298.2844679
261.1669356
264.5726215
281.9120384
286.3781938
324.829647
318.4277568
278.0182751
266.0158826
267.2742111
281.9835994
291.7481953
292.6855524
286.6362129
284.8178913
246.7609164
254.1648204
256.1490952
258.7189944
271.6951878
277.102467
311.5101366
318.0588213
282.5623645
295.727432
300.4642167
300.2890215
304.4703292
321.7378549
305.5386962
281.1830257
282.3599268
292.316498
317.0999144
270.2643723
296.4776516
302.2233748
290.1995356
292.2686268
293.8468416
279.5784288
273.086995
287.9624797
336.6379219
291.4273213
260.7336396
261.9930019
246.4881675
236.4940021
248.8866402
253.6123746
264.2646032
289.2334989
324.4024792
313.1802071
318.1182518
310.4436571
312.4845059
339.8054786
350.0191998
361.0271851
326.0854244
316.4857639
286.8140148
295.9656616
314.3497932
310.901879
332.803488
306.6855208
277.3834255
276.9658019
301.0973061
301.19419
290.8821257
313.5574002
292.160614
276.1182438
274.1337344
294.3403911
283.3939346
294.3873593
306.095572
333.7030484
328.5048676
320.9699009
310.9899182
302.226339
245.8380185
270.5866344
271.618416
290.4671196
275.742521
260.1575827
253.0026193
267.4368838
302.9891285
296.7031836
320.6407283
314.4871908
322.1966585
326.5934075
322.4943231
275.8917367
278.649924
291.2442526
299.2273253
257.094321
286.8857336
267.553433
254.7129212
233.5783787
237.0082294
263.7987726
286.6562465
308.100549
296.6242928
301.1769966
303.4345931
283.9373535
287.3195296
317.4038188
314.3918739
283.9836705
271.1823578
268.1126947
281.2473467
266.1144375
269.1260067
261.8640238
296.544481
266.0062916
280.7690498
270.1936087
300.7449764
291.3760501
308.9318976
285.1771136
292.5387964
278.8804929
298.4936563
326.1856727
329.3840789
327.013574
326.1684508
321.6241225
295.2306906
293.0990035
278.458726
292.7403468
292.6496686
304.9858635
282.8551003
292.099355
276.6357048
282.2843931
284.7645125
299.9928966
287.332884
298.7182573
284.96288
253.255887
254.5588542
260.7779466
272.4322523
291.2703766
275.6382808
282.3730073
278.2290962
274.7813837
271.6587063
297.9502257
297.1420041
295.3836316
267.6950221
284.0542343
301.0181061
292.2758261
293.1107102
302.9156724
252.8828335
248.9447452
263.2550752
273.3769723
249.0360331
257.9637466
275.8953624
267.4864097
269.0377939
295.9058642
326.660072
287.8698685
284.1547845
269.690065
302.9931571
306.5255665
287.935264
286.8309757
317.4011769
277.9081498
293.1839498
297.5241471
238.0430974
243.1673052
279.3878953
288.09795
266.8854683
268.3996236
279.6555238
283.3361497
269.7459039
270.6792578
299.0655174
298.7244338
295.6790841
281.8095168
297.2303661
297.6203422
281.3550334
292.7372291
292.6496815
293.9404703
323.5769779
304.7142308
318.6277731
304.9823193
308.5452733
319.6680222
285.73722
266.3087825
255.1511841
244.724788
270.0945886
286.8711698
291.1920417
284.9461254
264.8164421
278.8669541
287.6890521
281.025696
293.0770962
318.4933176
318.0450607
310.9413585
291.9179239
299.2936493
297.9524207
293.4571583
314.2964691
301.9980835
282.4895907
272.3776764
286.7423637
315.4322474
286.0883647
289.212601
304.7039121
273.0910706
282.6997692
286.0558114
292.4552463
294.1503169
312.8362664
307.9521854
333.5958266
314.0655758
317.145076
301.0390347
277.8419218
302.3496757
311.519361
312.7402732
310.1893669
289.0868241
322.0919626
280.4511484
265.5652655
262.3787863
293.5060002
276.5719859
253.3474797
251.5783975
274.9822993
266.6091481
258.5932555
279.7946029
275.0195473
276.9416324
283.6143795
309.4955263
306.149325
305.9544098
282.2810315
322.6806904
280.1293189
278.5488434
285.3255158
268.7075597
264.8038301
270.8827492
286.5146353
280.9650182
261.9660895
265.7880935
272.9268641
298.0030949
314.0563581
336.4934902
344.3759992
318.9336999
329.3389396
317.1860336
301.4477895
293.4640135
294.1144285
294.0539541
285.2813033
269.942673
257.6477297
272.2814643
283.6249216
297.0487494
284.6598937
285.6462671
285.3422596
287.6758843
275.2412158
268.9373483
285.5325469
282.5373575
275.3596993
286.8355249
278.9063179
265.5307689
317.0440364
316.7345266
341.3947879
313.5440375
333.8410797
309.9702741
303.3657216
300.3871354
311.9396496
302.2894356
314.1458044
309.1978435
305.3061911
309.5496933
290.5633261
300.2647479
284.080217
263.3687216
295.1440879
310.242611
280.4711006
280.0538984
312.1833645
307.2336754
305.6997321
318.1675969
309.6089296
292.3721044
298.0003303
321.6641571
307.0058731
305.628635
298.7624648
267.780099
308.1502327
300.8391908
313.3094546
306.2290236
310.6498027
280.9376577
272.3604364
321.589437
313.4765981
313.4291389
298.9027
303.7036535
315.9342469
306.3419817
281.6138197
273.8578617
279.648469
286.8198464
311.0159956
309.9186953
287.315039
282.0996597
311.3453122
311.5887869
280.6789038
288.278541
321.6541911
309.3644628
307.495516
309.9423843
296.6225979
300.3534852
299.5798431
285.2389634
312.5144026
321.314255
338.0951601
357.0104811
338.9642877
322.3514804
334.9532993
309.2483511
292.6995616
284.955298
312.2676663
341.9771587
277.0442013
283.4973489
299.0517367
274.9061376
297.7738582
282.6963906
282.1909729
280.0617045
295.3938087
331.1936281
349.2255561
308.0211092
286.0393458
292.870063
308.0598362
313.5546565
317.8047418
355.4030256
325.2592999
300.5421411
312.4176992
300.8203026
294.6983864
308.1416667
317.9969291
303.3987562
271.9783116
268.4977407
268.8246229
307.0987424
333.7828517
322.1166099
278.8570653
284.8478603
281.9158645
289.3022683
297.1059916
309.811611
326.8552051
309.9841482
303.0229337
295.4046862
283.4402685
318.8581101
306.2240809
289.7985296
315.4787675
328.5024649
323.2461132
301.6429041
296.9282607
300.8581265
308.2921242
296.1056046
299.4240334
274.9542213
268.6284718
269.0633456
269.9167341
286.1071829
338.3362229
315.8181774
320.7759412
305.8127419
296.2497961
285.276888
276.7762413
273.7479696
281.2852558
274.0056914
284.0618195
304.3569182
319.2642511
290.3789311
284.881199
300.7890861
290.3297028
304.0147073
330.0032351
331.6806083
282.9684862
291.8347367
269.4364455
320.1461695
319.7874238
284.8145682
292.8730943
303.1353902
327.1546532
310.4420181
306.1567782
288.8313093
293.5184157
304.7866266
321.8673573
318.6761983
312.4570788
309.1981813
275.2030041
283.6093215
318.3672759
303.1957724
286.1543575
276.9736271
265.7691077
302.8228597
317.1323223
337.1183314
352.0389689
317.8491604
325.2128802
314.7437719
322.185971
306.7067466
296.5099412
263.8019473
277.8844077
277.3105407
310.8158084
324.6717423
291.8055688
293.1125809
288.9141008
275.5877304
310.3075433
313.2802953
351.9216936
358.926196
353.2733697
362.8815004
344.8609393
339.9590666
328.2637654
303.6213899
305.0220002
309.995835
305.7739322
305.3433286
271.2380871
288.8813798
328.8895936
317.0421186
317.6370716
312.2576704
287.3907274
292.2373028
265.7152402
274.3023877
296.5249102
339.8714628
332.3318187
323.510724
283.3953813
294.4693315
298.987418
292.996507
324.2466827
335.1151981
326.6385654
312.1876919
330.3860444
323.6089373
286.2088574
297.0269002
309.646015
327.4792376
315.0469721
306.7814404
291.3525332
297.3859531
300.3890653
334.5150332
342.9490122
321.6225793
346.1916917
316.1992413
322.1505642
315.1452254
343.1353079
350.096362
282.8688382
286.126946
294.8675807
313.2067609
308.7784475
322.4537438
326.7570615
315.7498047
289.603884
291.9405742
289.9497371
297.0743236
301.2464839
332.9671727
324.8479537
325.5866075
342.2793278
334.6341533
327.8006534
288.0801636
313.474791
299.8327537
284.5847486
299.5406337
334.6526559
311.0571775
299.3575731
300.2900596
287.7623152
286.5209282
280.6672399
289.0781668
313.3965143
307.963037
297.9729737
298.4927411
301.6721022
315.0047598
317.7446987
321.1943758
263.8740004
276.7800208
281.7888436
274.0344438
257.2494368
260.5014971
266.474422
270.398933
284.3129464
296.4472666
288.648964
296.3453021
299.9751098
289.8129891
263.1570458
297.6604311
310.5621176
294.3872948
289.8438549
281.4905235
301.3330399
284.3601676
272.9633669
258.066867
240.1368316
236.359459
267.5539794
283.2376387
290.3719659
267.5945889
264.1726808
269.9470675
284.9012993
295.4581999
283.6650268
274.698422
269.3380335
277.5728091
252.9171045
282.6412914
307.6240872
321.0082244
301.0978967
286.7555804
308.0051153
305.903475
316.972366
327.5172134
296.7276174
259.4734447
274.8869531
275.5458206
283.3826073
314.7557118
303.0110305
310.805559
303.7631161
306.9506166
329.0763751
331.8234973
311.4333687
336.0954243
339.6063231
323.6177878
304.7624588
302.8574099
323.8164298
299.4997831
328.5766281
314.090641
282.5497744
289.1166341
276.5938926
250.0667983
249.2955614
258.9351967
281.433058
311.6729541
286.5336561
284.8284086
342.4815908
328.9141978
309.4349675
304.6941682
334.107599
309.6628659
298.7088051
299.3677139
297.0887448
300.3373828
290.0026488
284.1124133
287.473437
289.6818716
296.8241822
311.1471848
316.7536886
296.1299735
309.7655773
325.0477163
282.8847822
286.5155759
288.1575996
309.9588414
302.8657947
330.0112966
339.2715508
351.5256429
318.6128334
281.6606004
288.0318482
294.9120764
331.2819201
308.513444
314.7133874
294.5387656
301.891131
294.9456082
296.6850973
280.3727821
311.0376654
288.270832
319.2774184
298.4589156
303.0660358
291.1367568
291.8175711
303.6903773
307.4242552
283.5584609
275.3261644
295.5771598
300.7005425
279.5064984
270.3518326
309.8834639
327.6140975
309.904795
307.7202925
325.4405628
295.4031806
336.4371328
317.4681556
306.9554304
281.0083598
290.7395236
278.0480502
280.2939944
292.0089572
293.3941491
284.512426
307.8107782
339.9306664
325.5471685
334.4433109
311.6191569
302.5671993
334.6160601
354.3391067
303.0663836
297.6754332
302.8171094
313.6259661
314.387076
314.7021613
302.3766411
323.9153952
310.9126506
269.1571119
271.6219868
293.5507914
297.7451788
291.1611352
310.7382653
289.9604137
277.162613
274.2213578
279.1417635
310.0048564
316.163371
317.642795
293.7913669
275.8147015
277.692171
289.8312071
310.7702451
295.7806201
307.7289125
319.2549407
320.2200404
319.8862731
323.6997131
331.9534391
319.8041523
340.6743861
326.3531091
301.1509366
296.3237337
318.8253781
313.9546136
318.212159
326.2936777
337.4834583
338.1646538
305.4280913
288.5259872
280.3904997
286.1497066
293.1002687
262.524477
258.7002498
244.6975624
259.1696949
275.8881474
319.9766905
334.3797786
357.1034049
323.3151672
319.2103447
310.4327134
299.1892899
325.9249323
315.9581856
313.4163124
323.9825659
300.3998029
296.9388722
297.8313806
282.3509865
319.9415712
301.7857179
293.5371161
308.018576
318.7860553
303.7319695
273.260412
293.6681736
291.5642783
305.9320638
289.9759481
241.4161635
250.1767321
276.0341314
300.7301032
313.0479749
306.783607
316.214343
325.3617247
330.1033597
289.599176
308.8376912
317.7164697
299.6337683
279.0032217
276.332135
314.5246587
306.9416634
304.0663169
284.1171398
276.7605899
335.0178644
335.731008
328.9402142
319.2384259
311.2594726
311.847913
302.136133
315.4329156
314.0297035
312.6739846
297.5706241
296.5612764
302.6652815
331.3360883
324.352579
271.3094993
276.828948
285.044657
297.3184835
304.1166772
270.8012814
296.8989037
281.1378607
297.0460921
282.7104721
279.1077849
292.3968738
291.9505363
307.0899563
311.9738205
321.2610825
298.612575
276.1557188
310.8357358
311.0051518
284.1481102
270.9116067
277.8155785
262.5794231
253.0314574
240.5949231
268.5784442
295.9053987
312.654219
288.8199409
261.5546145
268.6416536
272.978139
278.0701483
261.660658
280.4685944
305.5149337
289.6257799
284.9025832
283.7327639
303.7296495
288.8649463
255.7797091
253.8832458
244.1927589
301.3716547
286.8315369
259.3694606
268.8680452
310.2407006
282.085816
276.2578068
257.5482461
259.2883766
268.0026353
321.6247126
300.2090296
283.9341978
277.9991275
290.4272613
301.8329284
317.6474468
301.0144419
268.3897657
286.8350923
291.9169282
307.1579188
307.1427183
328.4015322
345.8012174
298.1711073
261.8579989
254.4118091
263.6267592
316.9980196
297.8399461
314.1039573
299.5790308
300.172674
265.4245865
283.2045339
284.8971629
291.7101682
316.0120297
319.1723441
294.6030043
297.549575
290.889969
285.3370544
288.2733629
287.3431484
305.9105556
296.2117784
313.6471423
307.6481257
325.092049
318.2944677
337.9531859
305.6282784
302.317435
289.2243063
319.3574819
327.9497925
327.1479248
302.4074059
345.5875256
323.5457724
333.470127
328.9399244
304.7861233
328.814035
327.3825377
303.6716695
306.618224
302.6651525
292.1823915
301.8397982
288.7903332
271.8003814
268.3396717
297.0341242
279.6988547
285.9813102
295.8013896
329.3360973
302.9718401
309.8098533
293.1707145
326.8409675
347.2617393
285.9031441
258.4616338
240.3178696
253.7191918
296.632673
292.3471055
291.6842272
292.0619995
321.1424541
347.0426437
340.2273514
308.5776328
311.2404055
335.6848004
330.4454224
338.3089553
337.1208134
367.4434215
341.9746836
327.3113258
311.262702
323.7710367
327.2612683
324.7902935
328.9231903
321.3253192
321.4636679
329.3041547
338.4145119
311.746495
313.9613548
293.8080825
281.2708391
291.778334
321.3008495
312.9317847
303.2840336
292.0965982
292.5598532
321.0206338
317.968795
290.5745183
289.8068557
277.4540339
278.6888329
275.3901106
274.625298
286.7128729
315.4050421
307.885035
319.4576549
326.3041302
312.918166
322.4295236
336.9116914
326.2425115
305.3226479
282.2570111
305.3317657
304.8214541
304.4977258
297.2632533
275.5503214
250.5910856
268.7034181
276.2221687
280.2654808
283.5793537
293.1512594
303.013865
324.5855756
315.4641394
322.7271584
305.8915582
301.5508639
309.2725788
298.6111118
317.6770363
321.2614586
313.5977852
317.1502561
298.5675243
305.61771
308.7430359
293.5101208
286.746691
307.9286224
330.0346738
274.7024402
263.6054699
269.6667946
282.1334145
274.6029898
280.1079315
292.2738792
274.196803
284.4502424
278.4419299
283.3400926
311.8652473
288.3724024
302.9589933
258.5289977
241.2980537
235.1477379
284.5762058
300.8871553
284.7567809
308.7933149
300.3256289
282.8975721
264.1898585
270.2958497
257.3638721
287.8160364
298.3734047
313.065667
326.6686879
328.8120738
331.7572026
300.2746159
277.2658729
289.0200019
277.7686445
281.1628521
271.4075949
294.4764652
295.8796331
285.4492216
268.7782471
270.7218185
299.3256347
305.7371768
291.6119282
276.4337575
303.7350769
292.6687224
280.0245737
289.2161748
297.8902929
294.2937444
306.7794531
296.9499089
291.3738011
287.9212145
297.1070733
297.5636532
301.0400787
311.7772168
295.5027084
302.5988343
294.0022565
288.5776733
292.289096
304.5941955
303.0038391
288.6132641
281.3023098
285.1242642
284.2452837
307.6803779
284.6286703
270.0818537
311.0610026
318.1069935
313.5524823
293.9803634
287.9664131
283.4986933
296.7450615
317.581404
329.7673552
313.3342805
281.9273677
299.5033018
280.2990023
277.0335776
287.8136395
312.5154871
303.6588858
290.5680366
291.3754674
297.3768163
302.2589618
309.3301551
311.1657159
319.4339317
305.0749637
316.4406067
312.8547814
316.687536
299.0875021
297.1379411
310.932256
287.8409983
304.3028196
311.1213255
319.8842751
313.4078567
305.2591549
280.3752008
294.2535914
295.4127388
288.3523975
303.6869618
318.0097191
294.3421924
289.7487095
260.3106528
250.7018006
307.0427099
299.6894918
290.8888341
322.490924
310.7804214
338.9250687
292.0413713
283.3804814
288.002375
301.1893707
281.0381197
289.4334872
251.5865717
282.9353805
270.6278235
253.9054246
261.7574389
267.114909
275.4409274
292.3149157
307.4427157
341.9343221
387.6081122
356.7835037
342.373335
278.3728608
299.9455995
297.01422
274.5355452
260.0425247
282.1952121
303.5513937
312.9149927
255.4406449
257.9088485
266.0833702
253.2436507
280.2391777
307.6583738
320.0456253
307.9129221
272.7456768
260.0592301
270.2426738
245.7401463
336.2962294
332.2761829
318.1962324
280.2313686
281.356082
303.9679838
291.3840351
277.6925864
282.3774351
295.7762688
291.8743077
299.8045389
308.0338863
298.4604158
309.42321
269.6667565
273.4068121
301.52457
323.2674608
327.7817484
289.6780991
279.0648254
299.0769455
314.1029647
306.115814
309.6387582
288.1947272
307.6823529
325.7511308
304.3196478
290.8154564
287.572699
295.5680827
294.6156091
302.2765197
304.881424
335.0532819
304.5440795
297.9746109
323.1512032
238.9446314
265.3941588
290.298211
300.9344137
287.6666986
267.2747957
286.7631325
300.9291059
282.0185401
288.952942
311.7466347
295.0721699
282.566467
295.3394903
295.5635228
288.0243489
281.1760489
280.9752276
252.1650379
242.7660958
309.6544634
296.8465318
289.2507813
293.7146197
290.5798094
335.3646706
302.9241959
315.3255831
302.1883223
289.4412801
287.0525063
307.3736398
330.6383613
337.1679821
330.3708982
307.1137579
313.6111954
326.98998
308.8907594
318.0286281
316.9516499
326.1609476
285.5722747
288.7686783
300.1270316
312.2616703
310.9995229
305.4842109
294.3390496
295.6138814
312.5820054
323.3632314
354.8937525
326.9943112
330.5674344
360.8783534
373.6853695
360.8389873
332.5798226
326.4044495
286.6215107
307.0677293
321.5308331
366.6404945
319.2604988
348.1329101
328.9468288
346.9194203
339.1984466
311.3539127
326.4628565
300.6025121
285.2664112
281.0844622
292.5546214
284.2090601
315.8991477
334.8409589
348.8699439
302.212771
287.5557383
311.7925247
323.2424754
310.1933065
322.3322942
309.4394918
293.1369167
289.2016644
304.5270622
305.4696651
321.5942685
318.6504962
298.1146518
284.550743
283.889829
313.8040849
318.2372142
299.1348572
284.9446271
310.4479115
320.9341494
314.1108926
334.2319075
313.0115112
321.9963072
327.3570394
337.9336189
321.7392618
311.1046465
307.3879465
316.9097501
308.5480629
299.6807213
278.5525399
281.6909223
275.6518707
296.2999171
301.2576131
306.1194339
308.7219777
315.297774
314.7297729
284.5768139
271.2389195
295.517348
281.626215
286.2124059
253.8039518
273.523446
288.3606587
277.7755608
268.0142484
255.3087002
271.6597938
270.0145215
290.2996481
308.4292117
348.756051
338.3613305
295.3087732
303.5651818
294.6952971
279.5123794
288.4464815
285.5638383
300.1365125
287.1121797
295.1783094
290.6804825
301.5556072
313.7500125
304.9639524
333.705578
326.2573431
346.7974669
326.5375938
309.7814924
305.6173838
299.9786666
330.7599907
310.1849695
304.4473887
311.1626881
289.9567141
285.548268
299.6990588
287.8700588
273.7158767
279.8929033
280.9856924
281.258941
267.6461356
279.1224764
258.2170535
279.030039
277.9889526
264.1264146
281.0003573
282.7083782
288.5372562
291.4771894
284.7806224
269.9483633
257.1563489
275.8635301
273.322373
271.2754797
289.5710922
289.5932576
282.2241388
270.8493092
285.3866948
315.1282671
325.5257332
320.5079086
316.6035947
332.4130129
312.8498049
324.0080174
305.0518686
292.9463923
278.3441745
288.9375135
297.4140061
296.6527554
290.3844091
320.8595108
312.1296341
294.0740379
272.8120949
263.8906596
295.575027
304.0108139
328.0255801
325.5114419
325.7935992
318.7058965
309.885592
273.5949649
264.1096155
285.8659808
274.8474259
291.6513206
260.9296704
264.8587276
268.1695584
264.763271
258.663488
254.8907422
271.2279668
257.4732326
285.5871814
292.7956663
299.9349283
279.8001425
259.6729064
282.4666467
304.6581146
306.734068
311.4145598
299.2026809
311.2580202
316.8665754
301.8251282
302.898168
322.0262311
277.0649058
296.7704592
309.6059506
326.9737753
330.6562334
323.3659731
328.0403383
304.0556612
283.1825109
301.3738505
286.6839387
258.7524236
285.249013
290.1966705
243.402755
251.3275029
283.8211788
294.5434934
297.5356103
294.5063595
303.0307616
301.6900192
326.4985697
305.5144927
299.2815769
287.4596827
264.863503
278.4286825
279.3012112
268.3958827
272.4719526
271.9006251
263.3879654
275.0246766
344.3636485
320.4896008
310.8919822
320.3149558
310.8187321
265.4123937
270.7675953
268.0098584
279.5271694
275.4842145
293.0508591
302.1979275
283.7819495
298.2310648
311.9737961
298.1125512
301.4090473
301.0821951
306.2859652
339.1530732
311.6601233
290.0776218
292.9089042
284.0302226
316.2699587
315.9038077
308.5629949
291.6542736
306.1810113
303.6514337
292.4190907
290.1434632
280.4767023
301.530502
318.6077592
341.7232695
332.4635372
321.4460572
308.6309654
315.468116
285.9980671
319.8666523
315.6141944
297.2644141
290.7441066
285.742794
319.5310383
337.3493989
335.9587928
336.5645833
309.5568594
289.9301997
283.1119751
276.3345383
273.3354264
280.1526153
305.7157578
315.2929309
318.8308056
298.2042327
333.4674207
323.5153579
320.2405755
326.756795
332.9881663
333.4369826
326.224721
308.4376786
317.5493797
327.4530726
324.0978998
343.9411799
356.3666231
320.3483507
324.0598976
319.3544178
317.5072257
323.7470281
381.0198977
347.2216357
314.2366843
329.2568068
331.8882631
316.6127515
329.1730365
329.3258289
319.7582792
366.6083567
402.1243897
408.3648515
365.7735105
352.2927721
352.6579331
357.9455443
319.2677673
313.4675092
319.920003
310.4746796
303.4849579
315.1104638
310.3200986
312.1180142
324.550745
333.5863523
301.8050223
299.2404772
301.0490332
317.5478624
308.4584661
284.903031
268.1035318
285.9114976
275.5176688
291.8560788
306.8068282
305.3280706
289.9065994
318.5400698
303.9769407
292.2939928
329.1296135
324.4353693
315.2989313
285.5015339
288.4466103
284.0753244
266.6347302
300.8571454
322.7386272
323.4501285
324.1936733
326.8430575
338.4893636
357.7315461
350.9673789
310.920398
303.337287
288.8155986
341.5855792
330.1441878
307.5944796
330.0537917
316.2458005
316.8403277
305.0871018
305.7096924
319.7521619
315.2232564
299.2628053
277.2617823
302.2725537
308.1384078
322.327325
301.8143384
290.085427
305.7037926
285.042454
294.1243614
299.4851979
312.023654
317.187967
273.1526115
289.1382318
318.8671759
310.7589894
289.1845448
290.239749
306.5440298
330.4638382
332.2680454
284.0424817
271.8111809
291.2111441
310.3173685
320.3316086
328.7259312
305.7507139
282.6376647
312.8327995
331.9513963
282.1951115
293.1716172
313.4015055
303.3855339
264.3812651
262.8291858
294.5848513
299.7932643
286.8210154
287.6973968
321.3095241
304.6560758
286.730486
286.8258247
273.4960982
254.7013646
277.767146
300.2492883
306.5969381
266.7363937
329.901557
303.1947055
283.6545892
261.387275
263.8160799
291.8369406
261.3665617
281.3547024
269.3448955
279.2076166
270.0528744
277.7242115
288.8509117
289.1509668
282.4375429
244.6609357
258.5538673
264.0632424
281.7958408
313.7887771
283.3258365
289.4239195
281.0108179
269.9577123
253.6069258
243.8141459
243.445694
257.7437519
268.4713968
289.4594528
285.3413378
269.3395666
264.2494698
271.145597
262.9110916
274.0483552
278.460815
275.6823106
282.0395022
283.983516
309.4349266
307.7835845
299.5190865
316.3171179
328.6283789
303.9685552
302.8242351
276.4473265
261.6879293
264.582208
297.6380768
289.0857629
265.9675714
266.2494491
310.403216
309.0980505
280.5312654
307.6394205
327.4289579
336.7260063
256.1917977
281.8426391
280.3813358
295.8788308
264.7553179
285.8703486
277.6992724
294.7188976
283.3695136
258.1310761
266.1378317
267.5004027
269.9959823
272.7437279
287.1944925
301.6552664
299.390644
284.0501739
259.3808598
242.290198
282.7968331
286.9923162
278.4141583
270.7809563
259.1183323
275.7719717
281.9716793
273.5708954
266.0882364
287.7396206
284.5502476
283.1621898
277.3389139
301.0020991
314.8082968
300.143938
275.8622152
282.2866586
274.7913533
278.1341783
279.0927973
272.8630316
256.6356235
264.2453317
294.8319748
308.9533149
318.4596479
330.6976285
307.3818377
312.025058
246.9619933
271.1992045
293.9348328
283.3053318
262.6090015
254.5068025
273.8946141
292.9424083
286.7099151
272.8433608
264.5093929
261.1501512
260.9580636
286.1880628
277.8663675
272.227518
264.7983333
292.8626895
253.9459054
273.6571685
312.5312667
313.8394771
268.4155149
248.0967269
231.4125218
239.9118544
259.6171283
264.7216845
259.0293364
278.2666594
284.9868862
332.6982512
312.5926234
304.910815
284.9537169
278.8818572
275.9964594
265.0988389
260.7742541
277.0342426
252.4666219
253.8897458
305.6751852
334.3622366
318.1623595
319.3195628
310.1522322
276.3825653
280.9582264
263.2951884
296.9443931
284.4916706
290.9494511
329.4072181
344.1791728
332.3989426
320.9420984
344.8693322
309.1643855
297.8788962
276.9816104
263.3485198
287.8847424
287.5201174
287.3566045
290.7586012
274.3977498
269.1769928
271.9943712
296.985499
305.134584
341.6097234
334.4202669
338.6065452
327.4243541
346.9424529
308.6387228
269.6533216
272.1266877
299.404509
332.3009196
323.1871402
309.1788169
309.612657
314.5457164
304.7397152
319.8682816
339.4507193
325.5165728
317.2945677
331.7853507
315.8639396
311.6594609
316.4230677
309.1413728
313.1730078
343.1593443
322.1985738
332.5499259
330.0990725
343.9853066
316.2202401
314.9164361
314.3227377
317.1795145
295.1673934
288.2238692
280.4860075
307.8140386
321.2219924
336.2057674
363.9531788
339.729599
315.5359161
307.1606927
309.5547092
305.5019462
298.2739091
282.2203578
305.717785
328.8849264
316.7908363
326.5593616
310.7654129
327.5108229
353.3218784
336.481045
318.7771541
296.6514098
303.0174829
341.3239532
296.9861665
288.0589462
305.8179294
294.1498877
310.7808339
288.7820885
286.472817
288.2045668
291.8889788
308.3897988
310.1389913
304.9372268
297.0086465
319.1258908
328.0048612
319.9254449
328.9783646
325.0583982
354.5370305
273.294061
266.0473758
290.0466953
307.0848281
318.4543673
330.5334061
330.7149082
310.332272
315.6955897
313.4696161
304.0546759
301.987365
305.3883906
329.6455795
300.3981487
322.9511571
311.5064131
296.2427847
299.2100535
304.7582022
286.0105503
312.7710137
313.2720139
310.8150519
300.6027146
299.7689669
312.2741509
326.4415993
330.727236
319.8041989
331.244578
346.0309816
324.8002851
298.7567519
307.043193
317.0665483
308.6864541
310.6120476
276.1393825
279.6774003
264.8723371
271.7883449
279.2925647
290.2233767
320.2573909
345.1197564
318.0226873
314.2526649
320.0725122
297.1694971
285.591213
308.0271765
301.5140305
302.7865425
295.4634746
277.4121331
301.7258387
292.1291054
269.2239208
274.5665547
290.8037554
296.1575007
282.3887327
247.3528331
243.9210879
271.5752793
264.7188927
286.8661889
293.1926768
268.4837917
277.4597586
280.6604412
262.2011184
278.5877248
271.5564093
315.005628
290.760688
290.8558775
321.3848779
319.0516317
268.0800559
265.1247996
265.5605515
282.996546
280.6660074
277.8886328
284.7787042
260.1129658
261.9819939
249.355053
268.1699143
290.6735986
289.674567
278.7723711
293.5438971
285.8026145
297.7724007
289.5702799
271.0300276
260.6463507
274.8168044
269.0008687
302.8181743
313.100747
306.3373369
299.1375869
296.9671676
276.5413144
287.8704208
306.4810145
324.1374041
310.4214804
288.338997
302.7933338
283.6199786
269.130414
271.3149388
258.922735
267.2117906
271.9326031
280.6138734
276.258824
262.9888486
253.9980681
267.3126697
258.9258966
267.0384553
287.3443918
314.8676773
294.5331729
278.9847499
292.7302842
288.4558012
289.0960517
296.8239106
315.545411
301.6028206
280.2771441
264.8453895
291.4197267
270.058286
273.8141018
249.6754806
221.8315976
243.0763608
253.4485878
274.8209882
284.6981907
288.4086817
295.8850701
296.0544775
302.9055472
319.9034232
304.1087337
267.7055105
269.1807687
288.3270332
290.446059
316.6005691
277.5810737
310.2637667
296.0699049
308.9982466
306.8861121
291.2419532
293.4519284
265.8048197
265.5680807
298.3298353
305.8958906
299.8946448
278.997978
272.0152768
302.6113463
309.9345865
325.8331235
312.1227691
305.5725356
302.2090945
318.8671568
281.0155991
295.1426153
294.843347
295.1004856
309.5512953
313.6364163
303.7831185
289.2034399
278.3742276
278.5405983
305.9430717
291.1400767
254.0474295
251.9146995
274.4448582
286.0362181
278.2646281
289.7534857
280.0712017
262.2598292
308.1770445
291.0215482
300.8205698
314.3077626
292.1010326
295.6698883
274.0915621
275.0340537
292.7776305
274.9629958
276.2170017
283.0753093
314.5168045
310.6074819
288.8299854
306.6062537
320.8844487
315.57127
281.9878632
286.0240867
247.8784318
280.2437525
287.3262546
298.6488875
333.8891055
319.5889473
343.4617778
315.8181632
315.0101141
315.886675
317.5559023
312.598464
291.8036015
281.4388908
289.1552237
301.833575
267.5404225
278.0185385
268.2766764
258.766151
269.7776412
279.984579
296.1840724
289.50198
300.7803883
297.543729
328.3412067
333.5267274
307.3216549
310.7005198
297.4944194
280.7883437
265.9308413
282.7244751
283.9432034
311.3223857
298.0714607
304.3404497
306.0412218
297.6351433
291.9009711
272.7469426
296.5358824
289.4788927
290.8100401
277.1694494
292.2615106
294.7864799
313.4068746
293.5112492
298.3333046
306.1613971
316.3712966
313.1508676
295.159933
254.0419172
292.4023919
284.7621719
282.5690954
290.7447004
282.0883607
258.2066643
273.8371519
297.5165245
311.0131766
316.7777433
318.1482158
315.112682
329.3465653
356.4830624
371.702804
335.2624626
322.7051774
336.2179003
335.071085
300.8337171
316.6865847
320.227872
314.1709948
289.2368584
288.1528915
297.0133727
294.4344903
266.6505876
277.3964624
271.2402844
284.4049619
295.352657
309.2059095
328.4148151
292.0664491
305.6908882
290.9569047
322.0354852
304.3954434
342.5013752
353.7778273
307.5736516
309.9061559
307.1968595
294.876207
284.704676
268.0869805
249.5869258
277.391414
283.3031547
290.8077532
318.5117917
328.2618351
315.6101601
264.0143326
286.8333183
303.5352915
277.5729131
264.4795035
247.9443931
274.3060288
339.9960837
315.6012655
275.9421521
271.9195683
297.6166412
303.7543062
275.3673099
245.2117183
269.3022007
296.8788932
277.822781
283.8314757
282.9262448
302.4016209
296.3317785
286.4425814
284.301128
277.9421418
279.6166149
278.8033505
271.7901035
298.7127051
297.8930133
297.2606346
313.5362916
290.2837104
316.409198
333.3610082
344.4333933
354.6604204
343.64356
357.2124379
378.352467
327.6497036
293.0043727
282.0688774
265.9258254
251.7430283
261.5794169
247.1668165
264.1028925
277.494873
292.9835716
280.420123
305.8433821
290.7417031
293.1493561
304.7022922
304.8467627
314.2055542
341.1792614
325.052304
323.2486863
324.6703486
313.4519228
289.9762419
285.5548547
257.6093836
246.91758
259.902822
256.789807
270.176281
268.7340569
275.8518649
302.1438343
313.0111804
303.9239568
290.1745561
279.8230147
283.0618093
292.5504435
305.5612362
308.716465
296.1545682
275.4040729
275.012398
288.230284
260.9353395
264.3130943
278.2152773
266.384042
266.0155475
291.6013519
303.2252483
297.1525896
304.9785946
279.2420474
291.1894805
307.1859817
308.9814019
300.7529063
297.9954242
299.59389
286.9878095
299.2057304
310.4996249
304.8755904
303.1943149
291.5289382
274.7537263
272.6105594
294.761675
311.880918
274.5682751
288.5929523
280.4283294
289.7057087
318.4322258
299.6298993
294.0748847
268.9538471
256.8965445
262.0050247
289.9900102
298.8127304
278.2462117
304.0586557
263.9274407
284.2078492
271.0637237
285.5985916
274.5058036
267.8794839
268.3760266
272.9330258
309.1314252
326.2001791
278.4219756
255.4196666
259.161303
257.8060469
272.1446735
275.9981653
290.6283857
269.1450614
281.2587715
281.156844
299.3191529
281.8732145
292.3627525
296.9949012
279.1866946
279.2686089
297.5947942
295.8058691
298.2932586
273.0089496
292.5959173
293.9036537
305.7615028
294.0130809
290.3038217
326.4602027
326.1077291
306.1851821
305.2642576
314.9592797
268.8136138
261.720101
291.0851153
305.1830726
308.8005205
322.2524502
277.7036956
272.8909783
277.4373211
272.8724916
291.7520257
300.5000195
306.524037
295.6481892
337.1702854
313.7511007
314.4289719
314.4202728
317.4162515
318.3756797
320.7518306
285.0256691
260.7870321
288.1091935
289.5720082
286.2881097
275.9710586
293.7526728
295.6713484
277.7363168
302.3986978
312.9916964
322.6884087
328.7261666
320.7059364
300.7009577
308.4408825
329.4688271
308.5120099
291.3867719
285.1212502
285.4783342
281.275528
278.4744053
311.0122156
293.4780637
344.7372625
320.1708288
306.741629
287.3969828
284.5779069
291.2957422
291.5932928
277.3224784
298.8444021
289.3615164
264.2206916
260.9430954
276.0682854
281.5773302
278.2212403
278.9393066
256.1714466
268.8299073
272.9456293
318.5781953
275.1603451
264.6004528
290.4788442
310.0807077
294.9704931
278.7348399
293.2774466
311.5468625
315.5097448
309.4496188
307.1438512
310.1819036
293.7726788
293.6309173
282.3614101
283.3010263
268.5730633
307.4440717
297.9650224
276.8280554
279.0606472
274.736813
260.30661
287.5131681
302.7687386
299.4292663
307.9918977
324.3818197
315.8590538
302.5354349
319.9254344
292.8347172
287.1727389
292.1952407
283.8606495
293.8631314
251.3808447
266.2053144
266.6079716
281.2281805
296.6976049
314.8575662
274.0683637
280.4195237
260.1221127
296.8272913
299.1599277
311.8251695
304.9945182
282.1130401
267.2366608
293.5570049
303.457066
296.1478268
303.3592741
324.7476851
343.0208448
331.5668666
339.4381705
328.880013
300.9528025
329.0121649
355.8373277
326.1846499
334.486584
317.1080098
315.2601627
331.8754836
312.1656676
333.4165316
346.1080139
340.0164913
327.6963299
313.2681782
316.1496055
292.6783129
269.3034552
279.6343716
305.9750485
314.5327143
302.3156776
280.2245195
293.6282288
322.7973423
304.3198711
299.8769122
314.8827394
283.4328046
260.5404021
270.8429681
307.3826578
310.4567368
308.7049013
296.807457
289.2615162
283.2556729
279.0254495
257.6849967
268.6670881
284.4356516
340.8727464
349.4527449
314.8724907
309.2562345
322.9539905
287.0068657
276.7473694
312.2473793
307.968197
311.9459382
316.3938709
301.4571385
296.9656378
308.4054028
309.1108275
299.5043076
284.5602065
280.8725738
276.7972107
293.1176677
291.5474393
312.1031261
318.6842822
335.0882166
316.4907771
336.0209279
326.1601159
320.2169971
319.8931388
292.75353
310.9750547
313.5716984
275.9052417
282.8586606
263.3754607
277.943777
300.5309181
310.4385474
289.9373937
288.2799874
268.6948072
245.5124082
260.3936335
305.618888
315.7592001
317.0209233
294.3539867
300.6688521
268.6829298
291.5908601
304.5663158
295.3146351
292.1618992
323.7589239
330.6231863
310.6620566
289.9445755
276.0597256
280.3520583
264.6289158
262.7020937
269.3892838
281.7911351
279.6522268
281.0324191
297.5415485
283.788035
290.5103773
301.9692415
272.4191231
266.0329641
269.8382724
303.1870291
294.8405135
284.9970183
309.2446901
305.1413698
332.4322229
291.9154129
275.8381164
305.0870975
267.937866
257.9253829
278.6690111
272.4051529
258.5142884
286.7891968
290.1520684
282.6462085
296.9993226
302.4003423
297.1796264
299.0767612
302.7295654
270.1238584
278.4224277
299.7234319
259.9858859
271.5770488
301.183406
295.1768773
300.1246964
311.4612438
322.9526073
321.1976223
318.3541859
291.2710628
293.543639
284.6276914
270.5605014
281.8752433
303.2220863
287.8904549
288.9688275
313.2022348
304.2568966
289.0411717
310.2712348
324.0426937
313.3205199
296.6177982
290.8982525
292.0358253
278.3166156
290.1193228
288.9702568
293.5947857
309.5718765
308.8791853
315.083857
305.0837935
278.2539431
292.8170202
316.9436645
298.8950543
299.6095763
311.1575461
294.305369
282.7227236
284.6401466
250.7765661
270.2196583
251.7290371
260.2751165
283.6740417
296.8234243
296.9035306
307.7307989
317.8311617
315.6706671
321.6042239
318.7097646
298.3838541
280.3124248
291.9314977
276.8384106
269.3001409
273.0925507
288.5333153
290.0334859
303.3845736
284.4573785
283.7441138
286.2428235
273.0418227
258.9995122
287.9967707
295.648892
288.3648995
298.7698133
277.4667048
312.2533605
292.2846694
295.1385758
321.7172907
335.888974
322.9179208
309.6225218
322.2541906
292.1353013
310.3828168
319.5620447
307.0038766
309.9607767
326.2324097
306.7844694
301.8939738
300.5405771
314.695911
301.1408864
296.572778
300.5634421
312.1724064
302.9390608
300.8954291
293.4220795
311.8046562
299.6993823
302.0996705
286.6497674
333.5733292
317.4267349
335.6832893
329.490305
322.6115054
321.9970053
340.6796045
333.6359752
304.9940684
312.6676169
302.5519975
325.9370055
302.2516544
289.4491802
294.8062055
279.5422218
303.0491893
296.0867097
326.4523267
360.6211904
269.5268431
301.2314065
284.2223363
314.5879378
319.4840117
304.2804063
285.4881551
288.5039147
301.0677584
310.2533021
322.0874794
321.3245612
344.2389532
380.6305166
368.3084935
338.0611175
316.7876487
328.0669037
336.1293183
296.7794024
324.3981602
305.9815724
319.9475369
281.9869563
316.5502719
295.7367513
299.4721905
297.9227282
288.9949807
285.7236346
294.7890094
288.6013343
297.153937
290.6715259
298.7140055
282.0619244
282.8916462
292.7532788
288.8996055
317.323518
290.9359466
311.3950132
328.7681006
315.1213087
289.7524732
290.078454
269.49253
266.8274058
263.9155972
271.5426852
294.2487747
310.4703282
341.1497273
341.151031
311.5768665
316.2664252
304.031727
310.6629457
278.6789876
298.269805
305.0329279
321.4576603
300.6110709
319.4083791
308.9889261
331.9597578
343.4330521
308.37713
282.0413961
287.2655997
296.9819632
321.4605298
287.0854392
306.3200683
340.7853684
324.9340112
309.6682641
307.7899972
313.4568069
298.4382902
325.2153556
304.8726876
305.7698763
306.3519796
297.6111996
293.6482386
280.371074
261.2635862
300.9671143
310.3170403
287.7555957
265.8884571
260.2251991
270.9154486
313.657174
313.6503606
329.8623967
330.6969928
318.3114373
326.9516437
297.8393434
296.832054
341.301476
318.4789157
308.3556611
302.3900973
303.8826339
323.207424
303.0362799
325.0345379
289.8839011
286.1842679
319.1203148
317.0074165
306.7590428
291.8864995
277.4622077
287.2029493
310.6148973
289.4865961
290.304708
280.5813105
293.820794
310.6162209
295.4102402
299.5393932
292.623326
310.3306289
309.8582837
325.8420245
328.8089396
335.9972564
304.1106719
292.5961091
324.1354282
309.7917156
314.5673896
309.0790014
300.3819662
313.3867849
290.957111
283.5732511
277.8667209
249.8438591
271.5183866
279.5609007
282.1580211
267.8602693
265.13745
312.4461602
296.2949522
302.6601921
326.5398913
270.8005032
272.7600757
292.7530589
302.9909735
295.0228369
265.078083
277.4163497
245.7926706
264.3708663
279.6208018
301.0338586
313.8834499
308.279757
315.2347286
292.5746493
309.0238906
327.7456969
313.8651837
277.2841444
269.5173902
276.7833474
263.0107312
257.4840311
245.4387607
282.2156123
292.87792
287.7917532
301.8246754
303.3503204
287.0293895
257.7968316
253.5108617
277.8581021
236.8566704
238.5167952
258.7047078
247.6746048
249.0548226
279.3064616
269.3048572
258.3071091
267.9643453
262.0422928
286.1605745
269.9730654
289.0497275
294.6158914
318.3327742
313.1102229
328.6067237
307.5203613
303.316017
304.6984901
299.7271281
276.043188
269.9636704
274.2328805
279.197931
255.4022126
289.1370632
266.8106798
287.9847385
280.9683852
285.7522037
309.9956942
316.553839
307.0911214
323.6929486
307.8813752
309.9425016
306.5973881
283.313055
290.3935914
296.7396357
280.3109185
295.7037974
301.2410415
287.0127615
301.5997763
322.9017909
319.5954461
294.1333139
299.293006
283.76641
303.8535458
302.2884585
329.2140684
308.1019056
252.5604313
268.46788
285.6606298
339.8073556
342.6016737
328.8587995
298.9729141
279.6288018
299.5650742
321.1875465
317.8394983
321.8804039
332.0076443
344.6081599
336.5967815
315.7645748
283.7063664
278.0399505
259.7728983
323.4338817
330.1683387
331.0656879
341.1226872
352.3098931
343.5500225
316.3582145
347.9969629
363.4347453
357.8453026
309.2718107
295.6956305
303.2871509
306.3347875
312.6816149
320.6298878
343.1655504
350.8252569
297.3221624
338.6765427
295.7905955
310.5834717
293.7501766
304.2697028
309.012484
329.0968055
344.4386338
356.8659528
296.1396829
303.2480606
290.1283142
273.0024881
292.2488856
333.6806708
333.8543354
301.0979914
294.5614306
299.8343537
299.5864131
309.8501741
342.8339234
302.640645
282.7424379
299.3854571
307.5431683
306.7705549
306.7320886
298.9660062
317.3577384
329.4899803
349.1360735
355.8516578
334.9169675
332.3807586
340.9849922
318.9243524
311.2931421
293.3140987
276.0907904
292.5613856
265.2909976
309.6017265
331.1169557
323.9594566
284.8173091
300.465283
298.0512678
322.2011737
293.5782471
291.4843278
291.0594943
303.6376316
298.3700706
293.4712835
299.8400188
297.8962706
320.9367445
300.1122465
299.6384683
297.1307011
335.9984603
325.1506869
329.6600953
299.1253627
310.2830414
323.3881989
324.9870779
275.8265715
290.7600814
305.1980165
300.5115233
301.2869714
307.6818902
295.4669299
300.4858593
308.6478666
285.1259404
289.7131575
298.8851444
324.3675153
276.6522278
276.1632798
250.538657
295.4014045
289.4169418
278.0898977
265.4163494
277.8048145
302.2036037
324.5960915
315.0092873
313.6065283
323.4789426
322.0040417
318.7653635
338.3921955
312.8353485
322.4544768
315.53508
304.9829444
331.2091727
311.2685317
307.4020645
315.0701911
284.2206463
297.6607578
326.9641578
331.3788497
315.7055354
302.2792992
304.8878344
291.1844837
298.439933
292.87754
295.7126848
334.1879892
343.1412759
356.9793251
351.7582761
341.9817917
280.4118845
304.8556673
290.1821749
297.427328
291.5500187
277.3587084
281.9378157
286.4460644
269.4157708
281.6910505
280.6144621
279.6190567
289.7496176
294.2420881
307.2486793
309.7109705
297.2389806
311.0311665
327.7397602
327.5456803
311.6322563
291.6548023
295.4660532
306.6652107
300.8546849
304.5085385
286.4303686
281.5719228
284.3559622
296.8684165
302.9748524
296.3795834
314.5595128
307.6289948
321.8242675
335.5002097
338.1696986
343.4580531
312.4614446
337.572279
266.4733839
276.9111481
276.790801
271.7945209
282.4594479
294.8934962
277.188521
281.8774271
305.9496972
280.7222217
265.1954864
286.2341786
316.9694511
322.6984449
298.3742745
301.6750751
307.4972334
307.8127553
306.881817
275.3341923
294.7118569
293.4204511
315.0950243
324.326386
303.8685388
261.3096114
271.368031
290.5451379
288.3339736
264.8154674
259.2037969
283.5439662
279.3714719
286.9926943
287.8215163
300.5835139
257.6463192
242.9111642
266.5458291
285.9391291
297.2028231
291.230141
302.3568697
327.3588963
313.5609472
289.7470356
298.6149965
313.2041559
290.3789519
252.5827891
272.5574719
309.6617225
317.044119
337.75423
347.3826628
283.1692972
308.0372443
314.454909
309.7823419
299.6469421
288.6906688
322.6563674
298.7115545
286.0538302
271.2179268
283.2238152
274.1545793
283.6759376
301.6311146
318.5683082
292.5872002
278.2033295
299.3115504
327.707555
307.4302242
294.0169591
297.3713583
318.7449858
318.8958899
302.798722
335.4043129
326.3955036
321.1422362
313.288154
292.2075599
302.0953901
310.2074995
334.1173254
325.4163622
312.2139227
327.2771726
316.0384258
299.485286
286.0823749
309.7904579
308.3085055
306.9639819
306.5775149
313.4802528
327.335684
312.4701151
300.7042741
304.2148644
321.0826909
304.5772167
318.5228349
316.7773525
313.6487001
311.029479
312.6458435
306.2855659
267.171302
279.2816963
296.430209
326.8369333
320.2485664
319.5022553
316.4410133
318.7891955
299.5794616
286.5345956
320.248216
344.2125759
303.6440391
305.4217872
296.3678935
330.2184402
337.2746836
329.5239235
288.7924669
274.9930726
307.6942555
309.1524802
277.6095866
286.4487926
311.4164982
304.7149242
309.4904134
305.8179636
281.497515
305.879198
315.498913
337.7092658
302.5912273
311.419085
314.8655023
303.7254585
305.0273377
304.5680271
299.6597151
326.0235606
303.851138
275.5273743
295.5183821
310.2875848
299.9998089
301.0055514
310.7391052
335.1809582
340.6432061
313.8328747
331.6588666
300.5397186
279.2997203
268.1941905
270.3954361
290.8899323
299.0253309
294.8639256
308.3625011
315.5350662
316.6246208
289.3630277
275.5048129
266.4081383
267.8663944
285.4311739
288.8809724
291.4336572
290.2362386
308.2524376
312.1217867
293.8384902
283.9324574
291.5629232
303.6378016
299.3365732
293.176215
298.2589106
287.2163085
303.4884296
318.007376
309.7713983
312.2576031
308.2055918
286.812058
311.2965141
313.2650263
324.4610755
328.7525188
304.8594643
255.4965679
277.6667219
310.5551984
315.3161073
295.3742771
294.0765794
292.905844
295.4242029
301.6564953
289.6975199
319.2844882
314.0745406
311.6557879
304.4640526
317.6732739
311.80523
323.6932503
312.7119049
302.4896729
330.5930044
334.9572999
329.1678245
322.5530076
335.3236638
318.8884814
311.7117416
321.7669407
318.7639291
307.5685118
291.1129615
265.6134807
303.0761762
301.3735295
305.2069403
290.4617106
297.9835337
290.0426252
268.0915839
288.9944965
275.4437551
258.5464778
271.1624358
246.1236275
248.2094579
256.0684535
276.3227201
311.8227919
307.600878
311.5770589
357.9949464
365.3318121
339.6521017
314.2496888
291.7922881
295.222767
271.0612398
270.8126161
247.2599737
277.9151238
275.8645452
275.0122606
271.3140174
300.3462612
314.7744867
338.7409297
323.610246
301.028207
295.7961789
297.3084104
296.5443942
314.533487
305.125913
277.9753033
286.975734
287.4384995
329.9937101
320.4748098
287.1397983
275.0031778
309.2751493
288.9704929
309.335575
296.2797956
283.0703946
285.9166815
314.2829344
306.9571888
300.7594264
289.8159609
292.9277335
268.3875885
266.6350027
278.5203763
284.2714623
277.4432282
290.1849834
276.1468
272.223394
279.1421969
299.9602241
299.9816727
290.1079972
291.530017
273.0240645
252.3013191
260.6470355
264.5453007
291.2992984
292.2405515
296.3308829
277.4382607
285.132992
301.9922966
297.399168
292.7896688
296.9719477
317.1987226
334.8359685
311.0724348
276.8152661
256.8399191
252.2427285
249.7191872
251.1918068
260.5543247
291.9252944
302.5637676
273.2105268
278.2409733
285.8356344
280.2939746
299.9572024
281.9319983
303.969748
294.2382966
302.5420644
304.2949593
297.8548541
283.8029438
299.3224709
291.602399
296.8308549
279.188198
290.2479806
325.8891301
301.3238701
291.9179764
270.7826687
277.580278
277.8773903
252.5321821
281.9872485
316.146079
293.1566153
261.9621872
290.9737059
296.2245128
270.6145693
279.3226013
259.8716752
278.3269796
290.6648824
296.9804797
324.9307195
325.2739144
313.7957377
293.5729669
297.3441435
293.4420949
306.6850112
310.6033773
295.0818104
302.0769885
315.4279296
302.26114
295.9337676
297.0076679
291.6715145
265.5494533
282.0032523
270.7141414
286.0661488
306.4652941
318.9399049
296.4071369
278.6732169
257.2083968
272.2576506
264.1613296
256.4272524
283.3436185
270.4863186
272.8078705
273.3311173
266.6821452
261.2447572
244.3923795
281.3129081
297.1243632
307.644817
303.8764183
296.1543189
296.5726104
308.6354405
304.0657058
329.6919099
300.6195626
274.374076
262.6906045
288.2896934
293.8581621
286.6627405
299.8459507
328.9978338
329.7336232
312.3237989
310.6539626
272.5410211
300.7020625
270.7930935
294.9333592
312.2856515
337.2205341
342.0164413
349.4609814
265.068965
272.8203059
298.5122752
308.3223783
292.7269594
328.3724679
331.2777364
300.3992364
319.9566017
318.2567206
313.5200187
293.7013476
300.581214
299.4163645
282.4918054
275.668224
276.7604779
282.8480345
290.8431344
293.7487758
312.3811058
276.9502105
291.89689
290.65255
303.3231582
293.3139993
311.3390824
310.5767234
310.6119731
319.9575356
320.4357344
309.6864228
283.5394171
279.940962
299.1075629
293.0077657
304.0821975
341.6169594
357.5327852
330.0678368
328.8416175
317.2831905
323.9141883
338.2151103
329.9213173
319.4990298
328.0914059
337.2243819
293.5385861
310.1987664
301.3010657
309.9033797
325.8944741
317.157857
327.6407821
321.5766289
338.8696446
296.9137759
293.8553286
279.3215919
287.4094406
295.2192993
313.6380199
320.0046474
300.837485
311.7164138
298.4739789
269.5707324
313.0625985
345.5602397
336.2905234
320.9342944
313.8419491
313.2445096
349.5716101
322.9944051
329.1742817
318.0399235
301.543549
300.5705923
313.6966014
287.1164263
289.6595559
310.4880372
306.2253518
312.8277137
310.4198514
292.8161609
295.5236611
289.2948845
319.5808352
371.2783215
383.9369518
381.3287916
341.5132055
332.8910164
354.4937968
338.9825902
320.7264039
313.25148
299.8154084
285.5723071
321.3306779
305.8840536
300.3460536
295.3116119
329.2904029
313.3329582
324.8964862
333.7544534
322.8247126
325.2323474
346.865367
322.6119863
316.8179731
317.4573235
292.7294337
266.0672945
279.0359591
274.0342511
311.7303384
321.0805173
306.5473226
313.0044959
303.3516592
274.0959237
257.4149946
318.3813437
309.8800547
298.1351766
302.992721
276.9071064
304.635668
302.5670688
282.2783395
272.87284
299.2459648
310.9091401
270.3410011
297.8168987
318.3426892
321.2988357
323.1753971
332.1074485
332.0280122
339.028569
330.8029694
335.3182349
327.3086243
322.4609328
268.7815076
275.5353958
300.9503822
267.0160041
292.8642448
299.0096587
296.6079763
298.4238597
310.0693167
296.8938472
289.8895602
285.5529427
285.4834805
292.2660633
300.8860471
285.2747279
321.8732005
316.7753052
331.2911831
322.3151317
301.2824729
310.8178217
331.5354837
309.0752292
291.6933851
254.9594791
235.288027
247.6250093
305.9886384
296.2688298
313.5650138
295.1269281
294.1196519
305.871364
319.0323309
320.7436663
304.677966
276.1905315
284.5520047
319.2465407
300.4740008
306.3065245
301.0982195
266.1606373
291.852685
303.7910859
297.7035387
297.5736352
310.9313533
288.9577755
269.4389376
266.4101305
290.114575
288.1667294
277.6608365
290.9821519
310.8282032
301.5314698
315.9187344
299.6939178
314.9737483
307.8856802
324.0078173
324.137489
277.5836771
289.2005867
279.4580531
255.4540161
272.0674523
296.0638639
284.1026862
293.0778413
297.5015213
288.2353518
314.0173092
294.4593063
301.4787852
303.1097476
312.4386826
323.1492223
287.7730466
287.2202215
254.8703835
271.1571605
298.1500829
269.5573871
262.1889568
280.4469576
283.9901879
270.7419208
241.6025854
247.818439
267.2731153
257.6676977
259.8168817
287.1191602
293.2807813
315.404305
329.9001358
309.2883294
296.225939
291.8258163
295.5504139
313.7649243
318.464177
322.8828301
315.5842246
321.8444281
327.0277202
334.2805511
316.6440021
322.658254
286.2954021
294.7915938
295.1365128
334.341339
317.9880746
298.8628694
277.2246205
293.5977275
342.6792945
331.702195
293.4382358
323.6477628
290.1867341
312.8304536
290.0449365
323.044925
320.1337236
341.5204899
310.6516642
300.585988
288.7223413
290.9713124
294.0194105
278.5590099
299.7619417
312.1993259
311.3450148
287.6403845
276.7491904
312.2496703
325.7724311
316.5525328
289.2863536
300.1362307
300.5155561
293.8297664
280.4674884
284.5880014
259.3595248
300.1814121
332.7276683
294.3663417
271.2443417
267.8240537
308.8358115
311.8492583
308.2622108
302.4477338
279.5599761
293.840264
330.9771517
319.4325681
289.5481282
279.7081283
286.1470599
290.1591581
271.8522065
283.2711723
311.0821775
293.3419442
314.832262
341.5574
346.3206316
326.7924486
284.6122947
295.1792159
308.7742368
294.7006089
332.6194758
333.9503431
301.5328574
280.3825975
301.7514563
301.4808013
315.222615
345.3330918
339.7957878
333.2923342
345.6198063
324.6372241
308.6282842
297.0997343
304.9840598
350.5476426
381.7749906
358.2609167
338.6267485
342.678078
360.1030495
366.0081281
371.9540692
316.3429547
346.143762
331.3439573
312.8559099
304.0581209
335.216737
332.247762
318.6729562
329.4563587
337.7381905
312.7812616
314.5244894
325.9168241
312.4284074
301.4170669
302.4925989
296.2265797
293.3408337
308.6491843
306.2411948
330.8495308
285.3385257
321.8140186
316.4930129
306.1513866
280.9783503
290.1912628
275.8047108
263.1816476
286.9977515
302.6950994
328.025594
315.2212745
320.6124817
315.7423801
279.9428359
274.5256635
293.8921051
298.57131
300.8879104
290.5539228
341.1773067
323.2694142
347.4787667
324.9721856
295.7422642
292.1265377
297.9083999
319.6914319
330.4876258
332.2511134
290.3440272
290.877784
311.6761306
309.9635339
336.9321413
330.9781207
306.6145064
293.7794786
306.1913469
327.3132736
351.8695018
355.0068259
309.510463
317.1752052
311.9566693
305.8500495
310.1234967
316.9935972
303.3221231
292.1149847
287.1848507
287.4932569
284.5595703
312.6680447
324.6847292
309.5171165
297.67462
306.6654175
304.7673875
307.184021
298.7903581
317.3751203
302.8849254
313.3836799
301.5377549
313.7300882
295.8302281
292.5416136
302.7767788
315.142685
324.9374328
293.5024786
283.7097484
274.6773805
314.0932689
356.3255369
358.3067669
339.1288789
295.2913921
290.7205512
327.5930777
340.3855645
312.2056428
289.8357584
325.821443
303.7649534
310.0659853
278.6502439
288.7017396
311.0332033
300.3307749
309.0426081
308.450807
307.0624861
272.6760156
285.1765749
294.6605871
299.5823977
297.7899298
327.8710146
292.1810105
284.5032363
329.1437662
326.4108231
303.3894825
280.7060944
278.721745
260.1096364
286.0956281
292.1702175
300.3957263
336.3990224
290.0324028
313.7587089
319.2942685
283.1610692
283.8358126
288.29306
283.4541875
290.8302262
298.4006938
294.4455612
294.7086041
282.2068292
284.527661
294.4192139
298.189066
292.5113574
275.4595926
288.4662473
283.0288507
287.8747014
306.5267398
312.2481828
299.4380126
291.6382328
297.6190581
289.9673676
282.6787882
294.0654111
278.8144305
294.5010556
298.1801773
327.2415768
293.8110785
270.3074388
282.9619435
300.2733403
294.605204
283.3462226
286.7221471
270.8924952
251.0996619
270.297677
269.4572713
277.1344059
279.4931515
285.7325192
295.2339136
297.2702803
299.702304
298.675794
305.5017436
278.6239458
298.7798955
305.0606798
307.1343344
304.6772803
323.0022612
332.7132164
342.481375
333.1353867
342.5528836
330.0997284
340.9319754
326.1095818
333.2153424
337.4901356
347.4639524
298.8558923
289.4575886
306.9098376
308.8080524
322.2046083
295.5879
261.9103243
267.9147586
292.1233521
272.7133671
270.6265654
283.7859973
314.3888209
327.5217398
303.0884899
297.8339298
297.9219337
289.2978639
259.720981
281.7532872
272.4879375
295.3065525
297.9692724
279.8346135
267.8404806
283.3698335
294.1747794
277.0533413
279.2964336
274.8096812
281.5934397
269.7693611
264.0511381
281.2430838
289.548882
300.4674177
287.0007231
253.4500516
256.514044
282.0707411
303.6615607
338.6396727
312.2658661
300.8715088
284.6568917
271.1101552
275.7524149
310.2601088
323.7629641
317.2458447
288.3585117
290.6362011
271.908608
287.7506529
285.8087778
284.2154104
324.6838125
312.2456361
285.161915
307.7899588
321.4373066
290.8132957
267.1525322
299.8662856
315.5660662
291.6625673
280.913262
298.6354596
316.5215071
295.4105228
286.1801739
286.3222969
295.4210304
279.9871371
284.6569742
303.3088066
313.4377713
309.9298641
290.0550852
278.3770502
271.1059679
277.8820497
243.0310078
263.5575759
286.7684939
302.1334156
277.7244167
271.5458258
283.1409597
319.2354185
304.9672882
307.0353012
288.6411053
318.5862298
314.5128986
292.8163752
269.8691742
261.4507774
271.6918581
310.4957619
316.9879889
340.076279
303.766471
252.3205422
261.7941552
280.4836324
321.8086257
301.7499127
294.7372848
267.953344
268.4192458
285.7853469
308.1740409
294.1218626
313.1060023
312.0962216
314.4985943
325.9903763
302.2269852
294.6796843
332.8445398
320.9011525
336.7089683
363.5651197
352.8471208
311.9835265
314.1221351
311.0434689
298.0498158
303.892781
311.1286427
295.6390466
266.8440557
281.6789453
304.1955081
303.2517077
307.3872276
299.1662952
307.0126402
318.007246
302.9997939
277.7416429
254.2081226
298.1340837
326.928435
287.760904
287.3179757
283.3393045
286.7588441
284.0848804
259.1395805
298.9719573
316.191159
302.1155689
283.8180368
275.5881528
264.8627358
275.6532077
257.7698151
263.1023157
265.5626788
269.2792119
274.6234603
251.5276334
237.4789164
279.5423979
283.1125782
287.9188788
258.4228621
265.8079101
265.9466584
285.6598773
314.8303909
324.4267663
330.7175321
319.9808997
310.4385662
288.3499637
278.8294929
279.6628756
260.4239936
295.3545617
282.9060501
278.0484384
258.9905322
265.2873384
301.3601749
322.0021922
306.849981
294.6776159
284.4632286
283.6536451
314.0682538
307.3198959
288.5374955
300.1977225
330.0109128
318.1834234
362.023877
362.5241374
316.8584603
263.4696612
245.846718
265.7309265
300.2981504
281.3890474
276.4716917
297.030131
306.4001271
312.5221903
289.6324677
306.5141818
297.5840589
304.7524661
295.0818192
299.0177935
297.8319022
302.4532961
307.9062839
294.3651139
303.7674319
)
;

boundaryField
{
    xPeriodic_half0
    {
        type            cyclic;
    }
    xPeriodic_half1
    {
        type            cyclic;
    }
    yPeriodic_half0
    {
        type            cyclic;
    }
    yPeriodic_half1
    {
        type            cyclic;
    }
    zPeriodic_half0
    {
        type            cyclic;
    }
    zPeriodic_half1
    {
        type            cyclic;
    }
}


// ************************************************************************* //
