/*--------------------------------*- C++ -*----------------------------------*\
| =========                 |                                                 |
| \\      /  F ield         | OpenFOAM: The Open Source CFD Toolbox           |
|  \\    /   O peration     | Version:  2.4.0-MNF                             |
|   \\  /    A nd           | Web:      www.OpenFOAM.org                      |
|    \\/     M anipulation  |                                                 |
\*---------------------------------------------------------------------------*/
FoamFile
{
    version     2.0;
    format      ascii;
    class       volScalarField;
    location    "0.0009";
    object      translationalT_mixture;
}
// * * * * * * * * * * * * * * * * * * * * * * * * * * * * * * * * * * * * * //

dimensions      [0 0 0 1 0 0 0];

internalField   nonuniform List<scalar> 
5120
(
312.6844574
297.079619
285.0682406
284.3366168
295.8575957
293.8647078
294.4755217
295.6028193
286.7344421
288.5059354
291.4965516
297.5857165
299.84059
300.7723043
298.1837666
293.143753
291.0134092
289.2426061
292.3986937
307.0900604
287.850893
294.3841983
297.5825947
298.1839049
292.7226002
285.4443348
282.3352168
293.53729
307.1521796
299.6307412
300.410584
292.8665035
298.1929262
291.1564388
288.0239901
300.65048
291.7176512
298.5112941
310.6661319
301.3906814
313.6338629
306.7691318
299.6977794
294.9686847
287.92809
295.3668306
302.802806
302.1805743
298.8627894
298.5350837
295.4506445
298.4960488
289.7885248
282.8179247
294.106892
304.9102671
298.0390684
296.9718017
286.9132685
300.7620926
288.8297865
305.6829356
320.0760744
307.3978252
300.6522873
303.8911212
315.2638664
306.5971807
300.76974
307.2529474
308.3152665
300.5237196
304.7669397
314.8773758
303.755834
304.5113465
301.5383356
294.5573105
298.568225
289.6133888
307.3673206
301.8688063
278.5542092
291.3809752
284.421047
299.3601335
302.5885313
315.7949528
318.2964948
299.2841585
301.1625715
298.1850294
290.5577766
284.0431799
279.054872
291.8635217
309.9558577
324.6736043
308.9778736
310.5718343
284.7706062
277.6953594
294.0516058
301.6629595
298.6521961
302.5756362
298.6896977
305.7665729
312.5777919
319.663213
305.7210033
295.1219971
289.8496864
294.391877
288.0045398
293.6160057
288.3067144
281.2440242
290.5833277
287.9379412
304.9726319
294.5692571
308.9129298
315.2631295
306.3177971
295.4827828
286.2563764
286.7422755
285.8222422
281.9812792
292.4415169
303.9229452
301.5979948
295.5927019
281.190338
272.1257434
287.4519909
285.8695873
288.9406137
301.3397112
289.7496087
299.8109625
297.4368648
292.5978443
298.2197759
296.322477
304.04943
282.0783227
278.8130815
290.0960612
288.8147026
287.0523804
291.3615893
292.0370443
294.0105753
309.6352671
302.1131317
299.7086811
297.6672304
292.3596975
310.3767454
299.3188231
294.8090842
294.8257303
292.152138
293.8200383
301.6244131
297.8746445
295.5375224
292.6024494
287.9244253
299.5128451
302.594679
309.3577815
303.1865961
299.5989004
301.2648931
301.5492775
299.1980198
310.0369766
301.7737551
293.9065011
303.2845696
300.7190875
288.3593116
288.4968763
284.6196999
287.0330612
295.5022711
305.7268601
308.8851737
305.550375
302.2194725
305.8007811
302.8382488
305.0909583
296.9599269
295.3736114
304.4802874
300.8831002
293.3400818
307.2872606
298.0313398
295.2274796
302.9950744
312.7531246
313.3087622
308.6228827
311.2158364
319.4907449
318.0289878
306.0751839
296.8875981
289.0692109
305.7398209
295.4061665
291.9210251
300.035045
303.3545711
306.8903509
312.1585873
302.1090625
299.6035023
308.2241463
314.1020853
303.731394
306.2974431
309.4281531
298.3924388
304.7414948
299.9491255
307.7074844
316.504239
299.740137
312.2401689
310.1958002
299.6874395
310.6747611
303.1760934
309.9133922
299.5514056
300.7921746
304.1197461
304.0349422
313.2201355
318.9150469
299.1133329
295.7335294
295.3767547
300.3741078
299.5043722
294.2266681
287.2565244
298.4967813
302.4909615
298.9738479
297.696391
295.9740709
306.2943196
299.8930366
284.0939938
288.0098674
292.819347
296.0986689
308.1184957
313.8664851
307.9051363
297.7024116
286.3506467
283.95707
294.8285722
279.8889592
289.4127101
297.0059691
297.2106817
299.8318499
289.9217708
288.3650683
293.4575749
293.8250551
295.2233539
283.666603
291.7155165
292.3189543
302.2289745
293.1268923
279.7832187
299.3825412
307.8887186
305.9378749
307.3895244
310.0390604
309.8628708
307.4383408
298.891177
315.5028435
322.3611591
301.1377979
292.7903205
300.5696434
295.8199039
295.7144209
305.5850495
308.2280776
302.6451266
309.8014435
304.2427979
314.0108626
319.3021414
312.528768
320.0567725
316.1682472
307.6867757
310.4155148
319.7623272
298.6142164
285.961515
273.7159295
285.3752016
291.1542923
304.9131537
302.701315
300.7746941
295.4173833
291.5410919
282.5934626
275.2858429
276.8047265
288.0745794
290.9718401
291.1266395
292.4671475
291.9419395
296.6629373
294.686797
304.7308436
306.9179881
304.625121
293.0565756
304.4243594
298.8001556
317.8789417
320.0001498
309.95586
306.7391514
303.5833505
299.9233351
297.1197175
298.6060134
311.121
305.1507736
296.7084325
296.7688295
299.4306405
302.1457258
304.9554588
323.9151256
321.1272924
312.2927484
296.3018679
294.4763231
281.6488497
265.0865337
289.185166
293.2836101
288.6771809
282.9455009
294.8412558
296.278804
299.4961711
305.617276
309.543583
321.5257139
316.6342565
317.797098
308.0596336
301.8962762
302.118365
297.3303327
302.1583924
296.9839751
301.6777217
305.1793598
313.1404808
301.7031203
301.3822853
303.3062348
300.3168611
304.5505768
303.9624389
307.5179215
301.5799814
305.1750052
317.1818092
315.1101716
317.2109962
302.4456322
290.8054977
303.0530662
302.9244127
286.2488877
288.7726122
294.7854306
304.9380672
307.0996176
300.9057636
287.4512159
283.4703534
287.2495334
297.8728151
288.8802771
317.6894968
310.0577054
298.5266164
299.5898606
293.8220439
293.9501617
293.2258024
297.4105441
297.7358557
324.0963505
324.1585026
325.241715
303.1298782
305.566484
307.039114
317.7901454
305.5861501
285.1603882
280.0904088
287.3802156
288.5803491
308.8915801
313.8339989
309.8206029
304.5425059
301.1247975
311.4737771
316.4583049
319.2514223
294.898047
301.7000266
292.192883
302.3554991
289.8672764
289.8519634
299.7287826
294.8518657
297.7685801
291.0369509
291.4985927
295.2630923
286.8587349
292.1683718
288.0600517
297.9849221
294.6956181
293.4325215
300.2307565
299.3003441
288.8745506
283.5198074
283.7515537
299.874231
298.6909661
293.941958
279.6262187
290.2943042
292.9961572
301.381642
294.0596551
293.3737111
291.8554405
289.8294032
290.832183
283.5476774
295.8419957
304.9860325
297.9366714
290.390358
282.8021695
290.1906087
292.7224784
288.67025
274.5591716
283.148314
286.7167473
297.1549535
310.0336563
310.0217058
308.8265074
302.7434086
299.7709575
298.9490266
292.5228853
301.8085934
317.2153509
313.3346091
308.3055071
292.6633638
306.3911515
295.172588
296.6281669
301.5489699
304.9697698
298.0369119
285.5957
291.9998047
290.0170789
302.3892395
296.7223827
304.9957291
304.5187052
308.9082081
316.5154181
310.0862636
306.6070074
308.2205106
316.9632099
301.3727684
314.1773001
315.7136108
305.2057051
304.1465563
291.3009967
289.7597173
288.081432
294.7813098
297.4411551
304.7365624
299.2171328
294.7372072
302.3538789
306.6682593
281.6273046
299.1082149
296.9969196
300.8076973
308.5598438
311.7951169
297.7476783
291.5880628
276.6941231
276.1743351
289.6475854
288.6230692
294.3342427
300.4627048
303.2576588
322.2318757
315.4801476
316.4637701
308.4487226
306.9507816
304.1642049
310.6434322
297.2917276
301.9593428
298.6894756
299.4700321
299.6281509
304.2637422
304.0061903
311.1897103
308.0647997
302.5540201
302.2436249
295.5234562
291.5061124
282.8443429
300.6848475
284.9424801
290.5917867
288.4925538
286.2814484
275.3060003
281.310286
286.6727301
293.6704767
304.4139091
298.4401621
301.2539783
299.8856514
309.7624131
295.9574572
298.1022092
298.6677407
306.7104209
306.7242563
300.7118981
281.1524863
284.3616738
286.589713
287.016255
292.5741262
291.3243905
284.7751305
284.3865254
273.4922802
279.8287621
297.8890041
312.9829848
304.68512
298.6789429
283.9375917
292.3444029
305.899991
311.2571731
296.0914746
312.0234824
311.4834709
303.7851886
302.4235984
304.0765702
301.1535067
286.9258457
290.2035902
298.8821329
295.740319
286.1787822
293.1368677
294.4131375
305.7835304
312.3177587
318.6822764
305.9594032
291.5731464
294.4008882
310.0497128
300.4699321
295.4877006
298.3063055
311.5659774
298.5590372
313.2236123
305.4229229
296.9054232
291.0993357
301.3434401
300.2465161
308.6499107
300.9512546
298.6475016
294.6750557
290.5684964
293.9666959
306.2015955
318.1560068
299.679279
285.6594933
287.1983867
285.1820994
295.7597889
294.3452702
285.2984041
294.2485178
311.6041792
299.731757
299.7658321
304.3170223
319.5112201
314.9274373
318.5359357
316.1809484
325.8766641
329.7909992
325.4563501
318.7188147
309.2391351
306.0283141
299.2557137
298.5706458
289.5884241
303.3094458
312.3698827
324.0419124
323.3519693
331.6834628
327.3991971
322.5928921
291.7259636
294.0460347
290.412471
293.9859338
291.9084673
291.3140903
293.01072
286.9966009
280.928042
284.3244033
287.8261453
302.3002073
290.8081969
296.6158625
309.8632844
314.8533377
308.8808028
310.3111613
301.9153954
288.443582
295.9224628
311.8425445
320.486111
301.8021476
298.75343
311.2508744
296.4661353
296.8321332
295.3769851
302.9564411
281.8867418
285.14558
293.007898
290.9501468
291.0657095
289.2261739
300.7832068
290.2462047
277.3625654
287.3347446
296.3629453
290.8588889
282.5930354
291.0199689
302.6060766
310.340199
310.3900395
298.113715
301.3990504
305.5502831
307.6631033
300.6823804
297.992667
297.2615089
297.9376144
303.6871781
302.0294514
298.7101814
301.7325147
293.4762208
310.6579922
300.6935165
297.3926187
303.9461532
301.9600085
300.9590445
295.042435
297.9930174
299.6294532
294.9032151
299.3934616
319.1363696
298.1608366
296.0087829
286.1679207
285.5788433
284.9527871
288.8697667
295.0461812
306.6051012
269.338403
275.4889824
279.5421509
293.2456143
306.8568828
302.1220577
296.0582157
294.1644188
302.5571061
304.6108393
294.1498144
284.3483324
283.1644149
287.0541099
287.0243468
283.5720484
279.2208037
275.7771323
279.2905978
278.4341807
309.8534986
296.7140001
291.0929795
287.4554584
299.9525917
290.3736096
286.3831551
301.418368
297.2468173
283.1976743
283.6986214
285.6680402
284.0455002
294.5248721
300.3649099
304.7205917
299.494818
292.921731
297.2128115
297.580239
300.4941174
301.7901014
284.5502075
272.5385247
283.0550781
293.2158924
283.1935506
280.9229865
295.8084477
308.5734892
305.9876381
298.4679102
296.9427844
301.5071598
294.4820773
296.1395261
298.471452
300.6204408
295.6156979
302.8328245
297.1702183
289.9920587
300.3341294
306.4847324
301.9736706
292.0721226
297.88148
305.7765285
285.3953906
273.7130083
284.3989389
292.0938102
301.0781979
312.8320747
308.0630585
305.7679271
305.5951345
312.3521745
302.3554729
295.2556908
305.430869
303.8205402
298.4254191
286.0656457
285.8796198
298.3014517
299.7784599
303.2330221
304.2192135
294.7013929
297.6896795
304.8424771
308.4680823
310.2898278
305.3450959
292.0515062
310.0686123
310.8417143
300.2528409
306.7484548
314.3109622
310.4468424
308.0484699
301.7419905
304.27084
301.6065304
298.5395114
312.3774676
318.2149338
304.1558375
313.5071687
323.3823237
327.1322591
319.9168401
304.5567627
301.3469418
306.6307509
289.0631105
313.0505525
309.7009521
299.2075555
300.3238754
315.722549
307.8712696
311.1356643
311.3044286
308.5160534
298.9762903
291.8702919
304.6597359
299.3999184
287.0906949
297.6323022
285.0968389
291.4261602
297.0323704
297.4792404
288.787782
285.8771213
288.5738226
282.1059459
296.9143499
300.6378375
306.5927289
301.8232384
304.0452855
301.7739805
298.935475
302.7145486
307.0191885
303.8725827
286.95085
284.9538111
292.5276588
292.083718
296.076976
308.7331879
293.3764038
298.8038803
296.5281094
299.0976746
287.0860219
278.4242464
284.7236869
290.6209711
299.2109618
304.0663919
303.4061791
314.6561832
304.5480504
309.2955863
313.8465003
321.0279144
311.8685911
311.0567185
304.278113
290.4332704
290.7865837
297.4274299
302.4931097
295.3872691
295.9906176
298.7506084
288.6524318
290.5084311
297.9368544
293.6031181
291.7904947
300.8450466
312.3412031
309.0389122
303.9763753
298.1386795
305.1460548
295.4626877
301.6007744
304.2232393
310.2334248
302.0788908
309.6420485
307.6386422
291.568251
287.9189804
295.9987719
300.7398297
297.8057446
310.8826471
293.0557762
292.9796622
308.8827802
314.7967251
299.3795943
292.6256456
289.6644486
289.4018384
288.9652212
293.965939
304.0811902
315.7544636
317.7495612
306.77936
311.6744531
303.9971126
308.8945823
300.1392075
298.7268534
309.9647737
311.3666156
314.5210716
309.4097425
292.7188391
297.2834174
300.9966613
309.1298156
301.0730457
290.6077069
288.2188553
296.4188894
292.8768743
290.4000961
309.2005121
312.1955665
320.3919617
308.8636688
310.436955
304.1347813
300.5305582
296.5677742
296.9490452
299.9994723
308.970609
316.0853222
317.0732967
322.175033
313.8909998
304.7313119
308.8537416
312.1562753
312.5477378
302.1691667
308.0033812
306.6958352
297.6976512
306.1035068
311.1932765
295.2775359
295.6308832
310.6964411
325.6748674
306.979483
310.9772943
318.9215784
308.0865463
302.8308021
302.5608282
290.3848253
283.9077928
294.1548245
301.3672986
309.1211428
298.5656252
300.1347287
289.3535317
285.4044299
279.096524
293.2652096
312.8800999
325.6570263
312.8448514
306.2355228
299.091352
288.3936953
293.6141816
290.2555404
283.4351468
274.5106369
294.3931209
289.4044614
292.8354468
297.637223
287.2041414
293.7529276
297.3000229
293.7863088
301.1114469
301.1330282
308.4386289
322.5394292
319.9701268
304.1265905
287.1822793
294.5837749
293.8987268
281.2590107
287.9145746
283.3509143
284.2965213
279.8347761
274.6809558
282.0736966
309.2419302
306.5047365
300.5227861
323.0130522
295.6229463
295.03852
305.2780442
312.7401841
297.0362166
318.5421651
311.0069926
294.5606045
286.8657525
297.9999125
301.7700067
300.4411106
307.503174
305.9057174
297.2967015
300.4339532
316.1831302
313.4907206
307.4668917
307.0125821
313.0939492
325.9017093
317.3090868
313.5993248
308.3521753
303.0247895
302.3331358
312.2180374
308.3944638
315.6420203
308.2241513
300.3658877
301.1023268
302.3099988
310.1007091
315.7004728
302.5170467
306.6343783
313.317602
322.3514662
315.9982881
318.0377704
319.3382054
321.3838446
320.8203796
311.1344427
300.5270165
305.8588145
303.9612306
312.8479833
304.7389658
298.1454655
303.7178453
319.7671167
317.8348647
308.6713091
297.419971
288.8773618
294.6551479
293.7125214
305.3757384
281.2262257
292.7848986
293.4725724
284.3731238
305.572698
302.5240593
301.3995342
298.3462348
297.264793
307.4398816
318.4579587
317.8103841
304.242266
298.4021892
303.0335005
292.9984853
285.6388109
292.2352562
297.334862
294.535725
302.4764986
310.2179898
299.2091144
295.2797197
297.3432244
297.4473761
309.0308557
308.6534582
305.5981731
306.8751431
311.8451614
307.7015252
302.8051356
296.4619809
289.3003682
293.4839795
294.8871136
296.0189759
284.3420188
276.6870171
276.0699016
286.6053688
286.4446389
295.7018981
296.9986771
304.0782522
285.7646453
288.1540576
297.4803641
296.1189441
311.3266858
310.1840113
305.7892729
292.1709172
285.7047771
292.1860527
291.0428562
286.006011
295.7214212
305.2183034
297.5580492
299.8685268
313.0778201
302.3112558
295.6211526
300.9013396
306.4106744
290.0402575
299.0124294
303.4013281
295.1818381
283.8796391
295.3643201
304.9369231
312.8281173
299.3768201
309.7923882
308.139247
293.6331147
295.5738764
293.3631297
300.1322795
300.2019786
296.4645492
295.6265886
296.7885944
309.1616599
311.900524
290.4370814
282.0835363
275.402153
285.9555971
296.2624052
288.8382517
291.7765108
300.6368536
302.0308605
306.2303183
297.0901056
313.2909454
292.0598037
279.6542973
289.0493041
289.2383696
305.3153742
293.924676
282.2056712
283.2085872
291.8972727
288.1942793
291.7163194
308.4414116
300.2407918
302.5259637
306.3623469
298.1358158
313.8243675
298.5009873
294.7358181
299.2092118
295.3802823
292.6029054
293.6926255
289.0970504
278.3624609
290.0516183
288.4683988
292.8919988
292.5880925
293.9536504
291.488542
286.6837141
293.9673496
300.2955283
291.559976
299.8420226
295.9853615
305.8743041
298.69384
296.6388708
293.1151247
302.7459569
293.8903153
305.3866251
300.5021503
298.0630015
299.1951258
293.8071542
282.5923117
288.7173938
291.2197732
290.5565218
286.0933343
303.0126858
310.7521402
301.9935262
307.2004528
311.0199622
304.5324888
301.3427696
296.3411976
299.7655082
296.8979976
290.9082708
288.032185
295.7031292
307.2334926
319.3766416
310.1616953
320.4137863
313.7192765
319.4264343
324.8929963
318.1111655
300.6607345
305.5633354
301.8058833
310.9033921
312.0706984
304.9665161
305.004529
315.1250002
309.9912861
306.9057648
302.4247531
314.0211506
306.0715187
310.2059044
307.494144
303.1593577
308.3843236
295.9292827
293.5988667
296.8546807
307.2824308
303.6380624
313.4868699
307.5628243
309.6854848
296.4702211
295.4638213
287.7706268
289.6507447
301.6114723
320.0413231
304.3474328
307.2365509
311.5906054
299.7496252
300.9602461
300.1501897
303.1945555
300.6885469
309.0655162
313.1553581
306.7040484
310.2192143
318.4419301
315.5236249
315.131169
305.2235657
287.9523822
286.2604673
295.0409416
292.8246024
301.4111099
295.9616772
280.6682958
285.637071
305.1151505
296.8684778
302.1294794
308.2410452
310.7194275
305.2279737
302.105612
310.4921136
300.1031583
305.0826655
310.7442242
309.8684378
315.1780441
305.257899
300.5526967
316.1426071
308.8478594
299.9398989
302.3537869
295.9864894
301.6090743
292.8960301
305.0038815
289.0631777
292.5357922
288.1461758
287.4010851
286.5201349
289.7199289
290.8213591
310.9688798
310.4015437
316.9180873
327.1466816
321.8679517
295.3635883
299.3740764
296.7926618
289.1010028
286.4780097
286.9073952
300.9357034
293.0772614
312.9006012
323.7603844
296.9211361
320.5071028
322.4293246
314.0098821
317.3992453
302.4389894
304.3805302
291.2062169
289.7068281
300.0329827
305.9213834
300.838471
311.8996694
309.3236792
303.7869578
299.746897
284.2820125
290.0760332
298.841261
291.1250777
308.7295126
307.7166244
316.8903187
303.0849782
296.2469208
297.2778941
292.4751119
296.6056952
310.4542213
308.9514503
309.5815984
317.0256086
301.8965561
288.5205423
300.0411349
293.3880542
290.450187
292.7199151
295.533527
301.4083252
299.5186982
276.1667985
291.5150443
294.6146669
300.8695903
297.1347695
296.0586297
294.7635574
293.3805711
301.3008764
285.0574875
290.2851226
310.868945
297.4152686
291.86964
299.3320933
296.8203076
291.3786162
288.5500291
292.5087658
286.0935074
310.395516
303.4154777
301.5576105
310.6181996
309.4458455
314.338447
296.0470712
284.7915724
286.7071805
299.9509683
318.2356552
301.9351617
301.2920013
293.1085115
298.695209
305.4108816
302.0112139
296.5414453
292.6387418
304.6746354
287.130462
303.8986467
295.4082421
301.0586881
317.1719218
304.8893748
299.1467885
303.1660299
300.8614368
303.597601
292.4488509
302.3736176
301.2742311
300.9178744
291.0385885
294.0703801
298.1262439
293.1795413
296.0205633
294.7125771
282.3219205
273.2368963
265.936819
265.0128888
264.827637
284.7578466
292.3777727
301.3072419
287.9113598
294.9273165
302.3806362
301.424139
297.7268868
294.0554863
288.4030346
299.636709
298.2717694
293.4022217
292.0745237
278.4999457
294.3598766
295.9844425
293.0422244
298.5010406
307.2747946
305.503468
300.2139506
292.0594998
296.7762013
295.9834626
289.9089442
290.59774
287.0001031
285.6886064
286.3197658
297.0768534
291.7404848
289.9741476
283.829798
293.9763448
306.7480509
297.0024802
304.8926395
319.0356484
316.9685433
299.026077
290.888273
282.9178138
285.5825601
302.081657
306.1787458
306.4215246
311.9216844
318.4715765
321.8662945
316.309348
308.180314
311.0142157
309.2998226
304.1317843
305.6166348
292.3739155
299.8427169
294.2009428
304.8597813
312.0923324
304.9508418
314.9429738
312.8514243
311.1620691
302.6959012
306.638394
308.1458505
312.8442157
314.2807831
320.0961829
305.733729
284.6070949
287.5374565
308.8750739
302.5272017
290.3437451
299.452119
298.5265021
304.8914912
316.1004246
308.6557371
299.5210681
288.8200648
276.0816631
284.1831432
294.2785723
294.1903479
294.7543104
299.3594972
301.0545005
306.8387237
302.6132451
292.5481584
306.7634748
318.5434376
319.7709255
312.9125496
311.9658101
314.5587291
310.7901671
297.8025936
273.5690122
276.3508852
291.6263161
291.0618554
298.4977029
296.7946369
298.8657054
306.2636401
313.0883605
304.5116329
313.447996
302.6890138
304.6011815
311.4814862
302.9137393
302.9281836
306.9381996
309.2388756
314.2817034
308.2686855
331.5150045
326.0535897
312.6221958
305.527143
309.0491198
307.4747581
304.2907474
294.9872342
290.3186956
289.1597274
285.391656
293.2488419
291.9962436
283.6161589
292.894386
297.3951904
290.5319397
303.1951911
294.5569927
309.0325511
304.217222
298.3826545
296.7205756
322.6516319
311.2845034
288.4506174
291.1186351
293.7167751
297.3504529
292.4675249
294.1161004
295.5687839
303.7553942
297.8419448
306.0542806
311.6959303
319.6104554
317.0709571
316.3315416
320.4598678
311.5861345
297.9447565
285.8431079
272.8437353
287.7884762
298.2311902
303.2314615
290.2690778
277.8898633
285.6217527
285.0108618
288.4234561
293.034266
295.993247
306.0133882
293.0756827
292.0887126
298.208368
302.2063681
308.7383991
312.1177547
307.4248614
293.8776441
302.0884412
296.7639501
302.6683516
311.7993565
309.0629653
316.6245281
309.9094055
306.5740799
292.4733185
286.6705832
300.2597465
303.7655486
312.1036168
325.4309688
310.1854536
309.4326458
290.4049296
286.9638253
304.6230404
317.5350749
312.6066558
315.5919024
309.8472304
302.338199
303.7208322
315.9772379
321.8007761
312.6771087
290.2289713
290.7396141
294.8361382
286.4897741
292.0038816
296.6782906
305.6227136
306.8261937
307.2322061
302.9911727
301.6492092
308.4155822
313.7697149
297.9202319
304.7451505
305.1983712
302.0122567
303.4035881
303.9247909
301.1238344
302.3004042
302.0205229
292.505955
296.3094748
296.7943378
286.816979
285.6137092
285.4794252
301.0163443
303.3779063
298.5046304
299.7133436
306.9117749
317.3677897
313.7767981
303.5763101
291.0080534
290.4210611
294.9741519
308.678706
318.8640747
314.9520603
311.8682519
307.8213374
307.2316338
300.3190774
304.9020552
301.3596601
309.7852416
294.7045538
305.3708794
305.0436526
299.9508928
282.7695142
292.6018259
296.1408541
305.8213453
303.997683
299.1679927
312.1088659
316.9205967
305.6923628
289.2199255
304.7237884
297.5016756
293.0452949
286.7947781
280.1403353
289.2232025
291.5961586
289.4243039
293.028447
285.8175614
287.4818676
284.6912025
293.7309406
297.4357868
298.0893227
302.4911518
288.4152119
285.9365634
285.0151195
284.8740894
289.9710528
303.5453845
288.5801526
296.2986573
294.3877929
288.340153
289.8378377
291.0689017
302.3978663
294.1306234
287.222023
298.5749112
312.2515271
312.3664284
301.9456662
297.849642
299.9648962
300.9545582
289.7808865
293.8804364
292.4362058
293.9474437
307.6155706
312.6979089
303.5039251
304.5922304
300.443756
311.1413958
298.5766987
304.941131
300.4071911
306.7859323
312.5041791
303.3461332
300.1957838
323.3589214
309.2880353
310.282915
304.6677579
297.9784787
300.6649824
310.8464022
309.2423728
299.1219434
294.6464886
295.5772353
304.0202198
310.4297947
306.9189709
298.9778222
295.1046172
285.5366799
289.4526289
300.5698446
295.2101561
299.889758
309.474354
303.0759029
301.236509
319.1954317
312.2167253
299.5104106
298.452344
299.0497693
306.5029971
302.2638544
297.9474081
293.0364485
296.5748797
294.6655909
298.4050467
303.4632721
295.1682647
290.7466595
295.6926798
301.5621248
311.3150815
291.1470914
297.1054026
297.9967596
308.9368187
300.0556422
290.3115253
294.4120688
286.0255262
296.8475837
296.8582286
294.4589371
288.9320372
292.3040027
294.594145
296.9573897
299.6313882
307.0626159
305.0397734
308.8956235
303.5369224
314.7691986
308.0281333
290.8843738
290.1414151
301.9735472
317.4332254
305.6792093
327.1046342
315.7461854
316.3334145
312.6916044
299.7867526
298.8244689
292.689069
288.1786501
294.3400581
293.4018618
290.5952664
306.7356782
317.1157064
311.1290096
301.3022496
281.7737601
304.903975
304.627361
310.3645033
312.2570202
290.1158268
282.1407195
298.062778
296.615662
290.1832746
300.5689069
298.4127487
295.5945496
298.5922428
293.3935461
296.748552
295.5569079
290.1795468
286.4239609
287.7014479
314.6219903
302.7185309
301.4601359
296.4142695
290.206181
306.8003313
302.4217985
296.6439386
290.0798355
294.5732646
303.2684432
298.8700772
299.6706828
293.3559765
298.9763076
298.3468641
297.7426391
296.2015943
312.1857145
319.7634444
302.4672039
306.3492018
301.2748799
298.2317798
296.4115158
293.432175
283.1713795
281.2149436
289.1951497
295.9163035
284.3564996
276.3828552
271.0960885
279.3349003
283.0035731
296.2090112
309.1830787
317.2864013
314.025076
296.053393
312.499066
297.9336674
278.9859155
278.1439798
278.1386172
280.7521129
273.8349232
282.9671036
283.7019195
294.9807271
307.9317872
304.5738602
309.5418118
303.2958753
300.8303454
297.2706474
296.8691637
296.5579112
295.6429028
309.6473207
297.0792562
290.2110717
291.6828678
289.7294582
294.3309042
300.8493726
302.0508689
298.4768219
296.7776289
300.3960343
300.0270898
286.1255111
282.4770073
275.3811227
291.8122467
291.1760446
293.4093018
295.1228185
290.2469445
290.9200098
293.1820872
288.1907493
288.6137276
284.9298889
295.9993702
297.4114364
298.6348637
296.5603296
303.0381737
300.1533122
301.6796527
298.5900025
309.1415313
329.0615357
321.352591
319.5532627
308.7460788
293.9111929
312.8921439
297.5632255
306.3411488
301.5419737
298.2106624
287.5874845
291.1789738
298.7717263
305.2821641
301.0593278
278.3621436
274.4265543
285.9226781
303.5487565
308.1802397
299.891702
303.9426477
309.662509
313.2240584
316.9306236
315.1964652
299.9588572
291.6023208
280.3298353
295.8620578
294.2411431
294.9793414
283.619636
285.8433792
287.3921276
284.9057678
285.9362549
282.8312195
292.9061854
291.6461547
296.5365841
298.387619
305.4590361
304.0557325
305.8170944
302.4841212
309.4351116
289.2213377
296.1503443
285.7625668
292.6712552
290.3079952
297.5674919
287.4527155
291.9180499
299.340849
311.0416155
308.291354
311.8962654
305.4811815
287.5103648
274.072592
278.8690552
270.897152
266.6141381
281.8612612
291.2393373
289.7242761
283.1666673
297.7047734
300.0393526
316.4778623
307.695724
318.563374
318.9909654
312.74049
305.481225
297.0373485
288.8442152
287.9914572
298.6142983
302.8757044
296.4224499
295.1730558
304.9730316
307.5727899
302.3919113
315.1832903
299.4209522
304.3647947
312.6515712
304.1054822
296.2677644
300.3335494
304.0377267
312.7922843
302.2767973
318.6045037
310.582222
297.8086191
290.5311043
306.3442535
305.8210641
292.3636437
279.2207693
281.703159
285.5786335
307.5353203
304.2706759
302.1757381
285.7643804
306.3533776
308.0211372
307.5651403
307.6568147
305.803198
304.2325787
309.0124324
307.788398
310.5593416
321.589909
304.6955269
298.4678938
299.6650305
292.7118921
292.0641885
301.2786045
312.2136199
310.1392149
303.4188728
293.0261928
293.4121855
296.0075176
316.0324695
318.1536295
317.7258698
314.0651242
305.3502614
300.5114344
291.4834274
295.2842257
303.10922
305.9062524
302.6437043
300.0053735
304.1284233
304.0355735
317.9898015
312.1339223
308.5929921
308.7265021
298.6275087
292.4075844
293.4399559
300.888678
311.3025604
297.9331276
307.9731672
310.2533325
317.4062221
321.0897564
312.023496
293.9830074
310.3536863
319.1068644
331.7377654
322.4913366
302.4445737
305.0069144
302.5275016
297.1514141
299.6958053
313.2893486
310.9438773
312.9820017
337.9090702
343.5628367
335.133766
328.5732008
313.550828
323.6214897
313.9731481
314.9307885
307.3169944
299.2571112
308.8330313
308.6237426
300.9294611
311.4314277
319.3054423
320.3893072
306.0996581
294.4155628
292.42828
306.8820338
300.9957223
299.9507623
296.4511613
300.4423213
297.622606
295.1403906
308.8552837
322.3285223
315.2057692
308.6980072
307.8209719
296.4026836
309.818719
298.9317382
298.6303705
285.3660285
295.9105531
299.2551102
287.1602881
289.8840348
302.5694453
302.0129547
308.0949622
299.8048257
306.9093749
328.8748982
330.3271285
305.9920263
301.986276
310.3327688
327.7328567
316.3456131
299.7137761
305.1263804
317.0685195
316.3581032
314.5879747
299.9306548
298.4277729
295.3092134
293.1778219
287.577208
298.355924
297.808124
311.3599722
310.6899599
311.085691
321.4675496
315.3433654
313.8181435
306.9267439
296.2184026
306.2976713
300.0488629
308.2349055
322.9985141
303.576795
290.4860092
287.8542919
286.4445582
290.0407675
294.536959
294.6503691
296.3254208
298.3073597
305.9483045
304.3023735
303.466219
308.2627617
288.2022442
304.6888809
309.9809235
284.9361326
285.6026241
300.569563
281.2563409
282.199149
287.1978585
295.7709317
290.9169033
287.3235886
277.9664246
285.9294148
285.2517411
283.1560895
289.1930159
292.2040373
289.0962605
297.106085
302.0507522
304.6261277
286.5300532
307.3332811
296.4094621
287.5921477
284.2748582
277.4578791
284.9884867
264.0551626
271.2495738
272.9997352
276.4471185
266.8260744
275.9098988
275.011283
293.8413574
301.7290896
295.1822392
290.1234564
293.7970679
293.5043978
300.6485313
301.2066408
311.688659
303.8933593
303.5627724
284.9354287
285.1799356
288.8521875
285.5893768
297.6895906
295.2963818
289.4975857
288.9458986
290.0593996
292.2457771
286.636423
287.4837504
301.0787839
292.268282
286.9836585
283.1612749
316.7163293
304.8454394
295.0143885
296.285683
307.1579553
304.5708892
299.0426861
289.0814511
287.2324951
291.7721402
303.0474888
300.4505512
296.139603
282.3949265
303.8586805
300.2897144
287.5457321
303.5384823
302.1626601
312.3763198
283.2878023
292.198134
294.8912455
288.9612348
281.8295386
290.2531178
292.7872852
291.1534904
286.5495039
272.722566
273.3447983
277.5213658
287.9821826
302.5040423
303.2673333
301.1028931
309.1347583
308.7471273
296.1086016
287.0454673
295.8346257
304.6311698
303.9509606
295.1695011
296.1557392
295.0191684
304.3315344
287.1638057
289.1319555
298.5145476
303.282291
297.7146351
299.6530828
298.7586345
299.2793211
304.9936661
294.52884
289.5854624
280.7900711
285.7500246
303.2713275
306.0883189
303.806214
292.8407589
299.9197042
311.6849171
305.9517179
311.7462296
318.7680105
321.0655458
297.8532434
299.2969056
307.7153384
295.4338819
289.2695431
291.4887196
289.2780753
291.5297227
291.4532114
297.1344965
272.9753622
285.8147432
293.2084558
292.9901026
292.6237808
287.0884591
302.5822773
308.2542644
295.6515726
301.1476227
289.4566917
294.1945241
283.0369532
273.9752128
275.774192
279.6018747
285.3838328
297.3895687
283.9292519
285.9138359
289.3428653
288.4748747
285.0631282
287.2111545
282.8145242
286.9680047
288.7881691
288.930335
288.5967012
290.7813489
285.843942
286.2039768
295.7555588
305.9207696
299.0689033
303.9530646
300.7956335
293.61473
298.5722539
289.9855888
299.9338778
292.7492207
290.9642079
307.6157472
300.5069453
304.9406181
300.6765313
312.9335604
309.8392622
303.411537
306.758845
300.8302249
301.2258496
283.3340991
293.8849846
296.6259573
287.2726924
291.2256546
297.148451
304.498453
313.982773
325.4289902
314.3625074
316.3878996
310.741592
315.1490553
304.6910512
302.1091483
294.4645563
304.3456296
297.7578875
294.1790458
294.0925383
301.0449855
303.0207939
304.2013585
299.6090728
306.7893265
309.0451485
319.0859162
306.5664336
291.6550821
304.1829839
306.8684812
295.4984891
300.2338732
314.514583
304.4253206
313.9104294
300.7955447
303.8335635
315.4358606
316.897924
309.0277791
312.2658506
300.1605262
308.9454028
300.0728268
304.9344956
311.3210608
314.133542
313.2977332
313.310237
298.4006324
297.9890356
305.7414467
307.4884955
304.5835748
299.1028788
302.8541401
298.0667274
304.2075917
314.3108415
314.4809154
318.1536014
321.7082946
320.9840479
301.570869
290.1935729
300.3003412
317.1771135
301.6634393
290.4975803
297.9836797
300.216726
291.6225775
288.1104004
291.9820104
287.2120312
283.8139122
293.5665002
303.3165373
305.3384553
300.1697638
304.4146738
307.9800063
309.687501
311.1875323
309.1637765
310.8921222
298.7142439
302.8358075
300.0064195
287.4148924
295.292696
294.2193697
309.9434181
317.3749195
313.7087213
305.7151992
297.5441175
304.977966
298.5563452
304.8859184
306.4512856
313.2234766
317.6249068
305.6422936
315.0684248
320.7897645
308.3098479
313.5175781
317.1263995
310.7452203
310.0021823
308.9821736
312.6015812
311.0269524
309.8088833
293.0900445
296.5063061
305.7169393
312.9381044
302.6146098
310.5886162
303.4543536
296.7673383
305.1125685
293.2894449
300.4488754
294.3564399
300.1991402
293.5195791
296.7262029
307.8938363
305.861586
303.0584042
302.1186268
306.7565874
315.1015641
301.9946664
296.4618601
293.3688238
283.2056921
277.2931711
284.548045
293.7484101
285.8275431
279.8821978
289.4937375
293.5835769
292.4661078
285.322348
285.2306739
272.7929838
268.0684334
276.5121383
303.3454369
306.6110755
297.0807063
295.7853418
285.8161044
296.6015015
292.7137814
288.2691606
295.5322426
286.5137483
285.2580901
299.9116285
304.6472372
281.8634988
280.3391698
287.0811045
288.8078723
283.3682164
292.5171008
280.3013715
275.3214694
276.1258348
276.0233382
282.6147595
277.9589634
287.1160746
278.9185914
294.3667855
295.3777206
288.9305789
274.3869065
276.1838919
279.6582892
282.7374916
282.0466287
287.7088269
290.4067663
294.8051544
283.1060442
296.1222899
293.478743
293.8883707
303.3568149
303.552419
290.0470764
287.8783355
296.0951812
287.086523
291.6598812
297.8070103
288.0361693
288.3739695
283.1751172
282.1014603
277.951318
286.4901163
292.9377895
283.3759831
277.2965365
274.6786805
294.0268467
304.4505815
302.408753
288.6963079
299.4776369
302.8582073
291.7055629
303.7479704
311.669298
292.1879455
283.3361678
283.0642943
287.5220489
301.5727529
301.3791116
296.1526896
297.428579
299.2394772
295.7579942
295.4429538
281.5586297
282.110969
287.6604929
298.3113193
312.3814227
308.0056846
309.8612361
297.9401262
284.548929
287.2937297
293.5686554
301.9355314
297.6050134
305.2766807
295.3475693
304.9340399
306.5125755
299.1606756
281.3787931
289.6348672
299.5086372
303.4541013
306.1854883
302.3762828
303.3736613
299.8129515
299.5675393
310.9963537
300.4478413
298.1073781
296.47477
304.8065974
313.6974978
296.2327833
294.7931617
295.1678921
293.6635769
306.3332435
315.1470668
295.6272956
281.9098928
282.5793023
281.49228
299.7777744
297.5710954
289.3210085
298.7318035
305.9863714
306.8122711
304.1478703
304.7413182
294.4909347
290.6179092
304.742073
304.5326346
307.937457
307.3466173
290.2095709
280.3114259
285.7412415
297.0382047
296.9213824
284.3337641
292.4720069
290.2759131
297.1988804
299.9591169
293.7291175
309.3641222
324.6854079
313.43024
304.3723224
304.8027523
292.7616742
307.6988023
312.4945732
306.7221855
311.4276312
305.9789028
319.5621067
302.6482413
289.5020212
293.0744166
296.0097506
294.8842707
279.9341346
283.3453333
292.1036719
305.0582659
285.749992
304.6689296
293.4422097
292.5227465
284.0259465
295.5734059
292.6550806
295.4701096
301.9184582
296.8713616
296.7355657
297.6050867
284.8697093
292.5788228
297.0658768
303.7897297
297.9275575
301.9749584
304.6627553
302.8485951
308.7776195
305.6255606
300.2291354
288.3353632
303.6160144
290.5806617
302.3115464
289.6571699
291.0105293
294.8763265
300.0778652
287.1895774
289.545787
302.350875
304.0949105
305.4674842
311.8400114
300.0596488
303.8730081
291.4505786
289.5416674
286.8933973
297.2064516
294.6437812
305.4214082
299.8090747
301.0402094
289.7807198
298.9378973
294.9997946
297.302086
295.6128721
307.5186989
312.1940711
296.0701589
294.9401454
297.7103762
304.571393
311.414807
301.3693872
299.6826635
301.345742
299.3688001
303.2524825
313.8408993
330.1493773
315.743818
302.4213705
305.5762893
306.7160146
321.2412021
304.0190967
303.8000979
318.5660663
317.677033
305.7542245
292.4002662
297.5509528
296.888561
311.7145716
315.3333422
319.4179726
315.692004
320.2857307
318.6395847
308.1861454
302.6605796
306.5718605
303.9142931
295.089388
291.534444
294.0421188
298.6877547
307.4553086
292.6741703
303.1230037
311.9559785
305.0281756
305.4837199
304.7661159
319.8666156
332.0786867
324.1241425
321.7377286
290.5887852
295.0927767
294.170343
293.1449461
284.023097
289.8844793
291.7844852
290.4140491
302.0673877
307.9317172
309.0115587
308.0081678
307.9456818
302.7179814
309.8753583
303.0931272
295.4108755
301.2464297
314.0499494
309.396965
296.7262419
300.2089036
304.4867527
305.4249529
320.0276428
325.0738181
326.0666413
319.1957119
320.8815386
322.9152034
312.8773055
305.0018258
295.1765459
291.9133545
289.6024936
291.7753772
293.485324
284.2103506
292.4053396
288.0694467
303.7871718
297.3827846
289.9906691
289.4533678
298.6857743
306.8614447
301.4433926
294.9900611
294.7634203
292.2966938
302.4604308
312.9071364
309.2661841
301.3595263
304.4057688
290.4712598
283.106576
279.2192164
291.8081477
296.0089957
298.1885846
311.5784085
313.6083597
302.8943266
309.5935207
310.8300787
308.4383548
315.4879515
301.8521763
300.7026588
297.0278714
285.4695422
287.9518268
295.5428321
276.748356
283.9184149
304.4399087
309.9514222
303.1690007
309.197977
304.0264399
306.3832568
314.1390647
313.0688126
306.6950951
318.4924886
312.3364636
316.5481364
324.5567166
307.5843169
297.9566199
311.440827
309.9393873
313.3847618
318.4833959
308.7308971
310.0372064
321.2169831
316.9304311
313.906802
297.89079
296.8901718
292.0338592
296.9930726
301.2918711
291.2962799
297.4970569
290.1909642
287.6992153
280.1255546
292.3048438
287.2180357
290.5407827
300.9268165
283.2125997
290.7947964
289.0605318
281.284689
290.3280471
292.7091778
289.2416602
295.6614854
293.9176792
295.5102814
287.5946699
286.6373795
286.4014014
282.0155925
294.1572086
306.9736853
313.2914604
294.7364494
305.1498347
297.6720732
301.9980203
310.709841
324.6959031
318.6110776
299.4360159
281.8473084
296.1527093
296.0139043
297.9290364
299.0645086
299.3680508
300.1752618
303.4834195
306.4120202
300.9199429
308.3720382
297.8527645
287.4595153
275.8419446
280.9524145
279.4142536
294.8303552
296.7856037
296.9099432
297.7474052
309.9415621
293.8288747
281.4087791
274.2345032
270.6306242
291.3735992
287.5306921
293.4947244
292.3414341
306.8652493
302.2673863
308.1445955
309.7653908
315.2517558
307.1136326
299.6700074
289.1630715
282.4143816
294.957893
303.8203552
292.5204724
281.3074495
287.0643583
306.3720523
300.4974165
286.1371369
286.1173438
288.3953627
302.4480982
299.5282197
302.5303105
297.9462333
306.9356857
309.0020922
306.9743488
303.0548751
299.7180792
298.3879143
290.4414507
296.4707724
297.3885353
313.9717428
304.6735408
300.4237185
292.7211778
305.6494478
296.7315847
297.5012776
292.4140417
305.1748151
310.9392506
302.9649494
290.6636093
297.9774877
295.8006646
290.557033
287.069883
284.281464
283.4747594
285.620017
293.8349789
292.6485619
296.9213332
302.7342728
298.8950748
292.1744478
286.3567232
309.1147059
318.7341846
321.223097
314.4207382
298.6884211
292.3047897
282.890318
294.4817342
293.8977032
304.8749584
297.4940512
327.7188674
319.5055233
307.0257344
297.363484
294.2819711
296.1834601
317.0826834
313.3811758
312.4916873
302.4416378
303.4895256
295.5556648
290.4649011
301.0331256
305.96352
305.4393978
301.2269275
297.0713053
291.5403234
291.9206558
290.9453532
291.5476732
291.2364186
291.4370799
302.3454525
292.7978207
293.5898652
303.3255087
313.3773883
307.5655148
310.7702935
313.475392
301.794402
309.5807231
310.9885096
307.8908573
294.0719485
284.2896411
288.1275804
308.0448574
316.9747021
305.131623
311.2166507
304.268802
313.143629
319.1696705
312.3880417
313.6246746
304.8264887
308.979737
317.7522815
325.8302823
329.2947274
324.3320286
320.9388618
306.9618674
302.7840969
296.548336
300.006477
293.9307376
291.8213204
297.9754453
295.1813177
304.7193133
296.6249517
296.0590813
303.1544258
294.3229196
287.4157424
282.9773925
292.0562743
294.3719166
296.9494052
313.8138127
308.1868151
305.1031145
305.2968949
311.2213684
304.7131184
312.3289047
308.6312193
305.7098064
300.1704171
306.6130944
301.2293249
303.0636168
295.5793709
295.1588043
300.8049048
314.1435961
299.4800172
308.8856797
300.3323694
295.4077075
285.2836398
291.1059736
308.4685762
310.9520411
311.9913595
313.0387451
301.3477313
291.8927411
290.4655179
294.0221601
306.9997794
305.3846932
308.58492
316.0981148
306.861901
309.1974014
322.8257467
314.0465608
316.5951505
309.6416941
307.7499164
303.4690886
295.9705596
285.2701107
271.8701475
283.8660632
291.0840986
284.9862477
293.8122402
285.2423575
279.8871635
290.7424462
310.5803186
297.0948969
298.5723113
293.2150578
296.4079132
286.1454274
297.9319579
295.8396206
296.3828397
296.9740124
310.3348475
311.5526111
315.445241
313.1599122
306.7001499
296.6362874
286.0032871
297.1908418
291.6876313
287.2120157
290.262514
300.786854
301.2933015
299.6417219
297.2458977
308.2370093
284.5809084
281.8496249
290.2109885
295.4498011
281.8034719
275.2092833
291.3396496
293.7190362
304.9911306
288.8944087
281.6103878
292.6882031
286.6668241
282.2322197
286.2695726
294.0739018
303.47194
321.407274
313.4580328
296.561359
298.5306609
304.5984433
293.6236951
300.5312666
312.9971477
308.3836394
305.7256548
299.9402566
282.4210426
288.6191903
302.2095228
298.4332775
296.4492263
312.4891469
322.9541359
314.080253
314.039614
296.0742738
309.6783862
301.0459145
303.237712
297.4476066
303.2482167
310.0866761
301.3434372
307.7903596
302.5279145
288.7982084
293.4606599
296.7430255
302.1596825
297.9565176
287.930527
292.9833483
285.660022
285.8554568
286.627945
287.642126
298.7263217
286.1471415
295.2581471
303.5177378
292.9920643
296.5601028
299.1740635
286.740089
292.2696077
286.1158265
286.8536334
279.4504598
282.5129237
293.3659923
292.899537
281.8967033
279.9589894
283.0689701
307.6390217
297.7616088
286.5951364
287.0044602
282.5993567
290.1659585
304.4416513
285.606618
287.118222
289.0766326
280.761725
281.3697331
276.1819515
302.4411997
307.9136372
285.2683237
288.2448016
291.6485159
291.1360837
291.7974062
285.3396534
289.5354826
300.2147071
294.5981945
301.9023386
295.8953262
304.5478083
304.2439844
319.0097223
304.5373577
294.6893891
295.6498144
300.1922584
297.1937133
286.096558
307.134894
311.8027991
306.1570329
299.3296079
312.5077698
310.680843
303.0193786
286.0137994
281.376938
276.0093312
288.0306314
300.3847058
306.7549537
302.8051351
320.6919055
316.5432131
314.5712342
298.7695541
286.223235
284.7036681
300.2494103
298.7199682
315.3314547
318.671116
313.3504318
309.9001797
314.6816992
299.4067833
294.1829788
300.2680287
288.1880909
283.1582289
290.5881916
291.8810806
302.9922638
296.7085108
311.6394298
308.0192142
305.9853569
311.9444224
304.6883692
303.0643617
284.5504962
307.6957156
312.093638
325.9460477
290.6741582
285.5281553
301.5153001
301.676844
302.1716954
302.1480719
319.6468343
321.5734206
320.9413775
324.8493025
308.7975395
302.0602979
305.7442738
311.4179376
309.6720876
305.7469828
311.4397347
295.1292377
289.5807479
288.99044
309.1641178
314.530241
300.3375985
288.0463726
299.6434972
292.181452
290.5573437
302.4622487
302.4258048
311.510602
308.2523008
307.551361
310.4544259
302.4582127
289.3915322
291.242925
302.5919519
299.0686671
293.620417
303.6829281
302.66327
297.6666425
305.133867
303.5403067
313.5851384
314.6192782
316.8399664
317.0901077
307.1331782
297.2445566
295.6356904
301.6493218
288.7472663
292.1800117
312.9060382
312.7167853
310.729438
317.0883189
318.121199
322.3423908
329.9922842
321.5525083
315.0212004
308.383549
300.3129579
303.8183648
301.3503705
304.1203556
297.925981
292.6511356
293.3215107
296.6361459
306.1633006
310.0369502
308.3072296
309.7615043
317.0763071
317.2986471
319.1869461
321.710204
313.4174891
300.727327
289.0705226
295.0589939
295.9807606
301.8508109
293.2647174
293.7905496
307.9197644
306.5436109
310.3278123
307.5917596
296.8073135
312.9891171
296.0351032
300.5327707
307.7769704
307.8991359
313.2651674
313.5566432
305.7987717
331.5269522
339.2789679
321.1318805
309.0513292
308.2921047
303.9606084
312.0063939
300.8194097
293.5809526
298.3769182
304.8492476
314.2224168
309.2063234
306.4830903
304.6990293
302.6018566
299.6610746
292.7954015
301.220586
307.2639239
308.5754492
298.7429919
315.9807488
316.2260056
317.5543832
307.6496908
288.1640811
289.9165158
286.4816373
295.5543669
300.9672111
310.2277349
309.8918432
296.645874
292.6166492
284.7396252
280.1749617
285.1560777
279.0820877
291.9917221
277.549119
295.6620331
310.021562
327.2988803
321.2150027
321.2242022
291.9235348
306.8241228
299.4183007
287.5938094
282.7538296
293.8776302
299.3746945
284.2382194
282.7735653
289.6017107
292.5515771
295.1530987
300.0455161
296.6278875
300.0137881
299.834894
306.7172015
305.368206
296.071639
304.4157409
307.6592369
307.7534714
304.216257
290.0237072
305.4778224
308.0518548
301.0394312
320.9789392
318.1801286
310.0744136
300.2248395
301.8616674
298.3355881
269.599727
273.079434
289.5663347
295.856899
302.6088967
305.7073406
300.8120658
301.2519299
297.6455591
302.1684808
307.520224
304.4344978
309.5121799
315.8545823
298.4783699
302.9907097
313.8565162
321.8509431
313.0924631
312.0868633
302.4249852
282.28168
289.3982822
281.5128525
287.9862578
287.0121887
301.3236725
297.9048704
299.4325409
305.6036966
303.5782155
311.3382178
307.4890302
301.9921311
296.8916001
300.4867967
287.7517546
296.1660204
296.8244414
294.4152086
297.6922847
291.7154217
305.8896807
294.4341768
290.3497521
295.3577421
296.4381431
286.3313175
282.4094866
287.7937277
294.3187436
301.0443676
305.4422275
314.8518494
297.4887957
283.6629199
292.1973554
296.0420991
307.6274393
307.4581687
293.5025541
293.5265416
299.2577644
310.828079
306.4962407
308.4452382
297.6877571
304.5482506
284.7583811
284.1011319
281.4481851
283.8604455
291.2509806
285.6174538
293.373542
302.8298926
296.7806472
297.4416296
303.9769582
302.5365573
302.3068412
318.5781046
319.5825464
305.0079101
291.4191184
294.6401731
292.1205765
286.5758681
298.4346809
311.8440234
311.1482734
306.1662484
299.2788587
301.1781467
309.18321
308.0232565
299.1511523
299.1149025
309.5134141
308.4010775
310.5816877
309.3583147
303.567827
316.2206553
310.1315076
297.2154553
299.2348725
311.1924679
312.2371528
299.974647
295.4778308
299.9412422
301.3973272
309.4011312
311.4957233
296.3455618
313.9993641
317.1234591
305.660956
307.7272396
316.7772153
315.29667
312.8676913
305.942825
310.6972446
313.1251541
312.7880286
303.6913642
306.5474997
308.9562467
310.2270167
299.3859374
310.0593918
315.3877612
301.0602265
315.7505983
307.6297894
304.4147192
314.8020042
306.9393878
311.9931975
317.7278342
308.2629074
305.9803111
294.0451381
301.6988735
296.8488649
307.3683694
310.26149
306.6954529
305.3030693
300.0168028
306.9266733
306.2660419
301.0405186
303.1171182
311.2893839
316.3456031
309.4923391
311.8369823
307.5032218
297.9706707
312.3326982
317.2597957
300.4091676
297.8511402
306.2783021
291.1801606
292.7305811
298.2346147
288.3090099
289.9994297
299.3105588
305.2814091
296.9828618
286.9788939
267.3296903
299.6747948
299.9469734
292.4036082
300.4617956
310.7081024
294.0440355
293.6495914
280.0665784
286.0279765
298.5590855
298.0417743
322.3260681
329.5460904
309.8835214
297.6437127
300.0701457
304.6110172
305.6267345
304.6778114
298.2428612
294.6718855
294.832714
293.9693173
301.9215866
293.836829
299.191581
296.218254
293.4022985
290.9026514
296.0818817
295.9079819
290.7116803
295.6912539
304.7114394
313.0279414
321.1969532
323.9562552
300.70979
314.0443939
306.3881179
310.8637478
308.5980212
303.1975233
307.8445507
319.8086302
318.2658835
318.9236086
314.5552259
305.7137601
315.3719607
311.2038221
306.8626228
314.0816653
305.8620022
314.0561666
312.273766
310.3640577
321.6802067
325.848959
323.4752918
321.5987064
315.298709
309.9510357
303.8020059
306.9580186
312.8945287
317.9744868
305.5890187
292.5724295
289.305396
287.9031003
306.1971456
312.7476821
322.6200789
303.3716677
296.8696049
317.6009302
295.2873332
308.1995524
307.6939806
296.6433235
298.2990939
299.58996
292.3976461
289.178738
297.3198389
291.3312299
284.9478871
295.6651183
305.7567446
308.5739912
311.1182605
307.9703586
319.7024921
317.7063714
306.2997767
296.3489482
298.7839057
299.508362
298.084311
300.1290022
303.1849428
289.9085033
284.2397349
287.983933
292.745009
282.2694835
284.1060549
294.5102143
303.3612155
307.8191466
297.3333604
306.2655521
283.0038474
277.7308164
287.6646286
303.5475919
299.1799783
293.9928725
298.4457151
309.4885953
297.9105364
285.6175068
286.6069297
287.2168443
286.463254
275.8980207
286.0762632
294.9009229
294.9222526
302.8363832
314.2948081
293.5936671
302.9569704
306.5754204
298.5854712
296.5379562
306.2497204
318.9510803
293.6891411
291.4203987
289.0254114
301.0260993
307.2574788
308.2954168
312.033324
313.8993394
302.919455
292.9493039
294.5925616
306.4407726
307.3906797
287.6174414
297.8560676
307.3275481
311.2154211
305.4652285
310.2988189
299.2392195
292.8978123
287.5925584
285.081499
292.2988906
294.6763937
309.7852199
297.0544555
299.7936502
305.3052202
307.0635214
302.6988922
293.5008055
301.3875921
316.1118432
311.2781371
310.2695072
313.8801338
306.4222316
309.248625
307.0716253
308.0268375
301.6886926
288.1028071
294.6489835
308.0473491
313.7159255
312.2800563
296.9930021
295.395689
288.7861313
294.2420292
301.2517107
301.1470526
298.8032251
295.2755224
296.965333
293.7449122
302.5640101
294.1740359
292.8006209
294.255738
280.2622335
290.919591
291.4767171
301.3237649
311.1497771
313.0786009
300.615339
301.4065426
303.9019396
303.1912775
299.7965532
314.1010221
318.4226876
319.4269042
316.1947333
311.4847658
298.3848188
296.12187
304.6182001
306.6054053
293.9792992
290.3688551
295.9915116
295.2987248
293.4716739
290.1769962
288.4744176
297.4146899
298.7576326
299.7448316
296.0853357
301.9322257
300.7966624
311.2350467
314.0053149
313.0160878
303.2721161
308.8301787
318.9180224
313.1976057
314.900275
302.8176305
296.5733905
297.1941394
298.0568297
298.3317955
301.3084986
302.1502037
309.43928
295.3302645
286.2751324
281.439766
289.3542952
292.7013585
287.6740083
295.8346367
292.0265151
303.6894546
299.7747293
286.0343377
280.4386325
284.1255535
290.3100179
285.994654
290.1251304
286.1215051
287.4834218
289.3086167
303.5314134
310.6457895
305.9296777
299.7289806
295.840125
304.7845793
307.1526833
305.5524417
304.732765
304.1893532
304.9844381
303.884993
303.2059909
301.2482596
297.053215
300.4466688
304.7419592
311.1812967
310.6997999
313.1227446
312.0278811
292.0696012
292.825307
297.3914917
305.3687878
295.9204811
300.3332397
296.5734401
291.4822005
299.5804797
314.3123344
316.5314298
305.5312722
312.8331815
303.9801594
302.8056821
300.5677848
295.9803579
293.3657685
304.9725741
298.1896469
311.6351987
309.6871556
295.2297584
287.0083133
289.0005858
281.1729072
270.5001395
282.3368425
291.0918976
282.4548868
281.4376022
279.6224875
278.5851146
281.9196863
292.0339021
308.3607588
304.9812866
300.1167503
308.3893068
307.0464895
293.3040846
293.7593711
290.0846985
300.1201168
296.8020156
292.7921152
288.4168684
285.9564979
290.4296537
292.1638822
290.7118322
302.7104952
304.5745809
311.1640772
311.1826778
296.6518893
298.884526
295.0901781
306.6027353
312.6503412
304.2318646
300.4417631
309.1268842
307.2109318
312.9305018
307.8368759
292.729895
284.964891
279.9792619
284.7995693
292.6872316
290.2786131
284.0047755
290.0144246
305.4722082
297.7197093
286.5123659
299.1591097
305.433412
299.1299997
302.6276985
306.2543637
314.2231463
312.4303807
314.7004018
301.9195296
304.069626
284.7242816
313.2487905
312.7862394
319.5267696
321.337553
309.1034081
299.6199919
304.8771773
294.0418715
301.1116389
303.0910007
311.854176
318.3259795
321.3563416
317.4524802
308.6493615
298.9527831
294.2472725
303.0844779
319.4596122
309.5524623
294.1228143
286.8137404
286.2612079
282.3128735
288.6804064
295.5398799
313.0219509
314.5975939
296.7141762
297.370533
293.565732
293.7310314
297.8326271
287.454737
283.6283718
280.0190184
280.7134995
289.0734273
282.7026749
289.5790727
291.7257269
287.9737718
292.9986186
284.273974
285.8514976
312.8677827
310.5894679
302.3972699
289.8159304
288.2488039
282.3397904
272.608894
274.7808191
295.5501952
292.593486
281.8280572
291.3696662
303.5661711
301.4709965
294.168135
299.3579118
305.7029518
300.2611964
293.2622102
288.0047161
292.6769892
292.3028526
297.1665962
294.3486471
286.9947038
297.3847247
314.2891386
317.1510179
321.847349
304.230681
304.3808829
300.4452042
304.7458991
300.0869035
291.5884393
291.7581111
282.7074578
284.4759257
293.8662463
298.2847482
287.6390647
281.1284057
271.40503
284.5226984
269.0069615
271.503828
267.5009571
266.4007202
270.2183012
286.8455088
294.232685
293.9261135
283.4407675
283.2568741
290.0522796
300.400108
299.3547324
296.5882759
297.9333908
301.5584702
299.1977655
296.1254112
284.4834249
290.6031934
293.3666837
294.5682023
294.3596726
288.5202853
288.00323
298.2958647
294.3444979
296.2693783
293.9634214
288.5348641
295.5499015
277.4257318
293.6865384
309.6135317
309.9656072
313.810812
309.4577456
288.3244511
288.7549604
288.1841069
295.263361
290.0930186
299.0652518
295.0175501
286.3570899
288.3170578
281.9726692
283.1466961
285.6520377
293.3424341
280.1598329
294.7332353
289.4233786
277.4513655
276.7699654
283.9405886
296.2453102
303.517798
297.5895514
298.3274201
293.5132462
294.506919
289.7096905
303.5770751
311.4656915
298.0241642
309.1870604
305.5350283
300.1849632
296.6671529
300.7909145
292.4467695
291.8851278
291.0885152
307.2054522
324.3117739
310.8299184
316.8350035
315.0077781
300.5382162
307.8662582
311.7632093
300.9945223
295.9210239
309.2009619
304.6352586
294.4727792
305.6522946
293.9469931
302.0256096
295.9982175
315.6500324
323.61808
328.673248
303.3570445
291.8243854
291.7583207
288.1425129
290.9098998
310.3435825
315.0302509
302.2639575
309.1795949
308.2526683
305.3383039
317.7282778
320.3009064
306.7779897
304.1763361
296.546394
305.8397361
327.6081034
322.7809554
310.5977754
301.7724738
293.6544783
288.9580102
293.9742115
287.262328
290.2279336
302.9054434
315.4033062
318.7184417
319.4655419
311.0691705
309.2022276
295.4681542
292.6199552
324.8507112
332.8518949
334.8036631
313.5541068
309.5236876
305.9492431
311.033185
299.9932179
299.0029495
295.9881524
289.3478215
312.7638271
329.787009
325.0545043
310.3290807
314.0383062
316.8255634
307.1604125
300.8371157
290.7709018
296.8754091
300.6714491
313.4992123
289.8574655
290.8061024
281.0465499
285.0773845
297.8319926
301.9066252
305.9921074
297.1683804
308.1030646
295.2669475
299.959431
298.4518673
300.3406326
301.8486276
303.4279911
297.4535411
292.3714151
291.4546515
294.9807825
294.710076
289.2227092
289.3703408
306.2723919
313.5187548
305.6719897
304.6310866
298.1944513
297.5586777
296.056664
295.0161475
287.1996888
296.5543649
306.3939479
316.5374689
306.5998764
308.3453097
283.8362448
285.5362603
290.4951166
291.9536824
292.8844858
284.9951959
280.3347736
280.1234282
302.4859854
311.0516407
308.92079
313.9005041
318.3927007
306.4554933
298.1729739
300.2257943
320.7621915
303.2264971
301.1746285
296.185304
294.7608399
293.8492759
305.6272486
296.3007272
307.9419144
290.0617656
276.6593821
280.4675117
292.4999805
285.6789665
296.6610455
314.6870485
308.5895867
314.2024385
312.4833967
314.4745348
305.516717
301.8561805
306.3422004
308.4156438
302.2900729
300.5315826
288.8785486
290.1937108
304.2933488
312.4691858
303.384281
296.0140004
297.7515619
289.7616659
288.4624527
296.5869436
314.9912308
299.3849994
290.6513065
297.3043051
299.3104457
302.6217098
305.8558699
301.8826523
300.5896219
303.6130269
310.6510171
308.8013143
297.0691969
294.7920527
300.7195574
311.8991647
308.7628236
319.1288522
314.8910305
305.3603818
298.1146253
307.2296797
305.5892603
302.1647722
303.0004218
304.2664255
301.6790988
303.8890986
290.2513706
289.9976136
287.0528731
288.8276904
298.9296454
289.313227
286.9948261
304.159426
318.016317
300.5389669
286.7553848
280.4536113
288.7550827
300.9957208
305.5970152
314.0704157
314.2564555
316.1541668
313.6450988
307.3883054
301.3943357
298.8401963
299.4328742
298.8396528
296.1774908
299.4981199
315.2403461
313.1315299
315.9215315
314.1760096
298.4021585
307.9596086
290.7873155
298.4662925
303.1123563
312.1720448
311.0008517
306.9219108
298.8140368
310.6192066
323.0110023
322.1294815
313.9427123
305.5301991
285.3646775
290.3896625
290.7749042
292.6154714
281.9556401
306.4901986
305.0008604
294.4530441
295.3020713
287.0312204
283.0227675
282.8849389
300.8058059
305.1780609
303.5794935
308.9112093
293.3435437
294.8981025
306.5725536
293.3880202
297.5938627
299.8049389
312.6876421
316.7140458
310.682743
295.4643486
277.7964349
296.5438645
312.3944363
308.4283601
296.0299005
293.3902212
293.3112127
295.992368
302.7570981
300.6192662
291.4259272
291.6122877
305.0677911
300.7936052
300.8562318
299.2158541
298.6253838
295.9862095
281.3682197
285.6359063
284.6936225
283.9687659
288.3499328
309.8402815
310.0112532
302.4456693
301.1689345
298.1292877
295.6931294
296.6364675
305.2363361
307.165906
302.9343184
315.4805262
296.002364
290.3007199
293.2570888
303.8732137
297.381678
289.5314204
298.3114038
307.3012067
307.5877126
290.7015466
303.3504302
327.3140505
326.4665711
318.9403738
315.9107284
312.1874429
306.0624956
320.4170887
312.8901975
301.4322142
325.4008451
310.2995273
298.7102629
287.0761534
298.6831062
304.7637102
302.6308769
315.5660407
309.8932286
302.9305775
307.3860503
304.8262203
295.1417416
292.0423554
297.4265212
302.2952785
295.1646048
293.332172
297.8315875
309.0476524
289.6680177
309.2443381
318.2545848
319.1766781
302.6121749
302.4868749
297.5349173
288.1755402
292.1095081
289.4005848
293.4303275
303.1226964
303.941756
298.8474086
295.6795757
290.1108009
305.2254197
297.0367122
308.2982136
294.4272871
293.0305177
282.9122058
296.7474083
286.6273454
293.0596843
303.8105547
308.6818674
311.3497078
308.5593091
305.3990323
302.2088208
299.854695
303.312067
301.1890257
309.3262175
320.2916999
310.030654
314.7729089
314.2675635
307.7471933
312.2557117
315.9176254
304.866437
310.2775586
304.7850375
300.2233331
300.064597
312.3610559
321.468241
303.5742473
285.1527384
292.942576
293.698232
300.5861917
306.5366907
311.7852934
312.5653697
315.9304429
302.1781875
307.2324831
315.5330736
317.0073405
318.7744182
312.0186162
304.8122096
308.3040869
300.8061059
300.5338947
298.354864
295.4288702
303.0755545
306.5680242
302.4292588
304.1059158
319.9427287
324.6160592
340.2702448
335.643106
313.6059196
310.8153103
313.5289634
314.8608015
311.5511235
303.924038
296.8910958
287.1457732
302.6830244
292.2751612
285.5075918
290.4600071
296.8464893
309.1111317
301.0469214
300.7169006
294.6996216
310.2999599
326.2176515
314.551715
311.4760298
308.3930784
317.4394868
316.3322724
324.8636698
317.1121232
304.2635577
296.4074412
286.3656466
285.3314894
286.0242211
306.903972
323.5876743
319.906077
313.286574
311.1739763
309.3190851
301.5932545
302.6598574
308.3547254
310.8095321
311.5191029
312.5440442
303.5274763
304.8547563
294.143296
304.058212
304.1845665
302.954246
305.237293
306.6741255
303.6682306
296.5849273
303.1072437
307.1030077
296.951136
298.6594806
284.5336172
290.6113137
295.4851476
305.6615511
312.8996282
294.8300992
297.6255801
300.1197004
310.0143341
316.2326039
308.2632338
296.1415185
284.5854945
284.1267073
294.1179714
300.2646884
299.897966
284.3381002
299.4018244
307.4232917
308.188925
311.6428606
311.5388508
312.0062679
304.933658
307.0175616
302.8733429
305.7348794
300.2554151
309.0705556
313.6000806
316.8914464
317.0480082
330.0013351
322.0408206
316.9067682
309.4157269
312.179684
301.1003129
308.4674547
305.4673656
309.391451
317.5093833
314.1614901
307.5153043
293.5309809
306.8073256
304.2907962
301.8427767
301.8617446
307.9627929
302.5416935
298.8495707
299.1029511
289.4050261
283.6300182
290.7831064
297.2385197
296.8002935
296.1596106
286.1812124
290.9446246
275.5309088
281.4425533
281.1158518
306.4075403
296.283345
295.1762084
281.4539352
279.0069186
277.5855359
282.7605416
284.4612863
300.8081718
301.825289
295.0607791
277.8058396
280.0449238
280.33966
282.5688124
287.2141702
289.9544111
290.4386142
289.8725148
294.6087683
312.8691886
310.1556682
291.804001
278.8992435
285.1972803
285.3119338
292.7206085
293.194411
293.8606285
286.8655672
295.2176586
295.3596615
293.2845291
304.993913
315.5473076
310.6429394
298.8845246
293.8924899
302.2580708
309.6042273
308.3291838
314.0080625
308.2626838
312.4744584
292.4562904
293.9046749
307.5604899
297.9001686
285.076331
279.4737871
290.72598
297.0586159
307.5530994
291.8048537
289.2598855
291.472728
301.5709903
300.4455376
297.5759448
299.5158726
295.560405
280.7694928
274.7506915
276.694904
298.23722
289.8903137
277.2591496
282.6887574
286.9935197
288.4019884
293.0857761
295.9673651
297.7882829
296.6560525
293.3953188
306.3122486
300.6175375
294.3123759
294.1599854
299.2619436
296.8700987
291.4146148
291.1882709
293.4578073
297.2225279
302.9373357
312.8405511
309.4840277
301.473949
301.5551264
291.2654375
292.9854598
284.9994926
287.133987
285.4379081
283.4161987
299.9467186
293.5394065
288.9440137
295.199553
291.7721484
305.9930187
310.2697108
313.7018478
300.5822407
307.5420294
305.5083153
314.0121166
314.1685673
304.1318248
298.1076836
298.6907102
294.4928405
304.6664465
295.2262996
295.3025658
290.9260728
287.1250803
297.1821822
288.7392256
292.5274575
289.597349
310.2936416
309.8926514
296.5183428
295.3499885
288.2443289
292.7514355
287.0880148
293.3744776
296.9111466
292.8134131
299.5116499
293.2271939
305.4822576
301.5250391
299.060876
293.3084533
281.6713617
278.0384604
274.2595331
287.8725297
284.9303022
288.5264974
304.7581641
306.176503
317.2225142
303.9161389
285.9950586
288.2789017
295.3842668
304.3676307
287.7572258
293.0428357
302.3451676
295.7711718
293.3903993
278.6617149
280.5676354
275.3066253
308.7072167
295.9011994
302.5389055
303.8307162
300.4520163
301.8621498
306.54135
290.807537
286.6540632
288.3258819
283.4989451
288.0600834
293.6761707
284.6453135
285.8023475
290.4115139
294.9290412
303.1007885
306.7994948
304.5275055
278.6989931
287.8772392
296.250338
297.7713317
299.8654753
304.4061872
301.3489927
304.130288
305.4706069
295.995998
299.9477708
296.8441026
297.5160252
300.2177235
297.7781992
299.7538318
301.1151257
316.2439545
326.1053261
297.0727519
)
;

boundaryField
{
    xPeriodic_half0
    {
        type            cyclic;
    }
    xPeriodic_half1
    {
        type            cyclic;
    }
    yPeriodic_half0
    {
        type            cyclic;
    }
    yPeriodic_half1
    {
        type            cyclic;
    }
    zPeriodic_half0
    {
        type            cyclic;
    }
    zPeriodic_half1
    {
        type            cyclic;
    }
}


// ************************************************************************* //
